AAA	AAC	AAG	AAT	ACA	ACC	ACG	ACT	AGA	AGC	AGG	AGT	ATA	ATC	ATG	ATT	CAA	CAC	CAG	CAT	CCA	CCC	CCG	CCT	CGA	CGC	CGG	CGT	CTA	CTC	CTG	CTT	GAA	GAC	GAG	GAT	GCA	GCC	GCG	GCT	GGA	GGC	GGG	GGT	GTA	GTC	GTG	GTT	TAA	TAC	TAG	TAT	TCA	TCC	TCG	TCT	TGA	TGC	TGG	TGT	TTA	TTC	TTG	TTT
0.016574585635359115	0.019613259668508288	0.004143646408839779	0.013535911602209945	0.03425414364640884	0.03038674033149171	0.007458563535911601	0.010497237569060774	0.0	0.011878453038674032	0.0	0.0016574585635359116	0.027900552486187846	0.032320441988950274	0.018232044198895028	0.043646408839779015	0.02430939226519337	0.019060773480662985	0.0038674033149171273	0.00856353591160221	0.03011049723756906	0.017955801104972375	0.004143646408839779	0.0066298342541436465	0.010773480662983424	0.0033149171270718232	0.0038674033149171273	0.001933701657458564	0.0574585635359116	0.0287292817679558	0.02513812154696133	0.022099447513812157	0.02237569060773481	0.01574585635359116	0.005248618784530387	0.004143646408839779	0.03038674033149171	0.039226519337016576	0.008287292817679558	0.010220994475138122	0.027900552486187846	0.011602209944751382	0.016298342541436462	0.005801104972375691	0.02513812154696133	0.010220994475138122	0.009944751381215469	0.012154696132596685	0.0	0.017403314917127072	0.0	0.011325966850828728	0.0212707182320442	0.014917127071823202	0.0030386740331491712	0.009668508287292816	0.027900552486187846	0.004972375690607734	0.0038674033149171273	0.0013812154696132596	0.02679558011049724	0.03287292817679558	0.0030386740331491712	0.02679558011049724
0.010773480662983425	0.017403314917127072	0.009944751381215469	0.01574585635359116	0.018508287292817678	0.021270718232044197	0.022375690607734807	0.020441988950276244	0.0	0.009392265193370166	0.0	0.009116022099447514	0.02541436464088398	0.04337016574585635	0.020718232044198894	0.03259668508287293	0.013812154696132596	0.016022099447513812	0.014364640883977901	0.011602209944751382	0.013259668508287293	0.015193370165745856	0.017679558011049725	0.01270718232044199	0.0060773480662983425	0.004972375690607734	0.0038674033149171273	0.004972375690607734	0.032044198895027624	0.02430939226519337	0.0281767955801105	0.023756906077348067	0.013535911602209945	0.009944751381215469	0.01408839779005525	0.009944751381215469	0.020441988950276244	0.028729281767955802	0.019889502762430938	0.019060773480662985	0.014917127071823204	0.019613259668508288	0.011049723756906077	0.016022099447513812	0.011602209944751382	0.014640883977900553	0.017403314917127072	0.013812154696132596	0.0	0.016298342541436465	0.0	0.012430939226519336	0.012430939226519336	0.009944751381215469	0.011325966850828728	0.010220994475138122	0.014917127071823204	0.004143646408839779	0.01685082872928177	0.0022099447513812156	0.027624309392265192	0.03011049723756906	0.027348066298342542	0.02955801104972376
0.011602209944751382	0.01712707182320442	0.009116022099447514	0.016022099447513812	0.020441988950276244	0.022099447513812154	0.020441988950276244	0.019613259668508288	0.0	0.009392265193370166	0.0	0.009116022099447514	0.027900552486187846	0.04337016574585635	0.018232044198895028	0.03259668508287293	0.015193370165745856	0.016298342541436465	0.012983425414364641	0.011325966850828728	0.014364640883977901	0.015193370165745856	0.016574585635359115	0.01270718232044199	0.0060773480662983425	0.004972375690607734	0.0038674033149171273	0.004972375690607734	0.03425414364640884	0.025138121546961326	0.026519337016574586	0.02292817679558011	0.014364640883977901	0.009944751381215469	0.013259668508287293	0.009944751381215469	0.022375690607734807	0.028729281767955802	0.017679558011049725	0.019337016574585635	0.016298342541436465	0.019889502762430938	0.009668508287292817	0.01574585635359116	0.013812154696132596	0.014640883977900553	0.015193370165745856	0.013812154696132596	0.0	0.016298342541436465	0.0	0.012430939226519336	0.012430939226519336	0.009944751381215469	0.011325966850828728	0.010220994475138122	0.017679558011049725	0.004143646408839779	0.01408839779005525	0.0022099447513812156	0.03011049723756906	0.03038674033149171	0.02430939226519337	0.029281767955801105
0.01270718232044199	0.01712707182320442	0.008011049723756906	0.016022099447513812	0.021823204419889504	0.022651933701657457	0.01878453038674033	0.019337016574585635	0.0	0.009116022099447514	0.0	0.009392265193370166	0.03011049723756906	0.0430939226519337	0.016022099447513812	0.03287292817679558	0.01712707182320442	0.016298342541436465	0.011049723756906077	0.011325966850828728	0.017955801104972375	0.015193370165745856	0.013259668508287293	0.012430939226519336	0.006353591160220995	0.004972375690607734	0.0035911602209944752	0.004972375690607734	0.0356353591160221	0.025138121546961326	0.02569060773480663	0.02292817679558011	0.015469613259668509	0.009668508287292817	0.012154696132596685	0.010220994475138122	0.024585635359116023	0.0281767955801105	0.01574585635359116	0.019613259668508288	0.01685082872928177	0.019613259668508288	0.009392265193370166	0.01574585635359116	0.014640883977900553	0.014364640883977901	0.014364640883977901	0.01408839779005525	0.0	0.016022099447513812	0.0	0.01270718232044199	0.012983425414364641	0.010220994475138122	0.010497237569060774	0.010220994475138122	0.019613259668508288	0.0038674033149171273	0.012154696132596685	0.002486187845303867	0.032044198895027624	0.03038674033149171	0.021823204419889504	0.029281767955801105
0.013535911602209945	0.01712707182320442	0.0071823204419889505	0.016022099447513812	0.025138121546961326	0.023480662983425413	0.01574585635359116	0.018232044198895028	0.0	0.009116022099447514	0.0	0.009392265193370166	0.03149171270718232	0.04337016574585635	0.014640883977900553	0.03259668508287293	0.018232044198895028	0.016298342541436465	0.009944751381215469	0.011325966850828728	0.017955801104972375	0.015193370165745856	0.012983425414364641	0.01270718232044199	0.0066298342541436465	0.004696132596685083	0.0033149171270718232	0.005248618784530387	0.039779005524861875	0.024861878453038673	0.022375690607734807	0.023204419889502764	0.01685082872928177	0.009392265193370166	0.010773480662983425	0.010497237569060774	0.02569060773480663	0.0281767955801105	0.014640883977900553	0.019613259668508288	0.01712707182320442	0.019889502762430938	0.009116022099447514	0.015469613259668509	0.015469613259668509	0.01408839779005525	0.013535911602209945	0.014364640883977901	0.0	0.016574585635359115	0.0	0.012154696132596685	0.014640883977900553	0.009944751381215469	0.008839779005524863	0.010497237569060774	0.019889502762430938	0.0038674033149171273	0.011878453038674033	0.002486187845303867	0.03370165745856354	0.03038674033149171	0.019337016574585635	0.029281767955801105
0.013812154696132596	0.01712707182320442	0.006906077348066298	0.016022099447513812	0.02569060773480663	0.023756906077348067	0.015193370165745856	0.017955801104972375	0.0	0.009116022099447514	0.0	0.009392265193370166	0.03425414364640884	0.04392265193370166	0.011878453038674033	0.032044198895027624	0.019060773480662985	0.016574585635359115	0.009116022099447514	0.011049723756906077	0.01878453038674033	0.01574585635359116	0.011878453038674033	0.012430939226519336	0.006906077348066298	0.004972375690607734	0.0030386740331491712	0.004972375690607734	0.041988950276243095	0.025138121546961326	0.020441988950276244	0.02292817679558011	0.018232044198895028	0.009392265193370166	0.009392265193370166	0.010497237569060774	0.02707182320441989	0.0281767955801105	0.013259668508287293	0.019613259668508288	0.019337016574585635	0.02016574585635359	0.0071823204419889505	0.014917127071823204	0.017679558011049725	0.014640883977900553	0.011325966850828728	0.013812154696132596	0.0	0.016574585635359115	0.0	0.012154696132596685	0.015469613259668509	0.009944751381215469	0.008011049723756906	0.010497237569060774	0.02154696132596685	0.0038674033149171273	0.010220994475138122	0.002486187845303867	0.034530386740331494	0.030939226519337018	0.018232044198895028	0.028729281767955802
0.014640883977900553	0.017403314917127072	0.0060773480662983425	0.01574585635359116	0.029005524861878452	0.023756906077348067	0.012154696132596685	0.017679558011049725	0.0	0.009392265193370166	0.0	0.009116022099447514	0.03508287292817679	0.04364640883977901	0.011049723756906077	0.032320441988950274	0.019889502762430938	0.016574585635359115	0.008287292817679558	0.011049723756906077	0.02016574585635359	0.01574585635359116	0.010497237569060774	0.012430939226519336	0.0071823204419889505	0.004972375690607734	0.0027624309392265192	0.004972375690607734	0.045027624309392264	0.02541436464088398	0.017679558011049725	0.022099447513812154	0.019613259668508288	0.009668508287292817	0.008011049723756906	0.010220994475138122	0.027900552486187846	0.027624309392265192	0.012430939226519336	0.02016574585635359	0.019613259668508288	0.020441988950276244	0.0060773480662983425	0.015469613259668509	0.017955801104972375	0.014364640883977901	0.011049723756906077	0.01408839779005525	0.0	0.016298342541436465	0.0	0.012430939226519336	0.016298342541436465	0.009944751381215469	0.0071823204419889505	0.010497237569060774	0.023204419889502764	0.0038674033149171273	0.00856353591160221	0.002486187845303867	0.036464088397790057	0.031215469613259668	0.016574585635359115	0.02845303867403315
0.016574585635359115	0.017403314917127072	0.004143646408839779	0.01574585635359116	0.03038674033149171	0.024033149171270717	0.010497237569060774	0.017679558011049725	0.0	0.009392265193370166	0.0	0.009116022099447514	0.03591160220994475	0.04392265193370166	0.010220994475138122	0.032044198895027624	0.020994475138121547	0.016574585635359115	0.0071823204419889505	0.011049723756906077	0.020718232044198894	0.01574585635359116	0.009944751381215469	0.012430939226519336	0.008011049723756906	0.004696132596685083	0.0022099447513812156	0.004972375690607734	0.045027624309392264	0.02569060773480663	0.01685082872928177	0.022375690607734807	0.021270718232044197	0.009944751381215469	0.006353591160220995	0.009944751381215469	0.02845303867403315	0.02707182320441989	0.011325966850828728	0.021270718232044197	0.019889502762430938	0.020441988950276244	0.005801104972375691	0.015469613259668509	0.020441988950276244	0.01408839779005525	0.008839779005524863	0.01408839779005525	0.0	0.016022099447513812	0.0	0.01270718232044199	0.016298342541436465	0.009944751381215469	0.006906077348066298	0.010773480662983425	0.024033149171270717	0.0038674033149171273	0.0077348066298342545	0.002486187845303867	0.03839779005524862	0.031215469613259668	0.014917127071823204	0.02845303867403315
0.017403314917127072	0.017403314917127072	0.0033149171270718232	0.01574585635359116	0.031767955801104975	0.024033149171270717	0.008839779005524863	0.017955801104972375	0.0	0.009392265193370166	0.0	0.009116022099447514	0.03756906077348066	0.04419889502762431	0.00856353591160221	0.031767955801104975	0.020994475138121547	0.01685082872928177	0.0071823204419889505	0.010773480662983425	0.021823204419889504	0.01574585635359116	0.008839779005524863	0.012430939226519336	0.007458563535911602	0.004972375690607734	0.0022099447513812156	0.005248618784530387	0.04668508287292818	0.025966850828729283	0.015193370165745856	0.021823204419889504	0.02154696132596685	0.010497237569060774	0.0060773480662983425	0.009392265193370166	0.03011049723756906	0.026519337016574586	0.009944751381215469	0.02154696132596685	0.020441988950276244	0.019889502762430938	0.005248618784530387	0.016022099447513812	0.02154696132596685	0.014640883977900553	0.007458563535911602	0.013812154696132596	0.0	0.016574585635359115	0.0	0.012154696132596685	0.01685082872928177	0.009944751381215469	0.006353591160220995	0.010773480662983425	0.025138121546961326	0.0038674033149171273	0.0066298342541436465	0.002486187845303867	0.04088397790055249	0.03149171270718232	0.01270718232044199	0.0281767955801105
0.017955801104972375	0.017679558011049725	0.0027624309392265192	0.015469613259668509	0.032320441988950274	0.024033149171270717	0.0077348066298342545	0.018508287292817678	0.0	0.009944751381215469	0.0	0.00856353591160221	0.039226519337016576	0.044475138121546964	0.006906077348066298	0.03149171270718232	0.021270718232044197	0.01685082872928177	0.006906077348066298	0.010773480662983425	0.023204419889502764	0.016022099447513812	0.006906077348066298	0.01270718232044199	0.008287292817679558	0.004972375690607734	0.0013812154696132596	0.005248618784530387	0.049171270718232046	0.025966850828729283	0.01270718232044199	0.022099447513812154	0.021823204419889504	0.010497237569060774	0.005801104972375691	0.009392265193370166	0.030939226519337018	0.02679558011049724	0.008839779005524863	0.02154696132596685	0.02016574585635359	0.019613259668508288	0.004972375690607734	0.01685082872928177	0.022651933701657457	0.014364640883977901	0.0060773480662983425	0.014364640883977901	0.0	0.01685082872928177	0.0	0.011878453038674033	0.017679558011049725	0.009944751381215469	0.0055248618784530384	0.010773480662983425	0.02707182320441989	0.0038674033149171273	0.004696132596685083	0.002486187845303867	0.04337016574585635	0.031767955801104975	0.009944751381215469	0.027900552486187846
0.018232044198895028	0.018232044198895028	0.002486187845303867	0.014917127071823204	0.03425414364640884	0.024585635359116023	0.005801104972375691	0.017955801104972375	0.0	0.009944751381215469	0.0	0.00856353591160221	0.04005524861878453	0.04337016574585635	0.0060773480662983425	0.03259668508287293	0.022651933701657457	0.01685082872928177	0.0055248618784530384	0.010773480662983425	0.024033149171270717	0.01574585635359116	0.0055248618784530384	0.013535911602209945	0.00856353591160221	0.004972375690607734	0.0011049723756906078	0.005248618784530387	0.0505524861878453	0.026519337016574586	0.011325966850828728	0.021823204419889504	0.02292817679558011	0.010220994475138122	0.004696132596685083	0.009668508287292817	0.032044198895027624	0.02707182320441989	0.007458563535911602	0.02154696132596685	0.020441988950276244	0.019060773480662985	0.004696132596685083	0.017403314917127072	0.024585635359116023	0.01408839779005525	0.004143646408839779	0.014640883977900553	0.0	0.01712707182320442	0.0	0.011602209944751382	0.017679558011049725	0.009392265193370166	0.0055248618784530384	0.011325966850828728	0.027624309392265192	0.0038674033149171273	0.004143646408839779	0.002486187845303867	0.044475138121546964	0.032044198895027624	0.00856353591160221	0.027624309392265192
0.017955801104972375	0.018232044198895028	0.0027624309392265192	0.014917127071823204	0.034806629834254144	0.025138121546961326	0.005248618784530387	0.017403314917127072	0.0	0.009944751381215469	0.0	0.00856353591160221	0.04088397790055249	0.04364640883977901	0.005248618784530387	0.032320441988950274	0.023204419889502764	0.017403314917127072	0.004972375690607734	0.010220994475138122	0.02430939226519337	0.01574585635359116	0.004972375690607734	0.013812154696132596	0.00856353591160221	0.004972375690607734	0.0011049723756906078	0.005248618784530387	0.05027624309392265	0.02679558011049724	0.010497237569060774	0.022375690607734807	0.02292817679558011	0.010220994475138122	0.004696132596685083	0.009668508287292817	0.03342541436464089	0.02707182320441989	0.0066298342541436465	0.020994475138121547	0.022375690607734807	0.01878453038674033	0.0038674033149171273	0.016574585635359115	0.024861878453038673	0.014364640883977901	0.0035911602209944752	0.014640883977900553	0.0	0.01712707182320442	0.0	0.011602209944751382	0.018232044198895028	0.009392265193370166	0.004696132596685083	0.011602209944751382	0.029005524861878452	0.0033149171270718232	0.0027624309392265192	0.0030386740331491712	0.045303867403314914	0.032320441988950274	0.008011049723756906	0.027348066298342542
0.017955801104972375	0.018508287292817678	0.0027624309392265192	0.014640883977900553	0.03535911602209945	0.025966850828729283	0.004419889502762431	0.01685082872928177	0.0	0.009944751381215469	0.0	0.00856353591160221	0.041988950276243095	0.044475138121546964	0.004143646408839779	0.03149171270718232	0.024033149171270717	0.017679558011049725	0.004143646408839779	0.009944751381215469	0.025138121546961326	0.016022099447513812	0.004419889502762431	0.013259668508287293	0.009116022099447514	0.004972375690607734	0.0008287292817679558	0.004972375690607734	0.05138121546961326	0.02707182320441989	0.010220994475138122	0.02154696132596685	0.023480662983425413	0.010220994475138122	0.004143646408839779	0.009668508287292817	0.03508287292817679	0.02707182320441989	0.004143646408839779	0.021823204419889504	0.022651933701657457	0.01878453038674033	0.0030386740331491712	0.01712707182320442	0.024585635359116023	0.014917127071823204	0.0033149171270718232	0.014640883977900553	0.0	0.016574585635359115	0.0	0.012154696132596685	0.018508287292817678	0.009668508287292817	0.004143646408839779	0.011602209944751382	0.029005524861878452	0.0033149171270718232	0.0027624309392265192	0.0030386740331491712	0.04696132596685083	0.03287292817679558	0.0060773480662983425	0.02679558011049724
0.018508287292817678	0.01878453038674033	0.0022099447513812156	0.014364640883977901	0.03591160220994475	0.02679558011049724	0.0035911602209944752	0.016298342541436465	0.0	0.010497237569060774	0.0	0.008011049723756906	0.04281767955801105	0.04419889502762431	0.0033149171270718232	0.031767955801104975	0.025138121546961326	0.01712707182320442	0.0030386740331491712	0.010497237569060774	0.026243093922651933	0.016022099447513812	0.0030386740331491712	0.013535911602209945	0.009116022099447514	0.004972375690607734	0.0008287292817679558	0.004972375690607734	0.05165745856353591	0.02679558011049724	0.009668508287292817	0.022651933701657457	0.024033149171270717	0.010497237569060774	0.0035911602209944752	0.009392265193370166	0.03535911602209945	0.02707182320441989	0.0035911602209944752	0.022099447513812154	0.023204419889502764	0.01878453038674033	0.0027624309392265192	0.01685082872928177	0.024585635359116023	0.015469613259668509	0.0030386740331491712	0.014364640883977901	0.0	0.016298342541436465	0.0	0.012430939226519336	0.019337016574585635	0.009392265193370166	0.0033149171270718232	0.011878453038674033	0.02955801104972376	0.0033149171270718232	0.0022099447513812156	0.0030386740331491712	0.04751381215469613	0.03342541436464089	0.004972375690607734	0.026243093922651933
0.018508287292817678	0.018508287292817678	0.0022099447513812156	0.014640883977900553	0.03591160220994475	0.02707182320441989	0.0033149171270718232	0.016298342541436465	0.0	0.010773480662983425	0.0	0.0077348066298342545	0.0430939226519337	0.044475138121546964	0.0030386740331491712	0.03149171270718232	0.02569060773480663	0.01712707182320442	0.002486187845303867	0.010497237569060774	0.02541436464088398	0.016298342541436465	0.0033149171270718232	0.013812154696132596	0.009116022099447514	0.0055248618784530384	0.0008287292817679558	0.004419889502762431	0.05303867403314917	0.026243093922651933	0.007458563535911602	0.023480662983425413	0.024585635359116023	0.010497237569060774	0.0030386740331491712	0.009392265193370166	0.03618784530386741	0.02707182320441989	0.0030386740331491712	0.021823204419889504	0.023756906077348067	0.019337016574585635	0.002486187845303867	0.016022099447513812	0.024861878453038673	0.016298342541436465	0.0022099447513812156	0.01408839779005525	0.0	0.016298342541436465	0.0	0.012430939226519336	0.019613259668508288	0.009668508287292817	0.0030386740331491712	0.011602209944751382	0.03011049723756906	0.0033149171270718232	0.0016574585635359116	0.0030386740331491712	0.04861878453038674	0.03425414364640884	0.004419889502762431	0.02541436464088398
0.019060773480662985	0.017403314917127072	0.0016574585635359116	0.01574585635359116	0.037016574585635356	0.027348066298342542	0.0019337016574585636	0.016298342541436465	0.0	0.010497237569060774	0.0	0.008011049723756906	0.04364640883977901	0.044751381215469614	0.002486187845303867	0.031215469613259668	0.025966850828729283	0.01712707182320442	0.0022099447513812156	0.010497237569060774	0.026243093922651933	0.016574585635359115	0.0022099447513812156	0.013812154696132596	0.009116022099447514	0.005248618784530387	0.0008287292817679558	0.004696132596685083	0.05441988950276243	0.02707182320441989	0.0055248618784530384	0.02292817679558011	0.024585635359116023	0.010497237569060774	0.0030386740331491712	0.009392265193370166	0.03618784530386741	0.027900552486187846	0.0022099447513812156	0.021823204419889504	0.024861878453038673	0.018232044198895028	0.0019337016574585636	0.016574585635359115	0.025138121546961326	0.017403314917127072	0.0016574585635359116	0.013259668508287293	0.0	0.016298342541436465	0.0	0.012430939226519336	0.020718232044198894	0.009944751381215469	0.0019337016574585636	0.011325966850828728	0.03038674033149171	0.0033149171270718232	0.0013812154696132596	0.0030386740331491712	0.049723756906077346	0.03397790055248619	0.0035911602209944752	0.02569060773480663
0.019337016574585635	0.017955801104972375	0.0013812154696132596	0.015193370165745856	0.03618784530386741	0.027900552486187846	0.0016574585635359116	0.01685082872928177	0.0	0.010497237569060774	0.0	0.008011049723756906	0.04392265193370166	0.045027624309392264	0.0022099447513812156	0.030939226519337018	0.026243093922651933	0.01685082872928177	0.0019337016574585636	0.010773480662983425	0.026519337016574586	0.016298342541436465	0.0019337016574585636	0.01408839779005525	0.009392265193370166	0.005248618784530387	0.0008287292817679558	0.004419889502762431	0.05662983425414365	0.026519337016574586	0.0035911602209944752	0.024033149171270717	0.024861878453038673	0.010497237569060774	0.0027624309392265192	0.009392265193370166	0.03618784530386741	0.026519337016574586	0.002486187845303867	0.02292817679558011	0.024585635359116023	0.01878453038674033	0.0016574585635359116	0.016574585635359115	0.024861878453038673	0.017403314917127072	0.0016574585635359116	0.013535911602209945	0.0	0.01685082872928177	0.0	0.011878453038674033	0.021823204419889504	0.010220994475138122	0.0011049723756906078	0.010773480662983425	0.03038674033149171	0.0030386740331491712	0.0013812154696132596	0.0033149171270718232	0.049723756906077346	0.03370165745856354	0.0027624309392265192	0.025966850828729283
0.019337016574585635	0.018232044198895028	0.0013812154696132596	0.014917127071823204	0.03618784530386741	0.027348066298342542	0.0016574585635359116	0.017403314917127072	0.0	0.010773480662983425	0.0	0.0077348066298342545	0.044751381215469614	0.045027624309392264	0.0013812154696132596	0.030939226519337018	0.026519337016574586	0.01712707182320442	0.0016574585635359116	0.010497237569060774	0.027624309392265192	0.017403314917127072	0.0008287292817679558	0.012983425414364641	0.009668508287292817	0.004972375690607734	0.0008287292817679558	0.004419889502762431	0.05580110497237569	0.026519337016574586	0.004143646408839779	0.024861878453038673	0.02569060773480663	0.010773480662983425	0.0019337016574585636	0.009116022099447514	0.036464088397790057	0.026243093922651933	0.0019337016574585636	0.023480662983425413	0.024861878453038673	0.018508287292817678	0.0016574585635359116	0.016574585635359115	0.024585635359116023	0.01712707182320442	0.0019337016574585636	0.013812154696132596	0.0	0.01685082872928177	0.0	0.011878453038674033	0.02292817679558011	0.009668508287292817	0.0005524861878453039	0.010773480662983425	0.030939226519337018	0.0030386740331491712	0.0008287292817679558	0.0033149171270718232	0.049447513812154696	0.03342541436464089	0.002486187845303867	0.026243093922651933
0.019337016574585635	0.018232044198895028	0.0013812154696132596	0.014917127071823204	0.03508287292817679	0.0281767955801105	0.0013812154696132596	0.017955801104972375	0.0	0.011325966850828728	0.0	0.0071823204419889505	0.04419889502762431	0.044751381215469614	0.0019337016574585636	0.031215469613259668	0.02707182320441989	0.017679558011049725	0.0011049723756906078	0.009944751381215469	0.02707182320441989	0.01685082872928177	0.0011049723756906078	0.013812154696132596	0.009668508287292817	0.005248618784530387	0.0011049723756906078	0.0038674033149171273	0.05607734806629834	0.026243093922651933	0.0038674033149171273	0.02541436464088398	0.025966850828729283	0.010773480662983425	0.0016574585635359116	0.009116022099447514	0.036464088397790057	0.025966850828729283	0.0013812154696132596	0.02430939226519337	0.024861878453038673	0.019060773480662985	0.0013812154696132596	0.016298342541436465	0.02569060773480663	0.016022099447513812	0.0013812154696132596	0.014364640883977901	0.0	0.016574585635359115	0.0	0.012154696132596685	0.023204419889502764	0.010220994475138122	0.00027624309392265195	0.010220994475138122	0.031215469613259668	0.0030386740331491712	0.0005524861878453039	0.0033149171270718232	0.049723756906077346	0.03370165745856354	0.0019337016574585636	0.025966850828729283
0.019613259668508288	0.018508287292817678	0.0011049723756906078	0.014640883977900553	0.034530386740331494	0.0281767955801105	0.0013812154696132596	0.018508287292817678	0.0	0.010773480662983425	0.0	0.0077348066298342545	0.045027624309392264	0.044751381215469614	0.0011049723756906078	0.031215469613259668	0.027348066298342542	0.017403314917127072	0.0008287292817679558	0.010220994475138122	0.026519337016574586	0.01685082872928177	0.0011049723756906078	0.014364640883977901	0.009944751381215469	0.0055248618784530384	0.0008287292817679558	0.0035911602209944752	0.05662983425414365	0.02569060773480663	0.0027624309392265192	0.02707182320441989	0.026243093922651933	0.010773480662983425	0.0013812154696132596	0.009116022099447514	0.0356353591160221	0.02569060773480663	0.0013812154696132596	0.02541436464088398	0.024033149171270717	0.019613259668508288	0.0011049723756906078	0.01685082872928177	0.02541436464088398	0.016298342541436465	0.0008287292817679558	0.014917127071823204	0.0	0.01712707182320442	0.0	0.011602209944751382	0.02292817679558011	0.010773480662983425	0.00027624309392265195	0.009944751381215469	0.030939226519337018	0.0030386740331491712	0.0008287292817679558	0.0033149171270718232	0.04806629834254143	0.034806629834254144	0.0030386740331491712	0.024861878453038673
0.019889502762430938	0.01878453038674033	0.0008287292817679558	0.014364640883977901	0.03397790055248619	0.0281767955801105	0.0013812154696132596	0.019060773480662985	0.0	0.011049723756906077	0.0	0.007458563535911602	0.044751381215469614	0.04419889502762431	0.0013812154696132596	0.031767955801104975	0.027624309392265192	0.017403314917127072	0.0005524861878453039	0.010220994475138122	0.026519337016574586	0.01574585635359116	0.0008287292817679558	0.01574585635359116	0.009668508287292817	0.005801104972375691	0.0008287292817679558	0.0035911602209944752	0.05856353591160221	0.02541436464088398	0.0022099447513812156	0.027348066298342542	0.02569060773480663	0.010773480662983425	0.0019337016574585636	0.009116022099447514	0.034530386740331494	0.02541436464088398	0.0016574585635359116	0.026519337016574586	0.02430939226519337	0.019613259668508288	0.0008287292817679558	0.01685082872928177	0.024861878453038673	0.016298342541436465	0.0008287292817679558	0.015469613259668509	0.0	0.01685082872928177	0.0	0.011878453038674033	0.022099447513812154	0.011049723756906077	0.0005524861878453039	0.010220994475138122	0.030662983425414365	0.0030386740331491712	0.0011049723756906078	0.0033149171270718232	0.04668508287292818	0.034806629834254144	0.0030386740331491712	0.024861878453038673
0.020718232044198894	0.019337016574585635	0.0	0.013812154696132596	0.03287292817679558	0.0281767955801105	0.0013812154696132596	0.02016574585635359	0.0	0.011325966850828728	0.0	0.0071823204419889505	0.045027624309392264	0.04392265193370166	0.0011049723756906078	0.032044198895027624	0.027624309392265192	0.017679558011049725	0.0005524861878453039	0.009944751381215469	0.02707182320441989	0.01574585635359116	0.0008287292817679558	0.015193370165745856	0.009116022099447514	0.006353591160220995	0.0008287292817679558	0.0035911602209944752	0.059944751381215466	0.024861878453038673	0.0016574585635359116	0.0281767955801105	0.026519337016574586	0.011049723756906077	0.0011049723756906078	0.008839779005524863	0.03535911602209945	0.025138121546961326	0.0013812154696132596	0.026243093922651933	0.02430939226519337	0.019613259668508288	0.00027624309392265195	0.017403314917127072	0.024861878453038673	0.01574585635359116	0.0008287292817679558	0.016022099447513812	0.0	0.017403314917127072	0.0	0.011325966850828728	0.022651933701657457	0.012154696132596685	0.00027624309392265195	0.008839779005524863	0.030662983425414365	0.0027624309392265192	0.0011049723756906078	0.0035911602209944752	0.04696132596685083	0.03508287292817679	0.0016574585635359116	0.024585635359116023
0.020441988950276244	0.019613259668508288	0.00027624309392265195	0.013535911602209945	0.031215469613259668	0.02845303867403315	0.0013812154696132596	0.02154696132596685	0.0	0.011325966850828728	0.0	0.0071823204419889505	0.044751381215469614	0.044475138121546964	0.0013812154696132596	0.03149171270718232	0.027624309392265192	0.017955801104972375	0.0005524861878453039	0.009668508287292817	0.02707182320441989	0.016298342541436465	0.0005524861878453039	0.014917127071823204	0.009392265193370166	0.0060773480662983425	0.0005524861878453039	0.0038674033149171273	0.06077348066298342	0.025966850828729283	0.0011049723756906078	0.027348066298342542	0.026243093922651933	0.011602209944751382	0.0013812154696132596	0.008287292817679558	0.034530386740331494	0.025966850828729283	0.0016574585635359116	0.025966850828729283	0.02430939226519337	0.019337016574585635	0.0	0.017955801104972375	0.02430939226519337	0.016022099447513812	0.0008287292817679558	0.016298342541436465	0.0	0.017679558011049725	0.0	0.011049723756906077	0.022651933701657457	0.011602209944751382	0.00027624309392265195	0.009392265193370166	0.030939226519337018	0.0027624309392265192	0.0008287292817679558	0.0035911602209944752	0.04640883977900553	0.03397790055248619	0.0016574585635359116	0.02569060773480663
0.020441988950276244	0.019889502762430938	0.00027624309392265195	0.013259668508287293	0.03038674033149171	0.029281767955801105	0.0011049723756906078	0.021823204419889504	0.0	0.011325966850828728	0.0	0.0071823204419889505	0.045027624309392264	0.04392265193370166	0.0011049723756906078	0.032044198895027624	0.027624309392265192	0.018232044198895028	0.0005524861878453039	0.009392265193370166	0.02707182320441989	0.01685082872928177	0.0005524861878453039	0.014364640883977901	0.009944751381215469	0.0060773480662983425	0.00027624309392265195	0.0035911602209944752	0.05911602209944752	0.026519337016574586	0.0013812154696132596	0.0281767955801105	0.026243093922651933	0.011878453038674033	0.0013812154696132596	0.008011049723756906	0.03397790055248619	0.026519337016574586	0.0013812154696132596	0.026243093922651933	0.02430939226519337	0.019613259668508288	0.00027624309392265195	0.017403314917127072	0.023480662983425413	0.016022099447513812	0.0008287292817679558	0.01712707182320442	0.0	0.01685082872928177	0.0	0.011878453038674033	0.022375690607734807	0.012154696132596685	0.0	0.009392265193370166	0.03011049723756906	0.0027624309392265192	0.0016574585635359116	0.0035911602209944752	0.04668508287292818	0.03397790055248619	0.0013812154696132596	0.02569060773480663
0.020441988950276244	0.020441988950276244	0.00027624309392265195	0.01270718232044199	0.03011049723756906	0.02955801104972376	0.0013812154696132596	0.02154696132596685	0.0	0.011049723756906077	0.0	0.007458563535911602	0.045303867403314914	0.04419889502762431	0.0008287292817679558	0.031767955801104975	0.027348066298342542	0.01878453038674033	0.0008287292817679558	0.008839779005524863	0.025966850828729283	0.017403314917127072	0.0005524861878453039	0.014917127071823204	0.009392265193370166	0.0060773480662983425	0.0005524861878453039	0.0038674033149171273	0.05939226519337017	0.02679558011049724	0.0011049723756906078	0.02845303867403315	0.026519337016574586	0.011325966850828728	0.0011049723756906078	0.00856353591160221	0.03370165745856354	0.026243093922651933	0.0011049723756906078	0.02707182320441989	0.024861878453038673	0.019613259668508288	0.0	0.01712707182320442	0.023480662983425413	0.015469613259668509	0.0008287292817679558	0.017679558011049725	0.0	0.01712707182320442	0.0	0.011602209944751382	0.021823204419889504	0.012983425414364641	0.0	0.009116022099447514	0.02955801104972376	0.0027624309392265192	0.0022099447513812156	0.0035911602209944752	0.04668508287292818	0.03425414364640884	0.0008287292817679558	0.02541436464088398
0.020441988950276244	0.02016574585635359	0.00027624309392265195	0.012983425414364641	0.03038674033149171	0.029281767955801105	0.0008287292817679558	0.022099447513812154	0.0	0.011602209944751382	0.0	0.006906077348066298	0.04558011049723757	0.044751381215469614	0.0005524861878453039	0.031215469613259668	0.027348066298342542	0.018508287292817678	0.0008287292817679558	0.009116022099447514	0.025966850828729283	0.016574585635359115	0.0005524861878453039	0.01574585635359116	0.009944751381215469	0.005801104972375691	0.00027624309392265195	0.0038674033149171273	0.06049723756906077	0.027900552486187846	0.0005524861878453039	0.02679558011049724	0.026519337016574586	0.011602209944751382	0.0011049723756906078	0.008287292817679558	0.03287292817679558	0.02707182320441989	0.0011049723756906078	0.02707182320441989	0.023756906077348067	0.02016574585635359	0.00027624309392265195	0.017403314917127072	0.024033149171270717	0.016298342541436465	0.00027624309392265195	0.01685082872928177	0.0	0.01685082872928177	0.0	0.011878453038674033	0.021270718232044197	0.013259668508287293	0.00027624309392265195	0.009116022099447514	0.02983425414364641	0.0030386740331491712	0.0019337016574585636	0.0033149171270718232	0.04668508287292818	0.03425414364640884	0.0008287292817679558	0.02541436464088398
0.02016574585635359	0.020718232044198894	0.0005524861878453039	0.012430939226519336	0.03038674033149171	0.029281767955801105	0.0008287292817679558	0.022099447513812154	0.0	0.011878453038674033	0.0	0.0066298342541436465	0.045027624309392264	0.044751381215469614	0.0011049723756906078	0.031215469613259668	0.027624309392265192	0.019337016574585635	0.0005524861878453039	0.008287292817679558	0.025138121546961326	0.01712707182320442	0.0008287292817679558	0.01574585635359116	0.010497237569060774	0.0055248618784530384	0.0	0.0038674033149171273	0.06049723756906077	0.0281767955801105	0.0005524861878453039	0.026519337016574586	0.02679558011049724	0.011602209944751382	0.0008287292817679558	0.008287292817679558	0.03370165745856354	0.02707182320441989	0.0013812154696132596	0.025966850828729283	0.02292817679558011	0.020994475138121547	0.00027624309392265195	0.017403314917127072	0.024585635359116023	0.01685082872928177	0.00027624309392265195	0.01574585635359116	0.0	0.016574585635359115	0.0	0.012154696132596685	0.020441988950276244	0.013812154696132596	0.00027624309392265195	0.009392265193370166	0.02983425414364641	0.0030386740331491712	0.0019337016574585636	0.0033149171270718232	0.04585635359116022	0.03591160220994475	0.0016574585635359116	0.023756906077348067
0.019889502762430938	0.020994475138121547	0.0008287292817679558	0.012154696132596685	0.030939226519337018	0.02955801104972376	0.0008287292817679558	0.021270718232044197	0.0	0.012154696132596685	0.0	0.006353591160220995	0.045027624309392264	0.044475138121546964	0.0011049723756906078	0.03149171270718232	0.027624309392265192	0.019613259668508288	0.0005524861878453039	0.008011049723756906	0.024861878453038673	0.01712707182320442	0.0005524861878453039	0.016298342541436465	0.011049723756906077	0.005248618784530387	0.0	0.0035911602209944752	0.06104972375690608	0.02845303867403315	0.0008287292817679558	0.02707182320441989	0.026519337016574586	0.011602209944751382	0.0011049723756906078	0.008287292817679558	0.03397790055248619	0.027900552486187846	0.0011049723756906078	0.025138121546961326	0.023756906077348067	0.02016574585635359	0.00027624309392265195	0.017403314917127072	0.024861878453038673	0.017403314917127072	0.0	0.015193370165745856	0.0	0.016298342541436465	0.0	0.012430939226519336	0.019889502762430938	0.015193370165745856	0.00027624309392265195	0.00856353591160221	0.03011049723756906	0.0030386740331491712	0.0016574585635359116	0.0033149171270718232	0.04392265193370166	0.036464088397790057	0.0019337016574585636	0.023204419889502764
0.02016574585635359	0.020994475138121547	0.0005524861878453039	0.012154696132596685	0.030939226519337018	0.02983425414364641	0.0011049723756906078	0.020718232044198894	0.0	0.012154696132596685	0.0	0.006353591160220995	0.045027624309392264	0.04419889502762431	0.0011049723756906078	0.031767955801104975	0.027624309392265192	0.019889502762430938	0.0005524861878453039	0.0077348066298342545	0.024585635359116023	0.017679558011049725	0.0011049723756906078	0.015469613259668509	0.010773480662983425	0.0055248618784530384	0.0	0.0035911602209944752	0.06160220994475138	0.02845303867403315	0.00027624309392265195	0.027900552486187846	0.026519337016574586	0.012430939226519336	0.0011049723756906078	0.007458563535911602	0.03370165745856354	0.02845303867403315	0.0011049723756906078	0.024861878453038673	0.023480662983425413	0.019613259668508288	0.00027624309392265195	0.018232044198895028	0.025138121546961326	0.01685082872928177	0.0	0.015469613259668509	0.0	0.01574585635359116	0.0	0.012983425414364641	0.019060773480662985	0.01574585635359116	0.0005524861878453039	0.00856353591160221	0.03038674033149171	0.0030386740331491712	0.0013812154696132596	0.0033149171270718232	0.04337016574585635	0.037016574585635356	0.0016574585635359116	0.022651933701657457
0.02016574585635359	0.02016574585635359	0.0005524861878453039	0.012983425414364641	0.03149171270718232	0.029005524861878452	0.0008287292817679558	0.021270718232044197	0.0	0.011878453038674033	0.0	0.0066298342541436465	0.045303867403314914	0.044475138121546964	0.0008287292817679558	0.03149171270718232	0.02707182320441989	0.02016574585635359	0.0011049723756906078	0.007458563535911602	0.024585635359116023	0.017403314917127072	0.0011049723756906078	0.01574585635359116	0.010497237569060774	0.005801104972375691	0.0	0.0035911602209944752	0.06104972375690608	0.02955801104972376	0.0008287292817679558	0.027624309392265192	0.02679558011049724	0.012430939226519336	0.0008287292817679558	0.007458563535911602	0.03314917127071823	0.029281767955801105	0.0008287292817679558	0.024861878453038673	0.023756906077348067	0.019337016574585635	0.00027624309392265195	0.018232044198895028	0.024585635359116023	0.017679558011049725	0.0	0.015193370165745856	0.0	0.016022099447513812	0.0	0.01270718232044199	0.019613259668508288	0.014917127071823204	0.0005524861878453039	0.008839779005524863	0.030939226519337018	0.0030386740331491712	0.0008287292817679558	0.0033149171270718232	0.04337016574585635	0.036740331491712706	0.0008287292817679558	0.02292817679558011
0.019889502762430938	0.02016574585635359	0.0008287292817679558	0.012983425414364641	0.031767955801104975	0.02845303867403315	0.0005524861878453039	0.021823204419889504	0.0	0.011602209944751382	0.0	0.006906077348066298	0.044751381215469614	0.04419889502762431	0.0013812154696132596	0.031767955801104975	0.027624309392265192	0.019337016574585635	0.0005524861878453039	0.008287292817679558	0.024033149171270717	0.017955801104972375	0.0008287292817679558	0.016022099447513812	0.009944751381215469	0.0060773480662983425	0.0	0.0038674033149171273	0.06049723756906077	0.02983425414364641	0.0005524861878453039	0.027624309392265192	0.02707182320441989	0.012154696132596685	0.0005524861878453039	0.0077348066298342545	0.03370165745856354	0.03038674033149171	0.00027624309392265195	0.023756906077348067	0.02430939226519337	0.019060773480662985	0.00027624309392265195	0.017955801104972375	0.023756906077348067	0.017955801104972375	0.0	0.01574585635359116	0.0	0.016298342541436465	0.0	0.012430939226519336	0.019613259668508288	0.015193370165745856	0.0005524861878453039	0.00856353591160221	0.031215469613259668	0.0033149171270718232	0.0005524861878453039	0.0030386740331491712	0.04392265193370166	0.03618784530386741	0.0008287292817679558	0.023480662983425413
0.02016574585635359	0.019889502762430938	0.0005524861878453039	0.013259668508287293	0.030939226519337018	0.02845303867403315	0.0013812154696132596	0.021823204419889504	0.0	0.011878453038674033	0.0	0.0066298342541436465	0.045027624309392264	0.04419889502762431	0.0011049723756906078	0.031767955801104975	0.027624309392265192	0.019337016574585635	0.0005524861878453039	0.008287292817679558	0.023756906077348067	0.017679558011049725	0.0008287292817679558	0.016574585635359115	0.009944751381215469	0.006353591160220995	0.0	0.0035911602209944752	0.06049723756906077	0.029005524861878452	0.0005524861878453039	0.028729281767955802	0.02707182320441989	0.012154696132596685	0.0005524861878453039	0.0077348066298342545	0.03259668508287293	0.03038674033149171	0.00027624309392265195	0.024861878453038673	0.023480662983425413	0.019060773480662985	0.0005524861878453039	0.018508287292817678	0.02430939226519337	0.01685082872928177	0.0	0.016298342541436465	0.0	0.01685082872928177	0.0	0.011878453038674033	0.019337016574585635	0.014640883977900553	0.0008287292817679558	0.009116022099447514	0.031215469613259668	0.0033149171270718232	0.0005524861878453039	0.0030386740331491712	0.04364640883977901	0.034806629834254144	0.0008287292817679558	0.024861878453038673
0.02016574585635359	0.02016574585635359	0.0005524861878453039	0.012983425414364641	0.03259668508287293	0.02679558011049724	0.0011049723756906078	0.022099447513812154	0.0	0.012154696132596685	0.0	0.006353591160220995	0.045303867403314914	0.04419889502762431	0.0008287292817679558	0.031767955801104975	0.027900552486187846	0.019060773480662985	0.00027624309392265195	0.00856353591160221	0.024033149171270717	0.017679558011049725	0.0005524861878453039	0.016574585635359115	0.009668508287292817	0.0060773480662983425	0.0	0.004143646408839779	0.05939226519337017	0.02955801104972376	0.0008287292817679558	0.029005524861878452	0.02707182320441989	0.012154696132596685	0.0005524861878453039	0.0077348066298342545	0.032320441988950274	0.030939226519337018	0.0008287292817679558	0.024033149171270717	0.022651933701657457	0.019060773480662985	0.0005524861878453039	0.019337016574585635	0.023756906077348067	0.016298342541436465	0.0	0.017403314917127072	0.0	0.01712707182320442	0.0	0.011602209944751382	0.018508287292817678	0.015193370165745856	0.0011049723756906078	0.009116022099447514	0.031215469613259668	0.0033149171270718232	0.0005524861878453039	0.0030386740331491712	0.04337016574585635	0.03591160220994475	0.0011049723756906078	0.023756906077348067
0.019889502762430938	0.02016574585635359	0.0008287292817679558	0.012983425414364641	0.03370165745856354	0.026519337016574586	0.0005524861878453039	0.021823204419889504	0.0	0.012154696132596685	0.0	0.006353591160220995	0.045027624309392264	0.044475138121546964	0.0011049723756906078	0.03149171270718232	0.027900552486187846	0.019060773480662985	0.00027624309392265195	0.00856353591160221	0.023756906077348067	0.018232044198895028	0.0005524861878453039	0.016298342541436465	0.009116022099447514	0.0060773480662983425	0.0	0.004696132596685083	0.058011049723756904	0.03149171270718232	0.0008287292817679558	0.029005524861878452	0.02679558011049724	0.012154696132596685	0.0008287292817679558	0.0077348066298342545	0.032320441988950274	0.031767955801104975	0.0005524861878453039	0.023480662983425413	0.023204419889502764	0.018508287292817678	0.00027624309392265195	0.019613259668508288	0.023756906077348067	0.01574585635359116	0.0	0.017955801104972375	0.0	0.016574585635359115	0.0	0.012154696132596685	0.018232044198895028	0.015469613259668509	0.0008287292817679558	0.009392265193370166	0.031215469613259668	0.0033149171270718232	0.0005524861878453039	0.0030386740331491712	0.04364640883977901	0.03618784530386741	0.00027624309392265195	0.023480662983425413
0.02016574585635359	0.020441988950276244	0.0005524861878453039	0.01270718232044199	0.03342541436464089	0.0281767955801105	0.0011049723756906078	0.019889502762430938	0.0	0.012430939226519336	0.0	0.0060773480662983425	0.04419889502762431	0.04392265193370166	0.0019337016574585636	0.032044198895027624	0.027900552486187846	0.019337016574585635	0.00027624309392265195	0.008287292817679558	0.02292817679558011	0.019060773480662985	0.0008287292817679558	0.016022099447513812	0.009116022099447514	0.006353591160220995	0.0	0.004419889502762431	0.05580110497237569	0.03314917127071823	0.0011049723756906078	0.02955801104972376	0.027348066298342542	0.012154696132596685	0.00027624309392265195	0.0077348066298342545	0.03314917127071823	0.030939226519337018	0.0011049723756906078	0.02292817679558011	0.023204419889502764	0.018232044198895028	0.0005524861878453039	0.019613259668508288	0.023204419889502764	0.015469613259668509	0.0	0.01878453038674033	0.0	0.016574585635359115	0.0	0.012154696132596685	0.018232044198895028	0.015193370165745856	0.0008287292817679558	0.009668508287292817	0.031215469613259668	0.0030386740331491712	0.0005524861878453039	0.0033149171270718232	0.04337016574585635	0.03618784530386741	0.00027624309392265195	0.023480662983425413
0.02016574585635359	0.02016574585635359	0.0005524861878453039	0.012983425414364641	0.03370165745856354	0.029005524861878452	0.0005524861878453039	0.019337016574585635	0.0	0.012430939226519336	0.0	0.0060773480662983425	0.04419889502762431	0.04392265193370166	0.0019337016574585636	0.032044198895027624	0.0281767955801105	0.019337016574585635	0.0	0.008287292817679558	0.02292817679558011	0.019337016574585635	0.0005524861878453039	0.016022099447513812	0.00856353591160221	0.0066298342541436465	0.0005524861878453039	0.004143646408839779	0.05580110497237569	0.03370165745856354	0.0013812154696132596	0.029281767955801105	0.027348066298342542	0.012430939226519336	0.00027624309392265195	0.007458563535911602	0.03287292817679558	0.031767955801104975	0.0008287292817679558	0.022651933701657457	0.023204419889502764	0.017403314917127072	0.0005524861878453039	0.020441988950276244	0.023480662983425413	0.015193370165745856	0.0	0.01878453038674033	0.0	0.01685082872928177	0.0	0.011878453038674033	0.018232044198895028	0.015193370165745856	0.0005524861878453039	0.009944751381215469	0.031215469613259668	0.0033149171270718232	0.0005524861878453039	0.0030386740331491712	0.041988950276243095	0.036740331491712706	0.0011049723756906078	0.02292817679558011
0.019889502762430938	0.019889502762430938	0.0008287292817679558	0.013259668508287293	0.03314917127071823	0.02955801104972376	0.0008287292817679558	0.019060773480662985	0.0	0.011878453038674033	0.0	0.0066298342541436465	0.04419889502762431	0.04364640883977901	0.0019337016574585636	0.032320441988950274	0.027624309392265192	0.018508287292817678	0.0005524861878453039	0.009116022099447514	0.022651933701657457	0.019889502762430938	0.00027624309392265195	0.016022099447513812	0.00856353591160221	0.005801104972375691	0.0005524861878453039	0.004972375690607734	0.056353591160221	0.03342541436464089	0.0008287292817679558	0.03011049723756906	0.027348066298342542	0.012983425414364641	0.00027624309392265195	0.006906077348066298	0.03287292817679558	0.032044198895027624	0.00027624309392265195	0.02292817679558011	0.023204419889502764	0.01712707182320442	0.0005524861878453039	0.020718232044198894	0.02292817679558011	0.01574585635359116	0.0	0.01878453038674033	0.0	0.01685082872928177	0.0	0.011878453038674033	0.018508287292817678	0.014917127071823204	0.00027624309392265195	0.010220994475138122	0.030939226519337018	0.0033149171270718232	0.0008287292817679558	0.0030386740331491712	0.041712707182320445	0.037016574585635356	0.0008287292817679558	0.022651933701657457
0.02016574585635359	0.02016574585635359	0.0005524861878453039	0.012983425414364641	0.03259668508287293	0.029005524861878452	0.0008287292817679558	0.02016574585635359	0.0	0.011878453038674033	0.0	0.0066298342541436465	0.044475138121546964	0.042541436464088395	0.0016574585635359116	0.03342541436464089	0.027624309392265192	0.018232044198895028	0.0005524861878453039	0.009392265193370166	0.022651933701657457	0.02016574585635359	0.00027624309392265195	0.01574585635359116	0.009668508287292817	0.004972375690607734	0.00027624309392265195	0.004972375690607734	0.054696132596685085	0.03342541436464089	0.0011049723756906078	0.031215469613259668	0.027348066298342542	0.012983425414364641	0.00027624309392265195	0.006906077348066298	0.03259668508287293	0.032320441988950274	0.00027624309392265195	0.02292817679558011	0.023480662983425413	0.016298342541436465	0.0005524861878453039	0.021270718232044197	0.021823204419889504	0.016298342541436465	0.0	0.019337016574585635	0.0	0.01712707182320442	0.0	0.011602209944751382	0.018232044198895028	0.015193370165745856	0.00027624309392265195	0.010220994475138122	0.030662983425414365	0.0033149171270718232	0.0011049723756906078	0.0030386740331491712	0.04143646408839779	0.03729281767955801	0.0013812154696132596	0.022375690607734807
0.019889502762430938	0.019889502762430938	0.0008287292817679558	0.013259668508287293	0.03342541436464089	0.02845303867403315	0.0008287292817679558	0.019889502762430938	0.0	0.012430939226519336	0.0	0.0060773480662983425	0.044751381215469614	0.04281767955801105	0.0013812154696132596	0.03314917127071823	0.0281767955801105	0.019060773480662985	0.0	0.00856353591160221	0.022651933701657457	0.019889502762430938	0.0	0.016298342541436465	0.009668508287292817	0.005248618784530387	0.00027624309392265195	0.004696132596685083	0.05386740331491713	0.03342541436464089	0.0011049723756906078	0.031767955801104975	0.027348066298342542	0.012983425414364641	0.00027624309392265195	0.006906077348066298	0.032320441988950274	0.031215469613259668	0.00027624309392265195	0.02430939226519337	0.023204419889502764	0.016298342541436465	0.0005524861878453039	0.02154696132596685	0.021823204419889504	0.01712707182320442	0.0	0.018508287292817678	0.0	0.017679558011049725	0.0	0.011049723756906077	0.018232044198895028	0.015193370165745856	0.00027624309392265195	0.010220994475138122	0.030939226519337018	0.0033149171270718232	0.0008287292817679558	0.0030386740331491712	0.042541436464088395	0.03729281767955801	0.0005524861878453039	0.022375690607734807
0.02016574585635359	0.019613259668508288	0.0005524861878453039	0.013535911602209945	0.03314917127071823	0.029281767955801105	0.0013812154696132596	0.01878453038674033	0.0	0.012154696132596685	0.0	0.006353591160220995	0.044475138121546964	0.04364640883977901	0.0016574585635359116	0.032320441988950274	0.027624309392265192	0.01878453038674033	0.0005524861878453039	0.008839779005524863	0.022375690607734807	0.020441988950276244	0.00027624309392265195	0.01574585635359116	0.009668508287292817	0.0055248618784530384	0.0	0.004696132596685083	0.05414364640883978	0.03370165745856354	0.00027624309392265195	0.032044198895027624	0.027348066298342542	0.013259668508287293	0.00027624309392265195	0.0066298342541436465	0.03342541436464089	0.02983425414364641	0.0005524861878453039	0.02430939226519337	0.02292817679558011	0.01712707182320442	0.0005524861878453039	0.020994475138121547	0.02154696132596685	0.018508287292817678	0.00027624309392265195	0.01712707182320442	0.0	0.018232044198895028	0.0	0.010497237569060774	0.018508287292817678	0.014917127071823204	0.0	0.010497237569060774	0.03149171270718232	0.0030386740331491712	0.00027624309392265195	0.0033149171270718232	0.042541436464088395	0.03618784530386741	0.0005524861878453039	0.023480662983425413
0.02016574585635359	0.019889502762430938	0.0005524861878453039	0.013259668508287293	0.03370165745856354	0.03011049723756906	0.0008287292817679558	0.017955801104972375	0.0	0.012154696132596685	0.0	0.006353591160220995	0.044751381215469614	0.044751381215469614	0.0013812154696132596	0.031215469613259668	0.02707182320441989	0.019060773480662985	0.0011049723756906078	0.00856353591160221	0.02292817679558011	0.020718232044198894	0.00027624309392265195	0.014917127071823204	0.009944751381215469	0.004972375690607734	0.0	0.004972375690607734	0.05359116022099448	0.03370165745856354	0.0	0.032320441988950274	0.02707182320441989	0.01270718232044199	0.0005524861878453039	0.0071823204419889505	0.03397790055248619	0.029005524861878452	0.0	0.025138121546961326	0.023480662983425413	0.01685082872928177	0.0005524861878453039	0.020718232044198894	0.021823204419889504	0.019337016574585635	0.00027624309392265195	0.016022099447513812	0.0	0.01878453038674033	0.0	0.009944751381215469	0.018508287292817678	0.01408839779005525	0.00027624309392265195	0.011049723756906077	0.03149171270718232	0.0030386740331491712	0.00027624309392265195	0.0033149171270718232	0.0430939226519337	0.0356353591160221	0.0005524861878453039	0.024033149171270717
0.020441988950276244	0.019889502762430938	0.00027624309392265195	0.013259668508287293	0.03370165745856354	0.030662983425414365	0.0008287292817679558	0.017403314917127072	0.0	0.011878453038674033	0.0	0.0066298342541436465	0.044751381215469614	0.04558011049723757	0.0013812154696132596	0.03038674033149171	0.027348066298342542	0.019060773480662985	0.0008287292817679558	0.00856353591160221	0.02430939226519337	0.019613259668508288	0.00027624309392265195	0.014640883977900553	0.009668508287292817	0.0055248618784530384	0.00027624309392265195	0.004419889502762431	0.05303867403314917	0.03259668508287293	0.00027624309392265195	0.03425414364640884	0.02707182320441989	0.01270718232044199	0.0005524861878453039	0.0071823204419889505	0.03342541436464089	0.029005524861878452	0.00027624309392265195	0.02541436464088398	0.023204419889502764	0.01712707182320442	0.0	0.021270718232044197	0.021270718232044197	0.019889502762430938	0.0005524861878453039	0.01574585635359116	0.0	0.019060773480662985	0.0	0.009668508287292817	0.017955801104972375	0.015469613259668509	0.00027624309392265195	0.010220994475138122	0.03149171270718232	0.0035911602209944752	0.00027624309392265195	0.0027624309392265192	0.04281767955801105	0.036464088397790057	0.00027624309392265195	0.023204419889502764
0.020441988950276244	0.020441988950276244	0.00027624309392265195	0.01270718232044199	0.03370165745856354	0.030939226519337018	0.0005524861878453039	0.017403314917127072	0.0	0.012154696132596685	0.0	0.006353591160220995	0.044475138121546964	0.04585635359116022	0.0016574585635359116	0.03011049723756906	0.02707182320441989	0.019060773480662985	0.0011049723756906078	0.00856353591160221	0.023480662983425413	0.019060773480662985	0.00027624309392265195	0.016022099447513812	0.009668508287292817	0.005248618784530387	0.0	0.004972375690607734	0.051933701657458566	0.03314917127071823	0.00027624309392265195	0.03508287292817679	0.02679558011049724	0.01270718232044199	0.0008287292817679558	0.0071823204419889505	0.03342541436464089	0.029281767955801105	0.0005524861878453039	0.024861878453038673	0.02292817679558011	0.017955801104972375	0.0005524861878453039	0.02016574585635359	0.020718232044198894	0.019889502762430938	0.0005524861878453039	0.016298342541436465	0.0	0.01878453038674033	0.0	0.009944751381215469	0.018232044198895028	0.016022099447513812	0.00027624309392265195	0.009392265193370166	0.03149171270718232	0.0035911602209944752	0.00027624309392265195	0.0027624309392265192	0.042541436464088395	0.03756906077348066	0.00027624309392265195	0.022099447513812154
0.020441988950276244	0.020718232044198894	0.00027624309392265195	0.012430939226519336	0.034806629834254144	0.02955801104972376	0.0005524861878453039	0.017679558011049725	0.0	0.012154696132596685	0.0	0.006353591160220995	0.044751381215469614	0.04668508287292818	0.0013812154696132596	0.029281767955801105	0.027348066298342542	0.019337016574585635	0.0008287292817679558	0.008287292817679558	0.02292817679558011	0.01878453038674033	0.0008287292817679558	0.016298342541436465	0.009668508287292817	0.005801104972375691	0.00027624309392265195	0.004143646408839779	0.05138121546961326	0.03425414364640884	0.00027624309392265195	0.034530386740331494	0.02679558011049724	0.011878453038674033	0.0008287292817679558	0.008011049723756906	0.03370165745856354	0.02845303867403315	0.00027624309392265195	0.02569060773480663	0.023204419889502764	0.017955801104972375	0.0005524861878453039	0.019889502762430938	0.021270718232044197	0.019613259668508288	0.00027624309392265195	0.016298342541436465	0.0	0.01878453038674033	0.0	0.009944751381215469	0.018232044198895028	0.015469613259668509	0.00027624309392265195	0.009944751381215469	0.03149171270718232	0.004143646408839779	0.00027624309392265195	0.0022099447513812156	0.042265193370165745	0.03756906077348066	0.0005524861878453039	0.022099447513812154
0.02016574585635359	0.020994475138121547	0.0005524861878453039	0.012154696132596685	0.034530386740331494	0.02983425414364641	0.0005524861878453039	0.017679558011049725	0.0	0.011325966850828728	0.0	0.0071823204419889505	0.044475138121546964	0.04668508287292818	0.0016574585635359116	0.029281767955801105	0.027348066298342542	0.018508287292817678	0.0008287292817679558	0.009116022099447514	0.022099447513812154	0.018508287292817678	0.0008287292817679558	0.017403314917127072	0.009668508287292817	0.005801104972375691	0.00027624309392265195	0.004143646408839779	0.05110497237569061	0.03425414364640884	0.0008287292817679558	0.034806629834254144	0.026519337016574586	0.011878453038674033	0.0011049723756906078	0.008011049723756906	0.03370165745856354	0.028729281767955802	0.0008287292817679558	0.024861878453038673	0.022651933701657457	0.018232044198895028	0.0005524861878453039	0.02016574585635359	0.021270718232044197	0.019613259668508288	0.00027624309392265195	0.016298342541436465	0.0	0.018232044198895028	0.0	0.010497237569060774	0.018508287292817678	0.016022099447513812	0.0005524861878453039	0.008839779005524863	0.03149171270718232	0.0038674033149171273	0.00027624309392265195	0.002486187845303867	0.04116022099447514	0.037016574585635356	0.0011049723756906078	0.022651933701657457
0.020441988950276244	0.021270718232044197	0.00027624309392265195	0.011878453038674033	0.03370165745856354	0.029005524861878452	0.0005524861878453039	0.019337016574585635	0.0	0.011602209944751382	0.0	0.006906077348066298	0.04558011049723757	0.04668508287292818	0.0005524861878453039	0.029281767955801105	0.02707182320441989	0.019060773480662985	0.0011049723756906078	0.00856353591160221	0.02292817679558011	0.018508287292817678	0.0005524861878453039	0.01685082872928177	0.010220994475138122	0.0055248618784530384	0.0	0.004143646408839779	0.05110497237569061	0.031767955801104975	0.0008287292817679558	0.037016574585635356	0.02707182320441989	0.011878453038674033	0.0005524861878453039	0.008011049723756906	0.03397790055248619	0.029005524861878452	0.0005524861878453039	0.024585635359116023	0.022375690607734807	0.019337016574585635	0.0005524861878453039	0.019337016574585635	0.020994475138121547	0.020994475138121547	0.0005524861878453039	0.014917127071823204	0.0	0.017955801104972375	0.0	0.010773480662983425	0.017955801104972375	0.015469613259668509	0.0005524861878453039	0.009944751381215469	0.031767955801104975	0.004143646408839779	0.0	0.0022099447513812156	0.04143646408839779	0.036464088397790057	0.0011049723756906078	0.023204419889502764
0.020441988950276244	0.02154696132596685	0.00027624309392265195	0.011602209944751382	0.03425414364640884	0.02845303867403315	0.00027624309392265195	0.019613259668508288	0.0	0.011049723756906077	0.0	0.007458563535911602	0.045303867403314914	0.04696132596685083	0.0008287292817679558	0.029005524861878452	0.027348066298342542	0.019060773480662985	0.0008287292817679558	0.00856353591160221	0.023480662983425413	0.017403314917127072	0.0008287292817679558	0.01712707182320442	0.009944751381215469	0.005248618784530387	0.00027624309392265195	0.004419889502762431	0.05	0.03287292817679558	0.0008287292817679558	0.03729281767955801	0.026243093922651933	0.011602209944751382	0.0013812154696132596	0.008287292817679558	0.03314917127071823	0.029281767955801105	0.0011049723756906078	0.024585635359116023	0.022099447513812154	0.019613259668508288	0.0005524861878453039	0.019337016574585635	0.020718232044198894	0.02016574585635359	0.0005524861878453039	0.016022099447513812	0.0	0.017679558011049725	0.0	0.011049723756906077	0.018232044198895028	0.015469613259668509	0.0005524861878453039	0.009668508287292817	0.03149171270718232	0.004143646408839779	0.00027624309392265195	0.0022099447513812156	0.04116022099447514	0.036740331491712706	0.0011049723756906078	0.02292817679558011
0.020441988950276244	0.021270718232044197	0.00027624309392265195	0.011878453038674033	0.034530386740331494	0.027900552486187846	0.00027624309392265195	0.019889502762430938	0.0	0.011049723756906077	0.0	0.007458563535911602	0.045027624309392264	0.04806629834254143	0.0011049723756906078	0.027900552486187846	0.02679558011049724	0.01878453038674033	0.0013812154696132596	0.008839779005524863	0.02430939226519337	0.01685082872928177	0.0005524861878453039	0.01712707182320442	0.009944751381215469	0.005248618784530387	0.00027624309392265195	0.004419889502762431	0.0505524861878453	0.03370165745856354	0.0008287292817679558	0.036740331491712706	0.026519337016574586	0.011878453038674033	0.0011049723756906078	0.008011049723756906	0.03370165745856354	0.029281767955801105	0.00027624309392265195	0.024861878453038673	0.021270718232044197	0.02016574585635359	0.0005524861878453039	0.019613259668508288	0.020441988950276244	0.019889502762430938	0.00027624309392265195	0.01685082872928177	0.0	0.017679558011049725	0.0	0.011049723756906077	0.019337016574585635	0.014917127071823204	0.0	0.009668508287292817	0.03149171270718232	0.004143646408839779	0.00027624309392265195	0.0022099447513812156	0.04060773480662983	0.036740331491712706	0.0008287292817679558	0.02292817679558011
0.020441988950276244	0.020994475138121547	0.00027624309392265195	0.012154696132596685	0.03370165745856354	0.028729281767955802	0.00027624309392265195	0.019889502762430938	0.0	0.010773480662983425	0.0	0.0077348066298342545	0.04585635359116022	0.04779005524861878	0.00027624309392265195	0.0281767955801105	0.026519337016574586	0.018232044198895028	0.0016574585635359116	0.009392265193370166	0.025138121546961326	0.01574585635359116	0.0005524861878453039	0.017403314917127072	0.009668508287292817	0.005248618784530387	0.0005524861878453039	0.004419889502762431	0.05082872928176796	0.032320441988950274	0.00027624309392265195	0.03784530386740331	0.02679558011049724	0.011878453038674033	0.0008287292817679558	0.008011049723756906	0.03314917127071823	0.029281767955801105	0.0005524861878453039	0.025138121546961326	0.021270718232044197	0.020441988950276244	0.0008287292817679558	0.019060773480662985	0.020994475138121547	0.019060773480662985	0.0	0.017403314917127072	0.0	0.017955801104972375	0.0	0.010773480662983425	0.019337016574585635	0.014917127071823204	0.0	0.009668508287292817	0.031215469613259668	0.004143646408839779	0.0005524861878453039	0.0022099447513812156	0.04143646408839779	0.036464088397790057	0.0005524861878453039	0.023204419889502764
0.020441988950276244	0.02154696132596685	0.00027624309392265195	0.011602209944751382	0.03425414364640884	0.027348066298342542	0.0005524861878453039	0.020441988950276244	0.0	0.010220994475138122	0.0	0.008287292817679558	0.04558011049723757	0.04834254143646409	0.0005524861878453039	0.027624309392265192	0.026519337016574586	0.018232044198895028	0.0016574585635359116	0.009392265193370166	0.02430939226519337	0.016298342541436465	0.0011049723756906078	0.01712707182320442	0.009392265193370166	0.005248618784530387	0.00027624309392265195	0.004972375690607734	0.0505524861878453	0.03287292817679558	0.0011049723756906078	0.03784530386740331	0.027348066298342542	0.011602209944751382	0.00027624309392265195	0.008287292817679558	0.032320441988950274	0.02955801104972376	0.00027624309392265195	0.025966850828729283	0.02154696132596685	0.021270718232044197	0.0	0.01878453038674033	0.020441988950276244	0.019613259668508288	0.0	0.017403314917127072	0.0	0.019060773480662985	0.0	0.009668508287292817	0.019060773480662985	0.014917127071823204	0.0	0.009944751381215469	0.031215469613259668	0.004143646408839779	0.0005524861878453039	0.0022099447513812156	0.04060773480662983	0.03618784530386741	0.00027624309392265195	0.023480662983425413
0.02016574585635359	0.022375690607734807	0.0005524861878453039	0.010773480662983425	0.03397790055248619	0.027624309392265192	0.0005524861878453039	0.020441988950276244	0.0	0.010497237569060774	0.0	0.008011049723756906	0.04585635359116022	0.04779005524861878	0.00027624309392265195	0.0281767955801105	0.02707182320441989	0.018232044198895028	0.0011049723756906078	0.009392265193370166	0.024861878453038673	0.016022099447513812	0.0013812154696132596	0.016574585635359115	0.009392265193370166	0.0055248618784530384	0.00027624309392265195	0.004696132596685083	0.05027624309392265	0.03314917127071823	0.0013812154696132596	0.03784530386740331	0.02707182320441989	0.011602209944751382	0.0005524861878453039	0.008287292817679558	0.03342541436464089	0.027348066298342542	0.00027624309392265195	0.02707182320441989	0.022099447513812154	0.020718232044198894	0.0	0.01878453038674033	0.020441988950276244	0.019889502762430938	0.0	0.01712707182320442	0.0	0.019060773480662985	0.0	0.009668508287292817	0.017955801104972375	0.01574585635359116	0.00027624309392265195	0.009944751381215469	0.030939226519337018	0.004143646408839779	0.0008287292817679558	0.0022099447513812156	0.04005524861878453	0.03591160220994475	0.0005524861878453039	0.023756906077348067
0.020441988950276244	0.021823204419889504	0.00027624309392265195	0.011325966850828728	0.03287292817679558	0.0281767955801105	0.0011049723756906078	0.020441988950276244	0.0	0.010497237569060774	0.0	0.008011049723756906	0.045027624309392264	0.04834254143646409	0.0011049723756906078	0.027624309392265192	0.027348066298342542	0.018508287292817678	0.0008287292817679558	0.009116022099447514	0.024861878453038673	0.016574585635359115	0.0013812154696132596	0.016022099447513812	0.009116022099447514	0.0055248618784530384	0.00027624309392265195	0.004972375690607734	0.05138121546961326	0.03259668508287293	0.0011049723756906078	0.03784530386740331	0.027348066298342542	0.011049723756906077	0.00027624309392265195	0.008839779005524863	0.03287292817679558	0.027900552486187846	0.00027624309392265195	0.02707182320441989	0.022099447513812154	0.020441988950276244	0.00027624309392265195	0.01878453038674033	0.020718232044198894	0.02016574585635359	0.00027624309392265195	0.016298342541436465	0.0	0.018508287292817678	0.0	0.010220994475138122	0.017679558011049725	0.016022099447513812	0.00027624309392265195	0.009944751381215469	0.030939226519337018	0.004143646408839779	0.0008287292817679558	0.0022099447513812156	0.039779005524861875	0.036464088397790057	0.0005524861878453039	0.023204419889502764
0.020718232044198894	0.02154696132596685	0.0	0.011602209944751382	0.03287292817679558	0.027900552486187846	0.0008287292817679558	0.020994475138121547	0.0	0.010773480662983425	0.0	0.0077348066298342545	0.045303867403314914	0.04834254143646409	0.0008287292817679558	0.027624309392265192	0.027900552486187846	0.017955801104972375	0.00027624309392265195	0.009668508287292817	0.024861878453038673	0.01712707182320442	0.0013812154696132596	0.015469613259668509	0.009116022099447514	0.0055248618784530384	0.00027624309392265195	0.004972375690607734	0.05082872928176796	0.03259668508287293	0.0016574585635359116	0.03812154696132597	0.027348066298342542	0.010773480662983425	0.00027624309392265195	0.009116022099447514	0.03314917127071823	0.027624309392265192	0.00027624309392265195	0.02707182320441989	0.023480662983425413	0.02016574585635359	0.0	0.017955801104972375	0.021270718232044197	0.019613259668508288	0.0	0.016574585635359115	0.0	0.018508287292817678	0.0	0.010220994475138122	0.01712707182320442	0.016298342541436465	0.0008287292817679558	0.009668508287292817	0.031215469613259668	0.004143646408839779	0.0005524861878453039	0.0022099447513812156	0.039226519337016576	0.03618784530386741	0.0008287292817679558	0.023480662983425413
0.020718232044198894	0.021270718232044197	0.0	0.011878453038674033	0.03342541436464089	0.027900552486187846	0.00027624309392265195	0.020994475138121547	0.0	0.011049723756906077	0.0	0.007458563535911602	0.045303867403314914	0.04861878453038674	0.0008287292817679558	0.027348066298342542	0.027900552486187846	0.017955801104972375	0.00027624309392265195	0.009668508287292817	0.02541436464088398	0.017403314917127072	0.0011049723756906078	0.014917127071823204	0.009116022099447514	0.0055248618784530384	0.00027624309392265195	0.004972375690607734	0.0505524861878453	0.03314917127071823	0.0016574585635359116	0.03812154696132597	0.027624309392265192	0.010497237569060774	0.0	0.009392265193370166	0.031767955801104975	0.0281767955801105	0.0008287292817679558	0.027348066298342542	0.022375690607734807	0.020994475138121547	0.00027624309392265195	0.017955801104972375	0.020994475138121547	0.019337016574585635	0.0005524861878453039	0.016574585635359115	0.0	0.018232044198895028	0.0	0.010497237569060774	0.017679558011049725	0.01574585635359116	0.0013812154696132596	0.009116022099447514	0.03149171270718232	0.004143646408839779	0.00027624309392265195	0.0022099447513812156	0.039226519337016576	0.0356353591160221	0.0005524861878453039	0.024033149171270717
0.020718232044198894	0.021823204419889504	0.0	0.011325966850828728	0.03259668508287293	0.027900552486187846	0.00027624309392265195	0.021823204419889504	0.0	0.011325966850828728	0.0	0.0071823204419889505	0.045303867403314914	0.049723756906077346	0.0008287292817679558	0.026243093922651933	0.027624309392265192	0.018232044198895028	0.0005524861878453039	0.009392265193370166	0.02569060773480663	0.017403314917127072	0.0005524861878453039	0.015193370165745856	0.009116022099447514	0.005801104972375691	0.0	0.004972375690607734	0.0505524861878453	0.03425414364640884	0.0016574585635359116	0.036740331491712706	0.027624309392265192	0.011325966850828728	0.0	0.00856353591160221	0.030939226519337018	0.027900552486187846	0.0013812154696132596	0.027900552486187846	0.022651933701657457	0.020441988950276244	0.00027624309392265195	0.018232044198895028	0.021270718232044197	0.018232044198895028	0.0005524861878453039	0.017403314917127072	0.0	0.018232044198895028	0.0	0.010497237569060774	0.01712707182320442	0.015469613259668509	0.0008287292817679558	0.010497237569060774	0.031767955801104975	0.0038674033149171273	0.0	0.002486187845303867	0.039226519337016576	0.03591160220994475	0.0008287292817679558	0.023756906077348067
0.020718232044198894	0.022375690607734807	0.0	0.010773480662983425	0.032044198895027624	0.02845303867403315	0.00027624309392265195	0.021823204419889504	0.0	0.011602209944751382	0.0	0.006906077348066298	0.045303867403314914	0.0505524861878453	0.0008287292817679558	0.02541436464088398	0.027624309392265192	0.018232044198895028	0.0005524861878453039	0.009392265193370166	0.026243093922651933	0.01712707182320442	0.00027624309392265195	0.015193370165745856	0.00856353591160221	0.0060773480662983425	0.0	0.005248618784530387	0.05138121546961326	0.03397790055248619	0.0013812154696132596	0.03729281767955801	0.027624309392265192	0.011602209944751382	0.0	0.008287292817679558	0.032044198895027624	0.027624309392265192	0.0011049723756906078	0.027348066298342542	0.022375690607734807	0.020718232044198894	0.0005524861878453039	0.017955801104972375	0.020994475138121547	0.01712707182320442	0.0008287292817679558	0.018508287292817678	0.0	0.017955801104972375	0.0	0.010773480662983425	0.017403314917127072	0.016574585635359115	0.0005524861878453039	0.009392265193370166	0.031215469613259668	0.004143646408839779	0.0005524861878453039	0.0022099447513812156	0.03812154696132597	0.03535911602209945	0.0011049723756906078	0.02430939226519337
0.020718232044198894	0.02292817679558011	0.0	0.010220994475138122	0.032044198895027624	0.027348066298342542	0.0005524861878453039	0.022651933701657457	0.0	0.011602209944751382	0.0	0.006906077348066298	0.045303867403314914	0.05138121546961326	0.0008287292817679558	0.024585635359116023	0.0281767955801105	0.017403314917127072	0.0	0.010220994475138122	0.025966850828729283	0.017679558011049725	0.0	0.015193370165745856	0.008287292817679558	0.006906077348066298	0.0	0.004696132596685083	0.05082872928176796	0.034530386740331494	0.0013812154696132596	0.037016574585635356	0.02707182320441989	0.011878453038674033	0.0005524861878453039	0.008011049723756906	0.031767955801104975	0.027348066298342542	0.0011049723756906078	0.027900552486187846	0.022099447513812154	0.020718232044198894	0.00027624309392265195	0.018508287292817678	0.020718232044198894	0.01712707182320442	0.0011049723756906078	0.018508287292817678	0.0	0.01878453038674033	0.0	0.009944751381215469	0.01712707182320442	0.016298342541436465	0.0005524861878453039	0.009944751381215469	0.031215469613259668	0.004143646408839779	0.0005524861878453039	0.0022099447513812156	0.03839779005524862	0.03591160220994475	0.0011049723756906078	0.023756906077348067
0.020441988950276244	0.023480662983425413	0.00027624309392265195	0.009668508287292817	0.032320441988950274	0.02679558011049724	0.00027624309392265195	0.023204419889502764	0.0	0.011325966850828728	0.0	0.0071823204419889505	0.045027624309392264	0.05027624309392265	0.0011049723756906078	0.02569060773480663	0.0281767955801105	0.017403314917127072	0.0	0.010220994475138122	0.02569060773480663	0.018508287292817678	0.00027624309392265195	0.014364640883977901	0.00856353591160221	0.006906077348066298	0.0	0.004419889502762431	0.05110497237569061	0.034530386740331494	0.0013812154696132596	0.036464088397790057	0.027348066298342542	0.011325966850828728	0.00027624309392265195	0.00856353591160221	0.030662983425414365	0.02845303867403315	0.0016574585635359116	0.027348066298342542	0.02154696132596685	0.020441988950276244	0.0005524861878453039	0.019060773480662985	0.020994475138121547	0.017679558011049725	0.0008287292817679558	0.017955801104972375	0.0	0.019060773480662985	0.0	0.009668508287292817	0.016298342541436465	0.016574585635359115	0.0008287292817679558	0.010220994475138122	0.031215469613259668	0.004696132596685083	0.0005524861878453039	0.0016574585635359116	0.03812154696132597	0.03729281767955801	0.0016574585635359116	0.022375690607734807
0.020718232044198894	0.023480662983425413	0.0	0.009668508287292817	0.03149171270718232	0.02679558011049724	0.00027624309392265195	0.024033149171270717	0.0	0.011325966850828728	0.0	0.0071823204419889505	0.044751381215469614	0.049723756906077346	0.0013812154696132596	0.026243093922651933	0.027900552486187846	0.01712707182320442	0.00027624309392265195	0.010497237569060774	0.025138121546961326	0.019060773480662985	0.0005524861878453039	0.01408839779005525	0.008287292817679558	0.0071823204419889505	0.0	0.004419889502762431	0.049723756906077346	0.034806629834254144	0.0011049723756906078	0.03756906077348066	0.02707182320441989	0.011325966850828728	0.0005524861878453039	0.00856353591160221	0.030662983425414365	0.029005524861878452	0.0011049723756906078	0.027348066298342542	0.02154696132596685	0.020718232044198894	0.0005524861878453039	0.01878453038674033	0.02154696132596685	0.01712707182320442	0.0008287292817679558	0.017955801104972375	0.0	0.019337016574585635	0.0	0.009392265193370166	0.01574585635359116	0.016574585635359115	0.0008287292817679558	0.010773480662983425	0.031215469613259668	0.004696132596685083	0.0005524861878453039	0.0016574585635359116	0.038950276243093926	0.037016574585635356	0.0011049723756906078	0.022651933701657457
0.020718232044198894	0.023480662983425413	0.0	0.009668508287292817	0.030662983425414365	0.026519337016574586	0.0	0.02541436464088398	0.0	0.011325966850828728	0.0	0.0071823204419889505	0.044751381215469614	0.049447513812154696	0.0013812154696132596	0.026519337016574586	0.027624309392265192	0.017403314917127072	0.0005524861878453039	0.010220994475138122	0.024861878453038673	0.019613259668508288	0.00027624309392265195	0.01408839779005525	0.008011049723756906	0.0071823204419889505	0.0	0.004696132596685083	0.049447513812154696	0.034806629834254144	0.0019337016574585636	0.03839779005524862	0.027348066298342542	0.011325966850828728	0.00027624309392265195	0.00856353591160221	0.03011049723756906	0.03011049723756906	0.0011049723756906078	0.02679558011049724	0.020441988950276244	0.019613259668508288	0.0005524861878453039	0.020994475138121547	0.020994475138121547	0.017403314917127072	0.0008287292817679558	0.018232044198895028	0.0	0.019613259668508288	0.0	0.009116022099447514	0.01574585635359116	0.01685082872928177	0.0005524861878453039	0.010773480662983425	0.030662983425414365	0.004696132596685083	0.0011049723756906078	0.0016574585635359116	0.03784530386740331	0.037016574585635356	0.0008287292817679558	0.022651933701657457
0.020718232044198894	0.023756906077348067	0.0	0.009392265193370166	0.030662983425414365	0.025966850828729283	0.00027624309392265195	0.02569060773480663	0.0	0.011049723756906077	0.0	0.007458563535911602	0.044475138121546964	0.04889502762430939	0.0016574585635359116	0.02707182320441989	0.027624309392265192	0.017403314917127072	0.0005524861878453039	0.010220994475138122	0.025138121546961326	0.01878453038674033	0.00027624309392265195	0.014640883977900553	0.008287292817679558	0.0066298342541436465	0.0	0.004972375690607734	0.049171270718232046	0.037016574585635356	0.0016574585635359116	0.036740331491712706	0.027348066298342542	0.011325966850828728	0.00027624309392265195	0.00856353591160221	0.030662983425414365	0.02983425414364641	0.0005524861878453039	0.02707182320441989	0.021270718232044197	0.02016574585635359	0.00027624309392265195	0.019889502762430938	0.020994475138121547	0.017403314917127072	0.00027624309392265195	0.01878453038674033	0.0	0.019337016574585635	0.0	0.009392265193370166	0.01574585635359116	0.01685082872928177	0.0005524861878453039	0.010773480662983425	0.031215469613259668	0.004696132596685083	0.0005524861878453039	0.0016574585635359116	0.03756906077348066	0.036740331491712706	0.0011049723756906078	0.02292817679558011
0.020718232044198894	0.023204419889502764	0.0	0.009944751381215469	0.03011049723756906	0.026243093922651933	0.00027624309392265195	0.025966850828729283	0.0	0.011049723756906077	0.0	0.007458563535911602	0.045027624309392264	0.049171270718232046	0.0011049723756906078	0.02679558011049724	0.027624309392265192	0.017955801104972375	0.0005524861878453039	0.009668508287292817	0.025138121546961326	0.01878453038674033	0.00027624309392265195	0.014640883977900553	0.008011049723756906	0.0066298342541436465	0.0	0.005248618784530387	0.0505524861878453	0.03729281767955801	0.0008287292817679558	0.036464088397790057	0.02707182320441989	0.011325966850828728	0.0005524861878453039	0.00856353591160221	0.029281767955801105	0.029281767955801105	0.0008287292817679558	0.028729281767955802	0.019889502762430938	0.020718232044198894	0.0005524861878453039	0.020441988950276244	0.020441988950276244	0.01712707182320442	0.0008287292817679558	0.019060773480662985	0.0	0.018508287292817678	0.0	0.010220994475138122	0.015193370165745856	0.01685082872928177	0.0005524861878453039	0.011325966850828728	0.030662983425414365	0.004696132596685083	0.0011049723756906078	0.0016574585635359116	0.03729281767955801	0.03618784530386741	0.0008287292817679558	0.023480662983425413
0.020718232044198894	0.023480662983425413	0.0	0.009668508287292817	0.03011049723756906	0.02679558011049724	0.0005524861878453039	0.025138121546961326	0.0	0.011049723756906077	0.0	0.007458563535911602	0.045027624309392264	0.049447513812154696	0.0011049723756906078	0.026519337016574586	0.027900552486187846	0.01878453038674033	0.00027624309392265195	0.008839779005524863	0.025138121546961326	0.019060773480662985	0.00027624309392265195	0.014364640883977901	0.008011049723756906	0.006353591160220995	0.0	0.0055248618784530384	0.04861878453038674	0.03784530386740331	0.0011049723756906078	0.03618784530386741	0.027348066298342542	0.011602209944751382	0.00027624309392265195	0.008287292817679558	0.02845303867403315	0.03011049723756906	0.0011049723756906078	0.02845303867403315	0.019889502762430938	0.020994475138121547	0.0005524861878453039	0.02016574585635359	0.020441988950276244	0.016574585635359115	0.0008287292817679558	0.019613259668508288	0.0	0.01878453038674033	0.0	0.009944751381215469	0.016022099447513812	0.016022099447513812	0.0005524861878453039	0.011325966850828728	0.030939226519337018	0.004696132596685083	0.0008287292817679558	0.0016574585635359116	0.03867403314917127	0.036740331491712706	0.0008287292817679558	0.02292817679558011
0.020441988950276244	0.023756906077348067	0.00027624309392265195	0.009392265193370166	0.02955801104972376	0.027348066298342542	0.0011049723756906078	0.024585635359116023	0.0	0.011325966850828728	0.0	0.0071823204419889505	0.045027624309392264	0.04889502762430939	0.0011049723756906078	0.02707182320441989	0.0281767955801105	0.018232044198895028	0.0	0.009392265193370166	0.02430939226519337	0.019613259668508288	0.00027624309392265195	0.014640883977900553	0.008287292817679558	0.0060773480662983425	0.0	0.0055248618784530384	0.05	0.03756906077348066	0.0005524861878453039	0.03618784530386741	0.02707182320441989	0.011878453038674033	0.0005524861878453039	0.008011049723756906	0.02845303867403315	0.03011049723756906	0.0011049723756906078	0.02845303867403315	0.019889502762430938	0.020718232044198894	0.0008287292817679558	0.02016574585635359	0.020441988950276244	0.01685082872928177	0.0011049723756906078	0.019060773480662985	0.0	0.018232044198895028	0.0	0.010497237569060774	0.014640883977900553	0.016298342541436465	0.0011049723756906078	0.011878453038674033	0.030662983425414365	0.004696132596685083	0.0011049723756906078	0.0016574585635359116	0.03812154696132597	0.036740331491712706	0.0008287292817679558	0.02292817679558011
0.020718232044198894	0.023756906077348067	0.0	0.009392265193370166	0.029005524861878452	0.027348066298342542	0.0011049723756906078	0.025138121546961326	0.0	0.011325966850828728	0.0	0.0071823204419889505	0.044751381215469614	0.04861878453038674	0.0013812154696132596	0.027348066298342542	0.027624309392265192	0.018508287292817678	0.0005524861878453039	0.009116022099447514	0.024033149171270717	0.02016574585635359	0.00027624309392265195	0.014364640883977901	0.008287292817679558	0.006353591160220995	0.0	0.005248618784530387	0.049171270718232046	0.04005524861878453	0.0005524861878453039	0.034806629834254144	0.027348066298342542	0.011602209944751382	0.00027624309392265195	0.008287292817679558	0.027900552486187846	0.03038674033149171	0.0005524861878453039	0.029281767955801105	0.019060773480662985	0.02154696132596685	0.0005524861878453039	0.020441988950276244	0.020718232044198894	0.016298342541436465	0.0011049723756906078	0.019337016574585635	0.0	0.018232044198895028	0.0	0.010497237569060774	0.014917127071823204	0.016574585635359115	0.0011049723756906078	0.011325966850828728	0.030939226519337018	0.004696132596685083	0.0008287292817679558	0.0016574585635359116	0.03784530386740331	0.03591160220994475	0.0008287292817679558	0.023756906077348067
0.020441988950276244	0.023756906077348067	0.00027624309392265195	0.009392265193370166	0.028729281767955802	0.02707182320441989	0.0008287292817679558	0.025966850828729283	0.0	0.011325966850828728	0.0	0.0071823204419889505	0.04585635359116022	0.04834254143646409	0.00027624309392265195	0.027624309392265192	0.027624309392265192	0.018232044198895028	0.0005524861878453039	0.009392265193370166	0.023204419889502764	0.02016574585635359	0.0011049723756906078	0.014364640883977901	0.008287292817679558	0.006353591160220995	0.0	0.005248618784530387	0.049723756906077346	0.04033149171270718	0.0011049723756906078	0.03425414364640884	0.027348066298342542	0.011049723756906077	0.00027624309392265195	0.008839779005524863	0.02845303867403315	0.030939226519337018	0.00027624309392265195	0.02845303867403315	0.019060773480662985	0.022099447513812154	0.00027624309392265195	0.02016574585635359	0.021270718232044197	0.01574585635359116	0.0005524861878453039	0.019889502762430938	0.0	0.018508287292817678	0.0	0.010220994475138122	0.015469613259668509	0.016574585635359115	0.0005524861878453039	0.011325966850828728	0.030662983425414365	0.004696132596685083	0.0011049723756906078	0.0016574585635359116	0.036464088397790057	0.03591160220994475	0.0013812154696132596	0.023756906077348067
0.020441988950276244	0.023204419889502764	0.00027624309392265195	0.009944751381215469	0.02845303867403315	0.027900552486187846	0.0005524861878453039	0.02569060773480663	0.0	0.011049723756906077	0.0	0.007458563535911602	0.04585635359116022	0.049447513812154696	0.00027624309392265195	0.026519337016574586	0.027348066298342542	0.017955801104972375	0.0008287292817679558	0.009668508287292817	0.023756906077348067	0.019889502762430938	0.0008287292817679558	0.014364640883977901	0.008287292817679558	0.0066298342541436465	0.0	0.004972375690607734	0.05110497237569061	0.039502762430939226	0.0016574585635359116	0.034806629834254144	0.027624309392265192	0.011325966850828728	0.0	0.00856353591160221	0.029005524861878452	0.03011049723756906	0.00027624309392265195	0.028729281767955802	0.019337016574585635	0.021823204419889504	0.00027624309392265195	0.02016574585635359	0.02154696132596685	0.015469613259668509	0.00027624309392265195	0.02016574585635359	0.0	0.01878453038674033	0.0	0.009944751381215469	0.014917127071823204	0.01685082872928177	0.0008287292817679558	0.011325966850828728	0.031215469613259668	0.004696132596685083	0.0005524861878453039	0.0016574585635359116	0.03508287292817679	0.0356353591160221	0.0011049723756906078	0.024033149171270717
0.020441988950276244	0.022651933701657457	0.00027624309392265195	0.010497237569060774	0.02845303867403315	0.028729281767955802	0.00027624309392265195	0.025138121546961326	0.0	0.010497237569060774	0.0	0.008011049723756906	0.04613259668508287	0.049447513812154696	0.0	0.026519337016574586	0.027624309392265192	0.01712707182320442	0.0005524861878453039	0.010497237569060774	0.024033149171270717	0.019060773480662985	0.0008287292817679558	0.014917127071823204	0.00856353591160221	0.0060773480662983425	0.0	0.005248618784530387	0.05138121546961326	0.039226519337016576	0.0019337016574585636	0.03508287292817679	0.027624309392265192	0.011602209944751382	0.0	0.008287292817679558	0.028729281767955802	0.03038674033149171	0.0005524861878453039	0.02845303867403315	0.019337016574585635	0.022099447513812154	0.0	0.02016574585635359	0.020994475138121547	0.016022099447513812	0.00027624309392265195	0.02016574585635359	0.0	0.019060773480662985	0.0	0.009668508287292817	0.014640883977900553	0.016298342541436465	0.0011049723756906078	0.011878453038674033	0.031215469613259668	0.004419889502762431	0.0005524861878453039	0.0019337016574585636	0.03425414364640884	0.03618784530386741	0.0013812154696132596	0.023480662983425413
0.020441988950276244	0.022651933701657457	0.00027624309392265195	0.010497237569060774	0.02845303867403315	0.029281767955801105	0.0	0.024861878453038673	0.0	0.011049723756906077	0.0	0.007458563535911602	0.04585635359116022	0.049723756906077346	0.00027624309392265195	0.026243093922651933	0.027624309392265192	0.017403314917127072	0.0005524861878453039	0.010220994475138122	0.024033149171270717	0.01878453038674033	0.0008287292817679558	0.015193370165745856	0.00856353591160221	0.006353591160220995	0.0	0.004972375690607734	0.052209944751381215	0.03839779005524862	0.0016574585635359116	0.03591160220994475	0.027348066298342542	0.012154696132596685	0.00027624309392265195	0.0077348066298342545	0.02955801104972376	0.02983425414364641	0.0	0.028729281767955802	0.019060773480662985	0.022651933701657457	0.0005524861878453039	0.019337016574585635	0.020718232044198894	0.016298342541436465	0.00027624309392265195	0.02016574585635359	0.0	0.018508287292817678	0.0	0.010220994475138122	0.014640883977900553	0.016298342541436465	0.0008287292817679558	0.012154696132596685	0.031215469613259668	0.004696132596685083	0.0005524861878453039	0.0016574585635359116	0.034530386740331494	0.036464088397790057	0.0005524861878453039	0.023204419889502764
0.020718232044198894	0.02292817679558011	0.0	0.010220994475138122	0.027900552486187846	0.028729281767955802	0.0	0.025966850828729283	0.0	0.011049723756906077	0.0	0.007458563535911602	0.04585635359116022	0.05027624309392265	0.00027624309392265195	0.02569060773480663	0.027348066298342542	0.017955801104972375	0.0008287292817679558	0.009668508287292817	0.02430939226519337	0.019060773480662985	0.0005524861878453039	0.014917127071823204	0.00856353591160221	0.0066298342541436465	0.0	0.004696132596685083	0.051933701657458566	0.039226519337016576	0.0013812154696132596	0.03591160220994475	0.027348066298342542	0.012154696132596685	0.00027624309392265195	0.0077348066298342545	0.027900552486187846	0.030662983425414365	0.00027624309392265195	0.029281767955801105	0.020718232044198894	0.020994475138121547	0.00027624309392265195	0.019613259668508288	0.020441988950276244	0.01712707182320442	0.00027624309392265195	0.019613259668508288	0.0	0.017679558011049725	0.0	0.011049723756906077	0.014364640883977901	0.01685082872928177	0.0008287292817679558	0.011878453038674033	0.031215469613259668	0.004696132596685083	0.0005524861878453039	0.0016574585635359116	0.034530386740331494	0.03591160220994475	0.00027624309392265195	0.023756906077348067
0.020718232044198894	0.023204419889502764	0.0	0.009944751381215469	0.02845303867403315	0.02845303867403315	0.00027624309392265195	0.02541436464088398	0.0	0.011602209944751382	0.0	0.006906077348066298	0.04558011049723757	0.05027624309392265	0.0005524861878453039	0.02569060773480663	0.027348066298342542	0.017403314917127072	0.0008287292817679558	0.010220994475138122	0.024033149171270717	0.019060773480662985	0.0005524861878453039	0.015193370165745856	0.008287292817679558	0.006353591160220995	0.00027624309392265195	0.004972375690607734	0.05331491712707182	0.039226519337016576	0.0016574585635359116	0.0356353591160221	0.02707182320441989	0.012154696132596685	0.0005524861878453039	0.0077348066298342545	0.027348066298342542	0.029281767955801105	0.00027624309392265195	0.031215469613259668	0.019889502762430938	0.022099447513812154	0.00027624309392265195	0.019337016574585635	0.020441988950276244	0.017955801104972375	0.0	0.019060773480662985	0.0	0.018232044198895028	0.0	0.010497237569060774	0.015193370165745856	0.016022099447513812	0.0005524861878453039	0.012154696132596685	0.031215469613259668	0.004419889502762431	0.0005524861878453039	0.0019337016574585636	0.03287292817679558	0.036740331491712706	0.0005524861878453039	0.02292817679558011
0.020718232044198894	0.023480662983425413	0.0	0.009668508287292817	0.027624309392265192	0.027624309392265192	0.0011049723756906078	0.026243093922651933	0.0	0.011878453038674033	0.0	0.0066298342541436465	0.04558011049723757	0.049723756906077346	0.0005524861878453039	0.026243093922651933	0.027624309392265192	0.017403314917127072	0.0005524861878453039	0.010220994475138122	0.024033149171270717	0.01878453038674033	0.0005524861878453039	0.015469613259668509	0.008287292817679558	0.006353591160220995	0.00027624309392265195	0.004972375690607734	0.05386740331491713	0.038950276243093926	0.0016574585635359116	0.03591160220994475	0.02707182320441989	0.012430939226519336	0.0005524861878453039	0.007458563535911602	0.027624309392265192	0.02955801104972376	0.0008287292817679558	0.03011049723756906	0.02016574585635359	0.021823204419889504	0.00027624309392265195	0.019337016574585635	0.021270718232044197	0.017403314917127072	0.0	0.01878453038674033	0.0	0.017955801104972375	0.0	0.010773480662983425	0.015193370165745856	0.016022099447513812	0.00027624309392265195	0.012430939226519336	0.030939226519337018	0.004419889502762431	0.0008287292817679558	0.0019337016574585636	0.032320441988950274	0.037016574585635356	0.0005524861878453039	0.022651933701657457
0.020718232044198894	0.023480662983425413	0.0	0.009668508287292817	0.027624309392265192	0.02845303867403315	0.0005524861878453039	0.025966850828729283	0.0	0.012154696132596685	0.0	0.006353591160220995	0.04585635359116022	0.0505524861878453	0.00027624309392265195	0.02541436464088398	0.027348066298342542	0.017403314917127072	0.0008287292817679558	0.010220994475138122	0.023204419889502764	0.019337016574585635	0.0008287292817679558	0.015469613259668509	0.008287292817679558	0.005801104972375691	0.00027624309392265195	0.0055248618784530384	0.05441988950276243	0.039502762430939226	0.0019337016574585636	0.03591160220994475	0.02707182320441989	0.012430939226519336	0.0005524861878453039	0.007458563535911602	0.02707182320441989	0.02955801104972376	0.0011049723756906078	0.03038674033149171	0.020441988950276244	0.02154696132596685	0.00027624309392265195	0.019337016574585635	0.020994475138121547	0.017403314917127072	0.0	0.019060773480662985	0.0	0.017679558011049725	0.0	0.011049723756906077	0.015469613259668509	0.016022099447513812	0.0	0.012430939226519336	0.030939226519337018	0.004419889502762431	0.0008287292817679558	0.0019337016574585636	0.030662983425414365	0.03591160220994475	0.0008287292817679558	0.023756906077348067
0.020718232044198894	0.023204419889502764	0.0	0.009944751381215469	0.027900552486187846	0.0281767955801105	0.00027624309392265195	0.026243093922651933	0.0	0.012154696132596685	0.0	0.006353591160220995	0.04585635359116022	0.05082872928176796	0.00027624309392265195	0.025138121546961326	0.027348066298342542	0.017403314917127072	0.0008287292817679558	0.010220994475138122	0.02292817679558011	0.019889502762430938	0.0005524861878453039	0.015469613259668509	0.008287292817679558	0.005801104972375691	0.00027624309392265195	0.0055248618784530384	0.055248618784530384	0.039502762430939226	0.0013812154696132596	0.03591160220994475	0.02679558011049724	0.012154696132596685	0.0008287292817679558	0.0077348066298342545	0.026519337016574586	0.03011049723756906	0.0011049723756906078	0.03038674033149171	0.020994475138121547	0.02154696132596685	0.0	0.019060773480662985	0.020994475138121547	0.017679558011049725	0.0	0.01878453038674033	0.0	0.01712707182320442	0.0	0.011602209944751382	0.01574585635359116	0.01574585635359116	0.00027624309392265195	0.012154696132596685	0.030939226519337018	0.004419889502762431	0.0008287292817679558	0.0019337016574585636	0.030662983425414365	0.036464088397790057	0.0005524861878453039	0.023204419889502764
0.019613259668508288	0.02292817679558011	0.0011049723756906078	0.010220994475138122	0.027348066298342542	0.02845303867403315	0.00027624309392265195	0.026519337016574586	0.0	0.012154696132596685	0.0	0.006353591160220995	0.04558011049723757	0.05027624309392265	0.0005524861878453039	0.02569060773480663	0.027348066298342542	0.017679558011049725	0.0008287292817679558	0.009944751381215469	0.02292817679558011	0.019613259668508288	0.0005524861878453039	0.01574585635359116	0.008011049723756906	0.0060773480662983425	0.00027624309392265195	0.0055248618784530384	0.05441988950276243	0.039502762430939226	0.0016574585635359116	0.036464088397790057	0.02679558011049724	0.012430939226519336	0.0008287292817679558	0.007458563535911602	0.026243093922651933	0.03038674033149171	0.0005524861878453039	0.030939226519337018	0.019613259668508288	0.022099447513812154	0.0005524861878453039	0.019337016574585635	0.02154696132596685	0.017955801104972375	0.0	0.017955801104972375	0.0	0.01685082872928177	0.0	0.011878453038674033	0.015193370165745856	0.015469613259668509	0.0	0.013259668508287293	0.030939226519337018	0.004419889502762431	0.0008287292817679558	0.0019337016574585636	0.030939226519337018	0.03784530386740331	0.00027624309392265195	0.021823204419889504
0.019613259668508288	0.022651933701657457	0.0011049723756906078	0.010497237569060774	0.02707182320441989	0.028729281767955802	0.0005524861878453039	0.026243093922651933	0.0	0.012154696132596685	0.0	0.006353591160220995	0.04585635359116022	0.05	0.00027624309392265195	0.025966850828729283	0.02679558011049724	0.018232044198895028	0.0013812154696132596	0.009392265193370166	0.02292817679558011	0.019889502762430938	0.00027624309392265195	0.01574585635359116	0.008011049723756906	0.005801104972375691	0.00027624309392265195	0.005801104972375691	0.054972375690607735	0.03867403314917127	0.002486187845303867	0.037016574585635356	0.02679558011049724	0.012154696132596685	0.0008287292817679558	0.0077348066298342545	0.02541436464088398	0.031767955801104975	0.0005524861878453039	0.03038674033149171	0.019060773480662985	0.022375690607734807	0.0005524861878453039	0.019613259668508288	0.020718232044198894	0.018508287292817678	0.0	0.018232044198895028	0.0	0.01685082872928177	0.0	0.011878453038674033	0.015193370165745856	0.015193370165745856	0.0	0.013535911602209945	0.030939226519337018	0.004419889502762431	0.0008287292817679558	0.0019337016574585636	0.02983425414364641	0.037016574585635356	0.00027624309392265195	0.022651933701657457
0.019889502762430938	0.022651933701657457	0.0008287292817679558	0.010497237569060774	0.027348066298342542	0.028729281767955802	0.0008287292817679558	0.02569060773480663	0.0	0.012154696132596685	0.0	0.006353591160220995	0.04558011049723757	0.049723756906077346	0.0005524861878453039	0.026243093922651933	0.027348066298342542	0.018232044198895028	0.0008287292817679558	0.009392265193370166	0.023480662983425413	0.019889502762430938	0.00027624309392265195	0.015193370165745856	0.008011049723756906	0.006353591160220995	0.0	0.0055248618784530384	0.05552486187845304	0.03839779005524862	0.0019337016574585636	0.03729281767955801	0.026519337016574586	0.012430939226519336	0.0011049723756906078	0.007458563535911602	0.024585635359116023	0.031767955801104975	0.0011049723756906078	0.030662983425414365	0.019613259668508288	0.02154696132596685	0.00027624309392265195	0.02016574585635359	0.020994475138121547	0.019060773480662985	0.00027624309392265195	0.01712707182320442	0.0	0.01685082872928177	0.0	0.011878453038674033	0.014640883977900553	0.01574585635359116	0.00027624309392265195	0.013259668508287293	0.030662983425414365	0.004143646408839779	0.0011049723756906078	0.0022099447513812156	0.02955801104972376	0.03812154696132597	0.0005524861878453039	0.02154696132596685
0.019889502762430938	0.021823204419889504	0.0008287292817679558	0.011325966850828728	0.02707182320441989	0.028729281767955802	0.0011049723756906078	0.02569060773480663	0.0	0.012154696132596685	0.0	0.006353591160220995	0.04558011049723757	0.05	0.0005524861878453039	0.025966850828729283	0.027624309392265192	0.017955801104972375	0.0005524861878453039	0.009668508287292817	0.023756906077348067	0.01878453038674033	0.0008287292817679558	0.015469613259668509	0.008011049723756906	0.006353591160220995	0.0	0.0055248618784530384	0.05552486187845304	0.03839779005524862	0.0011049723756906078	0.03756906077348066	0.02679558011049724	0.012983425414364641	0.0008287292817679558	0.006906077348066298	0.02569060773480663	0.03259668508287293	0.00027624309392265195	0.02955801104972376	0.019889502762430938	0.02154696132596685	0.00027624309392265195	0.019889502762430938	0.020994475138121547	0.019060773480662985	0.00027624309392265195	0.01712707182320442	0.0	0.016574585635359115	0.0	0.012154696132596685	0.014640883977900553	0.015193370165745856	0.00027624309392265195	0.013812154696132596	0.03038674033149171	0.004143646408839779	0.0013812154696132596	0.0022099447513812156	0.03011049723756906	0.038950276243093926	0.0005524861878453039	0.020718232044198894
0.019337016574585635	0.02154696132596685	0.0013812154696132596	0.011602209944751382	0.029005524861878452	0.027348066298342542	0.0005524861878453039	0.02569060773480663	0.0	0.011878453038674033	0.0	0.0066298342541436465	0.04558011049723757	0.049723756906077346	0.0005524861878453039	0.026243093922651933	0.027348066298342542	0.017955801104972375	0.0008287292817679558	0.009668508287292817	0.023480662983425413	0.019889502762430938	0.00027624309392265195	0.015193370165745856	0.00856353591160221	0.0060773480662983425	0.0	0.005248618784530387	0.05276243093922652	0.039226519337016576	0.0011049723756906078	0.03756906077348066	0.02679558011049724	0.012983425414364641	0.0008287292817679558	0.006906077348066298	0.02541436464088398	0.032320441988950274	0.0005524861878453039	0.02983425414364641	0.019889502762430938	0.02154696132596685	0.0	0.02016574585635359	0.022651933701657457	0.018508287292817678	0.0	0.016298342541436465	0.0	0.01685082872928177	0.0	0.011878453038674033	0.014364640883977901	0.01574585635359116	0.00027624309392265195	0.013535911602209945	0.030939226519337018	0.004143646408839779	0.0008287292817679558	0.0022099447513812156	0.032044198895027624	0.03839779005524862	0.0005524861878453039	0.021270718232044197
0.01878453038674033	0.021823204419889504	0.0019337016574585636	0.011325966850828728	0.02983425414364641	0.0281767955801105	0.0	0.024585635359116023	0.0	0.011878453038674033	0.0	0.0066298342541436465	0.045303867403314914	0.05027624309392265	0.0008287292817679558	0.02569060773480663	0.027624309392265192	0.01712707182320442	0.0005524861878453039	0.010497237569060774	0.02292817679558011	0.019889502762430938	0.00027624309392265195	0.01574585635359116	0.008287292817679558	0.0060773480662983425	0.0	0.0055248618784530384	0.05359116022099448	0.039226519337016576	0.0008287292817679558	0.03756906077348066	0.02707182320441989	0.01270718232044199	0.0005524861878453039	0.0071823204419889505	0.025138121546961326	0.03314917127071823	0.00027624309392265195	0.02955801104972376	0.019889502762430938	0.021270718232044197	0.00027624309392265195	0.02016574585635359	0.022651933701657457	0.01878453038674033	0.0	0.016022099447513812	0.0	0.01712707182320442	0.0	0.011602209944751382	0.014364640883977901	0.016574585635359115	0.00027624309392265195	0.01270718232044199	0.031215469613259668	0.0038674033149171273	0.0005524861878453039	0.002486187845303867	0.030939226519337018	0.03784530386740331	0.0011049723756906078	0.021823204419889504
0.01878453038674033	0.021270718232044197	0.0019337016574585636	0.011878453038674033	0.02955801104972376	0.027624309392265192	0.0	0.02541436464088398	0.0	0.011878453038674033	0.0	0.0066298342541436465	0.045303867403314914	0.04861878453038674	0.0008287292817679558	0.027348066298342542	0.027624309392265192	0.017403314917127072	0.0005524861878453039	0.010220994475138122	0.02292817679558011	0.019889502762430938	0.0005524861878453039	0.015469613259668509	0.008011049723756906	0.0060773480662983425	0.0	0.005801104972375691	0.05607734806629834	0.03867403314917127	0.0005524861878453039	0.03784530386740331	0.02707182320441989	0.012430939226519336	0.0005524861878453039	0.007458563535911602	0.024861878453038673	0.03287292817679558	0.00027624309392265195	0.03011049723756906	0.019889502762430938	0.020718232044198894	0.00027624309392265195	0.020718232044198894	0.022651933701657457	0.019060773480662985	0.0	0.01574585635359116	0.0	0.01712707182320442	0.0	0.011602209944751382	0.01408839779005525	0.016298342541436465	0.00027624309392265195	0.013259668508287293	0.031215469613259668	0.0038674033149171273	0.0005524861878453039	0.002486187845303867	0.029281767955801105	0.03812154696132597	0.0008287292817679558	0.02154696132596685
0.019613259668508288	0.020441988950276244	0.0011049723756906078	0.01270718232044199	0.029005524861878452	0.027900552486187846	0.0	0.02569060773480663	0.0	0.012154696132596685	0.0	0.006353591160220995	0.04558011049723757	0.049447513812154696	0.0005524861878453039	0.026519337016574586	0.027624309392265192	0.01712707182320442	0.0005524861878453039	0.010497237569060774	0.022099447513812154	0.02016574585635359	0.0008287292817679558	0.01574585635359116	0.0077348066298342545	0.006353591160220995	0.0	0.005801104972375691	0.054696132596685085	0.039226519337016576	0.0011049723756906078	0.03756906077348066	0.02707182320441989	0.012430939226519336	0.0005524861878453039	0.007458563535911602	0.024861878453038673	0.03314917127071823	0.00027624309392265195	0.02983425414364641	0.01878453038674033	0.020994475138121547	0.00027624309392265195	0.02154696132596685	0.022375690607734807	0.01878453038674033	0.0	0.016298342541436465	0.0	0.01712707182320442	0.0	0.011602209944751382	0.01408839779005525	0.015469613259668509	0.00027624309392265195	0.01408839779005525	0.030939226519337018	0.004143646408839779	0.0008287292817679558	0.0022099447513812156	0.02955801104972376	0.03839779005524862	0.0011049723756906078	0.021270718232044197
0.02016574585635359	0.020994475138121547	0.0005524861878453039	0.012154696132596685	0.028729281767955802	0.027348066298342542	0.00027624309392265195	0.026243093922651933	0.0	0.012154696132596685	0.0	0.006353591160220995	0.04585635359116022	0.049447513812154696	0.00027624309392265195	0.026519337016574586	0.027900552486187846	0.01712707182320442	0.00027624309392265195	0.010497237569060774	0.02154696132596685	0.02016574585635359	0.0008287292817679558	0.016298342541436465	0.0077348066298342545	0.0060773480662983425	0.0	0.0060773480662983425	0.05359116022099448	0.04005524861878453	0.0013812154696132596	0.037016574585635356	0.02707182320441989	0.011878453038674033	0.0005524861878453039	0.008011049723756906	0.025138121546961326	0.034530386740331494	0.00027624309392265195	0.0281767955801105	0.019060773480662985	0.021823204419889504	0.0	0.020718232044198894	0.022099447513812154	0.019337016574585635	0.0	0.016022099447513812	0.0	0.01712707182320442	0.0	0.011602209944751382	0.014364640883977901	0.016298342541436465	0.0005524861878453039	0.01270718232044199	0.030939226519337018	0.004419889502762431	0.0008287292817679558	0.0019337016574585636	0.030662983425414365	0.039502762430939226	0.0005524861878453039	0.02016574585635359
0.020441988950276244	0.020994475138121547	0.00027624309392265195	0.012154696132596685	0.029281767955801105	0.0281767955801105	0.0	0.025138121546961326	0.0	0.012154696132596685	0.0	0.006353591160220995	0.04585635359116022	0.04889502762430939	0.00027624309392265195	0.02707182320441989	0.027348066298342542	0.017403314917127072	0.0008287292817679558	0.010220994475138122	0.02154696132596685	0.020441988950276244	0.0011049723756906078	0.01574585635359116	0.008011049723756906	0.0060773480662983425	0.0	0.005801104972375691	0.05414364640883978	0.04005524861878453	0.0016574585635359116	0.036464088397790057	0.02707182320441989	0.011325966850828728	0.0005524861878453039	0.00856353591160221	0.025138121546961326	0.03425414364640884	0.00027624309392265195	0.02845303867403315	0.019337016574585635	0.021823204419889504	0.0	0.020441988950276244	0.022651933701657457	0.01878453038674033	0.0	0.016022099447513812	0.0	0.016298342541436465	0.0	0.012430939226519336	0.013535911602209945	0.01712707182320442	0.0008287292817679558	0.012430939226519336	0.031215469613259668	0.004419889502762431	0.0005524861878453039	0.0019337016574585636	0.030662983425414365	0.03784530386740331	0.00027624309392265195	0.021823204419889504
0.020718232044198894	0.020994475138121547	0.0	0.012154696132596685	0.028729281767955802	0.02679558011049724	0.0	0.02707182320441989	0.0	0.012154696132596685	0.0	0.006353591160220995	0.045303867403314914	0.04806629834254143	0.0008287292817679558	0.027900552486187846	0.02707182320441989	0.01685082872928177	0.0011049723756906078	0.010773480662983425	0.020994475138121547	0.020441988950276244	0.0008287292817679558	0.016574585635359115	0.008011049723756906	0.0060773480662983425	0.0	0.005801104972375691	0.05552486187845304	0.04060773480662983	0.0013812154696132596	0.0356353591160221	0.02707182320441989	0.011049723756906077	0.0005524861878453039	0.008839779005524863	0.024033149171270717	0.03370165745856354	0.0005524861878453039	0.02983425414364641	0.019613259668508288	0.021823204419889504	0.00027624309392265195	0.019889502762430938	0.023204419889502764	0.018232044198895028	0.0	0.016022099447513812	0.0	0.01712707182320442	0.0	0.011602209944751382	0.013535911602209945	0.01685082872928177	0.0008287292817679558	0.01270718232044199	0.031215469613259668	0.004419889502762431	0.0005524861878453039	0.0019337016574585636	0.02983425414364641	0.03729281767955801	0.00027624309392265195	0.022375690607734807
0.020441988950276244	0.020441988950276244	0.00027624309392265195	0.01270718232044199	0.027624309392265192	0.027624309392265192	0.00027624309392265195	0.02707182320441989	0.0	0.011878453038674033	0.0	0.0066298342541436465	0.045027624309392264	0.04779005524861878	0.0011049723756906078	0.0281767955801105	0.02679558011049724	0.01712707182320442	0.0013812154696132596	0.010497237569060774	0.021270718232044197	0.020441988950276244	0.0005524861878453039	0.016574585635359115	0.008011049723756906	0.005801104972375691	0.0	0.0060773480662983425	0.054972375690607735	0.04088397790055249	0.0022099447513812156	0.03591160220994475	0.026519337016574586	0.011602209944751382	0.0011049723756906078	0.008287292817679558	0.024585635359116023	0.03287292817679558	0.0005524861878453039	0.03011049723756906	0.019060773480662985	0.02154696132596685	0.0008287292817679558	0.02016574585635359	0.02292817679558011	0.018508287292817678	0.00027624309392265195	0.01574585635359116	0.0	0.017679558011049725	0.0	0.011049723756906077	0.01408839779005525	0.01685082872928177	0.0005524861878453039	0.012430939226519336	0.031215469613259668	0.004419889502762431	0.0005524861878453039	0.0019337016574585636	0.029281767955801105	0.03756906077348066	0.0	0.022099447513812154
0.020441988950276244	0.020994475138121547	0.00027624309392265195	0.012154696132596685	0.027900552486187846	0.027624309392265192	0.0005524861878453039	0.026519337016574586	0.0	0.011602209944751382	0.0	0.006906077348066298	0.044751381215469614	0.04751381215469613	0.0013812154696132596	0.02845303867403315	0.027348066298342542	0.01712707182320442	0.0008287292817679558	0.010497237569060774	0.02154696132596685	0.020994475138121547	0.00027624309392265195	0.016022099447513812	0.008011049723756906	0.0060773480662983425	0.0	0.005801104972375691	0.054972375690607735	0.041712707182320445	0.0016574585635359116	0.03591160220994475	0.02679558011049724	0.011878453038674033	0.0008287292817679558	0.008011049723756906	0.02541436464088398	0.032044198895027624	0.0005524861878453039	0.03011049723756906	0.019889502762430938	0.020441988950276244	0.0005524861878453039	0.020718232044198894	0.022099447513812154	0.019060773480662985	0.00027624309392265195	0.016022099447513812	0.0	0.017679558011049725	0.0	0.011049723756906077	0.014640883977900553	0.016574585635359115	0.00027624309392265195	0.012430939226519336	0.030939226519337018	0.004419889502762431	0.0008287292817679558	0.0019337016574585636	0.028729281767955802	0.036740331491712706	0.00027624309392265195	0.02292817679558011
0.020441988950276244	0.021270718232044197	0.00027624309392265195	0.011878453038674033	0.027624309392265192	0.027900552486187846	0.00027624309392265195	0.02679558011049724	0.0	0.011878453038674033	0.0	0.0066298342541436465	0.044475138121546964	0.04779005524861878	0.0016574585635359116	0.0281767955801105	0.027900552486187846	0.01685082872928177	0.00027624309392265195	0.010773480662983425	0.020994475138121547	0.020994475138121547	0.00027624309392265195	0.016574585635359115	0.008287292817679558	0.0060773480662983425	0.0	0.0055248618784530384	0.05414364640883978	0.04116022099447514	0.0022099447513812156	0.03591160220994475	0.02707182320441989	0.011602209944751382	0.0005524861878453039	0.008287292817679558	0.02541436464088398	0.032320441988950274	0.0005524861878453039	0.02983425414364641	0.019889502762430938	0.019889502762430938	0.0011049723756906078	0.020718232044198894	0.021270718232044197	0.01878453038674033	0.0005524861878453039	0.01685082872928177	0.0	0.017403314917127072	0.0	0.011325966850828728	0.01408839779005525	0.01685082872928177	0.00027624309392265195	0.01270718232044199	0.031215469613259668	0.004143646408839779	0.0005524861878453039	0.0022099447513812156	0.029005524861878452	0.03618784530386741	0.0008287292817679558	0.023480662983425413
0.02016574585635359	0.02154696132596685	0.0005524861878453039	0.011602209944751382	0.02679558011049724	0.027348066298342542	0.0	0.02845303867403315	0.0	0.011602209944751382	0.0	0.006906077348066298	0.044475138121546964	0.04861878453038674	0.0016574585635359116	0.027348066298342542	0.027624309392265192	0.017403314917127072	0.0005524861878453039	0.010220994475138122	0.02154696132596685	0.019613259668508288	0.00027624309392265195	0.017403314917127072	0.00856353591160221	0.0060773480662983425	0.0	0.005248618784530387	0.05276243093922652	0.04143646408839779	0.0022099447513812156	0.036740331491712706	0.026519337016574586	0.011602209944751382	0.0011049723756906078	0.008287292817679558	0.02569060773480663	0.03314917127071823	0.0008287292817679558	0.02845303867403315	0.020441988950276244	0.019613259668508288	0.0008287292817679558	0.020718232044198894	0.020441988950276244	0.01878453038674033	0.0005524861878453039	0.017679558011049725	0.0	0.017679558011049725	0.0	0.011049723756906077	0.013535911602209945	0.01685082872928177	0.00027624309392265195	0.013259668508287293	0.03149171270718232	0.004143646408839779	0.00027624309392265195	0.0022099447513812156	0.029005524861878452	0.03618784530386741	0.0011049723756906078	0.023480662983425413
0.019613259668508288	0.02154696132596685	0.0011049723756906078	0.011602209944751382	0.025966850828729283	0.027348066298342542	0.00027624309392265195	0.029005524861878452	0.0	0.011602209944751382	0.0	0.006906077348066298	0.045303867403314914	0.04861878453038674	0.0008287292817679558	0.027348066298342542	0.027900552486187846	0.017679558011049725	0.00027624309392265195	0.009944751381215469	0.022099447513812154	0.018508287292817678	0.00027624309392265195	0.017955801104972375	0.008287292817679558	0.005801104972375691	0.0	0.005801104972375691	0.052209944751381215	0.04116022099447514	0.0019337016574585636	0.03812154696132597	0.02679558011049724	0.011602209944751382	0.0008287292817679558	0.008287292817679558	0.02569060773480663	0.03287292817679558	0.0005524861878453039	0.029005524861878452	0.02016574585635359	0.019337016574585635	0.0005524861878453039	0.02154696132596685	0.020441988950276244	0.018232044198895028	0.0005524861878453039	0.018232044198895028	0.0	0.01712707182320442	0.0	0.011602209944751382	0.01408839779005525	0.01712707182320442	0.0	0.01270718232044199	0.03149171270718232	0.004143646408839779	0.00027624309392265195	0.0022099447513812156	0.028729281767955802	0.03591160220994475	0.0011049723756906078	0.023756906077348067
0.02016574585635359	0.02154696132596685	0.0005524861878453039	0.011602209944751382	0.025966850828729283	0.027624309392265192	0.00027624309392265195	0.028729281767955802	0.0	0.011325966850828728	0.0	0.0071823204419889505	0.045303867403314914	0.04861878453038674	0.0008287292817679558	0.027348066298342542	0.027900552486187846	0.01712707182320442	0.00027624309392265195	0.010497237569060774	0.022375690607734807	0.017679558011049725	0.0005524861878453039	0.018232044198895028	0.008011049723756906	0.005801104972375691	0.0	0.0060773480662983425	0.05165745856353591	0.04116022099447514	0.0011049723756906078	0.038950276243093926	0.02679558011049724	0.011878453038674033	0.0008287292817679558	0.008011049723756906	0.025966850828729283	0.03259668508287293	0.0005524861878453039	0.029005524861878452	0.020441988950276244	0.020441988950276244	0.0	0.020718232044198894	0.019889502762430938	0.018508287292817678	0.0008287292817679558	0.018232044198895028	0.0	0.017403314917127072	0.0	0.011325966850828728	0.013812154696132596	0.017955801104972375	0.0	0.012154696132596685	0.031215469613259668	0.004143646408839779	0.0005524861878453039	0.0022099447513812156	0.02955801104972376	0.03591160220994475	0.0008287292817679558	0.023756906077348067
0.020718232044198894	0.022099447513812154	0.0	0.011049723756906077	0.026243093922651933	0.02679558011049724	0.0005524861878453039	0.029005524861878452	0.0	0.011602209944751382	0.0	0.006906077348066298	0.045303867403314914	0.04834254143646409	0.0008287292817679558	0.027624309392265192	0.027624309392265192	0.017403314917127072	0.0005524861878453039	0.010220994475138122	0.02292817679558011	0.016574585635359115	0.0005524861878453039	0.01878453038674033	0.0077348066298342545	0.005801104972375691	0.00027624309392265195	0.0060773480662983425	0.05027624309392265	0.04033149171270718	0.0016574585635359116	0.039502762430939226	0.026519337016574586	0.012154696132596685	0.0011049723756906078	0.0077348066298342545	0.025138121546961326	0.03287292817679558	0.0005524861878453039	0.02955801104972376	0.020441988950276244	0.020994475138121547	0.0	0.02016574585635359	0.02016574585635359	0.018508287292817678	0.0005524861878453039	0.018232044198895028	0.0	0.017403314917127072	0.0	0.011325966850828728	0.01408839779005525	0.017403314917127072	0.0	0.012430939226519336	0.030939226519337018	0.0038674033149171273	0.0008287292817679558	0.002486187845303867	0.030939226519337018	0.03535911602209945	0.0005524861878453039	0.02430939226519337
0.020718232044198894	0.021823204419889504	0.0	0.011325966850828728	0.02707182320441989	0.027348066298342542	0.00027624309392265195	0.027900552486187846	0.0	0.011325966850828728	0.0	0.0071823204419889505	0.044751381215469614	0.04834254143646409	0.0013812154696132596	0.027624309392265192	0.027624309392265192	0.017679558011049725	0.0005524861878453039	0.009944751381215469	0.022651933701657457	0.017679558011049725	0.0005524861878453039	0.017955801104972375	0.0077348066298342545	0.006353591160220995	0.00027624309392265195	0.0055248618784530384	0.04889502762430939	0.04088397790055249	0.0005524861878453039	0.04088397790055249	0.02679558011049724	0.012154696132596685	0.0008287292817679558	0.0077348066298342545	0.024861878453038673	0.03342541436464089	0.0008287292817679558	0.029005524861878452	0.020441988950276244	0.021270718232044197	0.0	0.019889502762430938	0.020994475138121547	0.018508287292817678	0.00027624309392265195	0.017679558011049725	0.0	0.01712707182320442	0.0	0.011602209944751382	0.01408839779005525	0.01712707182320442	0.00027624309392265195	0.012430939226519336	0.030662983425414365	0.0038674033149171273	0.0011049723756906078	0.002486187845303867	0.03149171270718232	0.034806629834254144	0.0005524861878453039	0.024861878453038673
0.020718232044198894	0.02154696132596685	0.0	0.011602209944751382	0.027348066298342542	0.026243093922651933	0.00027624309392265195	0.028729281767955802	0.0	0.011325966850828728	0.0	0.0071823204419889505	0.044475138121546964	0.04779005524861878	0.0016574585635359116	0.0281767955801105	0.027624309392265192	0.01712707182320442	0.0005524861878453039	0.010497237569060774	0.022375690607734807	0.018508287292817678	0.0008287292817679558	0.01712707182320442	0.007458563535911602	0.006353591160220995	0.0005524861878453039	0.0055248618784530384	0.05	0.04033149171270718	0.0005524861878453039	0.04060773480662983	0.02679558011049724	0.012430939226519336	0.0008287292817679558	0.007458563535911602	0.024861878453038673	0.03342541436464089	0.0005524861878453039	0.029281767955801105	0.020994475138121547	0.020718232044198894	0.00027624309392265195	0.019613259668508288	0.02154696132596685	0.018232044198895028	0.0	0.017679558011049725	0.0	0.01712707182320442	0.0	0.011602209944751382	0.014640883977900553	0.017403314917127072	0.00027624309392265195	0.011602209944751382	0.030662983425414365	0.0035911602209944752	0.0011049723756906078	0.0027624309392265192	0.03149171270718232	0.03508287292817679	0.00027624309392265195	0.024585635359116023
0.020718232044198894	0.02154696132596685	0.0	0.011602209944751382	0.026519337016574586	0.02707182320441989	0.0005524861878453039	0.02845303867403315	0.0	0.011602209944751382	0.0	0.006906077348066298	0.04392265193370166	0.04806629834254143	0.0022099447513812156	0.027900552486187846	0.027348066298342542	0.01685082872928177	0.0008287292817679558	0.010773480662983425	0.022651933701657457	0.018232044198895028	0.0005524861878453039	0.017403314917127072	0.0071823204419889505	0.006353591160220995	0.0008287292817679558	0.0055248618784530384	0.04834254143646409	0.04060773480662983	0.0013812154696132596	0.04143646408839779	0.02679558011049724	0.012430939226519336	0.0008287292817679558	0.007458563535911602	0.024861878453038673	0.034806629834254144	0.0005524861878453039	0.027900552486187846	0.020441988950276244	0.021270718232044197	0.00027624309392265195	0.019613259668508288	0.02154696132596685	0.018232044198895028	0.0	0.017679558011049725	0.0	0.017679558011049725	0.0	0.011049723756906077	0.01408839779005525	0.01712707182320442	0.00027624309392265195	0.012430939226519336	0.030662983425414365	0.0038674033149171273	0.0011049723756906078	0.002486187845303867	0.030662983425414365	0.03535911602209945	0.0008287292817679558	0.02430939226519337
0.020441988950276244	0.02154696132596685	0.00027624309392265195	0.011602209944751382	0.02707182320441989	0.027348066298342542	0.00027624309392265195	0.027900552486187846	0.0	0.011325966850828728	0.0	0.0071823204419889505	0.04419889502762431	0.04751381215469613	0.0019337016574585636	0.02845303867403315	0.02707182320441989	0.01685082872928177	0.0011049723756906078	0.010773480662983425	0.022375690607734807	0.018508287292817678	0.0005524861878453039	0.017403314917127072	0.0071823204419889505	0.006353591160220995	0.0008287292817679558	0.0055248618784530384	0.05	0.039779005524861875	0.0005524861878453039	0.04143646408839779	0.027348066298342542	0.012154696132596685	0.00027624309392265195	0.0077348066298342545	0.025138121546961326	0.034806629834254144	0.00027624309392265195	0.027900552486187846	0.020718232044198894	0.021270718232044197	0.00027624309392265195	0.019337016574585635	0.022099447513812154	0.019889502762430938	0.0	0.015469613259668509	0.0	0.017679558011049725	0.0	0.011049723756906077	0.01408839779005525	0.01712707182320442	0.00027624309392265195	0.012430939226519336	0.031215469613259668	0.0035911602209944752	0.0005524861878453039	0.0027624309392265192	0.030662983425414365	0.03535911602209945	0.0008287292817679558	0.02430939226519337
0.020441988950276244	0.02154696132596685	0.00027624309392265195	0.011602209944751382	0.027348066298342542	0.02679558011049724	0.0008287292817679558	0.027624309392265192	0.0	0.011602209944751382	0.0	0.006906077348066298	0.044475138121546964	0.04751381215469613	0.0016574585635359116	0.02845303867403315	0.02679558011049724	0.016574585635359115	0.0013812154696132596	0.011049723756906077	0.022375690607734807	0.01878453038674033	0.00027624309392265195	0.017403314917127072	0.007458563535911602	0.0055248618784530384	0.0008287292817679558	0.0060773480662983425	0.04834254143646409	0.039779005524861875	0.0008287292817679558	0.042541436464088395	0.027348066298342542	0.012154696132596685	0.00027624309392265195	0.0077348066298342545	0.024585635359116023	0.03535911602209945	0.0008287292817679558	0.027348066298342542	0.020994475138121547	0.021270718232044197	0.0	0.019337016574585635	0.021823204419889504	0.019889502762430938	0.0	0.01574585635359116	0.0	0.017679558011049725	0.0	0.011049723756906077	0.012983425414364641	0.018232044198895028	0.0005524861878453039	0.012154696132596685	0.030939226519337018	0.0035911602209944752	0.0008287292817679558	0.0027624309392265192	0.030662983425414365	0.0356353591160221	0.0011049723756906078	0.024033149171270717
0.019889502762430938	0.021823204419889504	0.0008287292817679558	0.011325966850828728	0.02707182320441989	0.027348066298342542	0.0008287292817679558	0.027348066298342542	0.0	0.011878453038674033	0.0	0.0066298342541436465	0.044751381215469614	0.04751381215469613	0.0013812154696132596	0.02845303867403315	0.02707182320441989	0.016022099447513812	0.0011049723756906078	0.011602209944751382	0.022651933701657457	0.01878453038674033	0.00027624309392265195	0.01712707182320442	0.0077348066298342545	0.0055248618784530384	0.0005524861878453039	0.0060773480662983425	0.04640883977900553	0.04060773480662983	0.0011049723756906078	0.041712707182320445	0.027624309392265192	0.012430939226519336	0.0	0.007458563535911602	0.024585635359116023	0.034530386740331494	0.0013812154696132596	0.027624309392265192	0.02016574585635359	0.020994475138121547	0.0008287292817679558	0.019613259668508288	0.02154696132596685	0.019337016574585635	0.0	0.016574585635359115	0.0	0.017403314917127072	0.0	0.011325966850828728	0.01270718232044199	0.017955801104972375	0.00027624309392265195	0.012983425414364641	0.031215469613259668	0.0038674033149171273	0.0005524861878453039	0.002486187845303867	0.032320441988950274	0.03591160220994475	0.0011049723756906078	0.023756906077348067
0.02016574585635359	0.020994475138121547	0.0005524861878453039	0.012154696132596685	0.02707182320441989	0.027348066298342542	0.0008287292817679558	0.027348066298342542	0.0	0.011602209944751382	0.0	0.006906077348066298	0.045303867403314914	0.04751381215469613	0.0008287292817679558	0.02845303867403315	0.02707182320441989	0.016298342541436465	0.0011049723756906078	0.011325966850828728	0.02154696132596685	0.019613259668508288	0.0005524861878453039	0.01712707182320442	0.007458563535911602	0.005248618784530387	0.0011049723756906078	0.0060773480662983425	0.04668508287292818	0.04033149171270718	0.0005524861878453039	0.04281767955801105	0.027348066298342542	0.012154696132596685	0.00027624309392265195	0.0077348066298342545	0.025966850828729283	0.03397790055248619	0.0008287292817679558	0.027348066298342542	0.020718232044198894	0.020994475138121547	0.0008287292817679558	0.019060773480662985	0.02016574585635359	0.019613259668508288	0.0005524861878453039	0.01712707182320442	0.0	0.016298342541436465	0.0	0.012430939226519336	0.012154696132596685	0.017955801104972375	0.00027624309392265195	0.013535911602209945	0.03149171270718232	0.0038674033149171273	0.00027624309392265195	0.002486187845303867	0.03149171270718232	0.036740331491712706	0.0013812154696132596	0.02292817679558011
0.020441988950276244	0.020994475138121547	0.00027624309392265195	0.012154696132596685	0.027624309392265192	0.026243093922651933	0.0005524861878453039	0.0281767955801105	0.0	0.011602209944751382	0.0	0.006906077348066298	0.04558011049723757	0.04834254143646409	0.0005524861878453039	0.027624309392265192	0.027624309392265192	0.016022099447513812	0.0005524861878453039	0.011602209944751382	0.021823204419889504	0.019337016574585635	0.00027624309392265195	0.017403314917127072	0.00856353591160221	0.005801104972375691	0.00027624309392265195	0.005248618784530387	0.044751381215469614	0.04116022099447514	0.0011049723756906078	0.04364640883977901	0.027348066298342542	0.01270718232044199	0.00027624309392265195	0.0071823204419889505	0.02569060773480663	0.03370165745856354	0.0013812154696132596	0.027348066298342542	0.021270718232044197	0.020441988950276244	0.0008287292817679558	0.019060773480662985	0.02016574585635359	0.01878453038674033	0.0005524861878453039	0.017955801104972375	0.0	0.016298342541436465	0.0	0.012430939226519336	0.011602209944751382	0.018508287292817678	0.00027624309392265195	0.013535911602209945	0.03149171270718232	0.004143646408839779	0.00027624309392265195	0.0022099447513812156	0.032044198895027624	0.036740331491712706	0.0005524861878453039	0.02292817679558011
0.02016574585635359	0.020994475138121547	0.0005524861878453039	0.012154696132596685	0.026243093922651933	0.02679558011049724	0.0011049723756906078	0.02845303867403315	0.0	0.011325966850828728	0.0	0.0071823204419889505	0.045303867403314914	0.04779005524861878	0.0008287292817679558	0.0281767955801105	0.027624309392265192	0.01574585635359116	0.0005524861878453039	0.011878453038674033	0.021270718232044197	0.019337016574585635	0.0005524861878453039	0.017679558011049725	0.008011049723756906	0.005801104972375691	0.0005524861878453039	0.0055248618784530384	0.04613259668508287	0.041712707182320445	0.0005524861878453039	0.0430939226519337	0.027348066298342542	0.012983425414364641	0.00027624309392265195	0.006906077348066298	0.02569060773480663	0.03287292817679558	0.0011049723756906078	0.02845303867403315	0.022375690607734807	0.019889502762430938	0.00027624309392265195	0.019060773480662985	0.020718232044198894	0.019060773480662985	0.00027624309392265195	0.017403314917127072	0.0	0.016574585635359115	0.0	0.012154696132596685	0.012154696132596685	0.019060773480662985	0.0	0.01270718232044199	0.031767955801104975	0.004143646408839779	0.0	0.0022099447513812156	0.031215469613259668	0.037016574585635356	0.0005524861878453039	0.022651933701657457
0.02016574585635359	0.020718232044198894	0.0005524861878453039	0.012430939226519336	0.025966850828729283	0.027348066298342542	0.0008287292817679558	0.02845303867403315	0.0	0.011878453038674033	0.0	0.0066298342541436465	0.04558011049723757	0.04834254143646409	0.0005524861878453039	0.027624309392265192	0.027624309392265192	0.016022099447513812	0.0005524861878453039	0.011602209944751382	0.021823204419889504	0.017679558011049725	0.0005524861878453039	0.01878453038674033	0.007458563535911602	0.005801104972375691	0.0011049723756906078	0.0055248618784530384	0.04640883977900553	0.04281767955801105	0.00027624309392265195	0.042541436464088395	0.02707182320441989	0.01270718232044199	0.0005524861878453039	0.0071823204419889505	0.02569060773480663	0.03370165745856354	0.0008287292817679558	0.027900552486187846	0.022099447513812154	0.019613259668508288	0.0005524861878453039	0.019337016574585635	0.020718232044198894	0.019889502762430938	0.00027624309392265195	0.016574585635359115	0.0	0.016574585635359115	0.0	0.012154696132596685	0.012430939226519336	0.018508287292817678	0.0	0.012983425414364641	0.031767955801104975	0.004143646408839779	0.0	0.0022099447513812156	0.030939226519337018	0.036464088397790057	0.00027624309392265195	0.023204419889502764
0.020441988950276244	0.02016574585635359	0.00027624309392265195	0.012983425414364641	0.026519337016574586	0.02679558011049724	0.0005524861878453039	0.028729281767955802	0.0	0.011602209944751382	0.0	0.006906077348066298	0.04585635359116022	0.04806629834254143	0.00027624309392265195	0.027900552486187846	0.027900552486187846	0.016298342541436465	0.00027624309392265195	0.011325966850828728	0.020994475138121547	0.018232044198895028	0.00027624309392265195	0.019337016574585635	0.008011049723756906	0.005248618784530387	0.0005524861878453039	0.0060773480662983425	0.047237569060773484	0.04364640883977901	0.0005524861878453039	0.04143646408839779	0.02707182320441989	0.012983425414364641	0.0005524861878453039	0.006906077348066298	0.02569060773480663	0.03314917127071823	0.0008287292817679558	0.02845303867403315	0.02154696132596685	0.02016574585635359	0.0005524861878453039	0.019337016574585635	0.020994475138121547	0.019060773480662985	0.0	0.017403314917127072	0.0	0.01685082872928177	0.0	0.011878453038674033	0.01270718232044199	0.018508287292817678	0.0	0.01270718232044199	0.03149171270718232	0.0038674033149171273	0.00027624309392265195	0.002486187845303867	0.02955801104972376	0.036464088397790057	0.0008287292817679558	0.023204419889502764
0.020718232044198894	0.019060773480662985	0.0	0.01408839779005525	0.02707182320441989	0.026519337016574586	0.0005524861878453039	0.02845303867403315	0.0	0.011325966850828728	0.0	0.0071823204419889505	0.04585635359116022	0.04779005524861878	0.00027624309392265195	0.0281767955801105	0.027900552486187846	0.01712707182320442	0.00027624309392265195	0.010497237569060774	0.02016574585635359	0.01878453038674033	0.00027624309392265195	0.019613259668508288	0.007458563535911602	0.005248618784530387	0.0005524861878453039	0.0066298342541436465	0.04751381215469613	0.04364640883977901	0.00027624309392265195	0.041712707182320445	0.02679558011049724	0.012983425414364641	0.0008287292817679558	0.006906077348066298	0.025966850828729283	0.03259668508287293	0.0008287292817679558	0.028729281767955802	0.022099447513812154	0.019889502762430938	0.00027624309392265195	0.019337016574585635	0.020718232044198894	0.01878453038674033	0.0	0.017955801104972375	0.0	0.016298342541436465	0.0	0.012430939226519336	0.013259668508287293	0.017403314917127072	0.00027624309392265195	0.012983425414364641	0.03149171270718232	0.0038674033149171273	0.00027624309392265195	0.002486187845303867	0.02955801104972376	0.036464088397790057	0.0005524861878453039	0.023204419889502764
0.020718232044198894	0.019613259668508288	0.0	0.013535911602209945	0.027624309392265192	0.025966850828729283	0.0005524861878453039	0.02845303867403315	0.0	0.010773480662983425	0.0	0.0077348066298342545	0.04585635359116022	0.04751381215469613	0.00027624309392265195	0.02845303867403315	0.027624309392265192	0.016574585635359115	0.0005524861878453039	0.011049723756906077	0.02016574585635359	0.019060773480662985	0.0005524861878453039	0.019060773480662985	0.007458563535911602	0.005248618784530387	0.0005524861878453039	0.0066298342541436465	0.04861878453038674	0.041712707182320445	0.0	0.041988950276243095	0.02679558011049724	0.012983425414364641	0.0008287292817679558	0.006906077348066298	0.02707182320441989	0.032320441988950274	0.0005524861878453039	0.0281767955801105	0.022375690607734807	0.019337016574585635	0.00027624309392265195	0.019613259668508288	0.020718232044198894	0.018232044198895028	0.0	0.018508287292817678	0.0	0.01685082872928177	0.0	0.011878453038674033	0.01408839779005525	0.017679558011049725	0.0	0.012154696132596685	0.031767955801104975	0.0038674033149171273	0.0	0.002486187845303867	0.02955801104972376	0.036464088397790057	0.0013812154696132596	0.023204419889502764
0.020441988950276244	0.02016574585635359	0.00027624309392265195	0.012983425414364641	0.027624309392265192	0.025966850828729283	0.0005524861878453039	0.02845303867403315	0.0	0.010773480662983425	0.0	0.0077348066298342545	0.04585635359116022	0.04779005524861878	0.00027624309392265195	0.0281767955801105	0.027900552486187846	0.01685082872928177	0.00027624309392265195	0.010773480662983425	0.02016574585635359	0.019337016574585635	0.0008287292817679558	0.018508287292817678	0.008011049723756906	0.005248618784530387	0.0	0.0066298342541436465	0.04751381215469613	0.041712707182320445	0.00027624309392265195	0.0430939226519337	0.02707182320441989	0.012983425414364641	0.0005524861878453039	0.006906077348066298	0.02679558011049724	0.032044198895027624	0.0005524861878453039	0.028729281767955802	0.021823204419889504	0.019060773480662985	0.0008287292817679558	0.019889502762430938	0.021823204419889504	0.017679558011049725	0.0	0.017955801104972375	0.0	0.016298342541436465	0.0	0.012430939226519336	0.014364640883977901	0.01712707182320442	0.00027624309392265195	0.012154696132596685	0.031767955801104975	0.0038674033149171273	0.0	0.002486187845303867	0.029281767955801105	0.036464088397790057	0.0013812154696132596	0.023204419889502764
0.020718232044198894	0.020441988950276244	0.0	0.01270718232044199	0.027624309392265192	0.027348066298342542	0.0005524861878453039	0.02707182320441989	0.0	0.011049723756906077	0.0	0.007458563535911602	0.04558011049723757	0.04834254143646409	0.0005524861878453039	0.027624309392265192	0.027624309392265192	0.01685082872928177	0.0005524861878453039	0.010773480662983425	0.021270718232044197	0.019613259668508288	0.00027624309392265195	0.017679558011049725	0.0077348066298342545	0.005248618784530387	0.0	0.006906077348066298	0.04640883977900553	0.04281767955801105	0.0008287292817679558	0.042541436464088395	0.02707182320441989	0.013259668508287293	0.0005524861878453039	0.0066298342541436465	0.02679558011049724	0.03287292817679558	0.0005524861878453039	0.027900552486187846	0.020994475138121547	0.019889502762430938	0.0008287292817679558	0.019889502762430938	0.022375690607734807	0.017955801104972375	0.0	0.01712707182320442	0.0	0.016298342541436465	0.0	0.012430939226519336	0.014640883977900553	0.01685082872928177	0.00027624309392265195	0.012154696132596685	0.031215469613259668	0.004143646408839779	0.0005524861878453039	0.0022099447513812156	0.02955801104972376	0.036464088397790057	0.0011049723756906078	0.023204419889502764
0.020441988950276244	0.019613259668508288	0.00027624309392265195	0.013535911602209945	0.02845303867403315	0.026519337016574586	0.0	0.027624309392265192	0.0	0.011602209944751382	0.0	0.006906077348066298	0.04558011049723757	0.04806629834254143	0.0005524861878453039	0.027900552486187846	0.027900552486187846	0.01685082872928177	0.00027624309392265195	0.010773480662983425	0.020718232044198894	0.020441988950276244	0.0005524861878453039	0.01712707182320442	0.007458563535911602	0.005248618784530387	0.0	0.0071823204419889505	0.04585635359116022	0.041712707182320445	0.0008287292817679558	0.04392265193370166	0.02707182320441989	0.01408839779005525	0.0005524861878453039	0.005801104972375691	0.026243093922651933	0.03314917127071823	0.0011049723756906078	0.027624309392265192	0.021823204419889504	0.018508287292817678	0.0005524861878453039	0.020718232044198894	0.023204419889502764	0.017679558011049725	0.0	0.016574585635359115	0.0	0.016574585635359115	0.0	0.012154696132596685	0.01408839779005525	0.01685082872928177	0.0008287292817679558	0.012154696132596685	0.03149171270718232	0.004143646408839779	0.00027624309392265195	0.0022099447513812156	0.03011049723756906	0.036464088397790057	0.0008287292817679558	0.023204419889502764
0.02016574585635359	0.019889502762430938	0.0005524861878453039	0.013259668508287293	0.027624309392265192	0.02707182320441989	0.0005524861878453039	0.027348066298342542	0.0	0.011878453038674033	0.0	0.0066298342541436465	0.045303867403314914	0.04834254143646409	0.0008287292817679558	0.027624309392265192	0.0281767955801105	0.016574585635359115	0.0	0.011049723756906077	0.020441988950276244	0.020718232044198894	0.0005524861878453039	0.01712707182320442	0.007458563535911602	0.005248618784530387	0.0	0.0071823204419889505	0.04392265193370166	0.04337016574585635	0.00027624309392265195	0.044475138121546964	0.027348066298342542	0.013812154696132596	0.00027624309392265195	0.0060773480662983425	0.027348066298342542	0.032044198895027624	0.0008287292817679558	0.027900552486187846	0.020994475138121547	0.019337016574585635	0.0005524861878453039	0.020718232044198894	0.022099447513812154	0.017955801104972375	0.0	0.017403314917127072	0.0	0.01685082872928177	0.0	0.011878453038674033	0.01408839779005525	0.01712707182320442	0.0005524861878453039	0.012154696132596685	0.03149171270718232	0.004143646408839779	0.00027624309392265195	0.0022099447513812156	0.030662983425414365	0.037016574585635356	0.0005524861878453039	0.022651933701657457
0.02016574585635359	0.02016574585635359	0.0005524861878453039	0.012983425414364641	0.0281767955801105	0.027900552486187846	0.0	0.026519337016574586	0.0	0.011878453038674033	0.0	0.0066298342541436465	0.045027624309392264	0.04861878453038674	0.0011049723756906078	0.027348066298342542	0.027348066298342542	0.016574585635359115	0.0008287292817679558	0.011049723756906077	0.020994475138121547	0.020718232044198894	0.00027624309392265195	0.01685082872928177	0.0071823204419889505	0.0055248618784530384	0.0	0.0071823204419889505	0.044475138121546964	0.04419889502762431	0.0	0.04364640883977901	0.02707182320441989	0.013812154696132596	0.0005524861878453039	0.0060773480662983425	0.02679558011049724	0.032044198895027624	0.0011049723756906078	0.0281767955801105	0.02154696132596685	0.019337016574585635	0.00027624309392265195	0.020441988950276244	0.022375690607734807	0.018232044198895028	0.0	0.01685082872928177	0.0	0.01685082872928177	0.0	0.011878453038674033	0.015193370165745856	0.01685082872928177	0.00027624309392265195	0.011602209944751382	0.03149171270718232	0.0035911602209944752	0.00027624309392265195	0.0027624309392265192	0.03011049723756906	0.036464088397790057	0.0008287292817679558	0.023204419889502764
0.02016574585635359	0.020718232044198894	0.0005524861878453039	0.012430939226519336	0.02955801104972376	0.026519337016574586	0.0	0.026519337016574586	0.0	0.011878453038674033	0.0	0.0066298342541436465	0.045303867403314914	0.04834254143646409	0.0008287292817679558	0.027624309392265192	0.027348066298342542	0.016574585635359115	0.0008287292817679558	0.011049723756906077	0.02154696132596685	0.020718232044198894	0.00027624309392265195	0.016298342541436465	0.007458563535911602	0.005801104972375691	0.0	0.0066298342541436465	0.045027624309392264	0.04419889502762431	0.00027624309392265195	0.04392265193370166	0.026243093922651933	0.013812154696132596	0.0013812154696132596	0.0060773480662983425	0.02679558011049724	0.032320441988950274	0.0011049723756906078	0.027900552486187846	0.02154696132596685	0.019337016574585635	0.00027624309392265195	0.020441988950276244	0.022099447513812154	0.017955801104972375	0.0	0.017403314917127072	0.0	0.01712707182320442	0.0	0.011602209944751382	0.01574585635359116	0.016298342541436465	0.0	0.011878453038674033	0.03149171270718232	0.0035911602209944752	0.00027624309392265195	0.0027624309392265192	0.029005524861878452	0.03729281767955801	0.0008287292817679558	0.022375690607734807
0.020441988950276244	0.020994475138121547	0.00027624309392265195	0.012154696132596685	0.028729281767955802	0.02679558011049724	0.0008287292817679558	0.026243093922651933	0.0	0.012154696132596685	0.0	0.006353591160220995	0.045303867403314914	0.04806629834254143	0.0008287292817679558	0.027900552486187846	0.027624309392265192	0.016574585635359115	0.0005524861878453039	0.011049723756906077	0.022099447513812154	0.020441988950276244	0.00027624309392265195	0.016022099447513812	0.008011049723756906	0.005801104972375691	0.0	0.0060773480662983425	0.04364640883977901	0.044475138121546964	0.0008287292817679558	0.04419889502762431	0.026243093922651933	0.013535911602209945	0.0013812154696132596	0.006353591160220995	0.027348066298342542	0.032044198895027624	0.0008287292817679558	0.027900552486187846	0.019889502762430938	0.019889502762430938	0.0008287292817679558	0.020994475138121547	0.021823204419889504	0.01878453038674033	0.0	0.01685082872928177	0.0	0.017403314917127072	0.0	0.011325966850828728	0.01574585635359116	0.016298342541436465	0.0	0.011878453038674033	0.03149171270718232	0.0035911602209944752	0.00027624309392265195	0.0027624309392265192	0.028729281767955802	0.037016574585635356	0.0013812154696132596	0.022651933701657457
0.02016574585635359	0.020994475138121547	0.0005524861878453039	0.012154696132596685	0.029281767955801105	0.026243093922651933	0.0008287292817679558	0.026243093922651933	0.0	0.012430939226519336	0.0	0.0060773480662983425	0.04558011049723757	0.047237569060773484	0.0005524861878453039	0.028729281767955802	0.02679558011049724	0.016574585635359115	0.0013812154696132596	0.011049723756906077	0.021823204419889504	0.020994475138121547	0.00027624309392265195	0.01574585635359116	0.008287292817679558	0.0055248618784530384	0.0	0.0060773480662983425	0.041988950276243095	0.04419889502762431	0.0011049723756906078	0.04613259668508287	0.02679558011049724	0.012430939226519336	0.0008287292817679558	0.007458563535911602	0.027624309392265192	0.031767955801104975	0.0008287292817679558	0.027900552486187846	0.019889502762430938	0.02016574585635359	0.0011049723756906078	0.020441988950276244	0.02154696132596685	0.019060773480662985	0.00027624309392265195	0.016574585635359115	0.0	0.017955801104972375	0.0	0.010773480662983425	0.015469613259668509	0.016574585635359115	0.00027624309392265195	0.011602209944751382	0.03149171270718232	0.0035911602209944752	0.00027624309392265195	0.0027624309392265192	0.02845303867403315	0.037016574585635356	0.0013812154696132596	0.022651933701657457
0.02016574585635359	0.020994475138121547	0.0005524861878453039	0.012154696132596685	0.02983425414364641	0.02707182320441989	0.0005524861878453039	0.025138121546961326	0.0	0.012154696132596685	0.0	0.006353591160220995	0.045027624309392264	0.04668508287292818	0.0011049723756906078	0.029281767955801105	0.027348066298342542	0.016574585635359115	0.0008287292817679558	0.011049723756906077	0.021823204419889504	0.021270718232044197	0.00027624309392265195	0.015469613259668509	0.00856353591160221	0.0055248618784530384	0.0	0.005801104972375691	0.041712707182320445	0.044475138121546964	0.0005524861878453039	0.04668508287292818	0.026519337016574586	0.012154696132596685	0.0011049723756906078	0.0077348066298342545	0.026243093922651933	0.03287292817679558	0.0016574585635359116	0.027348066298342542	0.020718232044198894	0.019889502762430938	0.0008287292817679558	0.02016574585635359	0.021270718232044197	0.01878453038674033	0.00027624309392265195	0.01712707182320442	0.0	0.017955801104972375	0.0	0.010773480662983425	0.015469613259668509	0.017403314917127072	0.00027624309392265195	0.010773480662983425	0.031215469613259668	0.0035911602209944752	0.0005524861878453039	0.0027624309392265192	0.0281767955801105	0.036740331491712706	0.0016574585635359116	0.02292817679558011
0.02016574585635359	0.020994475138121547	0.0005524861878453039	0.012154696132596685	0.029005524861878452	0.027348066298342542	0.0008287292817679558	0.02541436464088398	0.0	0.011602209944751382	0.0	0.006906077348066298	0.045303867403314914	0.04558011049723757	0.0008287292817679558	0.03038674033149171	0.02679558011049724	0.01685082872928177	0.0013812154696132596	0.010773480662983425	0.021823204419889504	0.021270718232044197	0.00027624309392265195	0.015469613259668509	0.008011049723756906	0.005801104972375691	0.00027624309392265195	0.005801104972375691	0.04033149171270718	0.044751381215469614	0.00027624309392265195	0.047237569060773484	0.02679558011049724	0.012154696132596685	0.0008287292817679558	0.0077348066298342545	0.02569060773480663	0.03425414364640884	0.0016574585635359116	0.026519337016574586	0.020718232044198894	0.020441988950276244	0.0008287292817679558	0.019613259668508288	0.021270718232044197	0.019060773480662985	0.0	0.01712707182320442	0.0	0.017955801104972375	0.0	0.010773480662983425	0.015469613259668509	0.01712707182320442	0.00027624309392265195	0.011049723756906077	0.030939226519337018	0.0035911602209944752	0.0008287292817679558	0.0027624309392265192	0.02983425414364641	0.03508287292817679	0.0008287292817679558	0.024585635359116023
0.02016574585635359	0.020441988950276244	0.0005524861878453039	0.01270718232044199	0.0281767955801105	0.027900552486187846	0.0008287292817679558	0.02569060773480663	0.0	0.011878453038674033	0.0	0.0066298342541436465	0.04558011049723757	0.04668508287292818	0.0005524861878453039	0.029281767955801105	0.02707182320441989	0.017403314917127072	0.0011049723756906078	0.010220994475138122	0.022651933701657457	0.020441988950276244	0.0	0.01574585635359116	0.00856353591160221	0.0055248618784530384	0.00027624309392265195	0.0055248618784530384	0.04033149171270718	0.04585635359116022	0.0008287292817679558	0.04668508287292818	0.02707182320441989	0.011602209944751382	0.0005524861878453039	0.008287292817679558	0.02679558011049724	0.03370165745856354	0.0011049723756906078	0.026519337016574586	0.02154696132596685	0.019613259668508288	0.0008287292817679558	0.019613259668508288	0.020441988950276244	0.019060773480662985	0.0	0.017955801104972375	0.0	0.017679558011049725	0.0	0.011049723756906077	0.015193370165745856	0.017679558011049725	0.00027624309392265195	0.010773480662983425	0.030939226519337018	0.0035911602209944752	0.0008287292817679558	0.0027624309392265192	0.028729281767955802	0.03397790055248619	0.0008287292817679558	0.02569060773480663
0.02016574585635359	0.020718232044198894	0.0005524861878453039	0.012430939226519336	0.026519337016574586	0.029005524861878452	0.0008287292817679558	0.026243093922651933	0.0	0.011602209944751382	0.0	0.006906077348066298	0.045303867403314914	0.04696132596685083	0.0008287292817679558	0.029005524861878452	0.02679558011049724	0.017403314917127072	0.0013812154696132596	0.010220994475138122	0.023204419889502764	0.02016574585635359	0.0	0.015469613259668509	0.00856353591160221	0.005248618784530387	0.0005524861878453039	0.0055248618784530384	0.039226519337016576	0.04585635359116022	0.0008287292817679558	0.047237569060773484	0.027348066298342542	0.012154696132596685	0.00027624309392265195	0.0077348066298342545	0.02707182320441989	0.03425414364640884	0.0008287292817679558	0.025966850828729283	0.021270718232044197	0.020441988950276244	0.0005524861878453039	0.019337016574585635	0.019337016574585635	0.019613259668508288	0.0005524861878453039	0.017955801104972375	0.0	0.017403314917127072	0.0	0.011325966850828728	0.01574585635359116	0.017403314917127072	0.0	0.010773480662983425	0.030662983425414365	0.0035911602209944752	0.0011049723756906078	0.0027624309392265192	0.02983425414364641	0.03508287292817679	0.00027624309392265195	0.024585635359116023
0.020718232044198894	0.020441988950276244	0.0	0.01270718232044199	0.02707182320441989	0.029281767955801105	0.00027624309392265195	0.025966850828729283	0.0	0.011325966850828728	0.0	0.0071823204419889505	0.044751381215469614	0.04668508287292818	0.0013812154696132596	0.029281767955801105	0.02679558011049724	0.017955801104972375	0.0013812154696132596	0.009668508287292817	0.02292817679558011	0.019889502762430938	0.0	0.016022099447513812	0.009392265193370166	0.0055248618784530384	0.0	0.004972375690607734	0.04005524861878453	0.04640883977900553	0.0011049723756906078	0.04696132596685083	0.027348066298342542	0.012430939226519336	0.00027624309392265195	0.007458563535911602	0.026519337016574586	0.034530386740331494	0.0011049723756906078	0.025966850828729283	0.021823204419889504	0.019889502762430938	0.0005524861878453039	0.019337016574585635	0.019060773480662985	0.020441988950276244	0.0005524861878453039	0.017403314917127072	0.0	0.01685082872928177	0.0	0.011878453038674033	0.014917127071823204	0.017955801104972375	0.00027624309392265195	0.010773480662983425	0.03038674033149171	0.0035911602209944752	0.0013812154696132596	0.0027624309392265192	0.0281767955801105	0.0356353591160221	0.0005524861878453039	0.024033149171270717
0.020718232044198894	0.019889502762430938	0.0	0.013259668508287293	0.026243093922651933	0.02845303867403315	0.00027624309392265195	0.027624309392265192	0.0	0.010773480662983425	0.0	0.0077348066298342545	0.045303867403314914	0.04668508287292818	0.0008287292817679558	0.029281767955801105	0.02707182320441989	0.017679558011049725	0.0011049723756906078	0.009944751381215469	0.023204419889502764	0.019337016574585635	0.0	0.016298342541436465	0.009116022099447514	0.005248618784530387	0.0	0.0055248618784530384	0.04060773480662983	0.045303867403314914	0.0008287292817679558	0.04806629834254143	0.02707182320441989	0.012983425414364641	0.0005524861878453039	0.006906077348066298	0.02707182320441989	0.032044198895027624	0.0011049723756906078	0.027900552486187846	0.022375690607734807	0.020718232044198894	0.0	0.018508287292817678	0.01878453038674033	0.02016574585635359	0.0005524861878453039	0.017955801104972375	0.0	0.016298342541436465	0.0	0.012430939226519336	0.015193370165745856	0.01712707182320442	0.00027624309392265195	0.011325966850828728	0.03038674033149171	0.0035911602209944752	0.0013812154696132596	0.0027624309392265192	0.0281767955801105	0.03618784530386741	0.00027624309392265195	0.023480662983425413
0.020441988950276244	0.02016574585635359	0.00027624309392265195	0.012983425414364641	0.025966850828729283	0.02707182320441989	0.0005524861878453039	0.029005524861878452	0.0	0.011049723756906077	0.0	0.007458563535911602	0.045027624309392264	0.04585635359116022	0.0011049723756906078	0.03011049723756906	0.02707182320441989	0.017679558011049725	0.0011049723756906078	0.009944751381215469	0.02292817679558011	0.019613259668508288	0.00027624309392265195	0.016022099447513812	0.009116022099447514	0.005248618784530387	0.0	0.0055248618784530384	0.039779005524861875	0.04613259668508287	0.0011049723756906078	0.04779005524861878	0.02679558011049724	0.013259668508287293	0.0008287292817679558	0.0066298342541436465	0.02707182320441989	0.03287292817679558	0.0011049723756906078	0.02707182320441989	0.022375690607734807	0.021270718232044197	0.00027624309392265195	0.017679558011049725	0.01878453038674033	0.019613259668508288	0.0005524861878453039	0.018508287292817678	0.0	0.016022099447513812	0.0	0.01270718232044199	0.014917127071823204	0.01712707182320442	0.00027624309392265195	0.011602209944751382	0.030939226519337018	0.0030386740331491712	0.0008287292817679558	0.0033149171270718232	0.0281767955801105	0.036740331491712706	0.00027624309392265195	0.02292817679558011
0.019889502762430938	0.019889502762430938	0.0008287292817679558	0.013259668508287293	0.024585635359116023	0.027900552486187846	0.0008287292817679558	0.029281767955801105	0.0	0.011325966850828728	0.0	0.0071823204419889505	0.045027624309392264	0.04696132596685083	0.0011049723756906078	0.029005524861878452	0.02707182320441989	0.017679558011049725	0.0011049723756906078	0.009944751381215469	0.020994475138121547	0.020441988950276244	0.0008287292817679558	0.016574585635359115	0.008839779005524863	0.0055248618784530384	0.0	0.0055248618784530384	0.038950276243093926	0.045303867403314914	0.0013812154696132596	0.04834254143646409	0.026519337016574586	0.01270718232044199	0.0011049723756906078	0.0071823204419889505	0.029005524861878452	0.031767955801104975	0.0005524861878453039	0.02679558011049724	0.021823204419889504	0.021270718232044197	0.00027624309392265195	0.018232044198895028	0.018232044198895028	0.020718232044198894	0.0005524861878453039	0.017955801104972375	0.0	0.01574585635359116	0.0	0.012983425414364641	0.014640883977900553	0.016574585635359115	0.00027624309392265195	0.012430939226519336	0.030939226519337018	0.0030386740331491712	0.0008287292817679558	0.0033149171270718232	0.02845303867403315	0.036740331491712706	0.0008287292817679558	0.02292817679558011
0.02016574585635359	0.020441988950276244	0.0005524861878453039	0.01270718232044199	0.025138121546961326	0.02845303867403315	0.0005524861878453039	0.02845303867403315	0.0	0.011602209944751382	0.0	0.006906077348066298	0.044751381215469614	0.04668508287292818	0.0013812154696132596	0.029281767955801105	0.027348066298342542	0.01712707182320442	0.0008287292817679558	0.010497237569060774	0.020441988950276244	0.02016574585635359	0.0008287292817679558	0.017403314917127072	0.008839779005524863	0.0055248618784530384	0.0	0.0055248618784530384	0.039502762430939226	0.04585635359116022	0.0011049723756906078	0.04834254143646409	0.026519337016574586	0.012983425414364641	0.0011049723756906078	0.006906077348066298	0.027348066298342542	0.03287292817679558	0.0008287292817679558	0.02707182320441989	0.022375690607734807	0.021270718232044197	0.00027624309392265195	0.017679558011049725	0.01712707182320442	0.021270718232044197	0.0005524861878453039	0.018508287292817678	0.0	0.016574585635359115	0.0	0.012154696132596685	0.014364640883977901	0.01712707182320442	0.0	0.012430939226519336	0.03149171270718232	0.0027624309392265192	0.00027624309392265195	0.0035911602209944752	0.027348066298342542	0.036464088397790057	0.0011049723756906078	0.023204419889502764
0.02016574585635359	0.02016574585635359	0.0005524861878453039	0.012983425414364641	0.024585635359116023	0.029281767955801105	0.0005524861878453039	0.0281767955801105	0.0	0.011325966850828728	0.0	0.0071823204419889505	0.044751381215469614	0.04696132596685083	0.0013812154696132596	0.029005524861878452	0.02707182320441989	0.016574585635359115	0.0011049723756906078	0.011049723756906077	0.020718232044198894	0.020441988950276244	0.0011049723756906078	0.016574585635359115	0.008839779005524863	0.0060773480662983425	0.0	0.004972375690607734	0.03867403314917127	0.047237569060773484	0.0011049723756906078	0.04751381215469613	0.02707182320441989	0.01408839779005525	0.0005524861878453039	0.005801104972375691	0.02845303867403315	0.03287292817679558	0.0005524861878453039	0.026243093922651933	0.022651933701657457	0.020994475138121547	0.0005524861878453039	0.017403314917127072	0.01712707182320442	0.02154696132596685	0.0005524861878453039	0.018232044198895028	0.0	0.017403314917127072	0.0	0.011325966850828728	0.01408839779005525	0.016574585635359115	0.0	0.013259668508287293	0.03149171270718232	0.0033149171270718232	0.00027624309392265195	0.0030386740331491712	0.027624309392265192	0.037016574585635356	0.0011049723756906078	0.022651933701657457
0.02016574585635359	0.020718232044198894	0.0005524861878453039	0.012430939226519336	0.02430939226519337	0.03011049723756906	0.0	0.0281767955801105	0.0	0.011325966850828728	0.0	0.0071823204419889505	0.045027624309392264	0.047237569060773484	0.0011049723756906078	0.028729281767955802	0.027348066298342542	0.016574585635359115	0.0008287292817679558	0.011049723756906077	0.02154696132596685	0.019889502762430938	0.0008287292817679558	0.016574585635359115	0.008839779005524863	0.006353591160220995	0.0	0.004696132596685083	0.04005524861878453	0.04779005524861878	0.0008287292817679558	0.04613259668508287	0.02707182320441989	0.013812154696132596	0.0005524861878453039	0.0060773480662983425	0.029281767955801105	0.032044198895027624	0.0008287292817679558	0.025966850828729283	0.023204419889502764	0.02154696132596685	0.00027624309392265195	0.016574585635359115	0.01712707182320442	0.021270718232044197	0.0008287292817679558	0.018232044198895028	0.0	0.01712707182320442	0.0	0.011602209944751382	0.01408839779005525	0.01685082872928177	0.0	0.012983425414364641	0.031767955801104975	0.0033149171270718232	0.0	0.0030386740331491712	0.027900552486187846	0.03618784530386741	0.0005524861878453039	0.023480662983425413
0.020441988950276244	0.020718232044198894	0.00027624309392265195	0.012430939226519336	0.024585635359116023	0.03038674033149171	0.00027624309392265195	0.027348066298342542	0.0	0.011049723756906077	0.0	0.007458563535911602	0.04558011049723757	0.047237569060773484	0.0005524861878453039	0.028729281767955802	0.027900552486187846	0.016574585635359115	0.00027624309392265195	0.011049723756906077	0.02292817679558011	0.018508287292817678	0.0005524861878453039	0.01685082872928177	0.009392265193370166	0.0060773480662983425	0.0	0.004419889502762431	0.04005524861878453	0.04668508287292818	0.0011049723756906078	0.047237569060773484	0.027348066298342542	0.013812154696132596	0.00027624309392265195	0.0060773480662983425	0.02955801104972376	0.032044198895027624	0.0008287292817679558	0.02569060773480663	0.023204419889502764	0.021270718232044197	0.00027624309392265195	0.01685082872928177	0.017679558011049725	0.020441988950276244	0.0008287292817679558	0.018508287292817678	0.0	0.01685082872928177	0.0	0.011878453038674033	0.013812154696132596	0.01685082872928177	0.00027624309392265195	0.012983425414364641	0.031215469613259668	0.0033149171270718232	0.0005524861878453039	0.0030386740331491712	0.027624309392265192	0.036464088397790057	0.0005524861878453039	0.023204419889502764
0.020441988950276244	0.020718232044198894	0.00027624309392265195	0.012430939226519336	0.025138121546961326	0.02955801104972376	0.0005524861878453039	0.027348066298342542	0.0	0.011049723756906077	0.0	0.007458563535911602	0.04558011049723757	0.04779005524861878	0.0005524861878453039	0.0281767955801105	0.0281767955801105	0.016574585635359115	0.0	0.011049723756906077	0.022099447513812154	0.019060773480662985	0.00027624309392265195	0.017403314917127072	0.009116022099447514	0.0060773480662983425	0.0	0.004696132596685083	0.04116022099447514	0.04696132596685083	0.0008287292817679558	0.047237569060773484	0.027348066298342542	0.013812154696132596	0.00027624309392265195	0.0060773480662983425	0.02955801104972376	0.03287292817679558	0.0005524861878453039	0.025138121546961326	0.023756906077348067	0.020994475138121547	0.0	0.01685082872928177	0.017679558011049725	0.020441988950276244	0.0005524861878453039	0.01878453038674033	0.0	0.017679558011049725	0.0	0.011049723756906077	0.01408839779005525	0.01685082872928177	0.0	0.012983425414364641	0.031215469613259668	0.0030386740331491712	0.0005524861878453039	0.0033149171270718232	0.026519337016574586	0.037016574585635356	0.0005524861878453039	0.022651933701657457
0.020441988950276244	0.020441988950276244	0.00027624309392265195	0.01270718232044199	0.025138121546961326	0.03011049723756906	0.0005524861878453039	0.02679558011049724	0.0	0.011325966850828728	0.0	0.0071823204419889505	0.04558011049723757	0.04779005524861878	0.0005524861878453039	0.0281767955801105	0.027900552486187846	0.016298342541436465	0.00027624309392265195	0.011325966850828728	0.022375690607734807	0.017955801104972375	0.0	0.018508287292817678	0.009116022099447514	0.0060773480662983425	0.0	0.004696132596685083	0.04143646408839779	0.04779005524861878	0.0008287292817679558	0.04668508287292818	0.027348066298342542	0.013259668508287293	0.00027624309392265195	0.0066298342541436465	0.03038674033149171	0.032044198895027624	0.00027624309392265195	0.02541436464088398	0.023480662983425413	0.020994475138121547	0.00027624309392265195	0.01685082872928177	0.017955801104972375	0.020994475138121547	0.0005524861878453039	0.017955801104972375	0.0	0.017679558011049725	0.0	0.011049723756906077	0.013812154696132596	0.016574585635359115	0.0	0.013535911602209945	0.03149171270718232	0.0030386740331491712	0.00027624309392265195	0.0033149171270718232	0.025966850828729283	0.037016574585635356	0.0005524861878453039	0.022651933701657457
0.020441988950276244	0.020718232044198894	0.00027624309392265195	0.012430939226519336	0.023204419889502764	0.032044198895027624	0.0011049723756906078	0.026243093922651933	0.0	0.011049723756906077	0.0	0.007458563535911602	0.04585635359116022	0.04806629834254143	0.00027624309392265195	0.027900552486187846	0.0281767955801105	0.016022099447513812	0.0	0.011602209944751382	0.020994475138121547	0.018232044198895028	0.0	0.019613259668508288	0.008839779005524863	0.0060773480662983425	0.0	0.004972375690607734	0.04116022099447514	0.04779005524861878	0.0011049723756906078	0.04696132596685083	0.02679558011049724	0.013259668508287293	0.0008287292817679558	0.0066298342541436465	0.031215469613259668	0.031215469613259668	0.0005524861878453039	0.025138121546961326	0.02292817679558011	0.021823204419889504	0.00027624309392265195	0.016574585635359115	0.017955801104972375	0.020718232044198894	0.0008287292817679558	0.017955801104972375	0.0	0.01712707182320442	0.0	0.011602209944751382	0.013812154696132596	0.01685082872928177	0.0	0.013259668508287293	0.031215469613259668	0.0027624309392265192	0.0005524861878453039	0.0035911602209944752	0.025966850828729283	0.036740331491712706	0.00027624309392265195	0.02292817679558011
0.02016574585635359	0.020441988950276244	0.0005524861878453039	0.01270718232044199	0.02430939226519337	0.03287292817679558	0.0008287292817679558	0.024585635359116023	0.0	0.010773480662983425	0.0	0.0077348066298342545	0.04585635359116022	0.04834254143646409	0.00027624309392265195	0.027624309392265192	0.027900552486187846	0.016022099447513812	0.00027624309392265195	0.011602209944751382	0.021270718232044197	0.017955801104972375	0.0	0.019613259668508288	0.008839779005524863	0.006353591160220995	0.00027624309392265195	0.004419889502762431	0.038950276243093926	0.04834254143646409	0.0013812154696132596	0.04806629834254143	0.027348066298342542	0.01270718232044199	0.00027624309392265195	0.0071823204419889505	0.031767955801104975	0.030662983425414365	0.00027624309392265195	0.02541436464088398	0.022375690607734807	0.02154696132596685	0.00027624309392265195	0.017403314917127072	0.017955801104972375	0.022099447513812154	0.00027624309392265195	0.01712707182320442	0.0	0.016574585635359115	0.0	0.012154696132596685	0.014364640883977901	0.017403314917127072	0.0	0.012154696132596685	0.03149171270718232	0.002486187845303867	0.00027624309392265195	0.0038674033149171273	0.026243093922651933	0.036740331491712706	0.00027624309392265195	0.02292817679558011
0.020441988950276244	0.020994475138121547	0.00027624309392265195	0.012154696132596685	0.024861878453038673	0.03259668508287293	0.0013812154696132596	0.023756906077348067	0.0	0.011049723756906077	0.0	0.007458563535911602	0.04585635359116022	0.04779005524861878	0.00027624309392265195	0.0281767955801105	0.027900552486187846	0.016022099447513812	0.00027624309392265195	0.011602209944751382	0.021270718232044197	0.018508287292817678	0.0	0.019060773480662985	0.008287292817679558	0.0066298342541436465	0.0	0.004972375690607734	0.03784530386740331	0.04861878453038674	0.0019337016574585636	0.04834254143646409	0.027348066298342542	0.01270718232044199	0.00027624309392265195	0.0071823204419889505	0.031767955801104975	0.030939226519337018	0.00027624309392265195	0.025138121546961326	0.022375690607734807	0.021270718232044197	0.0	0.017955801104972375	0.018232044198895028	0.021823204419889504	0.00027624309392265195	0.01712707182320442	0.0	0.017403314917127072	0.0	0.011325966850828728	0.014640883977900553	0.017679558011049725	0.0	0.011602209944751382	0.03149171270718232	0.0022099447513812156	0.00027624309392265195	0.004143646408839779	0.026519337016574586	0.037016574585635356	0.0	0.022651933701657457
0.020441988950276244	0.020994475138121547	0.00027624309392265195	0.012154696132596685	0.026519337016574586	0.031215469613259668	0.0008287292817679558	0.024033149171270717	0.0	0.011049723756906077	0.0	0.007458563535911602	0.04558011049723757	0.04806629834254143	0.0005524861878453039	0.027900552486187846	0.0281767955801105	0.016022099447513812	0.0	0.011602209944751382	0.020441988950276244	0.01878453038674033	0.00027624309392265195	0.019337016574585635	0.008011049723756906	0.0066298342541436465	0.00027624309392265195	0.004972375690607734	0.03784530386740331	0.05110497237569061	0.0013812154696132596	0.04613259668508287	0.027348066298342542	0.013259668508287293	0.00027624309392265195	0.0066298342541436465	0.031767955801104975	0.03149171270718232	0.0005524861878453039	0.02430939226519337	0.021270718232044197	0.021270718232044197	0.0	0.019060773480662985	0.018508287292817678	0.022099447513812154	0.0	0.01685082872928177	0.0	0.017403314917127072	0.0	0.011325966850828728	0.014640883977900553	0.017403314917127072	0.0	0.011878453038674033	0.03149171270718232	0.0022099447513812156	0.00027624309392265195	0.004143646408839779	0.026243093922651933	0.03784530386740331	0.0005524861878453039	0.021823204419889504
0.02016574585635359	0.021823204419889504	0.0005524861878453039	0.011325966850828728	0.027624309392265192	0.030939226519337018	0.00027624309392265195	0.023756906077348067	0.0	0.011049723756906077	0.0	0.007458563535911602	0.045303867403314914	0.047237569060773484	0.0008287292817679558	0.028729281767955802	0.027900552486187846	0.01574585635359116	0.00027624309392265195	0.011878453038674033	0.020441988950276244	0.01878453038674033	0.00027624309392265195	0.019337016574585635	0.0077348066298342545	0.007458563535911602	0.00027624309392265195	0.004419889502762431	0.039226519337016576	0.049723756906077346	0.0011049723756906078	0.04640883977900553	0.027348066298342542	0.012983425414364641	0.00027624309392265195	0.006906077348066298	0.030939226519337018	0.031215469613259668	0.0011049723756906078	0.024861878453038673	0.021270718232044197	0.020994475138121547	0.00027624309392265195	0.019060773480662985	0.017955801104972375	0.021823204419889504	0.0	0.017679558011049725	0.0	0.01712707182320442	0.0	0.011602209944751382	0.01408839779005525	0.017679558011049725	0.0	0.012154696132596685	0.031215469613259668	0.0022099447513812156	0.0005524861878453039	0.004143646408839779	0.026519337016574586	0.03784530386740331	0.00027624309392265195	0.021823204419889504
0.02016574585635359	0.022099447513812154	0.0005524861878453039	0.011049723756906077	0.02845303867403315	0.03038674033149171	0.0	0.023756906077348067	0.0	0.010773480662983425	0.0	0.0077348066298342545	0.044751381215469614	0.047237569060773484	0.0013812154696132596	0.028729281767955802	0.027900552486187846	0.01574585635359116	0.00027624309392265195	0.011878453038674033	0.020718232044198894	0.01878453038674033	0.00027624309392265195	0.019060773480662985	0.007458563535911602	0.008011049723756906	0.00027624309392265195	0.004143646408839779	0.039226519337016576	0.049171270718232046	0.0013812154696132596	0.04613259668508287	0.02707182320441989	0.01270718232044199	0.0005524861878453039	0.0071823204419889505	0.030939226519337018	0.03149171270718232	0.0005524861878453039	0.025138121546961326	0.020718232044198894	0.020994475138121547	0.0005524861878453039	0.019337016574585635	0.017955801104972375	0.021270718232044197	0.0	0.018232044198895028	0.0	0.01712707182320442	0.0	0.011602209944751382	0.013812154696132596	0.017403314917127072	0.00027624309392265195	0.012430939226519336	0.031215469613259668	0.0022099447513812156	0.0005524861878453039	0.004143646408839779	0.02707182320441989	0.03812154696132597	0.00027624309392265195	0.02154696132596685
0.02016574585635359	0.022099447513812154	0.0005524861878453039	0.011049723756906077	0.02707182320441989	0.03011049723756906	0.00027624309392265195	0.025138121546961326	0.0	0.011325966850828728	0.0	0.0071823204419889505	0.044475138121546964	0.04668508287292818	0.0016574585635359116	0.029281767955801105	0.027624309392265192	0.01574585635359116	0.0005524861878453039	0.011878453038674033	0.020718232044198894	0.019060773480662985	0.0	0.019060773480662985	0.007458563535911602	0.008011049723756906	0.00027624309392265195	0.004143646408839779	0.04005524861878453	0.05	0.0005524861878453039	0.04558011049723757	0.026519337016574586	0.013259668508287293	0.0011049723756906078	0.0066298342541436465	0.03149171270718232	0.03149171270718232	0.0	0.025138121546961326	0.021270718232044197	0.020441988950276244	0.00027624309392265195	0.019613259668508288	0.017955801104972375	0.02154696132596685	0.00027624309392265195	0.017679558011049725	0.0	0.01685082872928177	0.0	0.011878453038674033	0.01408839779005525	0.01574585635359116	0.0005524861878453039	0.013535911602209945	0.031215469613259668	0.0027624309392265192	0.0005524861878453039	0.0035911602209944752	0.02679558011049724	0.03812154696132597	0.00027624309392265195	0.02154696132596685
0.02016574585635359	0.021823204419889504	0.0005524861878453039	0.011325966850828728	0.02679558011049724	0.03038674033149171	0.0005524861878453039	0.024861878453038673	0.0	0.011049723756906077	0.0	0.007458563535911602	0.044751381215469614	0.04558011049723757	0.0013812154696132596	0.03038674033149171	0.027348066298342542	0.016022099447513812	0.0008287292817679558	0.011602209944751382	0.020441988950276244	0.01878453038674033	0.0005524861878453039	0.019060773480662985	0.0071823204419889505	0.008287292817679558	0.0	0.004419889502762431	0.03867403314917127	0.05	0.0011049723756906078	0.04640883977900553	0.025966850828729283	0.01408839779005525	0.0016574585635359116	0.005801104972375691	0.031767955801104975	0.031767955801104975	0.00027624309392265195	0.02430939226519337	0.021823204419889504	0.020441988950276244	0.00027624309392265195	0.019060773480662985	0.017679558011049725	0.021823204419889504	0.00027624309392265195	0.017679558011049725	0.0	0.017403314917127072	0.0	0.011325966850828728	0.013812154696132596	0.016022099447513812	0.0008287292817679558	0.013259668508287293	0.031215469613259668	0.0027624309392265192	0.0005524861878453039	0.0035911602209944752	0.02679558011049724	0.03784530386740331	0.00027624309392265195	0.021823204419889504
0.020441988950276244	0.021823204419889504	0.00027624309392265195	0.011325966850828728	0.027348066298342542	0.03038674033149171	0.00027624309392265195	0.024585635359116023	0.0	0.011049723756906077	0.0	0.007458563535911602	0.044751381215469614	0.04585635359116022	0.0013812154696132596	0.03011049723756906	0.02707182320441989	0.016298342541436465	0.0011049723756906078	0.011325966850828728	0.019889502762430938	0.019060773480662985	0.0005524861878453039	0.019337016574585635	0.0071823204419889505	0.008287292817679558	0.0	0.004419889502762431	0.036740331491712706	0.051933701657458566	0.0008287292817679558	0.04640883977900553	0.026243093922651933	0.013535911602209945	0.0013812154696132596	0.006353591160220995	0.032044198895027624	0.031215469613259668	0.0	0.024861878453038673	0.02154696132596685	0.021270718232044197	0.00027624309392265195	0.018508287292817678	0.01712707182320442	0.022651933701657457	0.00027624309392265195	0.017403314917127072	0.0	0.017403314917127072	0.0	0.011325966850828728	0.014640883977900553	0.01574585635359116	0.00027624309392265195	0.013259668508287293	0.03149171270718232	0.002486187845303867	0.00027624309392265195	0.0038674033149171273	0.02707182320441989	0.03784530386740331	0.00027624309392265195	0.021823204419889504
0.019889502762430938	0.02154696132596685	0.0008287292817679558	0.011602209944751382	0.02707182320441989	0.03149171270718232	0.00027624309392265195	0.023756906077348067	0.0	0.011602209944751382	0.0	0.006906077348066298	0.045027624309392264	0.04585635359116022	0.0011049723756906078	0.03011049723756906	0.02707182320441989	0.01685082872928177	0.0011049723756906078	0.010773480662983425	0.02016574585635359	0.018508287292817678	0.0	0.02016574585635359	0.006906077348066298	0.008287292817679558	0.0	0.004696132596685083	0.037016574585635356	0.052486187845303865	0.0005524861878453039	0.04613259668508287	0.026243093922651933	0.013535911602209945	0.0013812154696132596	0.006353591160220995	0.031215469613259668	0.030662983425414365	0.00027624309392265195	0.025966850828729283	0.020441988950276244	0.021270718232044197	0.0005524861878453039	0.019337016574585635	0.017955801104972375	0.022099447513812154	0.00027624309392265195	0.01712707182320442	0.0	0.01712707182320442	0.0	0.011602209944751382	0.014917127071823204	0.014917127071823204	0.00027624309392265195	0.013812154696132596	0.031215469613259668	0.0030386740331491712	0.0005524861878453039	0.0033149171270718232	0.02679558011049724	0.03756906077348066	0.00027624309392265195	0.022099447513812154
0.019613259668508288	0.02154696132596685	0.0011049723756906078	0.011602209944751382	0.02679558011049724	0.031215469613259668	0.0	0.024585635359116023	0.0	0.011602209944751382	0.0	0.006906077348066298	0.045027624309392264	0.04585635359116022	0.0011049723756906078	0.03011049723756906	0.02707182320441989	0.016298342541436465	0.0011049723756906078	0.011325966850828728	0.019337016574585635	0.017955801104972375	0.00027624309392265195	0.021270718232044197	0.006906077348066298	0.008011049723756906	0.0	0.004972375690607734	0.034806629834254144	0.05331491712707182	0.0011049723756906078	0.04585635359116022	0.02679558011049724	0.013259668508287293	0.0008287292817679558	0.0066298342541436465	0.03149171270718232	0.03038674033149171	0.0	0.026243093922651933	0.020441988950276244	0.020994475138121547	0.00027624309392265195	0.019889502762430938	0.017403314917127072	0.022375690607734807	0.00027624309392265195	0.017403314917127072	0.0	0.01712707182320442	0.0	0.011602209944751382	0.015193370165745856	0.014364640883977901	0.00027624309392265195	0.01408839779005525	0.030939226519337018	0.0027624309392265192	0.0008287292817679558	0.0035911602209944752	0.027900552486187846	0.03812154696132597	0.00027624309392265195	0.02154696132596685
0.019889502762430938	0.02154696132596685	0.0008287292817679558	0.011602209944751382	0.025966850828729283	0.031215469613259668	0.00027624309392265195	0.025138121546961326	0.0	0.011325966850828728	0.0	0.0071823204419889505	0.044751381215469614	0.04640883977900553	0.0013812154696132596	0.02955801104972376	0.02679558011049724	0.016298342541436465	0.0013812154696132596	0.011325966850828728	0.019889502762430938	0.017955801104972375	0.0005524861878453039	0.020441988950276244	0.0066298342541436465	0.008011049723756906	0.0	0.005248618784530387	0.0356353591160221	0.05441988950276243	0.00027624309392265195	0.044475138121546964	0.02679558011049724	0.013535911602209945	0.0008287292817679558	0.006353591160220995	0.030939226519337018	0.030662983425414365	0.0005524861878453039	0.025966850828729283	0.019613259668508288	0.021270718232044197	0.0005524861878453039	0.02016574585635359	0.01712707182320442	0.022651933701657457	0.0	0.017679558011049725	0.0	0.017403314917127072	0.0	0.011325966850828728	0.014917127071823204	0.014364640883977901	0.0005524861878453039	0.01408839779005525	0.030939226519337018	0.0027624309392265192	0.0008287292817679558	0.0035911602209944752	0.02845303867403315	0.036740331491712706	0.0	0.02292817679558011
0.019613259668508288	0.02154696132596685	0.0011049723756906078	0.011602209944751382	0.024585635359116023	0.031767955801104975	0.00027624309392265195	0.025966850828729283	0.0	0.011878453038674033	0.0	0.0066298342541436465	0.044475138121546964	0.04558011049723757	0.0016574585635359116	0.03038674033149171	0.026519337016574586	0.016298342541436465	0.0016574585635359116	0.011325966850828728	0.021270718232044197	0.016574585635359115	0.0005524861878453039	0.020441988950276244	0.006353591160220995	0.008011049723756906	0.0	0.0055248618784530384	0.03729281767955801	0.05331491712707182	0.00027624309392265195	0.044475138121546964	0.02707182320441989	0.01270718232044199	0.0005524861878453039	0.0071823204419889505	0.030662983425414365	0.032320441988950274	0.0008287292817679558	0.02430939226519337	0.020441988950276244	0.020994475138121547	0.00027624309392265195	0.019889502762430938	0.01685082872928177	0.023204419889502764	0.0	0.017403314917127072	0.0	0.01712707182320442	0.0	0.011602209944751382	0.015469613259668509	0.013535911602209945	0.0	0.014917127071823204	0.031215469613259668	0.0027624309392265192	0.0005524861878453039	0.0035911602209944752	0.027624309392265192	0.037016574585635356	0.00027624309392265195	0.022651933701657457
0.019337016574585635	0.022375690607734807	0.0013812154696132596	0.010773480662983425	0.02430939226519337	0.031767955801104975	0.0	0.026519337016574586	0.0	0.012154696132596685	0.0	0.006353591160220995	0.044751381215469614	0.044751381215469614	0.0013812154696132596	0.031215469613259668	0.026243093922651933	0.01574585635359116	0.0019337016574585636	0.011878453038674033	0.020994475138121547	0.016574585635359115	0.00027624309392265195	0.020994475138121547	0.006353591160220995	0.008011049723756906	0.0	0.0055248618784530384	0.03784530386740331	0.05359116022099448	0.00027624309392265195	0.04364640883977901	0.027348066298342542	0.013259668508287293	0.00027624309392265195	0.0066298342541436465	0.030939226519337018	0.032320441988950274	0.0011049723756906078	0.023756906077348067	0.020994475138121547	0.020994475138121547	0.0	0.019613259668508288	0.01712707182320442	0.023204419889502764	0.0	0.01712707182320442	0.0	0.01712707182320442	0.0	0.011602209944751382	0.015469613259668509	0.013259668508287293	0.0	0.015193370165745856	0.031215469613259668	0.0030386740331491712	0.0005524861878453039	0.0033149171270718232	0.027624309392265192	0.03756906077348066	0.00027624309392265195	0.022099447513812154
0.019889502762430938	0.022651933701657457	0.0008287292817679558	0.010497237569060774	0.024585635359116023	0.03038674033149171	0.0	0.027624309392265192	0.0	0.011602209944751382	0.0	0.006906077348066298	0.044751381215469614	0.044751381215469614	0.0013812154696132596	0.031215469613259668	0.02707182320441989	0.015469613259668509	0.0011049723756906078	0.012154696132596685	0.019889502762430938	0.01712707182320442	0.00027624309392265195	0.02154696132596685	0.006353591160220995	0.0077348066298342545	0.0	0.005801104972375691	0.03784530386740331	0.055248618784530384	0.00027624309392265195	0.041988950276243095	0.027348066298342542	0.013259668508287293	0.00027624309392265195	0.0066298342541436465	0.030939226519337018	0.03149171270718232	0.0011049723756906078	0.024585635359116023	0.020718232044198894	0.02016574585635359	0.00027624309392265195	0.020441988950276244	0.016574585635359115	0.023204419889502764	0.0	0.017679558011049725	0.0	0.017403314917127072	0.0	0.011325966850828728	0.015469613259668509	0.012983425414364641	0.0	0.015469613259668509	0.031215469613259668	0.0030386740331491712	0.0005524861878453039	0.0033149171270718232	0.027348066298342542	0.036464088397790057	0.0005524861878453039	0.023204419889502764
0.02016574585635359	0.022651933701657457	0.0005524861878453039	0.010497237569060774	0.024585635359116023	0.02955801104972376	0.00027624309392265195	0.0281767955801105	0.0	0.011602209944751382	0.0	0.006906077348066298	0.044751381215469614	0.044475138121546964	0.0013812154696132596	0.03149171270718232	0.02707182320441989	0.01574585635359116	0.0011049723756906078	0.011878453038674033	0.019889502762430938	0.01685082872928177	0.00027624309392265195	0.021823204419889504	0.006353591160220995	0.008011049723756906	0.0	0.0055248618784530384	0.03839779005524862	0.054972375690607735	0.00027624309392265195	0.042265193370165745	0.027624309392265192	0.013812154696132596	0.0	0.0060773480662983425	0.031215469613259668	0.032044198895027624	0.00027624309392265195	0.024585635359116023	0.020994475138121547	0.020718232044198894	0.0005524861878453039	0.019337016574585635	0.016574585635359115	0.022651933701657457	0.0	0.018232044198895028	0.0	0.017403314917127072	0.0	0.011325966850828728	0.01574585635359116	0.012430939226519336	0.0	0.01574585635359116	0.031215469613259668	0.0030386740331491712	0.0005524861878453039	0.0033149171270718232	0.02679558011049724	0.036740331491712706	0.0005524861878453039	0.02292817679558011
0.02016574585635359	0.022651933701657457	0.0005524861878453039	0.010497237569060774	0.024033149171270717	0.0281767955801105	0.0005524861878453039	0.02983425414364641	0.0	0.011878453038674033	0.0	0.0066298342541436465	0.044475138121546964	0.045303867403314914	0.0016574585635359116	0.030662983425414365	0.02707182320441989	0.016298342541436465	0.0011049723756906078	0.011325966850828728	0.019337016574585635	0.01712707182320442	0.0008287292817679558	0.02154696132596685	0.006353591160220995	0.008287292817679558	0.0	0.005248618784530387	0.03867403314917127	0.054972375690607735	0.00027624309392265195	0.042265193370165745	0.027348066298342542	0.013535911602209945	0.00027624309392265195	0.006353591160220995	0.03149171270718232	0.032044198895027624	0.0005524861878453039	0.024033149171270717	0.020441988950276244	0.020718232044198894	0.0008287292817679558	0.019613259668508288	0.01685082872928177	0.023204419889502764	0.0	0.017403314917127072	0.0	0.017403314917127072	0.0	0.011325966850828728	0.01574585635359116	0.012430939226519336	0.0	0.01574585635359116	0.031215469613259668	0.0030386740331491712	0.0005524861878453039	0.0033149171270718232	0.02707182320441989	0.037016574585635356	0.0	0.022651933701657457
0.020441988950276244	0.022651933701657457	0.00027624309392265195	0.010497237569060774	0.023756906077348067	0.02845303867403315	0.0008287292817679558	0.02955801104972376	0.0	0.011878453038674033	0.0	0.0066298342541436465	0.044751381215469614	0.04640883977900553	0.0013812154696132596	0.02955801104972376	0.02707182320441989	0.016574585635359115	0.0011049723756906078	0.011049723756906077	0.019613259668508288	0.017679558011049725	0.0005524861878453039	0.020994475138121547	0.006353591160220995	0.008287292817679558	0.0	0.005248618784530387	0.039226519337016576	0.054696132596685085	0.0008287292817679558	0.042265193370165745	0.02679558011049724	0.013535911602209945	0.0008287292817679558	0.006353591160220995	0.030662983425414365	0.031767955801104975	0.00027624309392265195	0.02541436464088398	0.02154696132596685	0.020441988950276244	0.0005524861878453039	0.019060773480662985	0.016298342541436465	0.022651933701657457	0.00027624309392265195	0.018232044198895028	0.0	0.017955801104972375	0.0	0.010773480662983425	0.016022099447513812	0.01270718232044199	0.0005524861878453039	0.014640883977900553	0.03149171270718232	0.0027624309392265192	0.00027624309392265195	0.0035911602209944752	0.026243093922651933	0.036740331491712706	0.0	0.02292817679558011
0.020441988950276244	0.02292817679558011	0.00027624309392265195	0.010220994475138122	0.024033149171270717	0.027900552486187846	0.0011049723756906078	0.02955801104972376	0.0	0.011049723756906077	0.0	0.007458563535911602	0.044751381215469614	0.04613259668508287	0.0013812154696132596	0.02983425414364641	0.02707182320441989	0.016574585635359115	0.0011049723756906078	0.011049723756906077	0.019613259668508288	0.018232044198895028	0.0008287292817679558	0.02016574585635359	0.006353591160220995	0.00856353591160221	0.0	0.004972375690607734	0.039779005524861875	0.05552486187845304	0.0008287292817679558	0.04143646408839779	0.027348066298342542	0.013535911602209945	0.00027624309392265195	0.006353591160220995	0.031215469613259668	0.030939226519337018	0.00027624309392265195	0.02569060773480663	0.022099447513812154	0.020994475138121547	0.00027624309392265195	0.018232044198895028	0.016298342541436465	0.023204419889502764	0.0	0.017955801104972375	0.0	0.017955801104972375	0.0	0.010773480662983425	0.016022099447513812	0.011878453038674033	0.0008287292817679558	0.015193370165745856	0.030662983425414365	0.0027624309392265192	0.0011049723756906078	0.0035911602209944752	0.02569060773480663	0.037016574585635356	0.0	0.022651933701657457
0.020718232044198894	0.023204419889502764	0.0	0.009944751381215469	0.024861878453038673	0.027624309392265192	0.0008287292817679558	0.029281767955801105	0.0	0.010773480662983425	0.0	0.0077348066298342545	0.04585635359116022	0.047237569060773484	0.00027624309392265195	0.028729281767955802	0.027348066298342542	0.016022099447513812	0.0008287292817679558	0.011602209944751382	0.019337016574585635	0.01878453038674033	0.0008287292817679558	0.019889502762430938	0.0060773480662983425	0.008839779005524863	0.0	0.004972375690607734	0.04033149171270718	0.054972375690607735	0.0008287292817679558	0.041712707182320445	0.027348066298342542	0.013259668508287293	0.00027624309392265195	0.0066298342541436465	0.031215469613259668	0.030939226519337018	0.00027624309392265195	0.02569060773480663	0.021823204419889504	0.022651933701657457	0.0	0.01712707182320442	0.01574585635359116	0.023480662983425413	0.0	0.018232044198895028	0.0	0.017955801104972375	0.0	0.010773480662983425	0.01685082872928177	0.012430939226519336	0.00027624309392265195	0.014364640883977901	0.03011049723756906	0.002486187845303867	0.0016574585635359116	0.0038674033149171273	0.02541436464088398	0.03756906077348066	0.0	0.022099447513812154
0.020718232044198894	0.022651933701657457	0.0	0.010497237569060774	0.02541436464088398	0.027900552486187846	0.00027624309392265195	0.029005524861878452	0.0	0.010497237569060774	0.0	0.008011049723756906	0.04558011049723757	0.04806629834254143	0.0005524861878453039	0.027900552486187846	0.027900552486187846	0.015469613259668509	0.00027624309392265195	0.012154696132596685	0.017679558011049725	0.019613259668508288	0.0008287292817679558	0.020718232044198894	0.0060773480662983425	0.008839779005524863	0.0	0.004972375690607734	0.04143646408839779	0.05552486187845304	0.0005524861878453039	0.04143646408839779	0.027624309392265192	0.013259668508287293	0.0	0.0066298342541436465	0.031215469613259668	0.03149171270718232	0.00027624309392265195	0.025138121546961326	0.022375690607734807	0.021823204419889504	0.0	0.017403314917127072	0.016022099447513812	0.02292817679558011	0.0	0.018508287292817678	0.0	0.017955801104972375	0.0	0.010773480662983425	0.016574585635359115	0.01270718232044199	0.00027624309392265195	0.014364640883977901	0.03011049723756906	0.002486187845303867	0.0016574585635359116	0.0038674033149171273	0.024033149171270717	0.03756906077348066	0.00027624309392265195	0.022099447513812154
0.020718232044198894	0.022651933701657457	0.0	0.010497237569060774	0.026243093922651933	0.02679558011049724	0.0005524861878453039	0.029005524861878452	0.0	0.010497237569060774	0.0	0.008011049723756906	0.045303867403314914	0.04834254143646409	0.0008287292817679558	0.027624309392265192	0.027624309392265192	0.01574585635359116	0.0005524861878453039	0.011878453038674033	0.018508287292817678	0.019060773480662985	0.0005524861878453039	0.020718232044198894	0.006353591160220995	0.008839779005524863	0.0	0.004696132596685083	0.04392265193370166	0.05441988950276243	0.00027624309392265195	0.04116022099447514	0.027348066298342542	0.013535911602209945	0.00027624309392265195	0.006353591160220995	0.031767955801104975	0.03038674033149171	0.0005524861878453039	0.02541436464088398	0.022651933701657457	0.022651933701657457	0.0	0.016298342541436465	0.016298342541436465	0.022651933701657457	0.0	0.018508287292817678	0.0	0.018508287292817678	0.0	0.010220994475138122	0.016574585635359115	0.01270718232044199	0.0	0.014640883977900553	0.02955801104972376	0.002486187845303867	0.0022099447513812156	0.0038674033149171273	0.023204419889502764	0.037016574585635356	0.00027624309392265195	0.022651933701657457
0.020718232044198894	0.02292817679558011	0.0	0.010220994475138122	0.02707182320441989	0.025138121546961326	0.00027624309392265195	0.03011049723756906	0.0	0.010773480662983425	0.0	0.0077348066298342545	0.044751381215469614	0.04834254143646409	0.0013812154696132596	0.027624309392265192	0.02707182320441989	0.016574585635359115	0.0011049723756906078	0.011049723756906077	0.018508287292817678	0.01878453038674033	0.0005524861878453039	0.020994475138121547	0.006353591160220995	0.008839779005524863	0.0	0.004696132596685083	0.04392265193370166	0.054972375690607735	0.0005524861878453039	0.039779005524861875	0.027348066298342542	0.013812154696132596	0.00027624309392265195	0.0060773480662983425	0.032044198895027624	0.03038674033149171	0.0008287292817679558	0.024861878453038673	0.021823204419889504	0.022375690607734807	0.00027624309392265195	0.01712707182320442	0.01685082872928177	0.023204419889502764	0.0	0.017403314917127072	0.0	0.018508287292817678	0.0	0.010220994475138122	0.015469613259668509	0.012430939226519336	0.0005524861878453039	0.015469613259668509	0.02955801104972376	0.002486187845303867	0.0022099447513812156	0.0038674033149171273	0.023756906077348067	0.03618784530386741	0.00027624309392265195	0.023480662983425413
0.02016574585635359	0.022099447513812154	0.0005524861878453039	0.011049723756906077	0.026519337016574586	0.02569060773480663	0.00027624309392265195	0.03011049723756906	0.0	0.010773480662983425	0.0	0.0077348066298342545	0.04392265193370166	0.04779005524861878	0.0022099447513812156	0.0281767955801105	0.027348066298342542	0.016022099447513812	0.0008287292817679558	0.011602209944751382	0.019060773480662985	0.019060773480662985	0.00027624309392265195	0.020441988950276244	0.006353591160220995	0.008287292817679558	0.0	0.005248618784530387	0.04419889502762431	0.05552486187845304	0.0005524861878453039	0.03839779005524862	0.027348066298342542	0.01408839779005525	0.00027624309392265195	0.005801104972375691	0.032044198895027624	0.030939226519337018	0.0008287292817679558	0.02430939226519337	0.02154696132596685	0.022651933701657457	0.0005524861878453039	0.01685082872928177	0.017403314917127072	0.023480662983425413	0.00027624309392265195	0.016298342541436465	0.0	0.018232044198895028	0.0	0.010497237569060774	0.01574585635359116	0.01270718232044199	0.00027624309392265195	0.015193370165745856	0.03038674033149171	0.0027624309392265192	0.0013812154696132596	0.0035911602209944752	0.02430939226519337	0.03618784530386741	0.00027624309392265195	0.023480662983425413
0.02016574585635359	0.02154696132596685	0.0005524861878453039	0.011602209944751382	0.026519337016574586	0.02569060773480663	0.00027624309392265195	0.03011049723756906	0.0	0.010773480662983425	0.0	0.0077348066298342545	0.044475138121546964	0.049171270718232046	0.0016574585635359116	0.02679558011049724	0.02707182320441989	0.015469613259668509	0.0011049723756906078	0.012154696132596685	0.01878453038674033	0.02016574585635359	0.00027624309392265195	0.019613259668508288	0.0060773480662983425	0.008011049723756906	0.0	0.005801104972375691	0.04419889502762431	0.057458563535911604	0.00027624309392265195	0.036464088397790057	0.02679558011049724	0.01408839779005525	0.0008287292817679558	0.005801104972375691	0.030662983425414365	0.030662983425414365	0.0011049723756906078	0.02569060773480663	0.020718232044198894	0.023756906077348067	0.0005524861878453039	0.016574585635359115	0.017955801104972375	0.02292817679558011	0.0	0.016574585635359115	0.0	0.01878453038674033	0.0	0.009944751381215469	0.015193370165745856	0.01270718232044199	0.0005524861878453039	0.015469613259668509	0.030662983425414365	0.0027624309392265192	0.0011049723756906078	0.0035911602209944752	0.024585635359116023	0.036464088397790057	0.00027624309392265195	0.023204419889502764
0.02016574585635359	0.022099447513812154	0.0005524861878453039	0.011049723756906077	0.025966850828729283	0.025966850828729283	0.00027624309392265195	0.03038674033149171	0.0	0.011049723756906077	0.0	0.007458563535911602	0.045027624309392264	0.04779005524861878	0.0011049723756906078	0.0281767955801105	0.027348066298342542	0.014917127071823204	0.0008287292817679558	0.01270718232044199	0.01878453038674033	0.020441988950276244	0.00027624309392265195	0.019337016574585635	0.0060773480662983425	0.008287292817679558	0.0	0.0055248618784530384	0.04392265193370166	0.05718232044198895	0.00027624309392265195	0.03784530386740331	0.026519337016574586	0.01408839779005525	0.0011049723756906078	0.005801104972375691	0.03038674033149171	0.032044198895027624	0.0008287292817679558	0.024861878453038673	0.020441988950276244	0.02430939226519337	0.00027624309392265195	0.016574585635359115	0.01712707182320442	0.023480662983425413	0.0	0.01685082872928177	0.0	0.018508287292817678	0.0	0.010220994475138122	0.014917127071823204	0.013259668508287293	0.00027624309392265195	0.015469613259668509	0.031215469613259668	0.0027624309392265192	0.0005524861878453039	0.0035911602209944752	0.023480662983425413	0.037016574585635356	0.0005524861878453039	0.022651933701657457
0.02016574585635359	0.021823204419889504	0.0005524861878453039	0.011325966850828728	0.02569060773480663	0.026519337016574586	0.00027624309392265195	0.03011049723756906	0.0	0.010220994475138122	0.0	0.008287292817679558	0.045027624309392264	0.04751381215469613	0.0011049723756906078	0.02845303867403315	0.027348066298342542	0.015193370165745856	0.0008287292817679558	0.012430939226519336	0.017679558011049725	0.022099447513812154	0.0005524861878453039	0.018508287292817678	0.0060773480662983425	0.00856353591160221	0.0	0.005248618784530387	0.04392265193370166	0.05718232044198895	0.0005524861878453039	0.03729281767955801	0.02679558011049724	0.01408839779005525	0.0008287292817679558	0.005801104972375691	0.03038674033149171	0.03149171270718232	0.0008287292817679558	0.02541436464088398	0.019889502762430938	0.024861878453038673	0.00027624309392265195	0.016574585635359115	0.016574585635359115	0.02430939226519337	0.00027624309392265195	0.016298342541436465	0.0	0.019060773480662985	0.0	0.009668508287292817	0.015469613259668509	0.013535911602209945	0.00027624309392265195	0.014640883977900553	0.030939226519337018	0.002486187845303867	0.0008287292817679558	0.0038674033149171273	0.023480662983425413	0.03729281767955801	0.0008287292817679558	0.022375690607734807
0.019889502762430938	0.02154696132596685	0.0008287292817679558	0.011602209944751382	0.026243093922651933	0.026243093922651933	0.00027624309392265195	0.02983425414364641	0.0	0.010220994475138122	0.0	0.008287292817679558	0.04585635359116022	0.04834254143646409	0.00027624309392265195	0.027624309392265192	0.026519337016574586	0.016022099447513812	0.0016574585635359116	0.011602209944751382	0.017679558011049725	0.02154696132596685	0.0005524861878453039	0.019060773480662985	0.006353591160220995	0.008839779005524863	0.0	0.004696132596685083	0.044751381215469614	0.05662983425414365	0.0011049723756906078	0.037016574585635356	0.02707182320441989	0.014364640883977901	0.0005524861878453039	0.0055248618784530384	0.031215469613259668	0.03149171270718232	0.0005524861878453039	0.024861878453038673	0.019889502762430938	0.025138121546961326	0.00027624309392265195	0.016298342541436465	0.01685082872928177	0.024033149171270717	0.00027624309392265195	0.016298342541436465	0.0	0.019060773480662985	0.0	0.009668508287292817	0.015193370165745856	0.01408839779005525	0.00027624309392265195	0.014364640883977901	0.031215469613259668	0.002486187845303867	0.0005524861878453039	0.0038674033149171273	0.02292817679558011	0.037016574585635356	0.0008287292817679558	0.022651933701657457
0.020441988950276244	0.020994475138121547	0.00027624309392265195	0.012154696132596685	0.026519337016574586	0.02569060773480663	0.0005524861878453039	0.02983425414364641	0.0	0.009668508287292817	0.0	0.008839779005524863	0.045303867403314914	0.04806629834254143	0.0008287292817679558	0.027900552486187846	0.026519337016574586	0.016574585635359115	0.0016574585635359116	0.011049723756906077	0.018232044198895028	0.02154696132596685	0.00027624309392265195	0.01878453038674033	0.0066298342541436465	0.008287292817679558	0.0	0.004972375690607734	0.04392265193370166	0.058011049723756904	0.0005524861878453039	0.036740331491712706	0.02707182320441989	0.014364640883977901	0.0005524861878453039	0.0055248618784530384	0.031215469613259668	0.031767955801104975	0.0	0.025138121546961326	0.019613259668508288	0.02430939226519337	0.0008287292817679558	0.01685082872928177	0.01712707182320442	0.023480662983425413	0.0	0.01685082872928177	0.0	0.019337016574585635	0.0	0.009392265193370166	0.014364640883977901	0.014917127071823204	0.00027624309392265195	0.014364640883977901	0.03149171270718232	0.002486187845303867	0.00027624309392265195	0.0038674033149171273	0.023756906077348067	0.036464088397790057	0.00027624309392265195	0.023204419889502764
0.020441988950276244	0.020441988950276244	0.00027624309392265195	0.01270718232044199	0.026519337016574586	0.025966850828729283	0.0005524861878453039	0.02955801104972376	0.0	0.009944751381215469	0.0	0.00856353591160221	0.04558011049723757	0.049171270718232046	0.0005524861878453039	0.02679558011049724	0.026519337016574586	0.016298342541436465	0.0016574585635359116	0.011325966850828728	0.018232044198895028	0.022375690607734807	0.0005524861878453039	0.017679558011049725	0.0066298342541436465	0.008011049723756906	0.0	0.005248618784530387	0.041988950276243095	0.058011049723756904	0.0005524861878453039	0.03756906077348066	0.02707182320441989	0.01408839779005525	0.0005524861878453039	0.005801104972375691	0.03149171270718232	0.030662983425414365	0.0	0.025966850828729283	0.019060773480662985	0.024585635359116023	0.0011049723756906078	0.01685082872928177	0.017679558011049725	0.023204419889502764	0.0	0.016574585635359115	0.0	0.019337016574585635	0.0	0.009392265193370166	0.014364640883977901	0.014917127071823204	0.0	0.014640883977900553	0.031215469613259668	0.0027624309392265192	0.0005524861878453039	0.0035911602209944752	0.024861878453038673	0.037016574585635356	0.00027624309392265195	0.022651933701657457
0.02016574585635359	0.02016574585635359	0.0005524861878453039	0.012983425414364641	0.027348066298342542	0.02541436464088398	0.0	0.02983425414364641	0.0	0.009944751381215469	0.0	0.00856353591160221	0.045303867403314914	0.04834254143646409	0.0008287292817679558	0.027624309392265192	0.026519337016574586	0.016298342541436465	0.0016574585635359116	0.011325966850828728	0.018232044198895028	0.022375690607734807	0.0005524861878453039	0.017679558011049725	0.0060773480662983425	0.0077348066298342545	0.00027624309392265195	0.005801104972375691	0.0430939226519337	0.05662983425414365	0.0005524861878453039	0.03812154696132597	0.02707182320441989	0.014640883977900553	0.0005524861878453039	0.005248618784530387	0.03149171270718232	0.030662983425414365	0.00027624309392265195	0.02569060773480663	0.019060773480662985	0.024861878453038673	0.0011049723756906078	0.016574585635359115	0.017403314917127072	0.023204419889502764	0.0	0.01685082872928177	0.0	0.01878453038674033	0.0	0.009944751381215469	0.014640883977900553	0.014640883977900553	0.0	0.014640883977900553	0.031215469613259668	0.0027624309392265192	0.0005524861878453039	0.0035911602209944752	0.024585635359116023	0.036740331491712706	0.00027624309392265195	0.02292817679558011
0.02016574585635359	0.020994475138121547	0.0005524861878453039	0.012154696132596685	0.02569060773480663	0.026243093922651933	0.0008287292817679558	0.02983425414364641	0.0	0.010220994475138122	0.0	0.008287292817679558	0.04558011049723757	0.04834254143646409	0.0005524861878453039	0.027624309392265192	0.02707182320441989	0.01712707182320442	0.0011049723756906078	0.010497237569060774	0.018232044198895028	0.022099447513812154	0.0008287292817679558	0.017679558011049725	0.0060773480662983425	0.008011049723756906	0.00027624309392265195	0.0055248618784530384	0.045303867403314914	0.05331491712707182	0.0	0.039779005524861875	0.027348066298342542	0.014917127071823204	0.00027624309392265195	0.004972375690607734	0.030939226519337018	0.02983425414364641	0.0005524861878453039	0.02679558011049724	0.019060773480662985	0.024033149171270717	0.0013812154696132596	0.01712707182320442	0.017955801104972375	0.022375690607734807	0.0	0.01712707182320442	0.0	0.01878453038674033	0.0	0.009944751381215469	0.014640883977900553	0.01408839779005525	0.00027624309392265195	0.014917127071823204	0.031215469613259668	0.0027624309392265192	0.0005524861878453039	0.0035911602209944752	0.024861878453038673	0.03591160220994475	0.0	0.023756906077348067
0.02016574585635359	0.020994475138121547	0.0005524861878453039	0.012154696132596685	0.026243093922651933	0.026243093922651933	0.0008287292817679558	0.029281767955801105	0.0	0.010497237569060774	0.0	0.008011049723756906	0.045303867403314914	0.04779005524861878	0.0008287292817679558	0.0281767955801105	0.027624309392265192	0.016574585635359115	0.0005524861878453039	0.011049723756906077	0.019060773480662985	0.02154696132596685	0.0008287292817679558	0.017403314917127072	0.006353591160220995	0.008011049723756906	0.0	0.0055248618784530384	0.04364640883977901	0.05331491712707182	0.0005524861878453039	0.04060773480662983	0.027348066298342542	0.015193370165745856	0.00027624309392265195	0.004696132596685083	0.03038674033149171	0.02983425414364641	0.0005524861878453039	0.027348066298342542	0.019889502762430938	0.023480662983425413	0.0011049723756906078	0.01712707182320442	0.01712707182320442	0.022375690607734807	0.0005524861878453039	0.017403314917127072	0.0	0.01878453038674033	0.0	0.009944751381215469	0.014364640883977901	0.014917127071823204	0.00027624309392265195	0.014364640883977901	0.03038674033149171	0.0033149171270718232	0.0013812154696132596	0.0030386740331491712	0.025138121546961326	0.03535911602209945	0.0	0.02430939226519337
0.020441988950276244	0.021270718232044197	0.00027624309392265195	0.011878453038674033	0.025966850828729283	0.026519337016574586	0.0011049723756906078	0.029005524861878452	0.0	0.010497237569060774	0.0	0.008011049723756906	0.04558011049723757	0.04751381215469613	0.0005524861878453039	0.02845303867403315	0.027348066298342542	0.01685082872928177	0.0008287292817679558	0.010773480662983425	0.019889502762430938	0.020718232044198894	0.00027624309392265195	0.017955801104972375	0.0060773480662983425	0.008287292817679558	0.0	0.0055248618784530384	0.04392265193370166	0.05165745856353591	0.0008287292817679558	0.04143646408839779	0.027348066298342542	0.014917127071823204	0.00027624309392265195	0.004972375690607734	0.03011049723756906	0.029281767955801105	0.0005524861878453039	0.0281767955801105	0.019060773480662985	0.02430939226519337	0.0011049723756906078	0.01712707182320442	0.016298342541436465	0.022099447513812154	0.0008287292817679558	0.018232044198895028	0.0	0.018508287292817678	0.0	0.010220994475138122	0.014917127071823204	0.014640883977900553	0.00027624309392265195	0.01408839779005525	0.030662983425414365	0.0033149171270718232	0.0011049723756906078	0.0030386740331491712	0.02541436464088398	0.03535911602209945	0.0	0.02430939226519337
0.020441988950276244	0.02016574585635359	0.00027624309392265195	0.012983425414364641	0.026519337016574586	0.026243093922651933	0.0008287292817679558	0.029005524861878452	0.0	0.010773480662983425	0.0	0.0077348066298342545	0.045303867403314914	0.04751381215469613	0.0008287292817679558	0.02845303867403315	0.027348066298342542	0.01685082872928177	0.0008287292817679558	0.010773480662983425	0.019889502762430938	0.019889502762430938	0.00027624309392265195	0.01878453038674033	0.006353591160220995	0.008287292817679558	0.0	0.005248618784530387	0.04613259668508287	0.05027624309392265	0.0008287292817679558	0.041712707182320445	0.027624309392265192	0.014917127071823204	0.0	0.004972375690607734	0.031215469613259668	0.029005524861878452	0.00027624309392265195	0.027624309392265192	0.01878453038674033	0.02430939226519337	0.0013812154696132596	0.01712707182320442	0.01574585635359116	0.02292817679558011	0.0008287292817679558	0.017955801104972375	0.0	0.018508287292817678	0.0	0.010220994475138122	0.014917127071823204	0.014640883977900553	0.00027624309392265195	0.01408839779005525	0.031215469613259668	0.0035911602209944752	0.0005524861878453039	0.0027624309392265192	0.02430939226519337	0.03591160220994475	0.0	0.023756906077348067
0.020441988950276244	0.020441988950276244	0.00027624309392265195	0.01270718232044199	0.02707182320441989	0.026519337016574586	0.00027624309392265195	0.028729281767955802	0.0	0.011049723756906077	0.0	0.007458563535911602	0.045303867403314914	0.04779005524861878	0.0008287292817679558	0.0281767955801105	0.027348066298342542	0.01685082872928177	0.0008287292817679558	0.010773480662983425	0.020441988950276244	0.019613259668508288	0.0005524861878453039	0.018232044198895028	0.0066298342541436465	0.009116022099447514	0.0	0.004143646408839779	0.04613259668508287	0.05082872928176796	0.0008287292817679558	0.04116022099447514	0.02707182320441989	0.014640883977900553	0.0005524861878453039	0.005248618784530387	0.030939226519337018	0.02955801104972376	0.00027624309392265195	0.027348066298342542	0.01878453038674033	0.024033149171270717	0.0013812154696132596	0.017403314917127072	0.016022099447513812	0.022651933701657457	0.0005524861878453039	0.018232044198895028	0.0	0.017955801104972375	0.0	0.010773480662983425	0.014640883977900553	0.014640883977900553	0.0005524861878453039	0.01408839779005525	0.03038674033149171	0.0035911602209944752	0.0013812154696132596	0.0027624309392265192	0.02430939226519337	0.036740331491712706	0.0	0.02292817679558011
0.020441988950276244	0.02016574585635359	0.00027624309392265195	0.012983425414364641	0.02679558011049724	0.027348066298342542	0.0	0.02845303867403315	0.0	0.010773480662983425	0.0	0.0077348066298342545	0.045027624309392264	0.04751381215469613	0.0011049723756906078	0.02845303867403315	0.027348066298342542	0.01685082872928177	0.0008287292817679558	0.010773480662983425	0.020994475138121547	0.02016574585635359	0.0	0.017679558011049725	0.0066298342541436465	0.008287292817679558	0.0005524861878453039	0.004419889502762431	0.04640883977900553	0.05027624309392265	0.00027624309392265195	0.041988950276243095	0.02707182320441989	0.015193370165745856	0.0005524861878453039	0.004696132596685083	0.030939226519337018	0.029281767955801105	0.00027624309392265195	0.027624309392265192	0.019337016574585635	0.023204419889502764	0.0013812154696132596	0.017679558011049725	0.016022099447513812	0.022375690607734807	0.0008287292817679558	0.018232044198895028	0.0	0.018232044198895028	0.0	0.010497237569060774	0.014917127071823204	0.014364640883977901	0.0005524861878453039	0.01408839779005525	0.030939226519337018	0.0035911602209944752	0.0008287292817679558	0.0027624309392265192	0.02430939226519337	0.036464088397790057	0.0	0.023204419889502764
0.020441988950276244	0.019613259668508288	0.00027624309392265195	0.013535911602209945	0.026519337016574586	0.027348066298342542	0.0	0.028729281767955802	0.0	0.010773480662983425	0.0	0.0077348066298342545	0.04613259668508287	0.04751381215469613	0.0	0.02845303867403315	0.027624309392265192	0.017679558011049725	0.0005524861878453039	0.009944751381215469	0.020441988950276244	0.020441988950276244	0.0	0.017955801104972375	0.0066298342541436465	0.008839779005524863	0.0005524861878453039	0.0038674033149171273	0.04806629834254143	0.049723756906077346	0.00027624309392265195	0.04143646408839779	0.02679558011049724	0.015469613259668509	0.0008287292817679558	0.004419889502762431	0.02955801104972376	0.030939226519337018	0.00027624309392265195	0.027348066298342542	0.019337016574585635	0.024033149171270717	0.0008287292817679558	0.017403314917127072	0.01685082872928177	0.021823204419889504	0.0005524861878453039	0.018232044198895028	0.0	0.017679558011049725	0.0	0.011049723756906077	0.014917127071823204	0.014364640883977901	0.0005524861878453039	0.01408839779005525	0.03149171270718232	0.0035911602209944752	0.00027624309392265195	0.0027624309392265192	0.023480662983425413	0.036464088397790057	0.00027624309392265195	0.023204419889502764
0.020441988950276244	0.019060773480662985	0.00027624309392265195	0.01408839779005525	0.026519337016574586	0.0281767955801105	0.0005524861878453039	0.027348066298342542	0.0	0.010773480662983425	0.0	0.0077348066298342545	0.04585635359116022	0.04751381215469613	0.00027624309392265195	0.02845303867403315	0.02707182320441989	0.01712707182320442	0.0011049723756906078	0.010497237569060774	0.020718232044198894	0.02016574585635359	0.0	0.017955801104972375	0.0066298342541436465	0.008839779005524863	0.0005524861878453039	0.0038674033149171273	0.04696132596685083	0.04889502762430939	0.00027624309392265195	0.042265193370165745	0.02679558011049724	0.015469613259668509	0.0008287292817679558	0.004419889502762431	0.030662983425414365	0.02983425414364641	0.0	0.027624309392265192	0.01878453038674033	0.023756906077348067	0.0008287292817679558	0.018232044198895028	0.016022099447513812	0.020994475138121547	0.0008287292817679558	0.019613259668508288	0.0	0.01685082872928177	0.0	0.011878453038674033	0.015193370165745856	0.013812154696132596	0.0005524861878453039	0.014364640883977901	0.031215469613259668	0.0038674033149171273	0.0005524861878453039	0.002486187845303867	0.02430939226519337	0.036740331491712706	0.0005524861878453039	0.02292817679558011
0.020441988950276244	0.019060773480662985	0.00027624309392265195	0.01408839779005525	0.02569060773480663	0.028729281767955802	0.0008287292817679558	0.027348066298342542	0.0	0.010497237569060774	0.0	0.008011049723756906	0.04585635359116022	0.04889502762430939	0.00027624309392265195	0.02707182320441989	0.027348066298342542	0.01685082872928177	0.0008287292817679558	0.010773480662983425	0.021270718232044197	0.019613259668508288	0.00027624309392265195	0.017679558011049725	0.0066298342541436465	0.009116022099447514	0.00027624309392265195	0.0038674033149171273	0.047237569060773484	0.04861878453038674	0.0005524861878453039	0.041988950276243095	0.027348066298342542	0.015193370165745856	0.00027624309392265195	0.004696132596685083	0.030662983425414365	0.03011049723756906	0.0	0.027348066298342542	0.019613259668508288	0.024033149171270717	0.0005524861878453039	0.017403314917127072	0.01574585635359116	0.020718232044198894	0.0005524861878453039	0.020441988950276244	0.0	0.016298342541436465	0.0	0.012430939226519336	0.014640883977900553	0.014640883977900553	0.0008287292817679558	0.013812154696132596	0.031215469613259668	0.0038674033149171273	0.0005524861878453039	0.002486187845303867	0.02430939226519337	0.036740331491712706	0.0005524861878453039	0.02292817679558011
0.02016574585635359	0.01878453038674033	0.0005524861878453039	0.014364640883977901	0.025138121546961326	0.02845303867403315	0.0011049723756906078	0.027900552486187846	0.0	0.010497237569060774	0.0	0.008011049723756906	0.044475138121546964	0.04889502762430939	0.0016574585635359116	0.02707182320441989	0.027900552486187846	0.017679558011049725	0.00027624309392265195	0.009944751381215469	0.020994475138121547	0.019613259668508288	0.00027624309392265195	0.017955801104972375	0.006906077348066298	0.008839779005524863	0.0	0.004143646408839779	0.04613259668508287	0.04889502762430939	0.0005524861878453039	0.041988950276243095	0.027348066298342542	0.014917127071823204	0.00027624309392265195	0.004972375690607734	0.03011049723756906	0.02983425414364641	0.0	0.0281767955801105	0.019613259668508288	0.02430939226519337	0.0005524861878453039	0.01712707182320442	0.016022099447513812	0.02016574585635359	0.0008287292817679558	0.020441988950276244	0.0	0.016298342541436465	0.0	0.012430939226519336	0.014364640883977901	0.016022099447513812	0.00027624309392265195	0.013259668508287293	0.031767955801104975	0.004143646408839779	0.0	0.0022099447513812156	0.02541436464088398	0.03729281767955801	0.00027624309392265195	0.022375690607734807
0.02016574585635359	0.019889502762430938	0.0005524861878453039	0.013259668508287293	0.02541436464088398	0.02955801104972376	0.0013812154696132596	0.026243093922651933	0.0	0.010773480662983425	0.0	0.0077348066298342545	0.04392265193370166	0.04834254143646409	0.0022099447513812156	0.027624309392265192	0.027900552486187846	0.017955801104972375	0.00027624309392265195	0.009668508287292817	0.021270718232044197	0.019337016574585635	0.00027624309392265195	0.017955801104972375	0.006906077348066298	0.00856353591160221	0.0	0.004419889502762431	0.04558011049723757	0.049723756906077346	0.0008287292817679558	0.041988950276243095	0.027348066298342542	0.014917127071823204	0.00027624309392265195	0.004972375690607734	0.03011049723756906	0.03011049723756906	0.00027624309392265195	0.027624309392265192	0.019613259668508288	0.02430939226519337	0.0011049723756906078	0.016574585635359115	0.016574585635359115	0.020994475138121547	0.00027624309392265195	0.019613259668508288	0.0	0.01712707182320442	0.0	0.011602209944751382	0.014364640883977901	0.016022099447513812	0.0005524861878453039	0.012983425414364641	0.03149171270718232	0.004143646408839779	0.00027624309392265195	0.0022099447513812156	0.025138121546961326	0.03784530386740331	0.0	0.021823204419889504
0.02016574585635359	0.019337016574585635	0.0005524861878453039	0.013812154696132596	0.026519337016574586	0.029281767955801105	0.0011049723756906078	0.02569060773480663	0.0	0.010497237569060774	0.0	0.008011049723756906	0.04419889502762431	0.04779005524861878	0.0019337016574585636	0.0281767955801105	0.027900552486187846	0.017679558011049725	0.00027624309392265195	0.009944751381215469	0.02016574585635359	0.019889502762430938	0.00027624309392265195	0.018508287292817678	0.007458563535911602	0.008287292817679558	0.0	0.004143646408839779	0.04585635359116022	0.049723756906077346	0.0008287292817679558	0.04143646408839779	0.02679558011049724	0.014917127071823204	0.0008287292817679558	0.004972375690607734	0.030662983425414365	0.02955801104972376	0.00027624309392265195	0.027624309392265192	0.019060773480662985	0.024861878453038673	0.0011049723756906078	0.016574585635359115	0.01712707182320442	0.021270718232044197	0.00027624309392265195	0.01878453038674033	0.0	0.017679558011049725	0.0	0.011049723756906077	0.01408839779005525	0.01685082872928177	0.0005524861878453039	0.012430939226519336	0.03149171270718232	0.0038674033149171273	0.00027624309392265195	0.002486187845303867	0.02541436464088398	0.03784530386740331	0.0	0.021823204419889504
0.02016574585635359	0.019337016574585635	0.0005524861878453039	0.013812154696132596	0.02679558011049724	0.02845303867403315	0.0008287292817679558	0.026519337016574586	0.0	0.010497237569060774	0.0	0.008011049723756906	0.04364640883977901	0.049171270718232046	0.002486187845303867	0.02679558011049724	0.02707182320441989	0.017679558011049725	0.0011049723756906078	0.009944751381215469	0.020441988950276244	0.019613259668508288	0.00027624309392265195	0.018508287292817678	0.0071823204419889505	0.008011049723756906	0.00027624309392265195	0.004419889502762431	0.04668508287292818	0.05	0.0005524861878453039	0.04143646408839779	0.026519337016574586	0.01408839779005525	0.0011049723756906078	0.005801104972375691	0.03011049723756906	0.02983425414364641	0.00027624309392265195	0.027900552486187846	0.019060773480662985	0.024585635359116023	0.0008287292817679558	0.01712707182320442	0.017679558011049725	0.019889502762430938	0.00027624309392265195	0.019613259668508288	0.0	0.017403314917127072	0.0	0.011325966850828728	0.014917127071823204	0.01712707182320442	0.0	0.011878453038674033	0.03149171270718232	0.0038674033149171273	0.00027624309392265195	0.002486187845303867	0.024585635359116023	0.03756906077348066	0.0	0.022099447513812154
0.020718232044198894	0.019337016574585635	0.0	0.013812154696132596	0.026243093922651933	0.029005524861878452	0.0008287292817679558	0.026519337016574586	0.0	0.010497237569060774	0.0	0.008011049723756906	0.04337016574585635	0.0505524861878453	0.0027624309392265192	0.02541436464088398	0.02679558011049724	0.017679558011049725	0.0013812154696132596	0.009944751381215469	0.02016574585635359	0.019613259668508288	0.0005524861878453039	0.018508287292817678	0.007458563535911602	0.00856353591160221	0.0	0.0038674033149171273	0.04585635359116022	0.04889502762430939	0.0011049723756906078	0.042265193370165745	0.02679558011049724	0.01408839779005525	0.0008287292817679558	0.005801104972375691	0.03038674033149171	0.03011049723756906	0.00027624309392265195	0.027348066298342542	0.019060773480662985	0.024585635359116023	0.0011049723756906078	0.01685082872928177	0.018508287292817678	0.02016574585635359	0.00027624309392265195	0.018508287292817678	0.0	0.017679558011049725	0.0	0.011049723756906077	0.015193370165745856	0.01685082872928177	0.0	0.011878453038674033	0.031215469613259668	0.0035911602209944752	0.0005524861878453039	0.0027624309392265192	0.024861878453038673	0.03867403314917127	0.00027624309392265195	0.020994475138121547
0.020718232044198894	0.019060773480662985	0.0	0.01408839779005525	0.026519337016574586	0.029281767955801105	0.0008287292817679558	0.025966850828729283	0.0	0.010773480662983425	0.0	0.0077348066298342545	0.04419889502762431	0.05110497237569061	0.0019337016574585636	0.024861878453038673	0.02707182320441989	0.017403314917127072	0.0011049723756906078	0.010220994475138122	0.019337016574585635	0.019889502762430938	0.0008287292817679558	0.01878453038674033	0.007458563535911602	0.008287292817679558	0.0	0.004143646408839779	0.044475138121546964	0.0505524861878453	0.0011049723756906078	0.041712707182320445	0.027624309392265192	0.013812154696132596	0.0	0.0060773480662983425	0.03038674033149171	0.03011049723756906	0.00027624309392265195	0.027348066298342542	0.01878453038674033	0.025138121546961326	0.0008287292817679558	0.01685082872928177	0.017955801104972375	0.02154696132596685	0.0	0.017955801104972375	0.0	0.017403314917127072	0.0	0.011325966850828728	0.015193370165745856	0.01685082872928177	0.0	0.011878453038674033	0.031215469613259668	0.0038674033149171273	0.0005524861878453039	0.002486187845303867	0.025138121546961326	0.03784530386740331	0.00027624309392265195	0.021823204419889504
0.020718232044198894	0.01878453038674033	0.0	0.014364640883977901	0.02707182320441989	0.029281767955801105	0.0005524861878453039	0.02569060773480663	0.0	0.010773480662983425	0.0	0.0077348066298342545	0.044475138121546964	0.049723756906077346	0.0016574585635359116	0.026243093922651933	0.027348066298342542	0.017955801104972375	0.0008287292817679558	0.009668508287292817	0.02016574585635359	0.021270718232044197	0.00027624309392265195	0.01712707182320442	0.007458563535911602	0.008287292817679558	0.0	0.004143646408839779	0.04558011049723757	0.049171270718232046	0.0008287292817679558	0.04281767955801105	0.027624309392265192	0.013535911602209945	0.0	0.006353591160220995	0.02983425414364641	0.02983425414364641	0.0005524861878453039	0.027900552486187846	0.01878453038674033	0.025138121546961326	0.0005524861878453039	0.01712707182320442	0.017403314917127072	0.021823204419889504	0.00027624309392265195	0.017955801104972375	0.0	0.017403314917127072	0.0	0.011325966850828728	0.015193370165745856	0.017403314917127072	0.0	0.011325966850828728	0.03149171270718232	0.0035911602209944752	0.00027624309392265195	0.0027624309392265192	0.02430939226519337	0.03839779005524862	0.0005524861878453039	0.021270718232044197
0.020441988950276244	0.018508287292817678	0.00027624309392265195	0.014640883977900553	0.02707182320441989	0.0281767955801105	0.00027624309392265195	0.02707182320441989	0.0	0.010497237569060774	0.0	0.008011049723756906	0.044751381215469614	0.049723756906077346	0.0013812154696132596	0.026243093922651933	0.02679558011049724	0.017679558011049725	0.0013812154696132596	0.009944751381215469	0.020718232044198894	0.020994475138121547	0.0	0.01712707182320442	0.006906077348066298	0.008287292817679558	0.00027624309392265195	0.004419889502762431	0.04668508287292818	0.049171270718232046	0.0005524861878453039	0.0430939226519337	0.027624309392265192	0.01408839779005525	0.0	0.005801104972375691	0.02955801104972376	0.029005524861878452	0.0008287292817679558	0.028729281767955802	0.019889502762430938	0.024585635359116023	0.00027624309392265195	0.01685082872928177	0.018232044198895028	0.022099447513812154	0.0	0.01712707182320442	0.0	0.018232044198895028	0.0	0.010497237569060774	0.014917127071823204	0.017955801104972375	0.0	0.011049723756906077	0.03149171270718232	0.0033149171270718232	0.00027624309392265195	0.0030386740331491712	0.023204419889502764	0.03839779005524862	0.0005524861878453039	0.021270718232044197
0.020718232044198894	0.018508287292817678	0.0	0.014640883977900553	0.027348066298342542	0.02845303867403315	0.00027624309392265195	0.026519337016574586	0.0	0.010773480662983425	0.0	0.0077348066298342545	0.044751381215469614	0.049171270718232046	0.0013812154696132596	0.02679558011049724	0.02707182320441989	0.017403314917127072	0.0011049723756906078	0.010220994475138122	0.019889502762430938	0.020441988950276244	0.0	0.018508287292817678	0.0066298342541436465	0.008287292817679558	0.00027624309392265195	0.004696132596685083	0.04640883977900553	0.04806629834254143	0.0008287292817679558	0.04392265193370166	0.02679558011049724	0.01408839779005525	0.0008287292817679558	0.005801104972375691	0.03011049723756906	0.02845303867403315	0.00027624309392265195	0.029281767955801105	0.02016574585635359	0.024585635359116023	0.00027624309392265195	0.016574585635359115	0.017955801104972375	0.022651933701657457	0.0	0.01685082872928177	0.0	0.017955801104972375	0.0	0.010773480662983425	0.014917127071823204	0.017679558011049725	0.0	0.011325966850828728	0.03149171270718232	0.0033149171270718232	0.00027624309392265195	0.0030386740331491712	0.023204419889502764	0.03839779005524862	0.0008287292817679558	0.021270718232044197
0.020718232044198894	0.01878453038674033	0.0	0.014364640883977901	0.027900552486187846	0.028729281767955802	0.00027624309392265195	0.02569060773480663	0.0	0.010497237569060774	0.0	0.008011049723756906	0.044475138121546964	0.049723756906077346	0.0016574585635359116	0.026243093922651933	0.027348066298342542	0.01712707182320442	0.0008287292817679558	0.010497237569060774	0.020441988950276244	0.02016574585635359	0.0	0.018232044198895028	0.0066298342541436465	0.008287292817679558	0.00027624309392265195	0.004696132596685083	0.04696132596685083	0.04779005524861878	0.0008287292817679558	0.04364640883977901	0.027348066298342542	0.01408839779005525	0.00027624309392265195	0.005801104972375691	0.03038674033149171	0.02845303867403315	0.0	0.029281767955801105	0.02016574585635359	0.02569060773480663	0.0	0.01574585635359116	0.017955801104972375	0.022099447513812154	0.0	0.017403314917127072	0.0	0.017679558011049725	0.0	0.011049723756906077	0.01408839779005525	0.01712707182320442	0.00027624309392265195	0.012430939226519336	0.031215469613259668	0.0033149171270718232	0.0005524861878453039	0.0030386740331491712	0.023756906077348067	0.03839779005524862	0.00027624309392265195	0.021270718232044197
0.020441988950276244	0.01878453038674033	0.00027624309392265195	0.014364640883977901	0.027624309392265192	0.028729281767955802	0.00027624309392265195	0.025966850828729283	0.0	0.010497237569060774	0.0	0.008011049723756906	0.045303867403314914	0.05	0.0008287292817679558	0.025966850828729283	0.02707182320441989	0.017679558011049725	0.0011049723756906078	0.009944751381215469	0.02016574585635359	0.020441988950276244	0.00027624309392265195	0.017955801104972375	0.006906077348066298	0.008011049723756906	0.00027624309392265195	0.004696132596685083	0.04585635359116022	0.04834254143646409	0.0008287292817679558	0.04337016574585635	0.027348066298342542	0.014364640883977901	0.00027624309392265195	0.0055248618784530384	0.02955801104972376	0.02955801104972376	0.00027624309392265195	0.028729281767955802	0.02016574585635359	0.024585635359116023	0.0	0.01685082872928177	0.017955801104972375	0.02154696132596685	0.00027624309392265195	0.017679558011049725	0.0	0.017955801104972375	0.0	0.010773480662983425	0.01408839779005525	0.01712707182320442	0.0	0.01270718232044199	0.031215469613259668	0.0033149171270718232	0.0005524861878453039	0.0030386740331491712	0.024861878453038673	0.03839779005524862	0.0	0.021270718232044197
0.020441988950276244	0.018232044198895028	0.00027624309392265195	0.014917127071823204	0.02707182320441989	0.02845303867403315	0.0005524861878453039	0.026519337016574586	0.0	0.010773480662983425	0.0	0.0077348066298342545	0.04419889502762431	0.049723756906077346	0.0019337016574585636	0.026243093922651933	0.02679558011049724	0.017955801104972375	0.0013812154696132596	0.009668508287292817	0.019889502762430938	0.02016574585635359	0.00027624309392265195	0.018508287292817678	0.007458563535911602	0.007458563535911602	0.00027624309392265195	0.004696132596685083	0.04613259668508287	0.049171270718232046	0.0005524861878453039	0.0430939226519337	0.02679558011049724	0.01408839779005525	0.0008287292817679558	0.005801104972375691	0.03011049723756906	0.029005524861878452	0.00027624309392265195	0.028729281767955802	0.02016574585635359	0.024585635359116023	0.00027624309392265195	0.016574585635359115	0.01878453038674033	0.020441988950276244	0.0	0.018232044198895028	0.0	0.017955801104972375	0.0	0.010773480662983425	0.014364640883977901	0.016298342541436465	0.0	0.013259668508287293	0.031215469613259668	0.0030386740331491712	0.0005524861878453039	0.0033149171270718232	0.02430939226519337	0.039226519337016576	0.0	0.020441988950276244
0.020441988950276244	0.018232044198895028	0.00027624309392265195	0.014917127071823204	0.0281767955801105	0.027900552486187846	0.00027624309392265195	0.026243093922651933	0.0	0.010497237569060774	0.0	0.008011049723756906	0.04419889502762431	0.05027624309392265	0.0019337016574585636	0.02569060773480663	0.02679558011049724	0.01712707182320442	0.0013812154696132596	0.010497237569060774	0.02016574585635359	0.019613259668508288	0.0005524861878453039	0.018508287292817678	0.008011049723756906	0.007458563535911602	0.0	0.004419889502762431	0.044475138121546964	0.04889502762430939	0.0005524861878453039	0.04419889502762431	0.02679558011049724	0.014364640883977901	0.0008287292817679558	0.0055248618784530384	0.03011049723756906	0.029005524861878452	0.00027624309392265195	0.028729281767955802	0.020441988950276244	0.024585635359116023	0.00027624309392265195	0.016298342541436465	0.01878453038674033	0.019889502762430938	0.0	0.01878453038674033	0.0	0.018232044198895028	0.0	0.010497237569060774	0.014364640883977901	0.01574585635359116	0.0	0.013812154696132596	0.031215469613259668	0.0027624309392265192	0.0005524861878453039	0.0035911602209944752	0.025138121546961326	0.03867403314917127	0.0	0.020994475138121547
0.020441988950276244	0.018508287292817678	0.00027624309392265195	0.014640883977900553	0.027348066298342542	0.028729281767955802	0.00027624309392265195	0.026243093922651933	0.0	0.010497237569060774	0.0	0.008011049723756906	0.04392265193370166	0.05165745856353591	0.0022099447513812156	0.02430939226519337	0.02679558011049724	0.017403314917127072	0.0013812154696132596	0.010220994475138122	0.02016574585635359	0.02016574585635359	0.0005524861878453039	0.017955801104972375	0.008011049723756906	0.007458563535911602	0.0	0.004419889502762431	0.044475138121546964	0.04834254143646409	0.00027624309392265195	0.04558011049723757	0.02679558011049724	0.01408839779005525	0.0008287292817679558	0.005801104972375691	0.029281767955801105	0.028729281767955802	0.0005524861878453039	0.02955801104972376	0.020718232044198894	0.024033149171270717	0.00027624309392265195	0.016574585635359115	0.017955801104972375	0.020441988950276244	0.0005524861878453039	0.018508287292817678	0.0	0.017679558011049725	0.0	0.011049723756906077	0.014917127071823204	0.015469613259668509	0.0	0.013535911602209945	0.031215469613259668	0.0027624309392265192	0.0005524861878453039	0.0035911602209944752	0.024585635359116023	0.038950276243093926	0.0	0.020718232044198894
0.020441988950276244	0.018232044198895028	0.00027624309392265195	0.014917127071823204	0.027624309392265192	0.02845303867403315	0.00027624309392265195	0.026243093922651933	0.0	0.011049723756906077	0.0	0.007458563535911602	0.044751381215469614	0.05165745856353591	0.0013812154696132596	0.02430939226519337	0.027348066298342542	0.017955801104972375	0.0008287292817679558	0.009668508287292817	0.020994475138121547	0.020441988950276244	0.0	0.017403314917127072	0.008011049723756906	0.0077348066298342545	0.0	0.004143646408839779	0.04392265193370166	0.04779005524861878	0.0005524861878453039	0.045303867403314914	0.02679558011049724	0.013812154696132596	0.0008287292817679558	0.0060773480662983425	0.029005524861878452	0.02955801104972376	0.00027624309392265195	0.029281767955801105	0.019889502762430938	0.02430939226519337	0.0005524861878453039	0.01685082872928177	0.017679558011049725	0.020718232044198894	0.0008287292817679558	0.018232044198895028	0.0	0.017679558011049725	0.0	0.011049723756906077	0.014640883977900553	0.016022099447513812	0.0	0.013259668508287293	0.031215469613259668	0.0027624309392265192	0.0005524861878453039	0.0035911602209944752	0.02569060773480663	0.039502762430939226	0.0	0.02016574585635359
0.019889502762430938	0.018232044198895028	0.0008287292817679558	0.014917127071823204	0.02707182320441989	0.028729281767955802	0.0011049723756906078	0.02569060773480663	0.0	0.011049723756906077	0.0	0.007458563535911602	0.044751381215469614	0.052486187845303865	0.0013812154696132596	0.023480662983425413	0.027348066298342542	0.017403314917127072	0.0008287292817679558	0.010220994475138122	0.02154696132596685	0.020441988950276244	0.00027624309392265195	0.016574585635359115	0.008011049723756906	0.0077348066298342545	0.0	0.004143646408839779	0.042541436464088395	0.05027624309392265	0.0005524861878453039	0.04364640883977901	0.02707182320441989	0.013812154696132596	0.0005524861878453039	0.0060773480662983425	0.029281767955801105	0.029005524861878452	0.0	0.02983425414364641	0.018508287292817678	0.025138121546961326	0.0008287292817679558	0.01712707182320442	0.018232044198895028	0.021823204419889504	0.00027624309392265195	0.01712707182320442	0.0	0.017679558011049725	0.0	0.011049723756906077	0.015193370165745856	0.014917127071823204	0.0	0.013812154696132596	0.031215469613259668	0.0027624309392265192	0.0005524861878453039	0.0035911602209944752	0.026243093922651933	0.039779005524861875	0.0	0.019889502762430938
0.019889502762430938	0.018232044198895028	0.0008287292817679558	0.014917127071823204	0.026519337016574586	0.027900552486187846	0.0016574585635359116	0.026519337016574586	0.0	0.011325966850828728	0.0	0.0071823204419889505	0.045027624309392264	0.051933701657458566	0.0011049723756906078	0.024033149171270717	0.02707182320441989	0.017403314917127072	0.0011049723756906078	0.010220994475138122	0.02154696132596685	0.02016574585635359	0.00027624309392265195	0.01685082872928177	0.008287292817679558	0.007458563535911602	0.0	0.004143646408839779	0.0430939226519337	0.05082872928176796	0.0011049723756906078	0.042265193370165745	0.02707182320441989	0.012983425414364641	0.0005524861878453039	0.006906077348066298	0.0281767955801105	0.028729281767955802	0.0	0.031215469613259668	0.01878453038674033	0.025138121546961326	0.0008287292817679558	0.01685082872928177	0.017955801104972375	0.022375690607734807	0.0	0.01712707182320442	0.0	0.017403314917127072	0.0	0.011325966850828728	0.014364640883977901	0.015193370165745856	0.0	0.014364640883977901	0.031215469613259668	0.0027624309392265192	0.0005524861878453039	0.0035911602209944752	0.025138121546961326	0.039226519337016576	0.0008287292817679558	0.020441988950276244
0.02016574585635359	0.017679558011049725	0.0005524861878453039	0.015469613259668509	0.02707182320441989	0.027348066298342542	0.0008287292817679558	0.027348066298342542	0.0	0.011325966850828728	0.0	0.0071823204419889505	0.045027624309392264	0.052486187845303865	0.0011049723756906078	0.023480662983425413	0.02679558011049724	0.016574585635359115	0.0013812154696132596	0.011049723756906077	0.02154696132596685	0.020441988950276244	0.0	0.01685082872928177	0.008287292817679558	0.007458563535911602	0.0	0.004143646408839779	0.04364640883977901	0.0505524861878453	0.0011049723756906078	0.042265193370165745	0.02679558011049724	0.01270718232044199	0.0008287292817679558	0.0071823204419889505	0.0281767955801105	0.02845303867403315	0.0	0.03149171270718232	0.018232044198895028	0.02569060773480663	0.0005524861878453039	0.01712707182320442	0.018232044198895028	0.02154696132596685	0.0	0.017679558011049725	0.0	0.017679558011049725	0.0	0.011049723756906077	0.014364640883977901	0.01574585635359116	0.0	0.013812154696132596	0.030939226519337018	0.0027624309392265192	0.0008287292817679558	0.0035911602209944752	0.024861878453038673	0.03867403314917127	0.0008287292817679558	0.020994475138121547
0.02016574585635359	0.01712707182320442	0.0005524861878453039	0.016022099447513812	0.027348066298342542	0.02679558011049724	0.0005524861878453039	0.027900552486187846	0.0	0.011602209944751382	0.0	0.006906077348066298	0.04558011049723757	0.05331491712707182	0.0005524861878453039	0.022651933701657457	0.02707182320441989	0.016298342541436465	0.0011049723756906078	0.011325966850828728	0.021823204419889504	0.02016574585635359	0.0	0.01685082872928177	0.008011049723756906	0.0077348066298342545	0.0	0.004143646408839779	0.041712707182320445	0.049171270718232046	0.0011049723756906078	0.045303867403314914	0.027348066298342542	0.012430939226519336	0.00027624309392265195	0.007458563535911602	0.02707182320441989	0.02845303867403315	0.0	0.03259668508287293	0.019613259668508288	0.02541436464088398	0.0	0.016574585635359115	0.018508287292817678	0.021270718232044197	0.0	0.017679558011049725	0.0	0.017679558011049725	0.0	0.011049723756906077	0.014640883977900553	0.016298342541436465	0.0	0.012983425414364641	0.031215469613259668	0.0027624309392265192	0.0005524861878453039	0.0035911602209944752	0.025138121546961326	0.039502762430939226	0.0008287292817679558	0.02016574585635359
0.020441988950276244	0.016574585635359115	0.00027624309392265195	0.016574585635359115	0.0281767955801105	0.026243093922651933	0.00027624309392265195	0.027900552486187846	0.0	0.011878453038674033	0.0	0.0066298342541436465	0.04585635359116022	0.052209944751381215	0.00027624309392265195	0.023756906077348067	0.026519337016574586	0.016298342541436465	0.0016574585635359116	0.011325966850828728	0.021270718232044197	0.020994475138121547	0.0005524861878453039	0.016022099447513812	0.006906077348066298	0.0077348066298342545	0.0005524861878453039	0.004696132596685083	0.04281767955801105	0.04889502762430939	0.0008287292817679558	0.044751381215469614	0.02707182320441989	0.012430939226519336	0.0005524861878453039	0.007458563535911602	0.027624309392265192	0.0281767955801105	0.0	0.032320441988950274	0.019060773480662985	0.02569060773480663	0.00027624309392265195	0.016574585635359115	0.017679558011049725	0.02154696132596685	0.0	0.018232044198895028	0.0	0.017679558011049725	0.0	0.011049723756906077	0.014640883977900553	0.016574585635359115	0.00027624309392265195	0.012430939226519336	0.031215469613259668	0.0030386740331491712	0.0005524861878453039	0.0033149171270718232	0.02569060773480663	0.04060773480662983	0.00027624309392265195	0.019060773480662985
0.020441988950276244	0.01712707182320442	0.00027624309392265195	0.016022099447513812	0.028729281767955802	0.02541436464088398	0.0005524861878453039	0.027900552486187846	0.0	0.011878453038674033	0.0	0.0066298342541436465	0.045303867403314914	0.052209944751381215	0.0008287292817679558	0.023756906077348067	0.02707182320441989	0.01712707182320442	0.0011049723756906078	0.010497237569060774	0.020718232044198894	0.02154696132596685	0.0005524861878453039	0.016022099447513812	0.0071823204419889505	0.0077348066298342545	0.00027624309392265195	0.004696132596685083	0.04337016574585635	0.049171270718232046	0.0011049723756906078	0.04364640883977901	0.027348066298342542	0.012154696132596685	0.00027624309392265195	0.0077348066298342545	0.027900552486187846	0.0281767955801105	0.00027624309392265195	0.031767955801104975	0.019060773480662985	0.024861878453038673	0.00027624309392265195	0.017403314917127072	0.017679558011049725	0.02154696132596685	0.0	0.018232044198895028	0.0	0.017679558011049725	0.0	0.011049723756906077	0.015193370165745856	0.016022099447513812	0.00027624309392265195	0.012430939226519336	0.031215469613259668	0.0027624309392265192	0.0005524861878453039	0.0035911602209944752	0.02541436464088398	0.039502762430939226	0.0005524861878453039	0.02016574585635359
0.019889502762430938	0.017679558011049725	0.0008287292817679558	0.015469613259668509	0.02983425414364641	0.02541436464088398	0.00027624309392265195	0.02707182320441989	0.0	0.011602209944751382	0.0	0.006906077348066298	0.045303867403314914	0.05138121546961326	0.0008287292817679558	0.024585635359116023	0.027624309392265192	0.01685082872928177	0.0005524861878453039	0.010773480662983425	0.020441988950276244	0.021823204419889504	0.00027624309392265195	0.016298342541436465	0.0071823204419889505	0.0077348066298342545	0.00027624309392265195	0.004696132596685083	0.045027624309392264	0.04861878453038674	0.0011049723756906078	0.04337016574585635	0.027348066298342542	0.01270718232044199	0.00027624309392265195	0.0071823204419889505	0.027348066298342542	0.027900552486187846	0.0005524861878453039	0.032320441988950274	0.01878453038674033	0.024861878453038673	0.00027624309392265195	0.017679558011049725	0.01685082872928177	0.020718232044198894	0.00027624309392265195	0.019613259668508288	0.0	0.01685082872928177	0.0	0.011878453038674033	0.014917127071823204	0.016022099447513812	0.0005524861878453039	0.012430939226519336	0.031215469613259668	0.0027624309392265192	0.0005524861878453039	0.0035911602209944752	0.024585635359116023	0.039779005524861875	0.0005524861878453039	0.019889502762430938
0.019889502762430938	0.017403314917127072	0.0008287292817679558	0.01574585635359116	0.02845303867403315	0.026519337016574586	0.00027624309392265195	0.027348066298342542	0.0	0.011602209944751382	0.0	0.006906077348066298	0.045303867403314914	0.05082872928176796	0.0008287292817679558	0.025138121546961326	0.027624309392265192	0.016574585635359115	0.0005524861878453039	0.011049723756906077	0.019613259668508288	0.022375690607734807	0.0005524861878453039	0.016298342541436465	0.006906077348066298	0.0077348066298342545	0.0005524861878453039	0.004696132596685083	0.045027624309392264	0.04834254143646409	0.0013812154696132596	0.04392265193370166	0.02707182320441989	0.012430939226519336	0.0005524861878453039	0.007458563535911602	0.027348066298342542	0.028729281767955802	0.00027624309392265195	0.031767955801104975	0.018508287292817678	0.02430939226519337	0.0005524861878453039	0.018232044198895028	0.016574585635359115	0.020441988950276244	0.0005524861878453039	0.019889502762430938	0.0	0.016298342541436465	0.0	0.012430939226519336	0.01574585635359116	0.015469613259668509	0.00027624309392265195	0.012430939226519336	0.031215469613259668	0.002486187845303867	0.0005524861878453039	0.0038674033149171273	0.023756906077348067	0.039779005524861875	0.0008287292817679558	0.019889502762430938
0.019613259668508288	0.01685082872928177	0.0011049723756906078	0.016298342541436465	0.029005524861878452	0.025966850828729283	0.0005524861878453039	0.02707182320441989	0.0	0.011325966850828728	0.0	0.0071823204419889505	0.045303867403314914	0.05	0.0008287292817679558	0.025966850828729283	0.02707182320441989	0.016574585635359115	0.0011049723756906078	0.011049723756906077	0.020994475138121547	0.02154696132596685	0.0005524861878453039	0.01574585635359116	0.0071823204419889505	0.007458563535911602	0.00027624309392265195	0.004972375690607734	0.04585635359116022	0.04668508287292818	0.0011049723756906078	0.045303867403314914	0.027348066298342542	0.012430939226519336	0.00027624309392265195	0.007458563535911602	0.027348066298342542	0.0281767955801105	0.0005524861878453039	0.032044198895027624	0.01878453038674033	0.02430939226519337	0.00027624309392265195	0.018232044198895028	0.017955801104972375	0.020441988950276244	0.00027624309392265195	0.01878453038674033	0.0	0.01574585635359116	0.0	0.012983425414364641	0.01574585635359116	0.015193370165745856	0.0005524861878453039	0.012430939226519336	0.03149171270718232	0.002486187845303867	0.00027624309392265195	0.0038674033149171273	0.023480662983425413	0.039779005524861875	0.0008287292817679558	0.019889502762430938
0.020441988950276244	0.016022099447513812	0.00027624309392265195	0.01712707182320442	0.028729281767955802	0.026243093922651933	0.0005524861878453039	0.02707182320441989	0.0	0.011602209944751382	0.0	0.006906077348066298	0.045303867403314914	0.049723756906077346	0.0008287292817679558	0.026243093922651933	0.02707182320441989	0.017403314917127072	0.0011049723756906078	0.010220994475138122	0.021823204419889504	0.020994475138121547	0.0005524861878453039	0.015469613259668509	0.007458563535911602	0.008011049723756906	0.0	0.004419889502762431	0.04419889502762431	0.04696132596685083	0.0016574585635359116	0.04558011049723757	0.02707182320441989	0.01270718232044199	0.0005524861878453039	0.0071823204419889505	0.02707182320441989	0.0281767955801105	0.00027624309392265195	0.03259668508287293	0.018508287292817678	0.023756906077348067	0.00027624309392265195	0.019060773480662985	0.017955801104972375	0.020718232044198894	0.0005524861878453039	0.018232044198895028	0.0	0.01574585635359116	0.0	0.012983425414364641	0.015469613259668509	0.014640883977900553	0.00027624309392265195	0.013535911602209945	0.031215469613259668	0.002486187845303867	0.0005524861878453039	0.0038674033149171273	0.024033149171270717	0.039502762430939226	0.0008287292817679558	0.02016574585635359
0.020441988950276244	0.01574585635359116	0.00027624309392265195	0.017403314917127072	0.02983425414364641	0.02541436464088398	0.0005524861878453039	0.02679558011049724	0.0	0.011878453038674033	0.0	0.0066298342541436465	0.045303867403314914	0.049447513812154696	0.0008287292817679558	0.026519337016574586	0.027348066298342542	0.01685082872928177	0.0008287292817679558	0.010773480662983425	0.02154696132596685	0.021270718232044197	0.0005524861878453039	0.015469613259668509	0.007458563535911602	0.0077348066298342545	0.0	0.004696132596685083	0.0430939226519337	0.04779005524861878	0.0019337016574585636	0.04558011049723757	0.027348066298342542	0.01270718232044199	0.00027624309392265195	0.0071823204419889505	0.02707182320441989	0.02845303867403315	0.0008287292817679558	0.031767955801104975	0.018232044198895028	0.02430939226519337	0.00027624309392265195	0.01878453038674033	0.017955801104972375	0.020994475138121547	0.0005524861878453039	0.017955801104972375	0.0	0.01685082872928177	0.0	0.011878453038674033	0.016298342541436465	0.013535911602209945	0.00027624309392265195	0.013812154696132596	0.03149171270718232	0.002486187845303867	0.00027624309392265195	0.0038674033149171273	0.024033149171270717	0.04005524861878453	0.0008287292817679558	0.019613259668508288
0.02016574585635359	0.016574585635359115	0.0005524861878453039	0.016574585635359115	0.030662983425414365	0.02569060773480663	0.00027624309392265195	0.025966850828729283	0.0	0.011602209944751382	0.0	0.006906077348066298	0.045303867403314914	0.0505524861878453	0.0008287292817679558	0.02541436464088398	0.027348066298342542	0.016298342541436465	0.0008287292817679558	0.011325966850828728	0.02154696132596685	0.020994475138121547	0.00027624309392265195	0.016022099447513812	0.0071823204419889505	0.0077348066298342545	0.0	0.004972375690607734	0.0430939226519337	0.04861878453038674	0.0008287292817679558	0.04613259668508287	0.027348066298342542	0.01270718232044199	0.00027624309392265195	0.0071823204419889505	0.02707182320441989	0.02983425414364641	0.0008287292817679558	0.03038674033149171	0.017679558011049725	0.024585635359116023	0.0005524861878453039	0.01878453038674033	0.017403314917127072	0.022099447513812154	0.00027624309392265195	0.017679558011049725	0.0	0.01685082872928177	0.0	0.011878453038674033	0.01685082872928177	0.01270718232044199	0.00027624309392265195	0.01408839779005525	0.031215469613259668	0.002486187845303867	0.0005524861878453039	0.0038674033149171273	0.024033149171270717	0.039779005524861875	0.0005524861878453039	0.019889502762430938
0.019889502762430938	0.016574585635359115	0.0008287292817679558	0.016574585635359115	0.030662983425414365	0.026519337016574586	0.0	0.02541436464088398	0.0	0.011878453038674033	0.0	0.0066298342541436465	0.044751381215469614	0.05	0.0013812154696132596	0.025966850828729283	0.027348066298342542	0.01685082872928177	0.0008287292817679558	0.010773480662983425	0.02154696132596685	0.020441988950276244	0.00027624309392265195	0.016574585635359115	0.006353591160220995	0.0071823204419889505	0.00027624309392265195	0.0060773480662983425	0.04143646408839779	0.049171270718232046	0.0005524861878453039	0.04640883977900553	0.026519337016574586	0.012983425414364641	0.0011049723756906078	0.006906077348066298	0.027624309392265192	0.02983425414364641	0.0008287292817679558	0.02983425414364641	0.017679558011049725	0.025138121546961326	0.00027624309392265195	0.018508287292817678	0.017403314917127072	0.022375690607734807	0.0	0.017679558011049725	0.0	0.01712707182320442	0.0	0.011602209944751382	0.01685082872928177	0.013259668508287293	0.0	0.013812154696132596	0.031767955801104975	0.002486187845303867	0.0	0.0038674033149171273	0.02541436464088398	0.039226519337016576	0.00027624309392265195	0.020441988950276244
0.02016574585635359	0.016574585635359115	0.0005524861878453039	0.016574585635359115	0.03149171270718232	0.026519337016574586	0.0	0.024585635359116023	0.0	0.011602209944751382	0.0	0.006906077348066298	0.044751381215469614	0.05027624309392265	0.0013812154696132596	0.02569060773480663	0.02707182320441989	0.017955801104972375	0.0011049723756906078	0.009668508287292817	0.02154696132596685	0.02016574585635359	0.00027624309392265195	0.01685082872928177	0.006353591160220995	0.006906077348066298	0.0	0.0066298342541436465	0.041988950276243095	0.04834254143646409	0.0008287292817679558	0.04668508287292818	0.026519337016574586	0.012983425414364641	0.0011049723756906078	0.006906077348066298	0.027348066298342542	0.03038674033149171	0.0005524861878453039	0.02983425414364641	0.01685082872928177	0.02569060773480663	0.0005524861878453039	0.018508287292817678	0.016574585635359115	0.02154696132596685	0.0011049723756906078	0.018232044198895028	0.0	0.017955801104972375	0.0	0.010773480662983425	0.016574585635359115	0.013259668508287293	0.00027624309392265195	0.013812154696132596	0.031767955801104975	0.002486187845303867	0.0	0.0038674033149171273	0.025138121546961326	0.038950276243093926	0.00027624309392265195	0.020718232044198894
0.02016574585635359	0.016574585635359115	0.0005524861878453039	0.016574585635359115	0.031767955801104975	0.027348066298342542	0.00027624309392265195	0.023204419889502764	0.0	0.012154696132596685	0.0	0.006353591160220995	0.044475138121546964	0.051933701657458566	0.0016574585635359116	0.024033149171270717	0.02707182320441989	0.017679558011049725	0.0011049723756906078	0.009944751381215469	0.021270718232044197	0.020718232044198894	0.0	0.01685082872928177	0.006353591160220995	0.006906077348066298	0.0	0.0066298342541436465	0.04143646408839779	0.049447513812154696	0.0011049723756906078	0.04558011049723757	0.026519337016574586	0.012983425414364641	0.0011049723756906078	0.006906077348066298	0.027624309392265192	0.02983425414364641	0.0008287292817679558	0.02983425414364641	0.01685082872928177	0.02569060773480663	0.00027624309392265195	0.01878453038674033	0.01712707182320442	0.02154696132596685	0.0011049723756906078	0.017679558011049725	0.0	0.017955801104972375	0.0	0.010773480662983425	0.016574585635359115	0.01408839779005525	0.00027624309392265195	0.012983425414364641	0.031767955801104975	0.002486187845303867	0.0	0.0038674033149171273	0.02541436464088398	0.03812154696132597	0.00027624309392265195	0.02154696132596685
0.02016574585635359	0.016022099447513812	0.0005524861878453039	0.01712707182320442	0.031767955801104975	0.027348066298342542	0.00027624309392265195	0.023204419889502764	0.0	0.012154696132596685	0.0	0.006353591160220995	0.045027624309392264	0.051933701657458566	0.0011049723756906078	0.024033149171270717	0.02679558011049724	0.018508287292817678	0.0013812154696132596	0.009116022099447514	0.021270718232044197	0.020441988950276244	0.0	0.01712707182320442	0.0066298342541436465	0.0071823204419889505	0.0	0.0060773480662983425	0.04281767955801105	0.04834254143646409	0.0008287292817679558	0.04558011049723757	0.026243093922651933	0.012983425414364641	0.0013812154696132596	0.006906077348066298	0.027624309392265192	0.02983425414364641	0.0008287292817679558	0.02983425414364641	0.01712707182320442	0.02569060773480663	0.0	0.01878453038674033	0.017679558011049725	0.02016574585635359	0.0008287292817679558	0.01878453038674033	0.0	0.017679558011049725	0.0	0.011049723756906077	0.016022099447513812	0.014917127071823204	0.00027624309392265195	0.01270718232044199	0.031767955801104975	0.002486187845303867	0.0	0.0038674033149171273	0.02541436464088398	0.03756906077348066	0.00027624309392265195	0.022099447513812154
0.02016574585635359	0.016298342541436465	0.0005524861878453039	0.01685082872928177	0.031215469613259668	0.027348066298342542	0.0008287292817679558	0.023204419889502764	0.0	0.012430939226519336	0.0	0.0060773480662983425	0.045027624309392264	0.05110497237569061	0.0011049723756906078	0.024861878453038673	0.026519337016574586	0.01878453038674033	0.0016574585635359116	0.008839779005524863	0.021270718232044197	0.02154696132596685	0.0	0.016022099447513812	0.006353591160220995	0.007458563535911602	0.0	0.0060773480662983425	0.04337016574585635	0.04861878453038674	0.0005524861878453039	0.045027624309392264	0.026243093922651933	0.013259668508287293	0.0013812154696132596	0.0066298342541436465	0.02845303867403315	0.031215469613259668	0.0005524861878453039	0.027900552486187846	0.01712707182320442	0.025966850828729283	0.0	0.018508287292817678	0.018232044198895028	0.020718232044198894	0.0008287292817679558	0.017679558011049725	0.0	0.017679558011049725	0.0	0.011049723756906077	0.016298342541436465	0.014917127071823204	0.00027624309392265195	0.012430939226519336	0.031767955801104975	0.002486187845303867	0.0	0.0038674033149171273	0.02569060773480663	0.03784530386740331	0.0	0.021823204419889504
0.02016574585635359	0.016298342541436465	0.0005524861878453039	0.01685082872928177	0.03011049723756906	0.029281767955801105	0.0011049723756906078	0.022099447513812154	0.0	0.01270718232044199	0.0	0.005801104972375691	0.045303867403314914	0.05138121546961326	0.0008287292817679558	0.024585635359116023	0.026519337016574586	0.018232044198895028	0.0016574585635359116	0.009392265193370166	0.021270718232044197	0.021823204419889504	0.0	0.01574585635359116	0.0060773480662983425	0.007458563535911602	0.00027624309392265195	0.0060773480662983425	0.0430939226519337	0.04806629834254143	0.0008287292817679558	0.045027624309392264	0.026519337016574586	0.013259668508287293	0.0011049723756906078	0.0066298342541436465	0.0281767955801105	0.030939226519337018	0.00027624309392265195	0.028729281767955802	0.01712707182320442	0.02541436464088398	0.0	0.019060773480662985	0.017679558011049725	0.020718232044198894	0.0005524861878453039	0.018508287292817678	0.0	0.017955801104972375	0.0	0.010773480662983425	0.01712707182320442	0.014917127071823204	0.00027624309392265195	0.011602209944751382	0.031767955801104975	0.002486187845303867	0.0	0.0038674033149171273	0.026243093922651933	0.03812154696132597	0.0	0.02154696132596685
0.020718232044198894	0.01685082872928177	0.0	0.016298342541436465	0.03038674033149171	0.028729281767955802	0.0011049723756906078	0.022375690607734807	0.0	0.012430939226519336	0.0	0.0060773480662983425	0.045027624309392264	0.05110497237569061	0.0011049723756906078	0.024861878453038673	0.026519337016574586	0.018508287292817678	0.0016574585635359116	0.009116022099447514	0.021270718232044197	0.021823204419889504	0.0	0.01574585635359116	0.0060773480662983425	0.0071823204419889505	0.00027624309392265195	0.006353591160220995	0.042541436464088395	0.04834254143646409	0.0008287292817679558	0.045027624309392264	0.026243093922651933	0.013535911602209945	0.0013812154696132596	0.006353591160220995	0.027900552486187846	0.031767955801104975	0.0005524861878453039	0.027900552486187846	0.016574585635359115	0.02679558011049724	0.0	0.018232044198895028	0.016574585635359115	0.02016574585635359	0.0008287292817679558	0.019889502762430938	0.0	0.018508287292817678	0.0	0.010220994475138122	0.016298342541436465	0.014640883977900553	0.0	0.012983425414364641	0.03149171270718232	0.0022099447513812156	0.00027624309392265195	0.004143646408839779	0.026243093922651933	0.038950276243093926	0.00027624309392265195	0.020718232044198894
0.020441988950276244	0.01712707182320442	0.00027624309392265195	0.016022099447513812	0.030662983425414365	0.027348066298342542	0.0013812154696132596	0.023204419889502764	0.0	0.01270718232044199	0.0	0.005801104972375691	0.045303867403314914	0.0505524861878453	0.0008287292817679558	0.02541436464088398	0.027348066298342542	0.018232044198895028	0.0008287292817679558	0.009392265193370166	0.020718232044198894	0.022099447513812154	0.0	0.016022099447513812	0.0060773480662983425	0.007458563535911602	0.00027624309392265195	0.0060773480662983425	0.044751381215469614	0.04751381215469613	0.0005524861878453039	0.04337016574585635	0.02569060773480663	0.013535911602209945	0.0019337016574585636	0.006353591160220995	0.0281767955801105	0.030662983425414365	0.0005524861878453039	0.028729281767955802	0.016574585635359115	0.027348066298342542	0.0	0.017679558011049725	0.01685082872928177	0.020441988950276244	0.0008287292817679558	0.019337016574585635	0.0	0.017955801104972375	0.0	0.010773480662983425	0.016022099447513812	0.01408839779005525	0.00027624309392265195	0.013535911602209945	0.031215469613259668	0.0019337016574585636	0.0005524861878453039	0.004419889502762431	0.026519337016574586	0.03839779005524862	0.0005524861878453039	0.021270718232044197
0.020441988950276244	0.01685082872928177	0.00027624309392265195	0.016298342541436465	0.03149171270718232	0.027624309392265192	0.0011049723756906078	0.022375690607734807	0.0	0.012430939226519336	0.0	0.0060773480662983425	0.045027624309392264	0.05110497237569061	0.0011049723756906078	0.024861878453038673	0.027348066298342542	0.01878453038674033	0.0008287292817679558	0.008839779005524863	0.020441988950276244	0.022099447513812154	0.0005524861878453039	0.01574585635359116	0.0060773480662983425	0.0077348066298342545	0.00027624309392265195	0.005801104972375691	0.045027624309392264	0.04585635359116022	0.0008287292817679558	0.044475138121546964	0.02541436464088398	0.013535911602209945	0.0022099447513812156	0.006353591160220995	0.027348066298342542	0.030939226519337018	0.0005524861878453039	0.029281767955801105	0.016298342541436465	0.026519337016574586	0.00027624309392265195	0.018508287292817678	0.016574585635359115	0.02016574585635359	0.0008287292817679558	0.019889502762430938	0.0	0.017403314917127072	0.0	0.011325966850828728	0.016298342541436465	0.013535911602209945	0.00027624309392265195	0.013812154696132596	0.031215469613259668	0.0019337016574585636	0.0005524861878453039	0.004419889502762431	0.026243093922651933	0.03812154696132597	0.0008287292817679558	0.02154696132596685
0.019889502762430938	0.017955801104972375	0.0008287292817679558	0.015193370165745856	0.032320441988950274	0.02707182320441989	0.0005524861878453039	0.022651933701657457	0.0	0.012154696132596685	0.0	0.006353591160220995	0.045303867403314914	0.05110497237569061	0.0008287292817679558	0.024861878453038673	0.027624309392265192	0.018508287292817678	0.0005524861878453039	0.009116022099447514	0.020441988950276244	0.022099447513812154	0.00027624309392265195	0.016022099447513812	0.0060773480662983425	0.0077348066298342545	0.0005524861878453039	0.0055248618784530384	0.045027624309392264	0.04419889502762431	0.0011049723756906078	0.04585635359116022	0.026243093922651933	0.013535911602209945	0.0013812154696132596	0.006353591160220995	0.028729281767955802	0.030939226519337018	0.00027624309392265195	0.0281767955801105	0.016574585635359115	0.026243093922651933	0.00027624309392265195	0.018508287292817678	0.01712707182320442	0.02016574585635359	0.0008287292817679558	0.019337016574585635	0.0	0.017403314917127072	0.0	0.011325966850828728	0.016574585635359115	0.013812154696132596	0.0	0.013535911602209945	0.03149171270718232	0.0019337016574585636	0.00027624309392265195	0.004419889502762431	0.02679558011049724	0.03756906077348066	0.00027624309392265195	0.022099447513812154
0.019889502762430938	0.01712707182320442	0.0008287292817679558	0.016022099447513812	0.030662983425414365	0.0281767955801105	0.0005524861878453039	0.023204419889502764	0.0	0.011602209944751382	0.0	0.006906077348066298	0.045303867403314914	0.05027624309392265	0.0008287292817679558	0.02569060773480663	0.027624309392265192	0.01878453038674033	0.0005524861878453039	0.008839779005524863	0.02016574585635359	0.021823204419889504	0.00027624309392265195	0.016574585635359115	0.006353591160220995	0.008011049723756906	0.00027624309392265195	0.005248618784530387	0.04419889502762431	0.044751381215469614	0.0011049723756906078	0.04558011049723757	0.025966850828729283	0.013812154696132596	0.0016574585635359116	0.0060773480662983425	0.02983425414364641	0.031215469613259668	0.0	0.02707182320441989	0.01685082872928177	0.026519337016574586	0.00027624309392265195	0.017955801104972375	0.01685082872928177	0.020441988950276244	0.0008287292817679558	0.019337016574585635	0.0	0.017679558011049725	0.0	0.011049723756906077	0.016574585635359115	0.013259668508287293	0.0	0.01408839779005525	0.03149171270718232	0.0019337016574585636	0.00027624309392265195	0.004419889502762431	0.02707182320441989	0.03729281767955801	0.0005524861878453039	0.022375690607734807
0.02016574585635359	0.017679558011049725	0.0005524861878453039	0.015469613259668509	0.030939226519337018	0.029005524861878452	0.00027624309392265195	0.022375690607734807	0.0	0.011602209944751382	0.0	0.006906077348066298	0.044751381215469614	0.05	0.0013812154696132596	0.025966850828729283	0.027900552486187846	0.018232044198895028	0.00027624309392265195	0.009392265193370166	0.020441988950276244	0.02154696132596685	0.0005524861878453039	0.016298342541436465	0.0066298342541436465	0.007458563535911602	0.00027624309392265195	0.0055248618784530384	0.044751381215469614	0.044475138121546964	0.0008287292817679558	0.045303867403314914	0.026243093922651933	0.01408839779005525	0.0013812154696132596	0.005801104972375691	0.02983425414364641	0.03038674033149171	0.00027624309392265195	0.027624309392265192	0.016574585635359115	0.02707182320441989	0.00027624309392265195	0.017679558011049725	0.017403314917127072	0.020994475138121547	0.00027624309392265195	0.01878453038674033	0.0	0.017679558011049725	0.0	0.011049723756906077	0.016022099447513812	0.01408839779005525	0.0	0.013812154696132596	0.031215469613259668	0.0022099447513812156	0.0005524861878453039	0.004143646408839779	0.02707182320441989	0.03784530386740331	0.0008287292817679558	0.021823204419889504
0.020441988950276244	0.01712707182320442	0.00027624309392265195	0.016022099447513812	0.030939226519337018	0.0281767955801105	0.0	0.023480662983425413	0.0	0.011602209944751382	0.0	0.006906077348066298	0.045027624309392264	0.049447513812154696	0.0011049723756906078	0.026519337016574586	0.027900552486187846	0.018232044198895028	0.00027624309392265195	0.009392265193370166	0.02016574585635359	0.02154696132596685	0.0008287292817679558	0.016298342541436465	0.0066298342541436465	0.007458563535911602	0.00027624309392265195	0.0055248618784530384	0.044475138121546964	0.045027624309392264	0.0005524861878453039	0.045027624309392264	0.02707182320441989	0.013535911602209945	0.0005524861878453039	0.006353591160220995	0.029281767955801105	0.030662983425414365	0.0008287292817679558	0.027348066298342542	0.016022099447513812	0.027624309392265192	0.0008287292817679558	0.01712707182320442	0.017679558011049725	0.020994475138121547	0.0	0.01878453038674033	0.0	0.017679558011049725	0.0	0.011049723756906077	0.016574585635359115	0.01408839779005525	0.0	0.013259668508287293	0.031767955801104975	0.002486187845303867	0.0	0.0038674033149171273	0.027624309392265192	0.03839779005524862	0.0005524861878453039	0.021270718232044197
0.019613259668508288	0.016574585635359115	0.0011049723756906078	0.016574585635359115	0.03038674033149171	0.02955801104972376	0.0	0.022651933701657457	0.0	0.011049723756906077	0.0	0.007458563535911602	0.045027624309392264	0.049723756906077346	0.0011049723756906078	0.026243093922651933	0.02679558011049724	0.018508287292817678	0.0013812154696132596	0.009116022099447514	0.019613259668508288	0.022375690607734807	0.0008287292817679558	0.016022099447513812	0.0066298342541436465	0.007458563535911602	0.00027624309392265195	0.0055248618784530384	0.044475138121546964	0.044751381215469614	0.0008287292817679558	0.045027624309392264	0.02707182320441989	0.013812154696132596	0.0005524861878453039	0.0060773480662983425	0.02955801104972376	0.030662983425414365	0.0005524861878453039	0.027348066298342542	0.016022099447513812	0.0281767955801105	0.00027624309392265195	0.01712707182320442	0.018232044198895028	0.02016574585635359	0.00027624309392265195	0.01878453038674033	0.0	0.017403314917127072	0.0	0.011325966850828728	0.016574585635359115	0.013812154696132596	0.0	0.013535911602209945	0.031767955801104975	0.0027624309392265192	0.0	0.0035911602209944752	0.027624309392265192	0.03812154696132597	0.0005524861878453039	0.02154696132596685
0.019613259668508288	0.017403314917127072	0.0011049723756906078	0.01574585635359116	0.03038674033149171	0.029005524861878452	0.0	0.023204419889502764	0.0	0.011049723756906077	0.0	0.007458563535911602	0.04558011049723757	0.04889502762430939	0.0005524861878453039	0.02707182320441989	0.027348066298342542	0.018232044198895028	0.0008287292817679558	0.009392265193370166	0.019889502762430938	0.02292817679558011	0.00027624309392265195	0.01574585635359116	0.006906077348066298	0.0077348066298342545	0.00027624309392265195	0.004972375690607734	0.045027624309392264	0.045027624309392264	0.00027624309392265195	0.04392265193370166	0.02679558011049724	0.013812154696132596	0.0008287292817679558	0.0060773480662983425	0.02845303867403315	0.030662983425414365	0.0005524861878453039	0.02845303867403315	0.016298342541436465	0.027348066298342542	0.0008287292817679558	0.01712707182320442	0.017955801104972375	0.02016574585635359	0.00027624309392265195	0.019060773480662985	0.0	0.01712707182320442	0.0	0.011602209944751382	0.016574585635359115	0.013812154696132596	0.0	0.013535911602209945	0.03149171270718232	0.0027624309392265192	0.00027624309392265195	0.0035911602209944752	0.0281767955801105	0.03867403314917127	0.0008287292817679558	0.020994475138121547
0.02016574585635359	0.016022099447513812	0.0005524861878453039	0.01712707182320442	0.03038674033149171	0.028729281767955802	0.0	0.023480662983425413	0.0	0.011049723756906077	0.0	0.007458563535911602	0.045027624309392264	0.04834254143646409	0.0011049723756906078	0.027624309392265192	0.027624309392265192	0.017955801104972375	0.0005524861878453039	0.009668508287292817	0.020441988950276244	0.022375690607734807	0.00027624309392265195	0.01574585635359116	0.0071823204419889505	0.007458563535911602	0.00027624309392265195	0.004972375690607734	0.04419889502762431	0.045303867403314914	0.0005524861878453039	0.04337016574585635	0.026519337016574586	0.013535911602209945	0.0011049723756906078	0.006353591160220995	0.03038674033149171	0.031215469613259668	0.00027624309392265195	0.026243093922651933	0.016022099447513812	0.027624309392265192	0.0013812154696132596	0.016574585635359115	0.018232044198895028	0.02016574585635359	0.00027624309392265195	0.01878453038674033	0.0	0.017679558011049725	0.0	0.011049723756906077	0.016574585635359115	0.013535911602209945	0.0	0.013812154696132596	0.031215469613259668	0.0022099447513812156	0.0005524861878453039	0.004143646408839779	0.029005524861878452	0.03839779005524862	0.0008287292817679558	0.021270718232044197
0.020441988950276244	0.016298342541436465	0.00027624309392265195	0.01685082872928177	0.029281767955801105	0.027900552486187846	0.00027624309392265195	0.025138121546961326	0.0	0.010497237569060774	0.0	0.008011049723756906	0.045303867403314914	0.04861878453038674	0.0008287292817679558	0.027348066298342542	0.027624309392265192	0.017403314917127072	0.0005524861878453039	0.010220994475138122	0.020718232044198894	0.02292817679558011	0.0	0.015193370165745856	0.008011049723756906	0.006906077348066298	0.0	0.004972375690607734	0.044751381215469614	0.044751381215469614	0.0005524861878453039	0.0430939226519337	0.02679558011049724	0.012983425414364641	0.0008287292817679558	0.006906077348066298	0.030662983425414365	0.03011049723756906	0.00027624309392265195	0.02707182320441989	0.01712707182320442	0.0281767955801105	0.0005524861878453039	0.01574585635359116	0.018508287292817678	0.020718232044198894	0.00027624309392265195	0.017955801104972375	0.0	0.018232044198895028	0.0	0.010497237569060774	0.016022099447513812	0.01408839779005525	0.0	0.013812154696132596	0.030662983425414365	0.0022099447513812156	0.0011049723756906078	0.004143646408839779	0.029281767955801105	0.03867403314917127	0.0008287292817679558	0.020994475138121547
0.020441988950276244	0.016298342541436465	0.00027624309392265195	0.01685082872928177	0.029005524861878452	0.0281767955801105	0.00027624309392265195	0.025138121546961326	0.0	0.010220994475138122	0.0	0.008287292817679558	0.044751381215469614	0.04779005524861878	0.0013812154696132596	0.0281767955801105	0.027900552486187846	0.017679558011049725	0.00027624309392265195	0.009944751381215469	0.019889502762430938	0.024033149171270717	0.0	0.014917127071823204	0.008011049723756906	0.0071823204419889505	0.0	0.004696132596685083	0.04585635359116022	0.045027624309392264	0.0	0.042265193370165745	0.027348066298342542	0.013259668508287293	0.00027624309392265195	0.0066298342541436465	0.03038674033149171	0.030939226519337018	0.00027624309392265195	0.026519337016574586	0.017679558011049725	0.027900552486187846	0.0005524861878453039	0.015469613259668509	0.018508287292817678	0.020994475138121547	0.00027624309392265195	0.017679558011049725	0.0	0.01878453038674033	0.0	0.009944751381215469	0.01574585635359116	0.013812154696132596	0.0	0.014364640883977901	0.030662983425414365	0.002486187845303867	0.0011049723756906078	0.0038674033149171273	0.029281767955801105	0.039779005524861875	0.0008287292817679558	0.019889502762430938
0.020441988950276244	0.01685082872928177	0.00027624309392265195	0.016298342541436465	0.0281767955801105	0.029281767955801105	0.0005524861878453039	0.024585635359116023	0.0	0.010220994475138122	0.0	0.008287292817679558	0.044475138121546964	0.04889502762430939	0.0016574585635359116	0.02707182320441989	0.027624309392265192	0.017955801104972375	0.0005524861878453039	0.009668508287292817	0.020441988950276244	0.02430939226519337	0.0	0.01408839779005525	0.008011049723756906	0.0071823204419889505	0.0	0.004696132596685083	0.04668508287292818	0.04364640883977901	0.00027624309392265195	0.042541436464088395	0.02707182320441989	0.01270718232044199	0.0005524861878453039	0.0071823204419889505	0.03011049723756906	0.030662983425414365	0.00027624309392265195	0.02707182320441989	0.018232044198895028	0.02707182320441989	0.0005524861878453039	0.01574585635359116	0.01878453038674033	0.021270718232044197	0.00027624309392265195	0.01712707182320442	0.0	0.018508287292817678	0.0	0.010220994475138122	0.01574585635359116	0.013812154696132596	0.0	0.014364640883977901	0.03038674033149171	0.002486187845303867	0.0013812154696132596	0.0038674033149171273	0.029281767955801105	0.039226519337016576	0.0008287292817679558	0.020441988950276244
0.02016574585635359	0.01712707182320442	0.0005524861878453039	0.016022099447513812	0.0281767955801105	0.02955801104972376	0.0008287292817679558	0.024033149171270717	0.0	0.010497237569060774	0.0	0.008011049723756906	0.044475138121546964	0.049723756906077346	0.0016574585635359116	0.026243093922651933	0.027624309392265192	0.017679558011049725	0.0005524861878453039	0.009944751381215469	0.019889502762430938	0.025138121546961326	0.0	0.013812154696132596	0.0077348066298342545	0.006906077348066298	0.0	0.005248618784530387	0.04613259668508287	0.044751381215469614	0.00027624309392265195	0.041712707182320445	0.027348066298342542	0.01270718232044199	0.00027624309392265195	0.0071823204419889505	0.029281767955801105	0.030662983425414365	0.0013812154696132596	0.02679558011049724	0.01878453038674033	0.026243093922651933	0.0005524861878453039	0.016022099447513812	0.018232044198895028	0.02154696132596685	0.00027624309392265195	0.017403314917127072	0.0	0.018232044198895028	0.0	0.010497237569060774	0.015469613259668509	0.014364640883977901	0.0	0.01408839779005525	0.03038674033149171	0.002486187845303867	0.0013812154696132596	0.0038674033149171273	0.029005524861878452	0.03867403314917127	0.0013812154696132596	0.020994475138121547
0.020718232044198894	0.017955801104972375	0.0	0.015193370165745856	0.028729281767955802	0.028729281767955802	0.0008287292817679558	0.02430939226519337	0.0	0.010773480662983425	0.0	0.0077348066298342545	0.044751381215469614	0.05	0.0013812154696132596	0.025966850828729283	0.027348066298342542	0.017955801104972375	0.0008287292817679558	0.009668508287292817	0.02016574585635359	0.024861878453038673	0.0	0.013812154696132596	0.007458563535911602	0.007458563535911602	0.0	0.004972375690607734	0.04585635359116022	0.044751381215469614	0.0005524861878453039	0.042265193370165745	0.027348066298342542	0.012430939226519336	0.00027624309392265195	0.007458563535911602	0.03011049723756906	0.03011049723756906	0.0011049723756906078	0.02679558011049724	0.017955801104972375	0.02679558011049724	0.0005524861878453039	0.016298342541436465	0.017955801104972375	0.021270718232044197	0.0005524861878453039	0.017679558011049725	0.0	0.018232044198895028	0.0	0.010497237569060774	0.015469613259668509	0.01408839779005525	0.0	0.014364640883977901	0.03038674033149171	0.0022099447513812156	0.0013812154696132596	0.004143646408839779	0.029005524861878452	0.03839779005524862	0.0008287292817679558	0.021270718232044197
0.020718232044198894	0.018508287292817678	0.0	0.014640883977900553	0.0281767955801105	0.02983425414364641	0.0008287292817679558	0.023756906077348067	0.0	0.011049723756906077	0.0	0.007458563535911602	0.045027624309392264	0.05	0.0011049723756906078	0.025966850828729283	0.027624309392265192	0.017403314917127072	0.0005524861878453039	0.010220994475138122	0.02016574585635359	0.02569060773480663	0.0	0.012983425414364641	0.007458563535911602	0.0071823204419889505	0.0	0.005248618784530387	0.045027624309392264	0.04392265193370166	0.00027624309392265195	0.04419889502762431	0.02679558011049724	0.012430939226519336	0.0008287292817679558	0.007458563535911602	0.02955801104972376	0.02983425414364641	0.0008287292817679558	0.027900552486187846	0.017955801104972375	0.025966850828729283	0.0005524861878453039	0.01712707182320442	0.01878453038674033	0.020994475138121547	0.0005524861878453039	0.01712707182320442	0.0	0.017955801104972375	0.0	0.010773480662983425	0.015469613259668509	0.013812154696132596	0.00027624309392265195	0.014364640883977901	0.03038674033149171	0.0022099447513812156	0.0013812154696132596	0.004143646408839779	0.028729281767955802	0.03729281767955801	0.0011049723756906078	0.022375690607734807
0.020441988950276244	0.018508287292817678	0.00027624309392265195	0.014640883977900553	0.027900552486187846	0.02955801104972376	0.0008287292817679558	0.02430939226519337	0.0	0.010773480662983425	0.0	0.0077348066298342545	0.044751381215469614	0.05	0.0013812154696132596	0.025966850828729283	0.027624309392265192	0.01712707182320442	0.0005524861878453039	0.010497237569060774	0.020441988950276244	0.025138121546961326	0.0	0.013259668508287293	0.0077348066298342545	0.0071823204419889505	0.0	0.004972375690607734	0.04696132596685083	0.042541436464088395	0.0008287292817679558	0.04392265193370166	0.02707182320441989	0.01270718232044199	0.0005524861878453039	0.0071823204419889505	0.02955801104972376	0.029005524861878452	0.0005524861878453039	0.029005524861878452	0.01878453038674033	0.02541436464088398	0.00027624309392265195	0.01712707182320442	0.017955801104972375	0.020718232044198894	0.0011049723756906078	0.017679558011049725	0.0	0.017955801104972375	0.0	0.010773480662983425	0.015193370165745856	0.013812154696132596	0.00027624309392265195	0.014640883977900553	0.030939226519337018	0.002486187845303867	0.0008287292817679558	0.0038674033149171273	0.02845303867403315	0.03729281767955801	0.0005524861878453039	0.022375690607734807
0.020718232044198894	0.01878453038674033	0.0	0.014364640883977901	0.027900552486187846	0.029281767955801105	0.0008287292817679558	0.024585635359116023	0.0	0.010773480662983425	0.0	0.0077348066298342545	0.045303867403314914	0.05	0.0008287292817679558	0.025966850828729283	0.027900552486187846	0.01712707182320442	0.00027624309392265195	0.010497237569060774	0.020441988950276244	0.024585635359116023	0.0	0.013812154696132596	0.0077348066298342545	0.0071823204419889505	0.00027624309392265195	0.004696132596685083	0.04613259668508287	0.04419889502762431	0.0011049723756906078	0.04337016574585635	0.02707182320441989	0.01270718232044199	0.0005524861878453039	0.0071823204419889505	0.029281767955801105	0.03011049723756906	0.0005524861878453039	0.0281767955801105	0.019060773480662985	0.02430939226519337	0.00027624309392265195	0.017955801104972375	0.019060773480662985	0.019889502762430938	0.0005524861878453039	0.017955801104972375	0.0	0.017679558011049725	0.0	0.011049723756906077	0.015193370165745856	0.013259668508287293	0.00027624309392265195	0.015193370165745856	0.031215469613259668	0.002486187845303867	0.0005524861878453039	0.0038674033149171273	0.0281767955801105	0.03756906077348066	0.00027624309392265195	0.022099447513812154
0.020718232044198894	0.017955801104972375	0.0	0.015193370165745856	0.026519337016574586	0.03038674033149171	0.0011049723756906078	0.024585635359116023	0.0	0.010773480662983425	0.0	0.0077348066298342545	0.045303867403314914	0.04889502762430939	0.0008287292817679558	0.02707182320441989	0.027900552486187846	0.01685082872928177	0.00027624309392265195	0.010773480662983425	0.020718232044198894	0.02430939226519337	0.0	0.013812154696132596	0.007458563535911602	0.0071823204419889505	0.00027624309392265195	0.004972375690607734	0.04558011049723757	0.04558011049723757	0.0005524861878453039	0.042265193370165745	0.027348066298342542	0.012154696132596685	0.00027624309392265195	0.0077348066298342545	0.02983425414364641	0.02955801104972376	0.0005524861878453039	0.0281767955801105	0.019889502762430938	0.023756906077348067	0.0	0.017955801104972375	0.019060773480662985	0.019889502762430938	0.00027624309392265195	0.018232044198895028	0.0	0.017955801104972375	0.0	0.010773480662983425	0.014364640883977901	0.013535911602209945	0.0005524861878453039	0.015469613259668509	0.03149171270718232	0.002486187845303867	0.00027624309392265195	0.0038674033149171273	0.029005524861878452	0.037016574585635356	0.00027624309392265195	0.022651933701657457
0.020441988950276244	0.01712707182320442	0.00027624309392265195	0.016022099447513812	0.02707182320441989	0.031215469613259668	0.0005524861878453039	0.023756906077348067	0.0	0.011325966850828728	0.0	0.0071823204419889505	0.045027624309392264	0.04861878453038674	0.0011049723756906078	0.027348066298342542	0.027900552486187846	0.016574585635359115	0.00027624309392265195	0.011049723756906077	0.020718232044198894	0.02430939226519337	0.0	0.013812154696132596	0.0071823204419889505	0.0077348066298342545	0.00027624309392265195	0.004696132596685083	0.04696132596685083	0.04558011049723757	0.00027624309392265195	0.04143646408839779	0.027624309392265192	0.012983425414364641	0.0	0.006906077348066298	0.027900552486187846	0.029281767955801105	0.0011049723756906078	0.02983425414364641	0.02016574585635359	0.023204419889502764	0.0	0.018232044198895028	0.018232044198895028	0.019613259668508288	0.0005524861878453039	0.019060773480662985	0.0	0.01712707182320442	0.0	0.011602209944751382	0.014917127071823204	0.013535911602209945	0.0005524861878453039	0.014917127071823204	0.031767955801104975	0.0027624309392265192	0.0	0.0035911602209944752	0.029005524861878452	0.037016574585635356	0.0	0.022651933701657457
0.020441988950276244	0.017679558011049725	0.00027624309392265195	0.015469613259668509	0.026519337016574586	0.031767955801104975	0.0005524861878453039	0.023756906077348067	0.0	0.011325966850828728	0.0	0.0071823204419889505	0.04558011049723757	0.049447513812154696	0.0005524861878453039	0.026519337016574586	0.027900552486187846	0.01712707182320442	0.00027624309392265195	0.010497237569060774	0.020441988950276244	0.024033149171270717	0.00027624309392265195	0.01408839779005525	0.0071823204419889505	0.008011049723756906	0.00027624309392265195	0.004419889502762431	0.045027624309392264	0.04558011049723757	0.0005524861878453039	0.0430939226519337	0.027348066298342542	0.01270718232044199	0.00027624309392265195	0.0071823204419889505	0.027348066298342542	0.030662983425414365	0.0011049723756906078	0.029005524861878452	0.019889502762430938	0.024033149171270717	0.0	0.017679558011049725	0.018232044198895028	0.019889502762430938	0.0005524861878453039	0.01878453038674033	0.0	0.017679558011049725	0.0	0.011049723756906077	0.015193370165745856	0.013259668508287293	0.0005524861878453039	0.014917127071823204	0.03149171270718232	0.0027624309392265192	0.00027624309392265195	0.0035911602209944752	0.028729281767955802	0.03618784530386741	0.00027624309392265195	0.023480662983425413
0.020441988950276244	0.017679558011049725	0.00027624309392265195	0.015469613259668509	0.026519337016574586	0.031767955801104975	0.00027624309392265195	0.024033149171270717	0.0	0.011325966850828728	0.0	0.0071823204419889505	0.04558011049723757	0.04861878453038674	0.0005524861878453039	0.027348066298342542	0.0281767955801105	0.01712707182320442	0.0	0.010497237569060774	0.019889502762430938	0.023204419889502764	0.00027624309392265195	0.015469613259668509	0.006906077348066298	0.008011049723756906	0.00027624309392265195	0.004696132596685083	0.04751381215469613	0.04558011049723757	0.0005524861878453039	0.042541436464088395	0.026519337016574586	0.01270718232044199	0.0011049723756906078	0.0071823204419889505	0.0281767955801105	0.03011049723756906	0.00027624309392265195	0.02955801104972376	0.020441988950276244	0.02430939226519337	0.0	0.01685082872928177	0.017403314917127072	0.018508287292817678	0.0008287292817679558	0.020718232044198894	0.0	0.017403314917127072	0.0	0.011325966850828728	0.014364640883977901	0.013812154696132596	0.0008287292817679558	0.014917127071823204	0.030662983425414365	0.002486187845303867	0.0011049723756906078	0.0038674033149171273	0.02707182320441989	0.036464088397790057	0.0	0.023204419889502764
0.019889502762430938	0.017955801104972375	0.0008287292817679558	0.015193370165745856	0.02679558011049724	0.030939226519337018	0.00027624309392265195	0.024585635359116023	0.0	0.010773480662983425	0.0	0.0077348066298342545	0.04585635359116022	0.04861878453038674	0.00027624309392265195	0.027348066298342542	0.0281767955801105	0.01712707182320442	0.0	0.010497237569060774	0.02016574585635359	0.02292817679558011	0.0	0.01574585635359116	0.006906077348066298	0.008011049723756906	0.00027624309392265195	0.004696132596685083	0.04751381215469613	0.04668508287292818	0.00027624309392265195	0.041988950276243095	0.02707182320441989	0.012983425414364641	0.0005524861878453039	0.006906077348066298	0.027348066298342542	0.03011049723756906	0.0008287292817679558	0.02983425414364641	0.02016574585635359	0.024033149171270717	0.00027624309392265195	0.01712707182320442	0.016574585635359115	0.019613259668508288	0.0011049723756906078	0.02016574585635359	0.0	0.017403314917127072	0.0	0.011325966850828728	0.013812154696132596	0.014364640883977901	0.0008287292817679558	0.014917127071823204	0.030939226519337018	0.002486187845303867	0.0008287292817679558	0.0038674033149171273	0.026243093922651933	0.03618784530386741	0.0005524861878453039	0.023480662983425413
0.019613259668508288	0.018232044198895028	0.0011049723756906078	0.014917127071823204	0.026519337016574586	0.03149171270718232	0.0	0.024585635359116023	0.0	0.011049723756906077	0.0	0.007458563535911602	0.04585635359116022	0.049447513812154696	0.00027624309392265195	0.026519337016574586	0.0281767955801105	0.017403314917127072	0.0	0.010220994475138122	0.019613259668508288	0.023204419889502764	0.0005524861878453039	0.015469613259668509	0.006906077348066298	0.008287292817679558	0.00027624309392265195	0.004419889502762431	0.04779005524861878	0.04585635359116022	0.0008287292817679558	0.041988950276243095	0.02679558011049724	0.012430939226519336	0.0008287292817679558	0.007458563535911602	0.026519337016574586	0.030939226519337018	0.0011049723756906078	0.02955801104972376	0.020441988950276244	0.024585635359116023	0.00027624309392265195	0.016298342541436465	0.017403314917127072	0.01878453038674033	0.00027624309392265195	0.020994475138121547	0.0	0.017403314917127072	0.0	0.011325966850828728	0.014917127071823204	0.014364640883977901	0.00027624309392265195	0.014364640883977901	0.030662983425414365	0.002486187845303867	0.0011049723756906078	0.0038674033149171273	0.025966850828729283	0.037016574585635356	0.0008287292817679558	0.022651933701657457
0.02016574585635359	0.018508287292817678	0.0005524861878453039	0.014640883977900553	0.026243093922651933	0.032044198895027624	0.0	0.02430939226519337	0.0	0.010773480662983425	0.0	0.0077348066298342545	0.045303867403314914	0.049447513812154696	0.0008287292817679558	0.026519337016574586	0.027900552486187846	0.017403314917127072	0.00027624309392265195	0.010220994475138122	0.02016574585635359	0.022651933701657457	0.0005524861878453039	0.015469613259668509	0.006906077348066298	0.008287292817679558	0.00027624309392265195	0.004419889502762431	0.04806629834254143	0.04806629834254143	0.0011049723756906078	0.039779005524861875	0.026519337016574586	0.01270718232044199	0.0011049723756906078	0.0071823204419889505	0.025966850828729283	0.032044198895027624	0.0008287292817679558	0.029281767955801105	0.02016574585635359	0.02430939226519337	0.0005524861878453039	0.016574585635359115	0.018232044198895028	0.018232044198895028	0.0	0.020994475138121547	0.0	0.018232044198895028	0.0	0.010497237569060774	0.014364640883977901	0.015193370165745856	0.00027624309392265195	0.01408839779005525	0.030939226519337018	0.0030386740331491712	0.0008287292817679558	0.0033149171270718232	0.02569060773480663	0.03618784530386741	0.0005524861878453039	0.023480662983425413
0.019889502762430938	0.018508287292817678	0.0008287292817679558	0.014640883977900553	0.026243093922651933	0.030662983425414365	0.0	0.02569060773480663	0.0	0.010497237569060774	0.0	0.008011049723756906	0.045303867403314914	0.05	0.0008287292817679558	0.025966850828729283	0.027900552486187846	0.016574585635359115	0.00027624309392265195	0.011049723756906077	0.020718232044198894	0.021823204419889504	0.00027624309392265195	0.016022099447513812	0.0066298342541436465	0.008287292817679558	0.00027624309392265195	0.004696132596685083	0.04613259668508287	0.04861878453038674	0.0011049723756906078	0.04005524861878453	0.025966850828729283	0.01270718232044199	0.0016574585635359116	0.0071823204419889505	0.025966850828729283	0.03149171270718232	0.0008287292817679558	0.02983425414364641	0.019613259668508288	0.02430939226519337	0.0005524861878453039	0.01712707182320442	0.017955801104972375	0.018508287292817678	0.0	0.020994475138121547	0.0	0.018508287292817678	0.0	0.010220994475138122	0.01408839779005525	0.016022099447513812	0.00027624309392265195	0.013535911602209945	0.031215469613259668	0.0030386740331491712	0.0005524861878453039	0.0033149171270718232	0.02707182320441989	0.036740331491712706	0.00027624309392265195	0.02292817679558011
