AAA	AAC	AAG	AAT	ACA	ACC	ACG	ACT	AGA	AGC	AGG	AGT	ATA	ATC	ATG	ATT	CAA	CAC	CAG	CAT	CCA	CCC	CCG	CCT	CGA	CGC	CGG	CGT	CTA	CTC	CTG	CTT	GAA	GAC	GAG	GAT	GCA	GCC	GCG	GCT	GGA	GGC	GGG	GGT	GTA	GTC	GTG	GTT	TAA	TAC	TAG	TAT	TCA	TCC	TCG	TCT	TGA	TGC	TGG	TGT	TTA	TTC	TTG	TTT
0.02016574585635359	0.02071823204419889	0.0011049723756906078	0.011602209944751382	0.04033149171270718	0.027624309392265192	0.0016574585635359116	0.011325966850828728	0.0	0.012983425414364641	0.0	0.0016574585635359116	0.036187845303867414	0.039226519337016576	0.010220994475138122	0.041988950276243095	0.027624309392265192	0.022099447513812157	0.00027624309392265195	0.0066298342541436465	0.032320441988950274	0.013812154696132596	0.0027624309392265192	0.00856353591160221	0.013259668508287293	0.004419889502762431	0.001933701657458564	0.0013812154696132596	0.07845303867403315	0.027348066298342542	0.009392265193370166	0.02292817679558011	0.024861878453038676	0.017955801104972375	0.0008287292817679558	0.0030386740331491712	0.035082872928176786	0.04005524861878453	0.002209944751381216	0.011049723756906077	0.03839779005524862	0.011049723756906077	0.005248618784530387	0.006353591160220995	0.03149171270718232	0.008287292817679558	0.0033149171270718232	0.011049723756906077	0.0	0.01712707182320442	0.0	0.012154696132596685	0.02430939226519337	0.01685082872928177	0.002209944751381216	0.005801104972375691	0.029558011049723762	0.005248618784530387	0.0016574585635359116	0.0008287292817679558	0.023480662983425413	0.04005524861878453	0.0011049723756906078	0.019337016574585638
0.009668508287292817	0.018508287292817678	0.011602209944751382	0.013812154696132596	0.019889502762430938	0.01712707182320442	0.023204419889502764	0.020718232044198894	0.0	0.010220994475138122	0.0	0.011325966850828728	0.024033149171270717	0.03618784530386741	0.022375690607734807	0.045027624309392264	0.014640883977900553	0.015469613259668509	0.013259668508287293	0.013259668508287293	0.013812154696132596	0.016022099447513812	0.013535911602209945	0.01408839779005525	0.005248618784530387	0.004419889502762431	0.005801104972375691	0.0055248618784530384	0.02707182320441989	0.02541436464088398	0.029281767955801105	0.027348066298342542	0.015193370165745856	0.011325966850828728	0.010497237569060774	0.009668508287292817	0.022375690607734807	0.023480662983425413	0.020441988950276244	0.022099447513812154	0.014364640883977901	0.01712707182320442	0.015193370165745856	0.014364640883977901	0.013812154696132596	0.015469613259668509	0.011878453038674033	0.012983425414364641	0.0	0.012430939226519336	0.0	0.01685082872928177	0.011602209944751382	0.009392265193370166	0.012154696132596685	0.009116022099447514	0.01685082872928177	0.0019337016574585636	0.014364640883977901	0.004143646408839779	0.024033149171270717	0.032320441988950274	0.02955801104972376	0.02707182320441989
0.011049723756906077	0.019060773480662985	0.010220994475138122	0.013259668508287293	0.021823204419889504	0.017403314917127072	0.020994475138121547	0.020718232044198894	0.0	0.010220994475138122	0.0	0.011325966850828728	0.02569060773480663	0.036740331491712706	0.020718232044198894	0.044475138121546964	0.014917127071823204	0.01574585635359116	0.012983425414364641	0.012983425414364641	0.014917127071823204	0.016298342541436465	0.01270718232044199	0.013535911602209945	0.0055248618784530384	0.004419889502762431	0.0055248618784530384	0.0055248618784530384	0.027624309392265192	0.02569060773480663	0.0281767955801105	0.027624309392265192	0.016022099447513812	0.011049723756906077	0.009668508287292817	0.009944751381215469	0.024033149171270717	0.024033149171270717	0.01878453038674033	0.02154696132596685	0.014917127071823204	0.017955801104972375	0.014640883977900553	0.013535911602209945	0.014364640883977901	0.01574585635359116	0.011049723756906077	0.012983425414364641	0.0	0.012430939226519336	0.0	0.01685082872928177	0.012430939226519336	0.009392265193370166	0.011049723756906077	0.009392265193370166	0.017403314917127072	0.0019337016574585636	0.013812154696132596	0.004143646408839779	0.026243093922651933	0.03342541436464089	0.027348066298342542	0.025966850828729283
0.011325966850828728	0.019337016574585635	0.009944751381215469	0.012983425414364641	0.022651933701657457	0.017403314917127072	0.019613259668508288	0.021270718232044197	0.0	0.009944751381215469	0.0	0.011602209944751382	0.027348066298342542	0.039226519337016576	0.019060773480662985	0.041988950276243095	0.015469613259668509	0.016022099447513812	0.012430939226519336	0.01270718232044199	0.014917127071823204	0.016298342541436465	0.01270718232044199	0.013535911602209945	0.005801104972375691	0.004972375690607734	0.004972375690607734	0.005248618784530387	0.02845303867403315	0.02569060773480663	0.026243093922651933	0.0281767955801105	0.016298342541436465	0.011325966850828728	0.009392265193370166	0.009668508287292817	0.024033149171270717	0.024585635359116023	0.017955801104972375	0.021823204419889504	0.016574585635359115	0.017403314917127072	0.012983425414364641	0.01408839779005525	0.015193370165745856	0.016298342541436465	0.010220994475138122	0.012430939226519336	0.0	0.012983425414364641	0.0	0.016298342541436465	0.012983425414364641	0.009668508287292817	0.010220994475138122	0.009392265193370166	0.017955801104972375	0.0019337016574585636	0.013259668508287293	0.004143646408839779	0.0281767955801105	0.03314917127071823	0.025966850828729283	0.026243093922651933
0.012154696132596685	0.019337016574585635	0.009116022099447514	0.012983425414364641	0.02430939226519337	0.017955801104972375	0.017403314917127072	0.021270718232044197	0.0	0.010220994475138122	0.0	0.011325966850828728	0.028729281767955802	0.04088397790055249	0.017679558011049725	0.04033149171270718	0.015469613259668509	0.015469613259668509	0.012430939226519336	0.013259668508287293	0.016022099447513812	0.016574585635359115	0.011049723756906077	0.013812154696132596	0.006353591160220995	0.005248618784530387	0.004419889502762431	0.004972375690607734	0.029281767955801105	0.02541436464088398	0.024033149171270717	0.029281767955801105	0.016574585635359115	0.011049723756906077	0.009116022099447514	0.009944751381215469	0.02430939226519337	0.02430939226519337	0.017679558011049725	0.022099447513812154	0.017679558011049725	0.01712707182320442	0.011878453038674033	0.014364640883977901	0.015193370165745856	0.016574585635359115	0.010220994475138122	0.012154696132596685	0.0	0.013535911602209945	0.0	0.01574585635359116	0.013259668508287293	0.009944751381215469	0.009668508287292817	0.009392265193370166	0.018232044198895028	0.0019337016574585636	0.012983425414364641	0.004143646408839779	0.029281767955801105	0.03259668508287293	0.02541436464088398	0.02679558011049724
0.011878453038674033	0.019060773480662985	0.009392265193370166	0.013259668508287293	0.02679558011049724	0.01712707182320442	0.014917127071823204	0.022099447513812154	0.0	0.011049723756906077	0.0	0.010497237569060774	0.02955801104972376	0.04116022099447514	0.01685082872928177	0.04005524861878453	0.016022099447513812	0.01574585635359116	0.011878453038674033	0.012983425414364641	0.016574585635359115	0.016022099447513812	0.010773480662983425	0.01408839779005525	0.0066298342541436465	0.0055248618784530384	0.004143646408839779	0.004696132596685083	0.031767955801104975	0.026243093922651933	0.021270718232044197	0.02955801104972376	0.01712707182320442	0.011602209944751382	0.00856353591160221	0.009392265193370166	0.024861878453038673	0.02430939226519337	0.01712707182320442	0.022099447513812154	0.01878453038674033	0.01712707182320442	0.011049723756906077	0.01408839779005525	0.01574585635359116	0.016574585635359115	0.009116022099447514	0.01270718232044199	0.0	0.013259668508287293	0.0	0.016022099447513812	0.01408839779005525	0.010220994475138122	0.008011049723756906	0.009944751381215469	0.019613259668508288	0.0019337016574585636	0.011602209944751382	0.004143646408839779	0.02983425414364641	0.03287292817679558	0.024033149171270717	0.026519337016574586
0.011878453038674033	0.019337016574585635	0.009392265193370166	0.012983425414364641	0.027624309392265192	0.016574585635359115	0.01408839779005525	0.022651933701657457	0.0	0.010773480662983425	0.0	0.010773480662983425	0.03011049723756906	0.041988950276243095	0.016298342541436465	0.039226519337016576	0.017679558011049725	0.016022099447513812	0.010220994475138122	0.01270718232044199	0.016574585635359115	0.016022099447513812	0.010497237569060774	0.014364640883977901	0.0066298342541436465	0.004972375690607734	0.004143646408839779	0.005248618784530387	0.034806629834254144	0.026519337016574586	0.020441988950276244	0.02845303867403315	0.018508287292817678	0.011602209944751382	0.0071823204419889505	0.009392265193370166	0.02541436464088398	0.023756906077348067	0.016298342541436465	0.02292817679558011	0.019613259668508288	0.01685082872928177	0.010497237569060774	0.01408839779005525	0.016298342541436465	0.017403314917127072	0.00856353591160221	0.011878453038674033	0.0	0.013535911602209945	0.0	0.01574585635359116	0.014364640883977901	0.010220994475138122	0.0077348066298342545	0.009944751381215469	0.019613259668508288	0.0019337016574585636	0.011602209944751382	0.004143646408839779	0.030662983425414365	0.03342541436464089	0.021823204419889504	0.025966850828729283
0.012983425414364641	0.019613259668508288	0.008287292817679558	0.01270718232044199	0.029005524861878452	0.016298342541436465	0.013259668508287293	0.022375690607734807	0.0	0.011049723756906077	0.0	0.010497237569060774	0.03038674033149171	0.042265193370165745	0.016022099447513812	0.038950276243093926	0.017679558011049725	0.016022099447513812	0.010220994475138122	0.01270718232044199	0.01685082872928177	0.016298342541436465	0.010220994475138122	0.01408839779005525	0.0066298342541436465	0.004972375690607734	0.004143646408839779	0.005248618784530387	0.036740331491712706	0.02679558011049724	0.019060773480662985	0.02845303867403315	0.01878453038674033	0.01270718232044199	0.006906077348066298	0.008287292817679558	0.026243093922651933	0.023756906077348067	0.015193370165745856	0.023204419889502764	0.019889502762430938	0.01712707182320442	0.009944751381215469	0.01408839779005525	0.01685082872928177	0.017955801104972375	0.0077348066298342545	0.011602209944751382	0.0	0.013812154696132596	0.0	0.015469613259668509	0.015469613259668509	0.010220994475138122	0.0066298342541436465	0.009944751381215469	0.019889502762430938	0.0019337016574585636	0.011325966850828728	0.004143646408839779	0.03038674033149171	0.03370165745856354	0.021270718232044197	0.02569060773480663
0.013259668508287293	0.019889502762430938	0.008011049723756906	0.012430939226519336	0.029005524861878452	0.016022099447513812	0.013535911602209945	0.022375690607734807	0.0	0.011325966850828728	0.0	0.010220994475138122	0.03259668508287293	0.0430939226519337	0.013812154696132596	0.03812154696132597	0.018232044198895028	0.016298342541436465	0.009668508287292817	0.012430939226519336	0.01685082872928177	0.01712707182320442	0.010220994475138122	0.013259668508287293	0.0066298342541436465	0.005248618784530387	0.004143646408839779	0.004972375690607734	0.038950276243093926	0.02679558011049724	0.01712707182320442	0.029005524861878452	0.018508287292817678	0.01270718232044199	0.0071823204419889505	0.008287292817679558	0.027348066298342542	0.023756906077348067	0.01408839779005525	0.023204419889502764	0.020718232044198894	0.017403314917127072	0.009392265193370166	0.013535911602209945	0.017403314917127072	0.017955801104972375	0.0071823204419889505	0.011602209944751382	0.0	0.013535911602209945	0.0	0.01574585635359116	0.016022099447513812	0.010497237569060774	0.005801104972375691	0.009944751381215469	0.02016574585635359	0.0022099447513812156	0.011049723756906077	0.0038674033149171273	0.03038674033149171	0.03425414364640884	0.020441988950276244	0.025138121546961326
0.01408839779005525	0.019613259668508288	0.0071823204419889505	0.01270718232044199	0.029281767955801105	0.01685082872928177	0.012430939226519336	0.022375690607734807	0.0	0.011049723756906077	0.0	0.010497237569060774	0.03314917127071823	0.04337016574585635	0.013259668508287293	0.03784530386740331	0.019337016574585635	0.01685082872928177	0.00856353591160221	0.011878453038674033	0.017403314917127072	0.01712707182320442	0.009668508287292817	0.013259668508287293	0.0066298342541436465	0.005801104972375691	0.0038674033149171273	0.004696132596685083	0.039779005524861875	0.026519337016574586	0.016298342541436465	0.029005524861878452	0.01878453038674033	0.01270718232044199	0.006906077348066298	0.008287292817679558	0.02845303867403315	0.02430939226519337	0.012983425414364641	0.022651933701657457	0.021270718232044197	0.01685082872928177	0.009116022099447514	0.013812154696132596	0.017955801104972375	0.017403314917127072	0.0066298342541436465	0.012154696132596685	0.0	0.013812154696132596	0.0	0.015469613259668509	0.016574585635359115	0.011049723756906077	0.005248618784530387	0.009392265193370166	0.020441988950276244	0.002486187845303867	0.010773480662983425	0.0035911602209944752	0.03342541436464089	0.03425414364640884	0.017679558011049725	0.025138121546961326
0.014640883977900553	0.019613259668508288	0.0066298342541436465	0.01270718232044199	0.03038674033149171	0.01685082872928177	0.011325966850828728	0.022375690607734807	0.0	0.010773480662983425	0.0	0.010773480662983425	0.03397790055248619	0.04364640883977901	0.012430939226519336	0.03756906077348066	0.019337016574585635	0.01712707182320442	0.00856353591160221	0.011602209944751382	0.01878453038674033	0.016022099447513812	0.008287292817679558	0.014364640883977901	0.006906077348066298	0.0060773480662983425	0.0033149171270718232	0.004696132596685083	0.04116022099447514	0.02707182320441989	0.016022099447513812	0.0281767955801105	0.01878453038674033	0.01270718232044199	0.006906077348066298	0.008287292817679558	0.02955801104972376	0.02430939226519337	0.012154696132596685	0.022375690607734807	0.021270718232044197	0.017403314917127072	0.009116022099447514	0.013259668508287293	0.018508287292817678	0.017955801104972375	0.0060773480662983425	0.011602209944751382	0.0	0.01408839779005525	0.0	0.015193370165745856	0.016574585635359115	0.011878453038674033	0.005248618784530387	0.00856353591160221	0.021270718232044197	0.0027624309392265192	0.009944751381215469	0.0033149171270718232	0.03370165745856354	0.03508287292817679	0.016574585635359115	0.02430939226519337
0.016022099447513812	0.019613259668508288	0.005248618784530387	0.01270718232044199	0.032044198895027624	0.01712707182320442	0.009944751381215469	0.021823204419889504	0.0	0.011325966850828728	0.0	0.010220994475138122	0.03425414364640884	0.04419889502762431	0.012154696132596685	0.037016574585635356	0.019613259668508288	0.016574585635359115	0.008287292817679558	0.012154696132596685	0.019337016574585635	0.016022099447513812	0.008011049723756906	0.01408839779005525	0.006906077348066298	0.006353591160220995	0.0033149171270718232	0.004419889502762431	0.041712707182320445	0.027624309392265192	0.016574585635359115	0.027900552486187846	0.019060773480662985	0.01270718232044199	0.0066298342541436465	0.008287292817679558	0.030662983425414365	0.02541436464088398	0.011049723756906077	0.021270718232044197	0.021823204419889504	0.017679558011049725	0.00856353591160221	0.012983425414364641	0.019337016574585635	0.017679558011049725	0.005248618784530387	0.011878453038674033	0.0	0.01574585635359116	0.0	0.013535911602209945	0.01685082872928177	0.011325966850828728	0.004696132596685083	0.009392265193370166	0.022099447513812154	0.002486187845303867	0.009116022099447514	0.0035911602209944752	0.03370165745856354	0.034806629834254144	0.015193370165745856	0.024585635359116023
0.016298342541436465	0.019889502762430938	0.004972375690607734	0.012430939226519336	0.032320441988950274	0.017403314917127072	0.009392265193370166	0.021823204419889504	0.0	0.011325966850828728	0.0	0.010220994475138122	0.03535911602209945	0.044475138121546964	0.011049723756906077	0.036740331491712706	0.020441988950276244	0.016298342541436465	0.007458563535911602	0.012430939226519336	0.019337016574585635	0.01685082872928177	0.0077348066298342545	0.013535911602209945	0.0071823204419889505	0.0060773480662983425	0.0033149171270718232	0.004419889502762431	0.042265193370165745	0.0281767955801105	0.015469613259668509	0.027900552486187846	0.019613259668508288	0.012983425414364641	0.0060773480662983425	0.008011049723756906	0.03149171270718232	0.026243093922651933	0.009944751381215469	0.020718232044198894	0.022375690607734807	0.017403314917127072	0.008011049723756906	0.013259668508287293	0.019060773480662985	0.017679558011049725	0.004972375690607734	0.012430939226519336	0.0	0.017403314917127072	0.0	0.011878453038674033	0.01685082872928177	0.011602209944751382	0.004696132596685083	0.009116022099447514	0.022099447513812154	0.0022099447513812156	0.009116022099447514	0.0038674033149171273	0.03535911602209945	0.03508287292817679	0.013535911602209945	0.02430939226519337
0.016574585635359115	0.020441988950276244	0.004696132596685083	0.011878453038674033	0.032320441988950274	0.01712707182320442	0.008839779005524863	0.022651933701657457	0.0	0.011602209944751382	0.0	0.009944751381215469	0.03591160220994475	0.045303867403314914	0.010497237569060774	0.03591160220994475	0.020994475138121547	0.01574585635359116	0.006906077348066298	0.012983425414364641	0.020441988950276244	0.01712707182320442	0.006906077348066298	0.012983425414364641	0.007458563535911602	0.006353591160220995	0.0030386740331491712	0.004143646408839779	0.04419889502762431	0.0281767955801105	0.014364640883977901	0.027900552486187846	0.019613259668508288	0.012983425414364641	0.0060773480662983425	0.008011049723756906	0.032044198895027624	0.027348066298342542	0.009116022099447514	0.019889502762430938	0.022651933701657457	0.01712707182320442	0.007458563535911602	0.013812154696132596	0.01878453038674033	0.018508287292817678	0.005248618784530387	0.011602209944751382	0.0	0.01712707182320442	0.0	0.012154696132596685	0.01685082872928177	0.011602209944751382	0.004419889502762431	0.009392265193370166	0.022651933701657457	0.0027624309392265192	0.00856353591160221	0.0033149171270718232	0.03591160220994475	0.03618784530386741	0.012154696132596685	0.023204419889502764
0.016574585635359115	0.020994475138121547	0.004696132596685083	0.011325966850828728	0.03259668508287293	0.018232044198895028	0.007458563535911602	0.022651933701657457	0.0	0.011878453038674033	0.0	0.009668508287292817	0.036464088397790057	0.04585635359116022	0.009944751381215469	0.03535911602209945	0.02154696132596685	0.016574585635359115	0.006353591160220995	0.012154696132596685	0.022099447513812154	0.016574585635359115	0.004696132596685083	0.01408839779005525	0.007458563535911602	0.006353591160220995	0.0030386740331491712	0.004143646408839779	0.04668508287292818	0.0281767955801105	0.01408839779005525	0.027624309392265192	0.02016574585635359	0.012983425414364641	0.0055248618784530384	0.008011049723756906	0.032044198895027624	0.027900552486187846	0.009392265193370166	0.019060773480662985	0.023204419889502764	0.017955801104972375	0.006353591160220995	0.013535911602209945	0.019060773480662985	0.01878453038674033	0.004972375690607734	0.011325966850828728	0.0	0.016022099447513812	0.0	0.013259668508287293	0.01685082872928177	0.012154696132596685	0.004143646408839779	0.009116022099447514	0.022651933701657457	0.0027624309392265192	0.00856353591160221	0.0033149171270718232	0.034530386740331494	0.036740331491712706	0.011602209944751382	0.022651933701657457
0.01685082872928177	0.021270718232044197	0.004419889502762431	0.011049723756906077	0.03259668508287293	0.01878453038674033	0.007458563535911602	0.022099447513812154	0.0	0.012154696132596685	0.0	0.009392265193370166	0.03756906077348066	0.04613259668508287	0.008839779005524863	0.03508287292817679	0.023204419889502764	0.016022099447513812	0.004696132596685083	0.01270718232044199	0.022375690607734807	0.01712707182320442	0.004419889502762431	0.013535911602209945	0.0077348066298342545	0.006906077348066298	0.0027624309392265192	0.0035911602209944752	0.04668508287292818	0.0281767955801105	0.012983425414364641	0.027900552486187846	0.020441988950276244	0.012983425414364641	0.005248618784530387	0.008011049723756906	0.03314917127071823	0.0281767955801105	0.008011049723756906	0.019060773480662985	0.023756906077348067	0.018232044198895028	0.0055248618784530384	0.013535911602209945	0.019613259668508288	0.01878453038674033	0.004419889502762431	0.011325966850828728	0.0	0.016022099447513812	0.0	0.013259668508287293	0.01712707182320442	0.011878453038674033	0.0038674033149171273	0.009392265193370166	0.023480662983425413	0.0030386740331491712	0.0077348066298342545	0.0030386740331491712	0.0356353591160221	0.036464088397790057	0.011325966850828728	0.02292817679558011
0.01712707182320442	0.021823204419889504	0.004143646408839779	0.010497237569060774	0.03259668508287293	0.019337016574585635	0.0071823204419889505	0.021823204419889504	0.0	0.012154696132596685	0.0	0.009392265193370166	0.03839779005524862	0.045027624309392264	0.008011049723756906	0.03618784530386741	0.023204419889502764	0.016574585635359115	0.004696132596685083	0.012154696132596685	0.022651933701657457	0.017679558011049725	0.004419889502762431	0.01270718232044199	0.008011049723756906	0.006906077348066298	0.0022099447513812156	0.0038674033149171273	0.04834254143646409	0.028729281767955802	0.012983425414364641	0.027348066298342542	0.020718232044198894	0.012983425414364641	0.004972375690607734	0.008011049723756906	0.03287292817679558	0.02983425414364641	0.008011049723756906	0.017679558011049725	0.02430939226519337	0.018232044198895028	0.004972375690607734	0.013535911602209945	0.019889502762430938	0.019060773480662985	0.004419889502762431	0.010773480662983425	0.0	0.016298342541436465	0.0	0.012983425414364641	0.017403314917127072	0.011602209944751382	0.0038674033149171273	0.009392265193370166	0.023204419889502764	0.0030386740331491712	0.008011049723756906	0.0030386740331491712	0.034530386740331494	0.03729281767955801	0.010773480662983425	0.022099447513812154
0.017403314917127072	0.02154696132596685	0.0038674033149171273	0.010773480662983425	0.03314917127071823	0.020441988950276244	0.0066298342541436465	0.020718232044198894	0.0	0.011878453038674033	0.0	0.009668508287292817	0.038950276243093926	0.044751381215469614	0.007458563535911602	0.036464088397790057	0.023204419889502764	0.016574585635359115	0.004696132596685083	0.012154696132596685	0.022651933701657457	0.017955801104972375	0.004419889502762431	0.012430939226519336	0.008011049723756906	0.006906077348066298	0.0022099447513812156	0.0038674033149171273	0.05165745856353591	0.027900552486187846	0.011602209944751382	0.0281767955801105	0.020994475138121547	0.013259668508287293	0.004696132596685083	0.0077348066298342545	0.03370165745856354	0.028729281767955802	0.0077348066298342545	0.018232044198895028	0.02430939226519337	0.017955801104972375	0.004972375690607734	0.013812154696132596	0.02154696132596685	0.01878453038674033	0.0038674033149171273	0.009944751381215469	0.0	0.016574585635359115	0.0	0.01270718232044199	0.017403314917127072	0.011602209944751382	0.0038674033149171273	0.009392265193370166	0.024033149171270717	0.0030386740331491712	0.0071823204419889505	0.0030386740331491712	0.03314917127071823	0.03729281767955801	0.010220994475138122	0.022099447513812154
0.017403314917127072	0.021270718232044197	0.0038674033149171273	0.011049723756906077	0.03397790055248619	0.020718232044198894	0.005801104972375691	0.020441988950276244	0.0	0.012154696132596685	0.0	0.009392265193370166	0.03867403314917127	0.045027624309392264	0.0077348066298342545	0.03618784530386741	0.023480662983425413	0.017679558011049725	0.004419889502762431	0.011049723756906077	0.023480662983425413	0.01685082872928177	0.004143646408839779	0.012983425414364641	0.008011049723756906	0.006353591160220995	0.0019337016574585636	0.004696132596685083	0.05441988950276243	0.027900552486187846	0.009116022099447514	0.0281767955801105	0.020718232044198894	0.013259668508287293	0.004972375690607734	0.0077348066298342545	0.03425414364640884	0.029005524861878452	0.007458563535911602	0.017679558011049725	0.024861878453038673	0.01878453038674033	0.004419889502762431	0.012983425414364641	0.020994475138121547	0.018232044198895028	0.004419889502762431	0.010497237569060774	0.0	0.016298342541436465	0.0	0.012983425414364641	0.017955801104972375	0.011325966850828728	0.0035911602209944752	0.009392265193370166	0.024861878453038673	0.0035911602209944752	0.006353591160220995	0.002486187845303867	0.03314917127071823	0.03812154696132597	0.009944751381215469	0.021270718232044197
0.017679558011049725	0.022099447513812154	0.0035911602209944752	0.010220994475138122	0.03508287292817679	0.02016574585635359	0.004972375690607734	0.020718232044198894	0.0	0.012983425414364641	0.0	0.00856353591160221	0.038950276243093926	0.04558011049723757	0.007458563535911602	0.0356353591160221	0.023480662983425413	0.018232044198895028	0.004419889502762431	0.010497237569060774	0.023204419889502764	0.016574585635359115	0.004419889502762431	0.013259668508287293	0.0077348066298342545	0.0066298342541436465	0.0022099447513812156	0.004419889502762431	0.054972375690607735	0.029005524861878452	0.008839779005524863	0.027624309392265192	0.020441988950276244	0.013812154696132596	0.005248618784530387	0.0071823204419889505	0.034806629834254144	0.029005524861878452	0.006906077348066298	0.017679558011049725	0.02541436464088398	0.018508287292817678	0.0038674033149171273	0.013259668508287293	0.020994475138121547	0.017955801104972375	0.0038674033149171273	0.011325966850828728	0.0	0.016574585635359115	0.0	0.01270718232044199	0.018508287292817678	0.011325966850828728	0.0030386740331491712	0.009392265193370166	0.024861878453038673	0.0035911602209944752	0.006353591160220995	0.002486187845303867	0.03370165745856354	0.03867403314917127	0.00856353591160221	0.020718232044198894
0.017403314917127072	0.022375690607734807	0.0038674033149171273	0.009944751381215469	0.03535911602209945	0.019613259668508288	0.004696132596685083	0.021270718232044197	0.0	0.013259668508287293	0.0	0.008287292817679558	0.039779005524861875	0.04696132596685083	0.0066298342541436465	0.03425414364640884	0.023756906077348067	0.018232044198895028	0.004143646408839779	0.010497237569060774	0.02430939226519337	0.016298342541436465	0.0038674033149171273	0.012983425414364641	0.008011049723756906	0.0066298342541436465	0.0016574585635359116	0.004696132596685083	0.05607734806629834	0.028729281767955802	0.009392265193370166	0.027900552486187846	0.020994475138121547	0.013535911602209945	0.004696132596685083	0.007458563535911602	0.034530386740331494	0.02955801104972376	0.006906077348066298	0.017403314917127072	0.025138121546961326	0.01878453038674033	0.0038674033149171273	0.013259668508287293	0.020994475138121547	0.018508287292817678	0.0038674033149171273	0.010773480662983425	0.0	0.016298342541436465	0.0	0.012983425414364641	0.019060773480662985	0.010773480662983425	0.0030386740331491712	0.009392265193370166	0.024861878453038673	0.004143646408839779	0.006353591160220995	0.0019337016574585636	0.032320441988950274	0.03867403314917127	0.008287292817679558	0.020718232044198894
0.017403314917127072	0.021823204419889504	0.0038674033149171273	0.010497237569060774	0.03535911602209945	0.019613259668508288	0.004419889502762431	0.02154696132596685	0.0	0.012983425414364641	0.0	0.00856353591160221	0.04005524861878453	0.04613259668508287	0.006353591160220995	0.03508287292817679	0.023480662983425413	0.017679558011049725	0.004419889502762431	0.011049723756906077	0.02430939226519337	0.01685082872928177	0.0035911602209944752	0.01270718232044199	0.008011049723756906	0.0071823204419889505	0.0016574585635359116	0.004143646408839779	0.05580110497237569	0.02983425414364641	0.00856353591160221	0.027624309392265192	0.020994475138121547	0.013259668508287293	0.004696132596685083	0.0077348066298342545	0.03425414364640884	0.029005524861878452	0.0071823204419889505	0.017955801104972375	0.02569060773480663	0.019060773480662985	0.0038674033149171273	0.012430939226519336	0.02154696132596685	0.017955801104972375	0.0035911602209944752	0.011049723756906077	0.0	0.016298342541436465	0.0	0.012983425414364641	0.019060773480662985	0.011049723756906077	0.0030386740331491712	0.009116022099447514	0.025138121546961326	0.004143646408839779	0.0060773480662983425	0.0019337016574585636	0.03370165745856354	0.03867403314917127	0.0071823204419889505	0.020718232044198894
0.017679558011049725	0.022375690607734807	0.0035911602209944752	0.009944751381215469	0.03618784530386741	0.019337016574585635	0.0035911602209944752	0.021823204419889504	0.0	0.012430939226519336	0.0	0.009116022099447514	0.04005524861878453	0.04696132596685083	0.006353591160220995	0.03425414364640884	0.02430939226519337	0.017679558011049725	0.0035911602209944752	0.011049723756906077	0.02430939226519337	0.016574585635359115	0.0035911602209944752	0.012983425414364641	0.008011049723756906	0.0071823204419889505	0.0016574585635359116	0.004143646408839779	0.05607734806629834	0.031215469613259668	0.008011049723756906	0.026519337016574586	0.020994475138121547	0.013535911602209945	0.004696132596685083	0.007458563535911602	0.03535911602209945	0.029281767955801105	0.005801104972375691	0.017955801104972375	0.02569060773480663	0.019060773480662985	0.0033149171270718232	0.012983425414364641	0.02154696132596685	0.017679558011049725	0.0035911602209944752	0.011325966850828728	0.0	0.016574585635359115	0.0	0.01270718232044199	0.019060773480662985	0.011325966850828728	0.0030386740331491712	0.008839779005524863	0.02569060773480663	0.004143646408839779	0.0055248618784530384	0.0019337016574585636	0.03342541436464089	0.039226519337016576	0.007458563535911602	0.02016574585635359
0.017955801104972375	0.022099447513812154	0.0033149171270718232	0.010220994475138122	0.036740331491712706	0.019060773480662985	0.0033149171270718232	0.021823204419889504	0.0	0.012983425414364641	0.0	0.00856353591160221	0.039502762430939226	0.04668508287292818	0.006906077348066298	0.034530386740331494	0.02430939226519337	0.017403314917127072	0.0035911602209944752	0.011325966850828728	0.024861878453038673	0.016574585635359115	0.0030386740331491712	0.012983425414364641	0.008011049723756906	0.007458563535911602	0.0016574585635359116	0.0038674033149171273	0.05607734806629834	0.030662983425414365	0.007458563535911602	0.027348066298342542	0.021270718232044197	0.013535911602209945	0.004419889502762431	0.007458563535911602	0.03618784530386741	0.030939226519337018	0.005248618784530387	0.016022099447513812	0.025966850828729283	0.019889502762430938	0.0027624309392265192	0.012430939226519336	0.02154696132596685	0.01712707182320442	0.0035911602209944752	0.011878453038674033	0.0	0.016298342541436465	0.0	0.012983425414364641	0.019337016574585635	0.010497237569060774	0.0030386740331491712	0.009392265193370166	0.02569060773480663	0.004143646408839779	0.0055248618784530384	0.0019337016574585636	0.03425414364640884	0.04005524861878453	0.006906077348066298	0.019337016574585635
0.018232044198895028	0.022651933701657457	0.0030386740331491712	0.009668508287292817	0.036464088397790057	0.019889502762430938	0.0033149171270718232	0.021270718232044197	0.0	0.01270718232044199	0.0	0.008839779005524863	0.04060773480662983	0.04889502762430939	0.005801104972375691	0.032320441988950274	0.024585635359116023	0.017679558011049725	0.0033149171270718232	0.011049723756906077	0.024861878453038673	0.01712707182320442	0.0027624309392265192	0.01270718232044199	0.008011049723756906	0.0077348066298342545	0.0016574585635359116	0.0035911602209944752	0.058011049723756904	0.030939226519337018	0.0077348066298342545	0.026519337016574586	0.02154696132596685	0.013535911602209945	0.004143646408839779	0.007458563535911602	0.036740331491712706	0.030662983425414365	0.004972375690607734	0.016022099447513812	0.026519337016574586	0.019613259668508288	0.002486187845303867	0.012430939226519336	0.022375690607734807	0.017403314917127072	0.0027624309392265192	0.011602209944751382	0.0	0.01685082872928177	0.0	0.012430939226519336	0.019613259668508288	0.011325966850828728	0.002486187845303867	0.008839779005524863	0.026243093922651933	0.004143646408839779	0.004972375690607734	0.0019337016574585636	0.031767955801104975	0.041988950276243095	0.0077348066298342545	0.017403314917127072
0.018508287292817678	0.02154696132596685	0.0027624309392265192	0.010773480662983425	0.036740331491712706	0.019613259668508288	0.0033149171270718232	0.021270718232044197	0.0	0.01270718232044199	0.0	0.008839779005524863	0.04033149171270718	0.049171270718232046	0.0060773480662983425	0.032044198895027624	0.024585635359116023	0.018232044198895028	0.0033149171270718232	0.010497237569060774	0.025138121546961326	0.017679558011049725	0.002486187845303867	0.012154696132596685	0.008287292817679558	0.007458563535911602	0.0011049723756906078	0.004143646408839779	0.05856353591160221	0.031767955801104975	0.007458563535911602	0.025966850828729283	0.021823204419889504	0.01408839779005525	0.0038674033149171273	0.006906077348066298	0.037016574585635356	0.02983425414364641	0.004972375690607734	0.016574585635359115	0.027348066298342542	0.018508287292817678	0.002486187845303867	0.01270718232044199	0.022375690607734807	0.017955801104972375	0.0027624309392265192	0.011049723756906077	0.0	0.01685082872928177	0.0	0.012430939226519336	0.019889502762430938	0.011049723756906077	0.0022099447513812156	0.009116022099447514	0.027348066298342542	0.004143646408839779	0.0038674033149171273	0.0019337016574585636	0.032320441988950274	0.041712707182320445	0.0066298342541436465	0.017679558011049725
0.01878453038674033	0.022099447513812154	0.002486187845303867	0.010220994475138122	0.036740331491712706	0.019889502762430938	0.0033149171270718232	0.020994475138121547	0.0	0.01270718232044199	0.0	0.008839779005524863	0.04033149171270718	0.0505524861878453	0.0060773480662983425	0.030662983425414365	0.024861878453038673	0.01878453038674033	0.0030386740331491712	0.009944751381215469	0.02541436464088398	0.017955801104972375	0.0022099447513812156	0.011878453038674033	0.008287292817679558	0.0077348066298342545	0.0011049723756906078	0.0038674033149171273	0.05883977900552486	0.032044198895027624	0.0071823204419889505	0.02569060773480663	0.022375690607734807	0.014640883977900553	0.0033149171270718232	0.006353591160220995	0.037016574585635356	0.028729281767955802	0.005248618784530387	0.017403314917127072	0.027624309392265192	0.01878453038674033	0.0022099447513812156	0.012430939226519336	0.022651933701657457	0.018232044198895028	0.002486187845303867	0.010773480662983425	0.0	0.01712707182320442	0.0	0.012154696132596685	0.02016574585635359	0.011602209944751382	0.0019337016574585636	0.00856353591160221	0.027624309392265192	0.004143646408839779	0.0035911602209944752	0.0019337016574585636	0.03287292817679558	0.04033149171270718	0.0060773480662983425	0.019060773480662985
0.018508287292817678	0.022099447513812154	0.0027624309392265192	0.010220994475138122	0.037016574585635356	0.019060773480662985	0.0030386740331491712	0.021823204419889504	0.0	0.011878453038674033	0.0	0.009668508287292817	0.039779005524861875	0.05165745856353591	0.0066298342541436465	0.02955801104972376	0.025138121546961326	0.019613259668508288	0.0027624309392265192	0.009116022099447514	0.02541436464088398	0.017955801104972375	0.0022099447513812156	0.011878453038674033	0.00856353591160221	0.0066298342541436465	0.0011049723756906078	0.004696132596685083	0.05856353591160221	0.03259668508287293	0.0077348066298342545	0.025138121546961326	0.022651933701657457	0.014640883977900553	0.0030386740331491712	0.006353591160220995	0.03812154696132597	0.02983425414364641	0.0038674033149171273	0.016574585635359115	0.027624309392265192	0.017403314917127072	0.002486187845303867	0.013535911602209945	0.02292817679558011	0.018232044198895028	0.002486187845303867	0.010497237569060774	0.0	0.017679558011049725	0.0	0.011602209944751382	0.02016574585635359	0.011602209944751382	0.0019337016574585636	0.00856353591160221	0.027624309392265192	0.004143646408839779	0.0035911602209944752	0.0019337016574585636	0.03259668508287293	0.04033149171270718	0.0060773480662983425	0.019060773480662985
0.018508287292817678	0.022099447513812154	0.0027624309392265192	0.010220994475138122	0.03729281767955801	0.019613259668508288	0.002486187845303867	0.02154696132596685	0.0	0.012154696132596685	0.0	0.009392265193370166	0.04005524861878453	0.05027624309392265	0.006353591160220995	0.030939226519337018	0.025138121546961326	0.019613259668508288	0.0027624309392265192	0.009116022099447514	0.025966850828729283	0.017955801104972375	0.0019337016574585636	0.011602209944751382	0.008839779005524863	0.006353591160220995	0.0011049723756906078	0.004696132596685083	0.06104972375690608	0.032320441988950274	0.0060773480662983425	0.024861878453038673	0.022651933701657457	0.014917127071823204	0.0030386740331491712	0.0060773480662983425	0.03839779005524862	0.03011049723756906	0.0035911602209944752	0.016298342541436465	0.027624309392265192	0.017679558011049725	0.002486187845303867	0.013259668508287293	0.023204419889502764	0.018508287292817678	0.0016574585635359116	0.010773480662983425	0.0	0.017403314917127072	0.0	0.011878453038674033	0.020718232044198894	0.011325966850828728	0.0013812154696132596	0.008839779005524863	0.027900552486187846	0.004143646408839779	0.0033149171270718232	0.0019337016574585636	0.03287292817679558	0.04060773480662983	0.0055248618784530384	0.01878453038674033
0.018232044198895028	0.022651933701657457	0.0030386740331491712	0.009668508287292817	0.03756906077348066	0.019889502762430938	0.0022099447513812156	0.021270718232044197	0.0	0.01270718232044199	0.0	0.008839779005524863	0.04033149171270718	0.051933701657458566	0.0060773480662983425	0.029281767955801105	0.025138121546961326	0.019889502762430938	0.0027624309392265192	0.008839779005524863	0.02541436464088398	0.01712707182320442	0.0027624309392265192	0.012154696132596685	0.00856353591160221	0.005801104972375691	0.0016574585635359116	0.004972375690607734	0.059944751381215466	0.03287292817679558	0.0055248618784530384	0.024585635359116023	0.021823204419889504	0.014640883977900553	0.0038674033149171273	0.006353591160220995	0.03867403314917127	0.030662983425414365	0.0030386740331491712	0.016022099447513812	0.0281767955801105	0.01685082872928177	0.0022099447513812156	0.013812154696132596	0.023204419889502764	0.01878453038674033	0.0016574585635359116	0.010497237569060774	0.0	0.018232044198895028	0.0	0.011049723756906077	0.020994475138121547	0.011602209944751382	0.0011049723756906078	0.00856353591160221	0.0281767955801105	0.004143646408839779	0.0030386740331491712	0.0019337016574585636	0.03425414364640884	0.04005524861878453	0.0055248618784530384	0.019337016574585635
0.018232044198895028	0.02292817679558011	0.0030386740331491712	0.009392265193370166	0.03756906077348066	0.020441988950276244	0.0022099447513812156	0.020718232044198894	0.0	0.012430939226519336	0.0	0.009116022099447514	0.04033149171270718	0.05110497237569061	0.0060773480662983425	0.03011049723756906	0.02569060773480663	0.02016574585635359	0.0022099447513812156	0.00856353591160221	0.02541436464088398	0.018232044198895028	0.0027624309392265192	0.011049723756906077	0.009116022099447514	0.0060773480662983425	0.0011049723756906078	0.004696132596685083	0.06049723756906077	0.03259668508287293	0.0055248618784530384	0.02430939226519337	0.022099447513812154	0.014640883977900553	0.0035911602209944752	0.006353591160220995	0.039226519337016576	0.03011049723756906	0.0030386740331491712	0.016022099447513812	0.02845303867403315	0.01685082872928177	0.0019337016574585636	0.013812154696132596	0.023756906077348067	0.01878453038674033	0.0013812154696132596	0.010220994475138122	0.0	0.019060773480662985	0.0	0.010220994475138122	0.02154696132596685	0.011602209944751382	0.0008287292817679558	0.008287292817679558	0.0281767955801105	0.004143646408839779	0.0030386740331491712	0.0019337016574585636	0.03370165745856354	0.04005524861878453	0.0060773480662983425	0.019337016574585635
0.018232044198895028	0.023204419889502764	0.0030386740331491712	0.009116022099447514	0.03756906077348066	0.020994475138121547	0.0022099447513812156	0.02016574585635359	0.0	0.012430939226519336	0.0	0.009116022099447514	0.04143646408839779	0.05082872928176796	0.004972375690607734	0.03038674033149171	0.02541436464088398	0.019613259668508288	0.002486187845303867	0.009116022099447514	0.02541436464088398	0.017679558011049725	0.0027624309392265192	0.011602209944751382	0.009668508287292817	0.006906077348066298	0.0011049723756906078	0.0033149171270718232	0.06160220994475138	0.032044198895027624	0.0055248618784530384	0.02430939226519337	0.021823204419889504	0.01408839779005525	0.0038674033149171273	0.006906077348066298	0.039779005524861875	0.029005524861878452	0.0027624309392265192	0.01685082872928177	0.028729281767955802	0.01685082872928177	0.0013812154696132596	0.01408839779005525	0.023756906077348067	0.019613259668508288	0.0013812154696132596	0.009392265193370166	0.0	0.01878453038674033	0.0	0.010497237569060774	0.02154696132596685	0.012430939226519336	0.0008287292817679558	0.007458563535911602	0.0281767955801105	0.004143646408839779	0.0030386740331491712	0.0019337016574585636	0.03314917127071823	0.04033149171270718	0.0060773480662983425	0.019060773480662985
0.01878453038674033	0.02292817679558011	0.002486187845303867	0.009392265193370166	0.03784530386740331	0.020441988950276244	0.0027624309392265192	0.019889502762430938	0.0	0.012983425414364641	0.0	0.00856353591160221	0.04116022099447514	0.05110497237569061	0.005248618784530387	0.03011049723756906	0.02541436464088398	0.02016574585635359	0.002486187845303867	0.00856353591160221	0.02569060773480663	0.017679558011049725	0.002486187845303867	0.011602209944751382	0.009668508287292817	0.0071823204419889505	0.0011049723756906078	0.0030386740331491712	0.062430939226519336	0.03287292817679558	0.004972375690607734	0.023204419889502764	0.02154696132596685	0.014640883977900553	0.004143646408839779	0.006353591160220995	0.039502762430939226	0.029005524861878452	0.0030386740331491712	0.01685082872928177	0.0281767955801105	0.017955801104972375	0.0013812154696132596	0.013535911602209945	0.023480662983425413	0.019337016574585635	0.0016574585635359116	0.009668508287292817	0.0	0.01878453038674033	0.0	0.010497237569060774	0.021270718232044197	0.01270718232044199	0.0016574585635359116	0.0066298342541436465	0.027900552486187846	0.004419889502762431	0.0033149171270718232	0.0016574585635359116	0.03342541436464089	0.04116022099447514	0.005801104972375691	0.018232044198895028
0.019060773480662985	0.02292817679558011	0.0022099447513812156	0.009392265193370166	0.03867403314917127	0.020994475138121547	0.0019337016574585636	0.019337016574585635	0.0	0.013535911602209945	0.0	0.008011049723756906	0.04033149171270718	0.05027624309392265	0.0060773480662983425	0.030939226519337018	0.02569060773480663	0.019889502762430938	0.0022099447513812156	0.008839779005524863	0.02541436464088398	0.01685082872928177	0.0027624309392265192	0.012430939226519336	0.009944751381215469	0.0071823204419889505	0.0008287292817679558	0.0030386740331491712	0.06408839779005525	0.03259668508287293	0.004696132596685083	0.022651933701657457	0.022651933701657457	0.01408839779005525	0.0030386740331491712	0.006906077348066298	0.039226519337016576	0.02845303867403315	0.0035911602209944752	0.01712707182320442	0.027348066298342542	0.018232044198895028	0.0022099447513812156	0.013259668508287293	0.023480662983425413	0.019060773480662985	0.0016574585635359116	0.009944751381215469	0.0	0.019060773480662985	0.0	0.010220994475138122	0.02154696132596685	0.01270718232044199	0.0013812154696132596	0.0066298342541436465	0.0281767955801105	0.004696132596685083	0.0030386740331491712	0.0013812154696132596	0.032044198895027624	0.04143646408839779	0.0066298342541436465	0.017955801104972375
0.019060773480662985	0.022099447513812154	0.0022099447513812156	0.010220994475138122	0.039779005524861875	0.020441988950276244	0.0013812154696132596	0.019337016574585635	0.0	0.013812154696132596	0.0	0.0077348066298342545	0.041712707182320445	0.05138121546961326	0.004696132596685083	0.02983425414364641	0.02569060773480663	0.02016574585635359	0.0022099447513812156	0.00856353591160221	0.02541436464088398	0.01685082872928177	0.0030386740331491712	0.012154696132596685	0.009944751381215469	0.0071823204419889505	0.0008287292817679558	0.0030386740331491712	0.0654696132596685	0.03370165745856354	0.004972375690607734	0.02154696132596685	0.02292817679558011	0.014640883977900553	0.0027624309392265192	0.006353591160220995	0.039779005524861875	0.027900552486187846	0.0033149171270718232	0.017403314917127072	0.027900552486187846	0.017679558011049725	0.0022099447513812156	0.013259668508287293	0.023480662983425413	0.019613259668508288	0.0013812154696132596	0.009668508287292817	0.0	0.019060773480662985	0.0	0.010220994475138122	0.021823204419889504	0.012983425414364641	0.0011049723756906078	0.006353591160220995	0.0281767955801105	0.004696132596685083	0.0030386740331491712	0.0013812154696132596	0.030939226519337018	0.04143646408839779	0.0060773480662983425	0.017955801104972375
0.019060773480662985	0.02154696132596685	0.0022099447513812156	0.010773480662983425	0.039502762430939226	0.020994475138121547	0.0016574585635359116	0.01878453038674033	0.0	0.013812154696132596	0.0	0.0077348066298342545	0.041988950276243095	0.052209944751381215	0.004419889502762431	0.029005524861878452	0.02541436464088398	0.020441988950276244	0.002486187845303867	0.008287292817679558	0.025966850828729283	0.01712707182320442	0.002486187845303867	0.011878453038674033	0.009944751381215469	0.006906077348066298	0.0008287292817679558	0.0033149171270718232	0.06519337016574586	0.034806629834254144	0.004972375690607734	0.020994475138121547	0.023204419889502764	0.014364640883977901	0.002486187845303867	0.0066298342541436465	0.04060773480662983	0.0281767955801105	0.0027624309392265192	0.01685082872928177	0.027900552486187846	0.017955801104972375	0.0022099447513812156	0.012983425414364641	0.023480662983425413	0.019613259668508288	0.0013812154696132596	0.009668508287292817	0.0	0.019337016574585635	0.0	0.009944751381215469	0.022651933701657457	0.01270718232044199	0.0005524861878453039	0.006353591160220995	0.02845303867403315	0.004419889502762431	0.0027624309392265192	0.0016574585635359116	0.03259668508287293	0.04088397790055249	0.004143646408839779	0.018508287292817678
0.019889502762430938	0.020718232044198894	0.0013812154696132596	0.011602209944751382	0.04005524861878453	0.02016574585635359	0.0016574585635359116	0.019060773480662985	0.0	0.013535911602209945	0.0	0.008011049723756906	0.041712707182320445	0.05303867403314917	0.004696132596685083	0.0281767955801105	0.02569060773480663	0.02154696132596685	0.0022099447513812156	0.0071823204419889505	0.026243093922651933	0.01712707182320442	0.0019337016574585636	0.012154696132596685	0.009944751381215469	0.006906077348066298	0.0008287292817679558	0.0033149171270718232	0.06767955801104972	0.03397790055248619	0.004696132596685083	0.021270718232044197	0.02292817679558011	0.01408839779005525	0.0027624309392265192	0.006906077348066298	0.04116022099447514	0.027900552486187846	0.0022099447513812156	0.01712707182320442	0.028729281767955802	0.018232044198895028	0.0016574585635359116	0.012430939226519336	0.023480662983425413	0.019613259668508288	0.0016574585635359116	0.009392265193370166	0.0	0.01878453038674033	0.0	0.010497237569060774	0.022651933701657457	0.011602209944751382	0.0005524861878453039	0.007458563535911602	0.02845303867403315	0.004419889502762431	0.0027624309392265192	0.0016574585635359116	0.031767955801104975	0.04005524861878453	0.0033149171270718232	0.019337016574585635
0.019613259668508288	0.020718232044198894	0.0016574585635359116	0.011602209944751382	0.04005524861878453	0.020718232044198894	0.0016574585635359116	0.018508287292817678	0.0	0.013812154696132596	0.0	0.0077348066298342545	0.04088397790055249	0.05414364640883978	0.0055248618784530384	0.02707182320441989	0.025966850828729283	0.021270718232044197	0.0019337016574585636	0.007458563535911602	0.026519337016574586	0.017403314917127072	0.0019337016574585636	0.011602209944751382	0.009944751381215469	0.006906077348066298	0.0008287292817679558	0.0033149171270718232	0.06933701657458563	0.03342541436464089	0.004972375690607734	0.022099447513812154	0.022651933701657457	0.01408839779005525	0.0030386740331491712	0.006906077348066298	0.04143646408839779	0.02679558011049724	0.0030386740331491712	0.01712707182320442	0.029005524861878452	0.017955801104972375	0.0013812154696132596	0.01270718232044199	0.023480662983425413	0.019613259668508288	0.0016574585635359116	0.009392265193370166	0.0	0.019613259668508288	0.0	0.009668508287292817	0.022375690607734807	0.011878453038674033	0.0005524861878453039	0.007458563535911602	0.02845303867403315	0.004696132596685083	0.0027624309392265192	0.0013812154696132596	0.02983425414364641	0.039502762430939226	0.0030386740331491712	0.019889502762430938
0.019613259668508288	0.019613259668508288	0.0016574585635359116	0.01270718232044199	0.039779005524861875	0.020718232044198894	0.0016574585635359116	0.01878453038674033	0.0	0.013812154696132596	0.0	0.0077348066298342545	0.04088397790055249	0.055248618784530384	0.0055248618784530384	0.025966850828729283	0.02569060773480663	0.021270718232044197	0.0022099447513812156	0.007458563535911602	0.026519337016574586	0.01712707182320442	0.0019337016574585636	0.011878453038674033	0.010220994475138122	0.0071823204419889505	0.0005524861878453039	0.0030386740331491712	0.06685082872928177	0.03425414364640884	0.0060773480662983425	0.020994475138121547	0.02292817679558011	0.014640883977900553	0.0027624309392265192	0.006353591160220995	0.04116022099447514	0.027348066298342542	0.0033149171270718232	0.016574585635359115	0.028729281767955802	0.02016574585635359	0.0011049723756906078	0.011049723756906077	0.023480662983425413	0.019337016574585635	0.0019337016574585636	0.009392265193370166	0.0	0.019613259668508288	0.0	0.009668508287292817	0.022099447513812154	0.012154696132596685	0.0008287292817679558	0.0071823204419889505	0.028729281767955802	0.004696132596685083	0.002486187845303867	0.0013812154696132596	0.030939226519337018	0.039779005524861875	0.0035911602209944752	0.019613259668508288
0.019613259668508288	0.020441988950276244	0.0016574585635359116	0.011878453038674033	0.039502762430939226	0.019060773480662985	0.002486187845303867	0.019889502762430938	0.0	0.013812154696132596	0.0	0.0077348066298342545	0.04116022099447514	0.054696132596685085	0.005248618784530387	0.026519337016574586	0.02569060773480663	0.020994475138121547	0.0022099447513812156	0.0077348066298342545	0.026519337016574586	0.017955801104972375	0.0019337016574585636	0.011049723756906077	0.010220994475138122	0.0071823204419889505	0.0005524861878453039	0.0030386740331491712	0.06685082872928177	0.03342541436464089	0.0060773480662983425	0.02154696132596685	0.02292817679558011	0.015469613259668509	0.0027624309392265192	0.0055248618784530384	0.04088397790055249	0.027348066298342542	0.0035911602209944752	0.016574585635359115	0.028729281767955802	0.019889502762430938	0.0013812154696132596	0.011049723756906077	0.024033149171270717	0.019060773480662985	0.0016574585635359116	0.009392265193370166	0.0	0.019613259668508288	0.0	0.009668508287292817	0.022375690607734807	0.01270718232044199	0.0005524861878453039	0.0066298342541436465	0.02845303867403315	0.004419889502762431	0.0027624309392265192	0.0016574585635359116	0.03149171270718232	0.039779005524861875	0.0033149171270718232	0.019613259668508288
0.019613259668508288	0.020994475138121547	0.0016574585635359116	0.011325966850828728	0.039779005524861875	0.019613259668508288	0.0027624309392265192	0.01878453038674033	0.0	0.013535911602209945	0.0	0.008011049723756906	0.04033149171270718	0.054696132596685085	0.0060773480662983425	0.026519337016574586	0.02569060773480663	0.021270718232044197	0.0022099447513812156	0.007458563535911602	0.02707182320441989	0.018232044198895028	0.0008287292817679558	0.011325966850828728	0.010497237569060774	0.0071823204419889505	0.00027624309392265195	0.0030386740331491712	0.06685082872928177	0.03370165745856354	0.0060773480662983425	0.020718232044198894	0.023204419889502764	0.015193370165745856	0.002486187845303867	0.005801104972375691	0.04143646408839779	0.02707182320441989	0.0033149171270718232	0.016574585635359115	0.029005524861878452	0.017679558011049725	0.0011049723756906078	0.013259668508287293	0.024585635359116023	0.01878453038674033	0.0016574585635359116	0.009116022099447514	0.0	0.019889502762430938	0.0	0.009392265193370166	0.022099447513812154	0.013535911602209945	0.0008287292817679558	0.005801104972375691	0.0281767955801105	0.004419889502762431	0.0030386740331491712	0.0016574585635359116	0.032320441988950274	0.039226519337016576	0.0030386740331491712	0.02016574585635359
0.019889502762430938	0.021823204419889504	0.0013812154696132596	0.010497237569060774	0.039779005524861875	0.019337016574585635	0.0027624309392265192	0.019060773480662985	0.0	0.013259668508287293	0.0	0.008287292817679558	0.04033149171270718	0.05441988950276243	0.0060773480662983425	0.02679558011049724	0.025138121546961326	0.021270718232044197	0.0027624309392265192	0.007458563535911602	0.027348066298342542	0.01878453038674033	0.0008287292817679558	0.010497237569060774	0.010220994475138122	0.0071823204419889505	0.0005524861878453039	0.0030386740331491712	0.06850828729281767	0.03370165745856354	0.005801104972375691	0.020441988950276244	0.023204419889502764	0.01574585635359116	0.002486187845303867	0.005248618784530387	0.041988950276243095	0.025966850828729283	0.0030386740331491712	0.017403314917127072	0.029281767955801105	0.017679558011049725	0.0008287292817679558	0.013259668508287293	0.024861878453038673	0.019060773480662985	0.0016574585635359116	0.00856353591160221	0.0	0.019889502762430938	0.0	0.009392265193370166	0.022099447513812154	0.013259668508287293	0.0008287292817679558	0.0060773480662983425	0.027900552486187846	0.004419889502762431	0.0033149171270718232	0.0016574585635359116	0.03149171270718232	0.038950276243093926	0.0027624309392265192	0.020441988950276244
0.019889502762430938	0.022651933701657457	0.0013812154696132596	0.009668508287292817	0.039502762430939226	0.02016574585635359	0.0030386740331491712	0.018232044198895028	0.0	0.013259668508287293	0.0	0.008287292817679558	0.04005524861878453	0.05552486187845304	0.006353591160220995	0.02569060773480663	0.024861878453038673	0.02016574585635359	0.0030386740331491712	0.00856353591160221	0.027348066298342542	0.017955801104972375	0.0008287292817679558	0.011325966850828728	0.009944751381215469	0.0071823204419889505	0.0005524861878453039	0.0033149171270718232	0.06795580110497237	0.03370165745856354	0.006353591160220995	0.020441988950276244	0.023480662983425413	0.015193370165745856	0.0022099447513812156	0.005801104972375691	0.042541436464088395	0.02679558011049724	0.002486187845303867	0.016574585635359115	0.02955801104972376	0.01685082872928177	0.0008287292817679558	0.013812154696132596	0.02541436464088398	0.019060773480662985	0.0013812154696132596	0.008287292817679558	0.0	0.019337016574585635	0.0	0.009944751381215469	0.021823204419889504	0.013259668508287293	0.0011049723756906078	0.0060773480662983425	0.027900552486187846	0.004419889502762431	0.0033149171270718232	0.0016574585635359116	0.032044198895027624	0.03839779005524862	0.0022099447513812156	0.020994475138121547
0.02016574585635359	0.02292817679558011	0.0011049723756906078	0.009392265193370166	0.039502762430939226	0.020718232044198894	0.0033149171270718232	0.017403314917127072	0.0	0.013259668508287293	0.0	0.008287292817679558	0.04143646408839779	0.054972375690607735	0.004972375690607734	0.026243093922651933	0.02569060773480663	0.02016574585635359	0.0022099447513812156	0.00856353591160221	0.027900552486187846	0.017403314917127072	0.0008287292817679558	0.011325966850828728	0.009944751381215469	0.006906077348066298	0.0005524861878453039	0.0035911602209944752	0.06712707182320442	0.03425414364640884	0.0055248618784530384	0.020994475138121547	0.023204419889502764	0.015469613259668509	0.002486187845303867	0.0055248618784530384	0.042541436464088395	0.026519337016574586	0.0027624309392265192	0.016574585635359115	0.03011049723756906	0.016574585635359115	0.00027624309392265195	0.01408839779005525	0.02541436464088398	0.01878453038674033	0.0011049723756906078	0.008839779005524863	0.0	0.018508287292817678	0.0	0.010773480662983425	0.02154696132596685	0.013812154696132596	0.0011049723756906078	0.005801104972375691	0.0281767955801105	0.004419889502762431	0.0030386740331491712	0.0016574585635359116	0.03287292817679558	0.04033149171270718	0.0019337016574585636	0.019060773480662985
0.019889502762430938	0.02292817679558011	0.0013812154696132596	0.009392265193370166	0.04005524861878453	0.02154696132596685	0.0027624309392265192	0.016574585635359115	0.0	0.012430939226519336	0.0	0.009116022099447514	0.041988950276243095	0.05359116022099448	0.004419889502762431	0.027624309392265192	0.025966850828729283	0.02016574585635359	0.0019337016574585636	0.00856353591160221	0.027348066298342542	0.017679558011049725	0.0013812154696132596	0.011049723756906077	0.009944751381215469	0.006906077348066298	0.0005524861878453039	0.0035911602209944752	0.06961325966850829	0.034530386740331494	0.004419889502762431	0.020718232044198894	0.023480662983425413	0.014917127071823204	0.0022099447513812156	0.0060773480662983425	0.041988950276243095	0.027624309392265192	0.0033149171270718232	0.015469613259668509	0.03011049723756906	0.017955801104972375	0.00027624309392265195	0.01270718232044199	0.02541436464088398	0.018508287292817678	0.0011049723756906078	0.009116022099447514	0.0	0.017955801104972375	0.0	0.011325966850828728	0.02154696132596685	0.01408839779005525	0.0008287292817679558	0.005801104972375691	0.028729281767955802	0.004419889502762431	0.002486187845303867	0.0016574585635359116	0.03149171270718232	0.039502762430939226	0.0019337016574585636	0.019889502762430938
0.019889502762430938	0.021823204419889504	0.0013812154696132596	0.010497237569060774	0.04005524861878453	0.02154696132596685	0.0027624309392265192	0.016574585635359115	0.0	0.01270718232044199	0.0	0.008839779005524863	0.041988950276243095	0.054696132596685085	0.004419889502762431	0.026519337016574586	0.025966850828729283	0.019889502762430938	0.0019337016574585636	0.008839779005524863	0.027348066298342542	0.018232044198895028	0.0013812154696132596	0.010497237569060774	0.010220994475138122	0.0071823204419889505	0.00027624309392265195	0.0033149171270718232	0.06961325966850829	0.03259668508287293	0.004419889502762431	0.022375690607734807	0.023204419889502764	0.015193370165745856	0.002486187845303867	0.005801104972375691	0.042265193370165745	0.0281767955801105	0.0030386740331491712	0.014917127071823204	0.02983425414364641	0.018508287292817678	0.0005524861878453039	0.012154696132596685	0.02569060773480663	0.018508287292817678	0.0011049723756906078	0.008839779005524863	0.0	0.018232044198895028	0.0	0.011049723756906077	0.020994475138121547	0.015193370165745856	0.0013812154696132596	0.004696132596685083	0.02845303867403315	0.004696132596685083	0.0027624309392265192	0.0013812154696132596	0.031767955801104975	0.039779005524861875	0.0019337016574585636	0.019613259668508288
0.019889502762430938	0.022099447513812154	0.0013812154696132596	0.010220994475138122	0.04005524861878453	0.021270718232044197	0.0027624309392265192	0.01685082872928177	0.0	0.01270718232044199	0.0	0.008839779005524863	0.042265193370165745	0.05359116022099448	0.004143646408839779	0.027624309392265192	0.02679558011049724	0.019889502762430938	0.0011049723756906078	0.008839779005524863	0.027624309392265192	0.018232044198895028	0.0013812154696132596	0.010220994475138122	0.010497237569060774	0.0071823204419889505	0.00027624309392265195	0.0030386740331491712	0.06850828729281767	0.03287292817679558	0.004696132596685083	0.021823204419889504	0.023204419889502764	0.014917127071823204	0.002486187845303867	0.0060773480662983425	0.04281767955801105	0.027900552486187846	0.0027624309392265192	0.014917127071823204	0.02955801104972376	0.018232044198895028	0.0011049723756906078	0.012154696132596685	0.026519337016574586	0.017679558011049725	0.0008287292817679558	0.009116022099447514	0.0	0.017955801104972375	0.0	0.011325966850828728	0.020718232044198894	0.014917127071823204	0.0016574585635359116	0.004972375690607734	0.027900552486187846	0.005248618784530387	0.0033149171270718232	0.0008287292817679558	0.03287292817679558	0.038950276243093926	0.0019337016574585636	0.020441988950276244
0.019613259668508288	0.02292817679558011	0.0016574585635359116	0.009392265193370166	0.04005524861878453	0.022099447513812154	0.0030386740331491712	0.01574585635359116	0.0	0.012983425414364641	0.0	0.00856353591160221	0.041988950276243095	0.05441988950276243	0.004419889502762431	0.02679558011049724	0.02679558011049724	0.019889502762430938	0.0011049723756906078	0.008839779005524863	0.027900552486187846	0.017679558011049725	0.0013812154696132596	0.010497237569060774	0.010497237569060774	0.006906077348066298	0.00027624309392265195	0.0033149171270718232	0.07016574585635359	0.03370165745856354	0.0035911602209944752	0.020994475138121547	0.023204419889502764	0.015193370165745856	0.002486187845303867	0.005801104972375691	0.04281767955801105	0.027624309392265192	0.0027624309392265192	0.015193370165745856	0.029281767955801105	0.018508287292817678	0.0013812154696132596	0.011878453038674033	0.026243093922651933	0.017679558011049725	0.0011049723756906078	0.009116022099447514	0.0	0.017955801104972375	0.0	0.011325966850828728	0.020718232044198894	0.014640883977900553	0.0016574585635359116	0.005248618784530387	0.0281767955801105	0.004972375690607734	0.0030386740331491712	0.0011049723756906078	0.03259668508287293	0.03839779005524862	0.0016574585635359116	0.020994475138121547
0.019613259668508288	0.022375690607734807	0.0016574585635359116	0.009944751381215469	0.039779005524861875	0.02292817679558011	0.0035911602209944752	0.014640883977900553	0.0	0.012983425414364641	0.0	0.00856353591160221	0.04143646408839779	0.055248618784530384	0.004972375690607734	0.025966850828729283	0.02679558011049724	0.019613259668508288	0.0011049723756906078	0.009116022099447514	0.0281767955801105	0.017403314917127072	0.0011049723756906078	0.010773480662983425	0.011049723756906077	0.0060773480662983425	0.00027624309392265195	0.0035911602209944752	0.0707182320441989	0.03314917127071823	0.0035911602209944752	0.02154696132596685	0.023204419889502764	0.01574585635359116	0.002486187845303867	0.005248618784530387	0.04281767955801105	0.027348066298342542	0.002486187845303867	0.01574585635359116	0.029281767955801105	0.018232044198895028	0.0016574585635359116	0.011878453038674033	0.02569060773480663	0.017679558011049725	0.0013812154696132596	0.009392265193370166	0.0	0.017679558011049725	0.0	0.011602209944751382	0.020441988950276244	0.014917127071823204	0.0019337016574585636	0.004972375690607734	0.028729281767955802	0.004972375690607734	0.002486187845303867	0.0011049723756906078	0.032044198895027624	0.03756906077348066	0.0016574585635359116	0.021823204419889504
0.019889502762430938	0.02154696132596685	0.0013812154696132596	0.010773480662983425	0.04088397790055249	0.02292817679558011	0.0027624309392265192	0.014364640883977901	0.0	0.013535911602209945	0.0	0.008011049723756906	0.04143646408839779	0.05607734806629834	0.004972375690607734	0.025138121546961326	0.025966850828729283	0.019889502762430938	0.0019337016574585636	0.008839779005524863	0.027900552486187846	0.01685082872928177	0.0013812154696132596	0.011325966850828728	0.011049723756906077	0.005801104972375691	0.00027624309392265195	0.0038674033149171273	0.07099447513812154	0.03342541436464089	0.0033149171270718232	0.020994475138121547	0.022651933701657457	0.016298342541436465	0.0030386740331491712	0.004696132596685083	0.04337016574585635	0.02707182320441989	0.0022099447513812156	0.01574585635359116	0.029005524861878452	0.017955801104972375	0.0022099447513812156	0.011878453038674033	0.02541436464088398	0.01878453038674033	0.0013812154696132596	0.00856353591160221	0.0	0.017679558011049725	0.0	0.011602209944751382	0.021270718232044197	0.014364640883977901	0.0008287292817679558	0.005801104972375691	0.029005524861878452	0.004972375690607734	0.0022099447513812156	0.0011049723756906078	0.03314917127071823	0.036464088397790057	0.0008287292817679558	0.02292817679558011
0.019337016574585635	0.020994475138121547	0.0019337016574585636	0.011325966850828728	0.04088397790055249	0.023204419889502764	0.002486187845303867	0.014364640883977901	0.0	0.013535911602209945	0.0	0.008011049723756906	0.041712707182320445	0.0569060773480663	0.004696132596685083	0.02430939226519337	0.025966850828729283	0.02016574585635359	0.0019337016574585636	0.00856353591160221	0.02845303867403315	0.016022099447513812	0.0013812154696132596	0.011602209944751382	0.011049723756906077	0.005801104972375691	0.00027624309392265195	0.0038674033149171273	0.07099447513812154	0.03397790055248619	0.004419889502762431	0.02016574585635359	0.022651933701657457	0.015469613259668509	0.0030386740331491712	0.0055248618784530384	0.0430939226519337	0.02707182320441989	0.002486187845303867	0.01574585635359116	0.02955801104972376	0.01878453038674033	0.0019337016574585636	0.010773480662983425	0.02569060773480663	0.018232044198895028	0.0013812154696132596	0.008839779005524863	0.0	0.018232044198895028	0.0	0.011049723756906077	0.020718232044198894	0.013812154696132596	0.0013812154696132596	0.006353591160220995	0.02955801104972376	0.004972375690607734	0.0016574585635359116	0.0011049723756906078	0.032044198895027624	0.037016574585635356	0.0011049723756906078	0.022375690607734807
0.01878453038674033	0.02154696132596685	0.002486187845303867	0.010773480662983425	0.04116022099447514	0.023204419889502764	0.0022099447513812156	0.014364640883977901	0.0	0.01408839779005525	0.0	0.007458563535911602	0.041988950276243095	0.057458563535911604	0.004419889502762431	0.023756906077348067	0.02569060773480663	0.020441988950276244	0.0022099447513812156	0.008287292817679558	0.02845303867403315	0.016022099447513812	0.0013812154696132596	0.011602209944751382	0.011049723756906077	0.0060773480662983425	0.00027624309392265195	0.0035911602209944752	0.06906077348066299	0.03508287292817679	0.005248618784530387	0.019337016574585635	0.023204419889502764	0.015193370165745856	0.002486187845303867	0.005801104972375691	0.04364640883977901	0.02569060773480663	0.0022099447513812156	0.01685082872928177	0.02983425414364641	0.017955801104972375	0.0019337016574585636	0.011325966850828728	0.02569060773480663	0.018508287292817678	0.0011049723756906078	0.008839779005524863	0.0	0.019337016574585635	0.0	0.009944751381215469	0.020718232044198894	0.014364640883977901	0.0013812154696132596	0.005801104972375691	0.02983425414364641	0.004972375690607734	0.0013812154696132596	0.0011049723756906078	0.032044198895027624	0.036464088397790057	0.0019337016574585636	0.02292817679558011
0.019060773480662985	0.020994475138121547	0.0022099447513812156	0.011325966850828728	0.04116022099447514	0.022651933701657457	0.0019337016574585636	0.015193370165745856	0.0	0.014364640883977901	0.0	0.0071823204419889505	0.041712707182320445	0.05718232044198895	0.004696132596685083	0.024033149171270717	0.02541436464088398	0.02016574585635359	0.002486187845303867	0.00856353591160221	0.029005524861878452	0.01574585635359116	0.0013812154696132596	0.011325966850828728	0.011325966850828728	0.0060773480662983425	0.0	0.0035911602209944752	0.06988950276243094	0.03591160220994475	0.005248618784530387	0.019060773480662985	0.023204419889502764	0.015193370165745856	0.002486187845303867	0.005801104972375691	0.04419889502762431	0.025138121546961326	0.0022099447513812156	0.01685082872928177	0.030662983425414365	0.01712707182320442	0.0013812154696132596	0.011878453038674033	0.025966850828729283	0.01878453038674033	0.0008287292817679558	0.00856353591160221	0.0	0.019060773480662985	0.0	0.010220994475138122	0.020994475138121547	0.014364640883977901	0.0013812154696132596	0.0055248618784530384	0.02983425414364641	0.004972375690607734	0.0013812154696132596	0.0011049723756906078	0.030939226519337018	0.037016574585635356	0.0016574585635359116	0.022375690607734807
0.019613259668508288	0.02154696132596685	0.0016574585635359116	0.010773480662983425	0.041712707182320445	0.02292817679558011	0.0016574585635359116	0.014640883977900553	0.0	0.014364640883977901	0.0	0.0071823204419889505	0.041988950276243095	0.058011049723756904	0.004419889502762431	0.023204419889502764	0.025138121546961326	0.02016574585635359	0.0027624309392265192	0.00856353591160221	0.029005524861878452	0.01574585635359116	0.0013812154696132596	0.011325966850828728	0.011325966850828728	0.006353591160220995	0.0	0.0033149171270718232	0.06988950276243094	0.036464088397790057	0.004696132596685083	0.018508287292817678	0.023480662983425413	0.015469613259668509	0.0022099447513812156	0.0055248618784530384	0.045027624309392264	0.024585635359116023	0.0019337016574585636	0.01685082872928177	0.030662983425414365	0.01712707182320442	0.0013812154696132596	0.011878453038674033	0.02707182320441989	0.017403314917127072	0.0005524861878453039	0.009116022099447514	0.0	0.019337016574585635	0.0	0.009944751381215469	0.021823204419889504	0.013812154696132596	0.0011049723756906078	0.0055248618784530384	0.03011049723756906	0.004143646408839779	0.0011049723756906078	0.0019337016574585636	0.031767955801104975	0.036740331491712706	0.0013812154696132596	0.022651933701657457
0.019613259668508288	0.020994475138121547	0.0016574585635359116	0.011325966850828728	0.04143646408839779	0.023204419889502764	0.0019337016574585636	0.014364640883977901	0.0	0.013535911602209945	0.0	0.008011049723756906	0.042541436464088395	0.0569060773480663	0.0038674033149171273	0.02430939226519337	0.02541436464088398	0.020441988950276244	0.002486187845303867	0.008287292817679558	0.029005524861878452	0.01574585635359116	0.0013812154696132596	0.011325966850828728	0.011325966850828728	0.006353591160220995	0.0	0.0033149171270718232	0.06961325966850829	0.03618784530386741	0.0055248618784530384	0.018508287292817678	0.023204419889502764	0.014640883977900553	0.002486187845303867	0.006353591160220995	0.045303867403314914	0.024585635359116023	0.0019337016574585636	0.016574585635359115	0.03038674033149171	0.018232044198895028	0.0016574585635359116	0.010773480662983425	0.02679558011049724	0.01685082872928177	0.0008287292817679558	0.009668508287292817	0.0	0.019613259668508288	0.0	0.009668508287292817	0.02154696132596685	0.013812154696132596	0.0013812154696132596	0.0055248618784530384	0.03011049723756906	0.004143646408839779	0.0011049723756906078	0.0019337016574585636	0.031767955801104975	0.03729281767955801	0.0011049723756906078	0.022099447513812154
0.019889502762430938	0.021823204419889504	0.0013812154696132596	0.010497237569060774	0.04143646408839779	0.023480662983425413	0.0022099447513812156	0.013812154696132596	0.0	0.013535911602209945	0.0	0.008011049723756906	0.04281767955801105	0.05718232044198895	0.0035911602209944752	0.024033149171270717	0.024861878453038673	0.019337016574585635	0.0030386740331491712	0.009392265193370166	0.028729281767955802	0.015469613259668509	0.0016574585635359116	0.011602209944751382	0.011602209944751382	0.0060773480662983425	0.0	0.0033149171270718232	0.06906077348066299	0.0356353591160221	0.0055248618784530384	0.01878453038674033	0.023204419889502764	0.014640883977900553	0.002486187845303867	0.006353591160220995	0.045303867403314914	0.023480662983425413	0.0022099447513812156	0.017403314917127072	0.03038674033149171	0.018232044198895028	0.0016574585635359116	0.010773480662983425	0.02679558011049724	0.017403314917127072	0.0008287292817679558	0.009116022099447514	0.0	0.019613259668508288	0.0	0.009668508287292817	0.02154696132596685	0.013535911602209945	0.0013812154696132596	0.005801104972375691	0.03011049723756906	0.004143646408839779	0.0011049723756906078	0.0019337016574585636	0.03259668508287293	0.03756906077348066	0.0011049723756906078	0.021823204419889504
0.019613259668508288	0.022099447513812154	0.0016574585635359116	0.010220994475138122	0.041988950276243095	0.023756906077348067	0.0016574585635359116	0.013535911602209945	0.0	0.013535911602209945	0.0	0.008011049723756906	0.04337016574585635	0.058011049723756904	0.0030386740331491712	0.023204419889502764	0.024861878453038673	0.019060773480662985	0.0030386740331491712	0.009668508287292817	0.02845303867403315	0.015193370165745856	0.0016574585635359116	0.012154696132596685	0.011602209944751382	0.006353591160220995	0.0	0.0030386740331491712	0.06933701657458563	0.03508287292817679	0.004972375690607734	0.019060773480662985	0.023480662983425413	0.014917127071823204	0.0022099447513812156	0.0060773480662983425	0.04613259668508287	0.023756906077348067	0.0016574585635359116	0.01685082872928177	0.03011049723756906	0.017679558011049725	0.0016574585635359116	0.011602209944751382	0.02679558011049724	0.016298342541436465	0.0013812154696132596	0.009668508287292817	0.0	0.02016574585635359	0.0	0.009116022099447514	0.022099447513812154	0.013535911602209945	0.0011049723756906078	0.0055248618784530384	0.02983425414364641	0.004143646408839779	0.0013812154696132596	0.0019337016574585636	0.03314917127071823	0.03784530386740331	0.0011049723756906078	0.02154696132596685
0.019060773480662985	0.022651933701657457	0.0022099447513812156	0.009668508287292817	0.041712707182320445	0.023756906077348067	0.0016574585635359116	0.013812154696132596	0.0	0.012430939226519336	0.0	0.009116022099447514	0.04364640883977901	0.0569060773480663	0.0027624309392265192	0.02430939226519337	0.02569060773480663	0.019337016574585635	0.0022099447513812156	0.009392265193370166	0.0281767955801105	0.014917127071823204	0.0019337016574585636	0.012430939226519336	0.011602209944751382	0.0060773480662983425	0.0	0.0033149171270718232	0.06961325966850829	0.03508287292817679	0.005248618784530387	0.018508287292817678	0.023756906077348067	0.014917127071823204	0.0019337016574585636	0.0060773480662983425	0.04585635359116022	0.023204419889502764	0.0019337016574585636	0.017403314917127072	0.02955801104972376	0.017955801104972375	0.0016574585635359116	0.011878453038674033	0.02707182320441989	0.015193370165745856	0.0011049723756906078	0.010773480662983425	0.0	0.02016574585635359	0.0	0.009116022099447514	0.02154696132596685	0.013259668508287293	0.0016574585635359116	0.005801104972375691	0.029281767955801105	0.0038674033149171273	0.0019337016574585636	0.0022099447513812156	0.03314917127071823	0.03784530386740331	0.0011049723756906078	0.02154696132596685
0.01878453038674033	0.02292817679558011	0.002486187845303867	0.009392265193370166	0.04143646408839779	0.023480662983425413	0.0019337016574585636	0.01408839779005525	0.0	0.012983425414364641	0.0	0.00856353591160221	0.04364640883977901	0.057458563535911604	0.0027624309392265192	0.023756906077348067	0.02569060773480663	0.019613259668508288	0.0022099447513812156	0.009116022099447514	0.02845303867403315	0.014640883977900553	0.0016574585635359116	0.01270718232044199	0.011325966850828728	0.005801104972375691	0.00027624309392265195	0.0035911602209944752	0.06685082872928177	0.0356353591160221	0.005248618784530387	0.018232044198895028	0.023480662983425413	0.014917127071823204	0.0022099447513812156	0.0060773480662983425	0.04558011049723757	0.023756906077348067	0.002486187845303867	0.016574585635359115	0.02983425414364641	0.017679558011049725	0.0016574585635359116	0.011878453038674033	0.02707182320441989	0.015469613259668509	0.0011049723756906078	0.010497237569060774	0.0	0.020994475138121547	0.0	0.008287292817679558	0.021823204419889504	0.012983425414364641	0.0016574585635359116	0.005801104972375691	0.029281767955801105	0.004419889502762431	0.0019337016574585636	0.0016574585635359116	0.0356353591160221	0.036464088397790057	0.0011049723756906078	0.02292817679558011
0.019060773480662985	0.02292817679558011	0.0022099447513812156	0.009392265193370166	0.04033149171270718	0.024585635359116023	0.0030386740331491712	0.012983425414364641	0.0	0.01270718232044199	0.0	0.008839779005524863	0.04364640883977901	0.058011049723756904	0.0027624309392265192	0.023204419889502764	0.026243093922651933	0.019337016574585635	0.0016574585635359116	0.009392265193370166	0.0281767955801105	0.014917127071823204	0.0019337016574585636	0.012430939226519336	0.011049723756906077	0.0066298342541436465	0.0005524861878453039	0.0027624309392265192	0.06906077348066299	0.036464088397790057	0.004972375690607734	0.017403314917127072	0.02292817679558011	0.014917127071823204	0.0027624309392265192	0.0060773480662983425	0.045303867403314914	0.023756906077348067	0.0027624309392265192	0.016574585635359115	0.03038674033149171	0.017955801104972375	0.0013812154696132596	0.011325966850828728	0.026519337016574586	0.016298342541436465	0.0016574585635359116	0.009668508287292817	0.0	0.021270718232044197	0.0	0.008011049723756906	0.021270718232044197	0.013535911602209945	0.0022099447513812156	0.005248618784530387	0.02983425414364641	0.004419889502762431	0.0013812154696132596	0.0016574585635359116	0.03370165745856354	0.0356353591160221	0.0011049723756906078	0.023756906077348067
0.018508287292817678	0.023480662983425413	0.0027624309392265192	0.008839779005524863	0.04033149171270718	0.024861878453038673	0.0030386740331491712	0.01270718232044199	0.0	0.012983425414364641	0.0	0.00856353591160221	0.04337016574585635	0.057734806629834254	0.0030386740331491712	0.023480662983425413	0.026243093922651933	0.019613259668508288	0.0016574585635359116	0.009116022099447514	0.0281767955801105	0.014917127071823204	0.0019337016574585636	0.012430939226519336	0.010497237569060774	0.0066298342541436465	0.0008287292817679558	0.0030386740331491712	0.06878453038674033	0.03508287292817679	0.0055248618784530384	0.01878453038674033	0.02292817679558011	0.015193370165745856	0.0027624309392265192	0.005801104972375691	0.04585635359116022	0.024033149171270717	0.002486187845303867	0.016022099447513812	0.03011049723756906	0.018232044198895028	0.0016574585635359116	0.011049723756906077	0.026519337016574586	0.01574585635359116	0.0019337016574585636	0.009944751381215469	0.0	0.022099447513812154	0.0	0.0071823204419889505	0.02154696132596685	0.013812154696132596	0.0016574585635359116	0.005248618784530387	0.02983425414364641	0.004419889502762431	0.0013812154696132596	0.0016574585635359116	0.03314917127071823	0.03591160220994475	0.0013812154696132596	0.023480662983425413
0.01878453038674033	0.023756906077348067	0.002486187845303867	0.00856353591160221	0.039779005524861875	0.02569060773480663	0.0030386740331491712	0.012430939226519336	0.0	0.013535911602209945	0.0	0.008011049723756906	0.04392265193370166	0.057734806629834254	0.002486187845303867	0.023480662983425413	0.02569060773480663	0.020718232044198894	0.0022099447513812156	0.008011049723756906	0.027624309392265192	0.013812154696132596	0.002486187845303867	0.013535911602209945	0.010497237569060774	0.006906077348066298	0.0008287292817679558	0.0027624309392265192	0.06933701657458563	0.03425414364640884	0.004972375690607734	0.019889502762430938	0.023204419889502764	0.014640883977900553	0.002486187845303867	0.006353591160220995	0.04640883977900553	0.02430939226519337	0.0019337016574585636	0.01574585635359116	0.03011049723756906	0.018232044198895028	0.0019337016574585636	0.010773480662983425	0.02679558011049724	0.014364640883977901	0.0019337016574585636	0.011049723756906077	0.0	0.022375690607734807	0.0	0.006906077348066298	0.021823204419889504	0.013535911602209945	0.0013812154696132596	0.0055248618784530384	0.02983425414364641	0.004419889502762431	0.0013812154696132596	0.0016574585635359116	0.032320441988950274	0.03591160220994475	0.0019337016574585636	0.023480662983425413
0.019060773480662985	0.023756906077348067	0.0022099447513812156	0.00856353591160221	0.039502762430939226	0.026519337016574586	0.0033149171270718232	0.011602209944751382	0.0	0.013535911602209945	0.0	0.008011049723756906	0.04337016574585635	0.05718232044198895	0.0030386740331491712	0.024033149171270717	0.02569060773480663	0.020441988950276244	0.0022099447513812156	0.008287292817679558	0.027624309392265192	0.013812154696132596	0.002486187845303867	0.013535911602209945	0.010773480662983425	0.0066298342541436465	0.0008287292817679558	0.0027624309392265192	0.06878453038674033	0.03342541436464089	0.004696132596685083	0.020994475138121547	0.022651933701657457	0.014640883977900553	0.0030386740331491712	0.006353591160220995	0.04613259668508287	0.025138121546961326	0.0022099447513812156	0.014917127071823204	0.030662983425414365	0.017403314917127072	0.0016574585635359116	0.011325966850828728	0.02707182320441989	0.013812154696132596	0.0013812154696132596	0.011878453038674033	0.0	0.022651933701657457	0.0	0.0066298342541436465	0.02154696132596685	0.013259668508287293	0.0016574585635359116	0.005801104972375691	0.02983425414364641	0.004419889502762431	0.0013812154696132596	0.0016574585635359116	0.03314917127071823	0.03535911602209945	0.0016574585635359116	0.024033149171270717
0.019060773480662985	0.02430939226519337	0.0022099447513812156	0.008011049723756906	0.039502762430939226	0.026243093922651933	0.0030386740331491712	0.012154696132596685	0.0	0.013535911602209945	0.0	0.008011049723756906	0.04337016574585635	0.057734806629834254	0.0030386740331491712	0.023480662983425413	0.025966850828729283	0.020441988950276244	0.0019337016574585636	0.008287292817679558	0.0281767955801105	0.014364640883977901	0.0019337016574585636	0.012983425414364641	0.010773480662983425	0.006353591160220995	0.0008287292817679558	0.0030386740331491712	0.06933701657458563	0.032320441988950274	0.004419889502762431	0.022099447513812154	0.022099447513812154	0.01408839779005525	0.0035911602209944752	0.006906077348066298	0.04613259668508287	0.02569060773480663	0.0019337016574585636	0.014640883977900553	0.03038674033149171	0.017403314917127072	0.0019337016574585636	0.011325966850828728	0.027624309392265192	0.013812154696132596	0.0011049723756906078	0.011602209944751382	0.0	0.023480662983425413	0.0	0.005801104972375691	0.02154696132596685	0.012983425414364641	0.0016574585635359116	0.0060773480662983425	0.02983425414364641	0.004419889502762431	0.0013812154696132596	0.0016574585635359116	0.03314917127071823	0.0356353591160221	0.0013812154696132596	0.023756906077348067
0.01878453038674033	0.023756906077348067	0.002486187845303867	0.00856353591160221	0.039779005524861875	0.026243093922651933	0.0030386740331491712	0.011878453038674033	0.0	0.013535911602209945	0.0	0.008011049723756906	0.04364640883977901	0.05856353591160221	0.0027624309392265192	0.022651933701657457	0.025966850828729283	0.020441988950276244	0.0019337016574585636	0.008287292817679558	0.028729281767955802	0.01408839779005525	0.0016574585635359116	0.012983425414364641	0.010773480662983425	0.006353591160220995	0.0008287292817679558	0.0030386740331491712	0.06823204419889503	0.031767955801104975	0.005248618784530387	0.022099447513812154	0.022375690607734807	0.013812154696132596	0.0033149171270718232	0.0071823204419889505	0.04640883977900553	0.026243093922651933	0.0019337016574585636	0.013812154696132596	0.030662983425414365	0.017955801104972375	0.0019337016574585636	0.010497237569060774	0.027624309392265192	0.01408839779005525	0.0011049723756906078	0.011325966850828728	0.0	0.022651933701657457	0.0	0.0066298342541436465	0.02154696132596685	0.012154696132596685	0.0016574585635359116	0.006906077348066298	0.02983425414364641	0.004419889502762431	0.0013812154696132596	0.0016574585635359116	0.03370165745856354	0.0356353591160221	0.0016574585635359116	0.023756906077348067
0.01878453038674033	0.022651933701657457	0.002486187845303867	0.009668508287292817	0.04033149171270718	0.02679558011049724	0.0016574585635359116	0.012154696132596685	0.0	0.013535911602209945	0.0	0.008011049723756906	0.04364640883977901	0.05718232044198895	0.0027624309392265192	0.024033149171270717	0.026519337016574586	0.020441988950276244	0.0013812154696132596	0.008287292817679558	0.029281767955801105	0.013812154696132596	0.0013812154696132596	0.012983425414364641	0.010773480662983425	0.0060773480662983425	0.0008287292817679558	0.0033149171270718232	0.06961325966850829	0.032320441988950274	0.004972375690607734	0.021270718232044197	0.023204419889502764	0.01270718232044199	0.002486187845303867	0.008287292817679558	0.04640883977900553	0.02679558011049724	0.0016574585635359116	0.013535911602209945	0.03038674033149171	0.017679558011049725	0.0022099447513812156	0.010773480662983425	0.02707182320441989	0.014364640883977901	0.0016574585635359116	0.011049723756906077	0.0	0.022375690607734807	0.0	0.006906077348066298	0.022375690607734807	0.012430939226519336	0.0013812154696132596	0.0060773480662983425	0.029281767955801105	0.004143646408839779	0.0019337016574585636	0.0019337016574585636	0.03287292817679558	0.03591160220994475	0.0016574585635359116	0.023480662983425413
0.01878453038674033	0.023480662983425413	0.002486187845303867	0.008839779005524863	0.04005524861878453	0.026243093922651933	0.0019337016574585636	0.01270718232044199	0.0	0.01408839779005525	0.0	0.007458563535911602	0.04337016574585635	0.058011049723756904	0.0030386740331491712	0.023204419889502764	0.026519337016574586	0.020718232044198894	0.0013812154696132596	0.008011049723756906	0.02983425414364641	0.013812154696132596	0.0005524861878453039	0.013259668508287293	0.011325966850828728	0.0060773480662983425	0.0005524861878453039	0.0030386740331491712	0.07016574585635359	0.03149171270718232	0.004696132596685083	0.021823204419889504	0.023204419889502764	0.012430939226519336	0.002486187845303867	0.00856353591160221	0.04696132596685083	0.026519337016574586	0.0016574585635359116	0.013259668508287293	0.030939226519337018	0.01712707182320442	0.0016574585635359116	0.011325966850828728	0.027348066298342542	0.014364640883977901	0.0013812154696132596	0.011049723756906077	0.0	0.02154696132596685	0.0	0.0077348066298342545	0.022651933701657457	0.01270718232044199	0.0013812154696132596	0.0055248618784530384	0.029281767955801105	0.004143646408839779	0.0019337016574585636	0.0019337016574585636	0.032320441988950274	0.037016574585635356	0.0022099447513812156	0.022375690607734807
0.019337016574585635	0.023756906077348067	0.0019337016574585636	0.00856353591160221	0.04005524861878453	0.025138121546961326	0.0022099447513812156	0.013535911602209945	0.0	0.01408839779005525	0.0	0.007458563535911602	0.0430939226519337	0.05828729281767956	0.0033149171270718232	0.02292817679558011	0.026243093922651933	0.020441988950276244	0.0016574585635359116	0.008287292817679558	0.02983425414364641	0.014364640883977901	0.0005524861878453039	0.01270718232044199	0.011325966850828728	0.005801104972375691	0.0008287292817679558	0.0030386740331491712	0.06933701657458563	0.031215469613259668	0.004419889502762431	0.022099447513812154	0.023204419889502764	0.012983425414364641	0.002486187845303867	0.008011049723756906	0.047237569060773484	0.026519337016574586	0.0013812154696132596	0.013259668508287293	0.031767955801104975	0.016574585635359115	0.0008287292817679558	0.011878453038674033	0.027624309392265192	0.014917127071823204	0.0013812154696132596	0.010220994475138122	0.0	0.020994475138121547	0.0	0.008287292817679558	0.02292817679558011	0.012154696132596685	0.0011049723756906078	0.0060773480662983425	0.029281767955801105	0.004143646408839779	0.0019337016574585636	0.0019337016574585636	0.03370165745856354	0.037016574585635356	0.0019337016574585636	0.022375690607734807
0.019613259668508288	0.02292817679558011	0.0016574585635359116	0.009392265193370166	0.04005524861878453	0.02430939226519337	0.0019337016574585636	0.014640883977900553	0.0	0.014917127071823204	0.0	0.0066298342541436465	0.04281767955801105	0.05911602209944752	0.0035911602209944752	0.022099447513812154	0.025966850828729283	0.020441988950276244	0.0019337016574585636	0.008287292817679558	0.03011049723756906	0.013535911602209945	0.0005524861878453039	0.013259668508287293	0.011878453038674033	0.005801104972375691	0.0005524861878453039	0.0027624309392265192	0.06878453038674033	0.031215469613259668	0.004972375690607734	0.022099447513812154	0.023756906077348067	0.012983425414364641	0.0019337016574585636	0.008011049723756906	0.04751381215469613	0.02679558011049724	0.0011049723756906078	0.012983425414364641	0.031215469613259668	0.016298342541436465	0.0013812154696132596	0.012154696132596685	0.02679558011049724	0.015193370165745856	0.0019337016574585636	0.010220994475138122	0.0	0.02154696132596685	0.0	0.0077348066298342545	0.02292817679558011	0.011878453038674033	0.0011049723756906078	0.006353591160220995	0.029281767955801105	0.004143646408839779	0.0019337016574585636	0.0019337016574585636	0.03342541436464089	0.03867403314917127	0.0022099447513812156	0.020718232044198894
0.019613259668508288	0.023756906077348067	0.0016574585635359116	0.00856353591160221	0.039502762430939226	0.024585635359116023	0.0022099447513812156	0.014640883977900553	0.0	0.014917127071823204	0.0	0.0066298342541436465	0.04364640883977901	0.05911602209944752	0.0027624309392265192	0.022099447513812154	0.025138121546961326	0.020441988950276244	0.0027624309392265192	0.008287292817679558	0.03011049723756906	0.013259668508287293	0.0008287292817679558	0.013259668508287293	0.011602209944751382	0.0060773480662983425	0.0008287292817679558	0.002486187845303867	0.06795580110497237	0.030939226519337018	0.004143646408839779	0.022651933701657457	0.023480662983425413	0.012983425414364641	0.0022099447513812156	0.008011049723756906	0.04779005524861878	0.02707182320441989	0.0011049723756906078	0.012430939226519336	0.030939226519337018	0.015193370165745856	0.0019337016574585636	0.012983425414364641	0.02679558011049724	0.01574585635359116	0.0019337016574585636	0.009668508287292817	0.0	0.020994475138121547	0.0	0.008287292817679558	0.02292817679558011	0.011602209944751382	0.0011049723756906078	0.0066298342541436465	0.02955801104972376	0.0035911602209944752	0.0016574585635359116	0.002486187845303867	0.03508287292817679	0.03839779005524862	0.0019337016574585636	0.020994475138121547
0.02016574585635359	0.02430939226519337	0.0011049723756906078	0.008011049723756906	0.038950276243093926	0.024861878453038673	0.0027624309392265192	0.014364640883977901	0.0	0.01574585635359116	0.0	0.005801104972375691	0.04419889502762431	0.05911602209944752	0.0022099447513812156	0.022099447513812154	0.024861878453038673	0.021270718232044197	0.0030386740331491712	0.007458563535911602	0.03038674033149171	0.012983425414364641	0.0011049723756906078	0.012983425414364641	0.011602209944751382	0.0060773480662983425	0.0008287292817679558	0.002486187845303867	0.06740331491712707	0.031215469613259668	0.004419889502762431	0.022375690607734807	0.023756906077348067	0.012983425414364641	0.0019337016574585636	0.008011049723756906	0.047237569060773484	0.026519337016574586	0.0016574585635359116	0.012983425414364641	0.03038674033149171	0.016022099447513812	0.0022099447513812156	0.012430939226519336	0.027348066298342542	0.014917127071823204	0.0016574585635359116	0.010220994475138122	0.0	0.021270718232044197	0.0	0.008011049723756906	0.02292817679558011	0.011602209944751382	0.0011049723756906078	0.0066298342541436465	0.02955801104972376	0.0038674033149171273	0.0016574585635359116	0.0022099447513812156	0.03535911602209945	0.038950276243093926	0.0019337016574585636	0.020441988950276244
0.02016574585635359	0.02430939226519337	0.0011049723756906078	0.008011049723756906	0.038950276243093926	0.02430939226519337	0.0030386740331491712	0.014640883977900553	0.0	0.015469613259668509	0.0	0.0060773480662983425	0.0430939226519337	0.05883977900552486	0.0033149171270718232	0.022375690607734807	0.024585635359116023	0.02154696132596685	0.0033149171270718232	0.0071823204419889505	0.03011049723756906	0.013259668508287293	0.0016574585635359116	0.012430939226519336	0.011602209944751382	0.0060773480662983425	0.0008287292817679558	0.002486187845303867	0.06795580110497237	0.031215469613259668	0.0038674033149171273	0.022375690607734807	0.023480662983425413	0.013535911602209945	0.0022099447513812156	0.007458563535911602	0.04696132596685083	0.026519337016574586	0.0022099447513812156	0.01270718232044199	0.030939226519337018	0.016298342541436465	0.0019337016574585636	0.011878453038674033	0.027348066298342542	0.014640883977900553	0.0016574585635359116	0.010497237569060774	0.0	0.021270718232044197	0.0	0.008011049723756906	0.022651933701657457	0.012430939226519336	0.0013812154696132596	0.005801104972375691	0.029281767955801105	0.0038674033149171273	0.0019337016574585636	0.0022099447513812156	0.03508287292817679	0.039502762430939226	0.0022099447513812156	0.019889502762430938
0.02016574585635359	0.023756906077348067	0.0011049723756906078	0.00856353591160221	0.039779005524861875	0.02541436464088398	0.0022099447513812156	0.013535911602209945	0.0	0.015469613259668509	0.0	0.0060773480662983425	0.0430939226519337	0.05828729281767956	0.0033149171270718232	0.02292817679558011	0.024861878453038673	0.020994475138121547	0.0030386740331491712	0.0077348066298342545	0.030939226519337018	0.012154696132596685	0.0019337016574585636	0.012430939226519336	0.011878453038674033	0.005801104972375691	0.0005524861878453039	0.0027624309392265192	0.06767955801104972	0.031767955801104975	0.0038674033149171273	0.020994475138121547	0.023756906077348067	0.013812154696132596	0.0019337016574585636	0.0071823204419889505	0.04668508287292818	0.027348066298342542	0.0022099447513812156	0.012154696132596685	0.030939226519337018	0.015193370165745856	0.0022099447513812156	0.01270718232044199	0.027348066298342542	0.015469613259668509	0.0016574585635359116	0.009668508287292817	0.0	0.02154696132596685	0.0	0.0077348066298342545	0.022651933701657457	0.011878453038674033	0.0013812154696132596	0.006353591160220995	0.028729281767955802	0.0038674033149171273	0.002486187845303867	0.0022099447513812156	0.0356353591160221	0.039226519337016576	0.0027624309392265192	0.02016574585635359
0.019889502762430938	0.022651933701657457	0.0013812154696132596	0.009668508287292817	0.039779005524861875	0.02541436464088398	0.0022099447513812156	0.013535911602209945	0.0	0.015193370165745856	0.0	0.006353591160220995	0.0430939226519337	0.05883977900552486	0.0033149171270718232	0.022375690607734807	0.024861878453038673	0.020994475138121547	0.0030386740331491712	0.0077348066298342545	0.03038674033149171	0.012154696132596685	0.002486187845303867	0.012430939226519336	0.012154696132596685	0.005801104972375691	0.00027624309392265195	0.0027624309392265192	0.06740331491712707	0.030662983425414365	0.0038674033149171273	0.021823204419889504	0.023480662983425413	0.01408839779005525	0.0022099447513812156	0.006906077348066298	0.047237569060773484	0.02541436464088398	0.0022099447513812156	0.013535911602209945	0.032044198895027624	0.015469613259668509	0.0013812154696132596	0.012154696132596685	0.02707182320441989	0.015193370165745856	0.0019337016574585636	0.009944751381215469	0.0	0.020994475138121547	0.0	0.008287292817679558	0.023480662983425413	0.011602209944751382	0.0011049723756906078	0.0060773480662983425	0.028729281767955802	0.0038674033149171273	0.002486187845303867	0.0022099447513812156	0.03618784530386741	0.038950276243093926	0.0027624309392265192	0.020441988950276244
0.019613259668508288	0.02292817679558011	0.0016574585635359116	0.009392265193370166	0.04005524861878453	0.02430939226519337	0.002486187845303867	0.01408839779005525	0.0	0.014640883977900553	0.0	0.006906077348066298	0.042541436464088395	0.059944751381215466	0.0038674033149171273	0.021270718232044197	0.02541436464088398	0.020441988950276244	0.002486187845303867	0.008287292817679558	0.03011049723756906	0.011602209944751382	0.002486187845303867	0.013259668508287293	0.012154696132596685	0.005801104972375691	0.00027624309392265195	0.0027624309392265192	0.06712707182320442	0.031215469613259668	0.0038674033149171273	0.020994475138121547	0.023480662983425413	0.014364640883977901	0.0022099447513812156	0.0066298342541436465	0.047237569060773484	0.024861878453038673	0.0016574585635359116	0.014640883977900553	0.032320441988950274	0.016298342541436465	0.0013812154696132596	0.011049723756906077	0.02679558011049724	0.014640883977900553	0.0022099447513812156	0.010497237569060774	0.0	0.020994475138121547	0.0	0.008287292817679558	0.023756906077348067	0.011602209944751382	0.0016574585635359116	0.005248618784530387	0.02845303867403315	0.004419889502762431	0.0027624309392265192	0.0016574585635359116	0.037016574585635356	0.03839779005524862	0.002486187845303867	0.020994475138121547
0.019337016574585635	0.022375690607734807	0.0019337016574585636	0.009944751381215469	0.039502762430939226	0.024033149171270717	0.0030386740331491712	0.014364640883977901	0.0	0.01408839779005525	0.0	0.007458563535911602	0.042541436464088395	0.059944751381215466	0.0038674033149171273	0.021270718232044197	0.02541436464088398	0.020441988950276244	0.002486187845303867	0.008287292817679558	0.03038674033149171	0.011602209944751382	0.0022099447513812156	0.013259668508287293	0.012154696132596685	0.0060773480662983425	0.00027624309392265195	0.002486187845303867	0.06795580110497237	0.031767955801104975	0.0033149171270718232	0.020441988950276244	0.023204419889502764	0.014640883977900553	0.002486187845303867	0.006353591160220995	0.047237569060773484	0.025138121546961326	0.0019337016574585636	0.01408839779005525	0.032320441988950274	0.01574585635359116	0.0013812154696132596	0.011602209944751382	0.027624309392265192	0.015193370165745856	0.0016574585635359116	0.009668508287292817	0.0	0.020994475138121547	0.0	0.008287292817679558	0.02292817679558011	0.011602209944751382	0.0022099447513812156	0.0055248618784530384	0.02845303867403315	0.004419889502762431	0.0027624309392265192	0.0016574585635359116	0.03591160220994475	0.03784530386740331	0.0033149171270718232	0.02154696132596685
0.019337016574585635	0.02154696132596685	0.0019337016574585636	0.010773480662983425	0.039502762430939226	0.02430939226519337	0.0033149171270718232	0.013812154696132596	0.0	0.014640883977900553	0.0	0.006906077348066298	0.042265193370165745	0.059944751381215466	0.004143646408839779	0.021270718232044197	0.025138121546961326	0.020994475138121547	0.0027624309392265192	0.0077348066298342545	0.03038674033149171	0.012154696132596685	0.002486187845303867	0.012430939226519336	0.012154696132596685	0.005801104972375691	0.00027624309392265195	0.0027624309392265192	0.06823204419889503	0.03149171270718232	0.0030386740331491712	0.020994475138121547	0.023480662983425413	0.014640883977900553	0.0022099447513812156	0.006353591160220995	0.04668508287292818	0.02541436464088398	0.002486187845303867	0.013812154696132596	0.03259668508287293	0.01574585635359116	0.0013812154696132596	0.011325966850828728	0.027900552486187846	0.013812154696132596	0.0016574585635359116	0.010773480662983425	0.0	0.020441988950276244	0.0	0.008839779005524863	0.022651933701657457	0.011325966850828728	0.0022099447513812156	0.0060773480662983425	0.028729281767955802	0.004143646408839779	0.002486187845303867	0.0019337016574585636	0.03591160220994475	0.03839779005524862	0.0030386740331491712	0.020994475138121547
0.019337016574585635	0.02154696132596685	0.0019337016574585636	0.010773480662983425	0.04033149171270718	0.024033149171270717	0.0030386740331491712	0.013535911602209945	0.0	0.014640883977900553	0.0	0.006906077348066298	0.041988950276243095	0.059944751381215466	0.004419889502762431	0.021270718232044197	0.025138121546961326	0.021823204419889504	0.0027624309392265192	0.006906077348066298	0.030939226519337018	0.012983425414364641	0.0019337016574585636	0.011602209944751382	0.011878453038674033	0.0055248618784530384	0.0005524861878453039	0.0030386740331491712	0.06685082872928177	0.031215469613259668	0.0035911602209944752	0.021270718232044197	0.023756906077348067	0.014364640883977901	0.0019337016574585636	0.0066298342541436465	0.047237569060773484	0.024585635359116023	0.002486187845303867	0.01408839779005525	0.032320441988950274	0.016298342541436465	0.0011049723756906078	0.011325966850828728	0.02845303867403315	0.01270718232044199	0.0013812154696132596	0.011602209944751382	0.0	0.020718232044198894	0.0	0.00856353591160221	0.022651933701657457	0.011602209944751382	0.0022099447513812156	0.005801104972375691	0.028729281767955802	0.004143646408839779	0.002486187845303867	0.0019337016574585636	0.036740331491712706	0.03756906077348066	0.0030386740331491712	0.021823204419889504
0.019889502762430938	0.02154696132596685	0.0013812154696132596	0.010773480662983425	0.04005524861878453	0.023756906077348067	0.0033149171270718232	0.013812154696132596	0.0	0.014364640883977901	0.0	0.0071823204419889505	0.042541436464088395	0.05911602209944752	0.0038674033149171273	0.022099447513812154	0.025138121546961326	0.021270718232044197	0.0027624309392265192	0.007458563535911602	0.031215469613259668	0.01270718232044199	0.0019337016574585636	0.011602209944751382	0.011878453038674033	0.004972375690607734	0.0005524861878453039	0.0035911602209944752	0.06629834254143646	0.031767955801104975	0.0035911602209944752	0.020718232044198894	0.02430939226519337	0.01408839779005525	0.0013812154696132596	0.006906077348066298	0.04779005524861878	0.024585635359116023	0.002486187845303867	0.013535911602209945	0.03287292817679558	0.01685082872928177	0.0008287292817679558	0.010497237569060774	0.02845303867403315	0.012983425414364641	0.0013812154696132596	0.011325966850828728	0.0	0.019337016574585635	0.0	0.009944751381215469	0.022651933701657457	0.011325966850828728	0.0022099447513812156	0.0060773480662983425	0.029281767955801105	0.004143646408839779	0.0019337016574585636	0.0019337016574585636	0.03756906077348066	0.03729281767955801	0.0027624309392265192	0.022099447513812154
0.019889502762430938	0.021270718232044197	0.0013812154696132596	0.011049723756906077	0.04033149171270718	0.023756906077348067	0.0030386740331491712	0.013812154696132596	0.0	0.01408839779005525	0.0	0.007458563535911602	0.042541436464088395	0.05828729281767956	0.0038674033149171273	0.02292817679558011	0.02541436464088398	0.02154696132596685	0.002486187845303867	0.0071823204419889505	0.03149171270718232	0.013259668508287293	0.0019337016574585636	0.010773480662983425	0.012154696132596685	0.004419889502762431	0.00027624309392265195	0.004143646408839779	0.06519337016574586	0.02955801104972376	0.0033149171270718232	0.022375690607734807	0.024861878453038673	0.014364640883977901	0.0008287292817679558	0.0066298342541436465	0.04779005524861878	0.02569060773480663	0.002486187845303867	0.012430939226519336	0.03287292817679558	0.01685082872928177	0.0008287292817679558	0.010497237569060774	0.028729281767955802	0.012983425414364641	0.0016574585635359116	0.010773480662983425	0.0	0.019060773480662985	0.0	0.010220994475138122	0.022651933701657457	0.011325966850828728	0.0022099447513812156	0.0060773480662983425	0.029281767955801105	0.004143646408839779	0.0019337016574585636	0.0019337016574585636	0.039226519337016576	0.036740331491712706	0.0030386740331491712	0.022651933701657457
0.019889502762430938	0.021823204419889504	0.0013812154696132596	0.010497237569060774	0.04116022099447514	0.023480662983425413	0.002486187845303867	0.013812154696132596	0.0	0.012983425414364641	0.0	0.00856353591160221	0.04281767955801105	0.058011049723756904	0.0035911602209944752	0.023204419889502764	0.02569060773480663	0.02154696132596685	0.0022099447513812156	0.0071823204419889505	0.031767955801104975	0.014640883977900553	0.0013812154696132596	0.009668508287292817	0.012154696132596685	0.004143646408839779	0.00027624309392265195	0.004419889502762431	0.06574585635359116	0.02955801104972376	0.0033149171270718232	0.022375690607734807	0.024585635359116023	0.013812154696132596	0.0011049723756906078	0.0071823204419889505	0.04779005524861878	0.02569060773480663	0.002486187845303867	0.012430939226519336	0.03287292817679558	0.017679558011049725	0.0008287292817679558	0.009668508287292817	0.029005524861878452	0.012430939226519336	0.0016574585635359116	0.011049723756906077	0.0	0.019613259668508288	0.0	0.009668508287292817	0.02292817679558011	0.011602209944751382	0.0019337016574585636	0.005801104972375691	0.029005524861878452	0.004143646408839779	0.0022099447513812156	0.0019337016574585636	0.03839779005524862	0.036740331491712706	0.0033149171270718232	0.022651933701657457
0.019889502762430938	0.02154696132596685	0.0013812154696132596	0.010773480662983425	0.04088397790055249	0.023756906077348067	0.002486187845303867	0.013812154696132596	0.0	0.01270718232044199	0.0	0.008839779005524863	0.04281767955801105	0.057458563535911604	0.0035911602209944752	0.023756906077348067	0.02541436464088398	0.020994475138121547	0.002486187845303867	0.0077348066298342545	0.032044198895027624	0.014640883977900553	0.0016574585635359116	0.009116022099447514	0.012154696132596685	0.004419889502762431	0.00027624309392265195	0.004143646408839779	0.0654696132596685	0.028729281767955802	0.0027624309392265192	0.023204419889502764	0.024861878453038673	0.013812154696132596	0.0008287292817679558	0.0071823204419889505	0.04806629834254143	0.024585635359116023	0.002486187845303867	0.013259668508287293	0.03287292817679558	0.017679558011049725	0.0008287292817679558	0.009668508287292817	0.02845303867403315	0.01270718232044199	0.0022099447513812156	0.010773480662983425	0.0	0.02016574585635359	0.0	0.009116022099447514	0.022651933701657457	0.011602209944751382	0.0022099447513812156	0.005801104972375691	0.028729281767955802	0.004143646408839779	0.002486187845303867	0.0019337016574585636	0.039502762430939226	0.037016574585635356	0.0030386740331491712	0.022375690607734807
0.019889502762430938	0.021823204419889504	0.0013812154696132596	0.010497237569060774	0.04060773480662983	0.024033149171270717	0.0027624309392265192	0.013535911602209945	0.0	0.01270718232044199	0.0	0.008839779005524863	0.04281767955801105	0.056353591160221	0.0035911602209944752	0.024861878453038673	0.026243093922651933	0.020718232044198894	0.0016574585635359116	0.008011049723756906	0.03149171270718232	0.013812154696132596	0.0022099447513812156	0.009944751381215469	0.012154696132596685	0.004143646408839779	0.00027624309392265195	0.004419889502762431	0.06464088397790055	0.03038674033149171	0.0038674033149171273	0.020718232044198894	0.024585635359116023	0.013259668508287293	0.0011049723756906078	0.0077348066298342545	0.04806629834254143	0.024033149171270717	0.0027624309392265192	0.013535911602209945	0.03259668508287293	0.017679558011049725	0.0008287292817679558	0.009944751381215469	0.0281767955801105	0.012154696132596685	0.0022099447513812156	0.011602209944751382	0.0	0.020441988950276244	0.0	0.008839779005524863	0.02292817679558011	0.011325966850828728	0.0022099447513812156	0.005801104972375691	0.028729281767955802	0.0038674033149171273	0.002486187845303867	0.0022099447513812156	0.04033149171270718	0.03729281767955801	0.0027624309392265192	0.022099447513812154
0.019613259668508288	0.021823204419889504	0.0016574585635359116	0.010497237569060774	0.04143646408839779	0.02292817679558011	0.0019337016574585636	0.014640883977900553	0.0	0.01270718232044199	0.0	0.008839779005524863	0.04281767955801105	0.056353591160221	0.0035911602209944752	0.024861878453038673	0.025966850828729283	0.020441988950276244	0.0019337016574585636	0.008287292817679558	0.03149171270718232	0.013259668508287293	0.002486187845303867	0.010220994475138122	0.012154696132596685	0.004419889502762431	0.00027624309392265195	0.004143646408839779	0.06629834254143646	0.03011049723756906	0.0038674033149171273	0.020994475138121547	0.024585635359116023	0.012983425414364641	0.0011049723756906078	0.008011049723756906	0.04861878453038674	0.024033149171270717	0.002486187845303867	0.013259668508287293	0.03287292817679558	0.017955801104972375	0.0008287292817679558	0.009392265193370166	0.027900552486187846	0.012430939226519336	0.0022099447513812156	0.011602209944751382	0.0	0.02016574585635359	0.0	0.009116022099447514	0.02292817679558011	0.011325966850828728	0.0022099447513812156	0.005801104972375691	0.028729281767955802	0.0035911602209944752	0.002486187845303867	0.002486187845303867	0.03839779005524862	0.036464088397790057	0.0030386740331491712	0.02292817679558011
0.019613259668508288	0.021270718232044197	0.0016574585635359116	0.011049723756906077	0.04143646408839779	0.02292817679558011	0.0016574585635359116	0.014917127071823204	0.0	0.013812154696132596	0.0	0.0077348066298342545	0.0430939226519337	0.0569060773480663	0.0033149171270718232	0.02430939226519337	0.026243093922651933	0.02016574585635359	0.0016574585635359116	0.00856353591160221	0.031767955801104975	0.013259668508287293	0.0019337016574585636	0.010497237569060774	0.012154696132596685	0.004419889502762431	0.00027624309392265195	0.004143646408839779	0.06685082872928177	0.03149171270718232	0.0033149171270718232	0.019889502762430938	0.024585635359116023	0.012154696132596685	0.0011049723756906078	0.008839779005524863	0.04889502762430939	0.023204419889502764	0.0027624309392265192	0.013535911602209945	0.03314917127071823	0.017679558011049725	0.0008287292817679558	0.009392265193370166	0.027624309392265192	0.012430939226519336	0.0022099447513812156	0.011878453038674033	0.0	0.019889502762430938	0.0	0.009392265193370166	0.023204419889502764	0.012154696132596685	0.0019337016574585636	0.004972375690607734	0.028729281767955802	0.0035911602209944752	0.002486187845303867	0.002486187845303867	0.03812154696132597	0.036740331491712706	0.0030386740331491712	0.022651933701657457
0.019889502762430938	0.021270718232044197	0.0013812154696132596	0.011049723756906077	0.04088397790055249	0.02430939226519337	0.0016574585635359116	0.01408839779005525	0.0	0.013812154696132596	0.0	0.0077348066298342545	0.04337016574585635	0.05607734806629834	0.0030386740331491712	0.025138121546961326	0.026243093922651933	0.02016574585635359	0.0016574585635359116	0.00856353591160221	0.031767955801104975	0.013259668508287293	0.0019337016574585636	0.010497237569060774	0.012154696132596685	0.004696132596685083	0.00027624309392265195	0.0038674033149171273	0.06657458563535912	0.031215469613259668	0.0027624309392265192	0.02016574585635359	0.024861878453038673	0.012430939226519336	0.0008287292817679558	0.00856353591160221	0.04806629834254143	0.023756906077348067	0.0030386740331491712	0.013535911602209945	0.03259668508287293	0.01712707182320442	0.0013812154696132596	0.009944751381215469	0.027900552486187846	0.012430939226519336	0.0019337016574585636	0.011878453038674033	0.0	0.019060773480662985	0.0	0.010220994475138122	0.023204419889502764	0.011325966850828728	0.0022099447513812156	0.0055248618784530384	0.028729281767955802	0.0035911602209944752	0.002486187845303867	0.002486187845303867	0.03812154696132597	0.036464088397790057	0.0038674033149171273	0.02292817679558011
0.019889502762430938	0.02154696132596685	0.0013812154696132596	0.010773480662983425	0.04116022099447514	0.023756906077348067	0.0016574585635359116	0.014364640883977901	0.0	0.01408839779005525	0.0	0.007458563535911602	0.04337016574585635	0.05414364640883978	0.0030386740331491712	0.02707182320441989	0.026519337016574586	0.019613259668508288	0.0013812154696132596	0.009116022099447514	0.032044198895027624	0.013259668508287293	0.0022099447513812156	0.009944751381215469	0.012154696132596685	0.004972375690607734	0.0005524861878453039	0.0033149171270718232	0.06574585635359116	0.03149171270718232	0.0033149171270718232	0.019889502762430938	0.025138121546961326	0.011878453038674033	0.0005524861878453039	0.009116022099447514	0.04806629834254143	0.023480662983425413	0.0027624309392265192	0.01408839779005525	0.03259668508287293	0.01685082872928177	0.0013812154696132596	0.010220994475138122	0.02845303867403315	0.01270718232044199	0.0013812154696132596	0.011602209944751382	0.0	0.019060773480662985	0.0	0.010220994475138122	0.02292817679558011	0.011325966850828728	0.002486187845303867	0.0055248618784530384	0.029005524861878452	0.0038674033149171273	0.0022099447513812156	0.0022099447513812156	0.039226519337016576	0.036740331491712706	0.0030386740331491712	0.022651933701657457
0.019060773480662985	0.02154696132596685	0.0022099447513812156	0.010773480662983425	0.041988950276243095	0.02292817679558011	0.0016574585635359116	0.014364640883977901	0.0	0.013812154696132596	0.0	0.0077348066298342545	0.04337016574585635	0.05331491712707182	0.0030386740331491712	0.027900552486187846	0.02679558011049724	0.019337016574585635	0.0011049723756906078	0.009392265193370166	0.032320441988950274	0.013259668508287293	0.0022099447513812156	0.009668508287292817	0.012154696132596685	0.004972375690607734	0.0005524861878453039	0.0033149171270718232	0.0654696132596685	0.03259668508287293	0.0035911602209944752	0.01878453038674033	0.024861878453038673	0.011878453038674033	0.0008287292817679558	0.009116022099447514	0.04834254143646409	0.02292817679558011	0.0027624309392265192	0.014364640883977901	0.03314917127071823	0.01685082872928177	0.0008287292817679558	0.010220994475138122	0.029005524861878452	0.011878453038674033	0.0013812154696132596	0.011878453038674033	0.0	0.019060773480662985	0.0	0.010220994475138122	0.023204419889502764	0.010773480662983425	0.002486187845303867	0.005801104972375691	0.029005524861878452	0.0038674033149171273	0.0022099447513812156	0.0022099447513812156	0.039502762430939226	0.03729281767955801	0.0027624309392265192	0.022099447513812154
0.019060773480662985	0.02154696132596685	0.0022099447513812156	0.010773480662983425	0.041712707182320445	0.023204419889502764	0.0019337016574585636	0.01408839779005525	0.0	0.013812154696132596	0.0	0.0077348066298342545	0.04419889502762431	0.05414364640883978	0.0022099447513812156	0.02707182320441989	0.026519337016574586	0.02016574585635359	0.0013812154696132596	0.00856353591160221	0.03259668508287293	0.01270718232044199	0.0019337016574585636	0.010220994475138122	0.012430939226519336	0.004696132596685083	0.00027624309392265195	0.0035911602209944752	0.06408839779005525	0.03287292817679558	0.004696132596685083	0.018232044198895028	0.024861878453038673	0.011878453038674033	0.0008287292817679558	0.009116022099447514	0.04861878453038674	0.02292817679558011	0.0027624309392265192	0.01408839779005525	0.03314917127071823	0.01712707182320442	0.0008287292817679558	0.009944751381215469	0.02845303867403315	0.013259668508287293	0.0013812154696132596	0.011049723756906077	0.0	0.01878453038674033	0.0	0.010497237569060774	0.023756906077348067	0.010773480662983425	0.0022099447513812156	0.0055248618784530384	0.029281767955801105	0.0038674033149171273	0.0019337016574585636	0.0022099447513812156	0.04060773480662983	0.036740331491712706	0.0022099447513812156	0.022651933701657457
0.019613259668508288	0.021823204419889504	0.0016574585635359116	0.010497237569060774	0.04143646408839779	0.023756906077348067	0.0016574585635359116	0.01408839779005525	0.0	0.013535911602209945	0.0	0.008011049723756906	0.04392265193370166	0.05441988950276243	0.002486187845303867	0.02679558011049724	0.026519337016574586	0.019613259668508288	0.0013812154696132596	0.009116022099447514	0.03287292817679558	0.01270718232044199	0.0016574585635359116	0.010220994475138122	0.01270718232044199	0.004696132596685083	0.0	0.0035911602209944752	0.06519337016574586	0.03259668508287293	0.0038674033149171273	0.019060773480662985	0.024861878453038673	0.011878453038674033	0.0008287292817679558	0.009116022099447514	0.04889502762430939	0.022375690607734807	0.0030386740331491712	0.01408839779005525	0.03314917127071823	0.01685082872928177	0.0011049723756906078	0.009944751381215469	0.02845303867403315	0.012983425414364641	0.0013812154696132596	0.011325966850828728	0.0	0.019060773480662985	0.0	0.010220994475138122	0.023756906077348067	0.011049723756906077	0.0022099447513812156	0.005248618784530387	0.028729281767955802	0.004696132596685083	0.002486187845303867	0.0013812154696132596	0.039502762430939226	0.039502762430939226	0.002486187845303867	0.019889502762430938
0.02016574585635359	0.022099447513812154	0.0011049723756906078	0.010220994475138122	0.04116022099447514	0.02430939226519337	0.0019337016574585636	0.013535911602209945	0.0	0.013812154696132596	0.0	0.0077348066298342545	0.04392265193370166	0.05359116022099448	0.002486187845303867	0.027624309392265192	0.026519337016574586	0.02016574585635359	0.0013812154696132596	0.00856353591160221	0.03314917127071823	0.013259668508287293	0.0013812154696132596	0.009668508287292817	0.01270718232044199	0.004696132596685083	0.0	0.0035911602209944752	0.06657458563535912	0.03342541436464089	0.0030386740331491712	0.01878453038674033	0.025138121546961326	0.012430939226519336	0.0005524861878453039	0.00856353591160221	0.04889502762430939	0.023480662983425413	0.0030386740331491712	0.012983425414364641	0.03287292817679558	0.017679558011049725	0.0013812154696132596	0.009116022099447514	0.0281767955801105	0.013535911602209945	0.0013812154696132596	0.011049723756906077	0.0	0.019337016574585635	0.0	0.009944751381215469	0.023756906077348067	0.011049723756906077	0.0019337016574585636	0.0055248618784530384	0.028729281767955802	0.004419889502762431	0.002486187845303867	0.0016574585635359116	0.039502762430939226	0.039779005524861875	0.0013812154696132596	0.019613259668508288
0.019613259668508288	0.022375690607734807	0.0016574585635359116	0.009944751381215469	0.04060773480662983	0.024585635359116023	0.0022099447513812156	0.013535911602209945	0.0	0.01408839779005525	0.0	0.007458563535911602	0.04364640883977901	0.05331491712707182	0.0027624309392265192	0.027900552486187846	0.026519337016574586	0.02016574585635359	0.0013812154696132596	0.00856353591160221	0.03342541436464089	0.013259668508287293	0.0016574585635359116	0.009116022099447514	0.01270718232044199	0.004972375690607734	0.0	0.0033149171270718232	0.06740331491712707	0.03287292817679558	0.0033149171270718232	0.019337016574585635	0.024861878453038673	0.012154696132596685	0.0008287292817679558	0.008839779005524863	0.049171270718232046	0.023756906077348067	0.0033149171270718232	0.012154696132596685	0.03342541436464089	0.016574585635359115	0.0011049723756906078	0.009944751381215469	0.029005524861878452	0.013259668508287293	0.0008287292817679558	0.011049723756906077	0.0	0.019613259668508288	0.0	0.009668508287292817	0.023756906077348067	0.011325966850828728	0.0019337016574585636	0.005248618784530387	0.028729281767955802	0.004143646408839779	0.002486187845303867	0.0019337016574585636	0.03784530386740331	0.039779005524861875	0.0019337016574585636	0.019613259668508288
0.019337016574585635	0.020994475138121547	0.0019337016574585636	0.011325966850828728	0.04088397790055249	0.024861878453038673	0.0019337016574585636	0.013259668508287293	0.0	0.013812154696132596	0.0	0.0077348066298342545	0.04337016574585635	0.05386740331491713	0.0030386740331491712	0.027348066298342542	0.026519337016574586	0.020441988950276244	0.0013812154696132596	0.008287292817679558	0.03370165745856354	0.013535911602209945	0.0013812154696132596	0.008839779005524863	0.012983425414364641	0.004972375690607734	0.0	0.0030386740331491712	0.06795580110497237	0.032320441988950274	0.0027624309392265192	0.019337016574585635	0.024585635359116023	0.012154696132596685	0.0011049723756906078	0.008839779005524863	0.049447513812154696	0.023480662983425413	0.0033149171270718232	0.012154696132596685	0.03370165745856354	0.016574585635359115	0.0008287292817679558	0.009944751381215469	0.02955801104972376	0.013259668508287293	0.0005524861878453039	0.010773480662983425	0.0	0.019060773480662985	0.0	0.010220994475138122	0.023756906077348067	0.011049723756906077	0.0019337016574585636	0.0055248618784530384	0.028729281767955802	0.0035911602209944752	0.002486187845303867	0.002486187845303867	0.03867403314917127	0.039502762430939226	0.0016574585635359116	0.019889502762430938
0.018508287292817678	0.020441988950276244	0.0027624309392265192	0.011878453038674033	0.04116022099447514	0.024861878453038673	0.0013812154696132596	0.013535911602209945	0.0	0.013812154696132596	0.0	0.0077348066298342545	0.0430939226519337	0.054696132596685085	0.0033149171270718232	0.026519337016574586	0.026519337016574586	0.020718232044198894	0.0013812154696132596	0.008011049723756906	0.03397790055248619	0.013812154696132596	0.0013812154696132596	0.008287292817679558	0.012983425414364641	0.004972375690607734	0.0	0.0030386740331491712	0.06850828729281767	0.031215469613259668	0.0027624309392265192	0.02016574585635359	0.02430939226519337	0.011878453038674033	0.0013812154696132596	0.009116022099447514	0.049723756906077346	0.023204419889502764	0.0030386740331491712	0.012430939226519336	0.03370165745856354	0.016574585635359115	0.0011049723756906078	0.009668508287292817	0.029281767955801105	0.013259668508287293	0.0005524861878453039	0.011049723756906077	0.0	0.01878453038674033	0.0	0.010497237569060774	0.024033149171270717	0.011325966850828728	0.0019337016574585636	0.004972375690607734	0.02845303867403315	0.0035911602209944752	0.0027624309392265192	0.002486187845303867	0.039226519337016576	0.039502762430939226	0.0008287292817679558	0.019889502762430938
0.01878453038674033	0.020441988950276244	0.002486187845303867	0.011878453038674033	0.04088397790055249	0.02541436464088398	0.0011049723756906078	0.013535911602209945	0.0	0.012983425414364641	0.0	0.00856353591160221	0.04364640883977901	0.05359116022099448	0.0027624309392265192	0.027624309392265192	0.025966850828729283	0.020441988950276244	0.0019337016574585636	0.008287292817679558	0.03397790055248619	0.013259668508287293	0.0013812154696132596	0.008839779005524863	0.01270718232044199	0.004696132596685083	0.0005524861878453039	0.0030386740331491712	0.06767955801104972	0.031215469613259668	0.0033149171270718232	0.02016574585635359	0.02430939226519337	0.011602209944751382	0.0013812154696132596	0.009392265193370166	0.05110497237569061	0.022651933701657457	0.002486187845303867	0.012154696132596685	0.03342541436464089	0.016574585635359115	0.0013812154696132596	0.009668508287292817	0.029005524861878452	0.012983425414364641	0.0005524861878453039	0.011602209944751382	0.0	0.019060773480662985	0.0	0.010220994475138122	0.02430939226519337	0.010497237569060774	0.0016574585635359116	0.005801104972375691	0.0281767955801105	0.0035911602209944752	0.0030386740331491712	0.002486187845303867	0.039226519337016576	0.04005524861878453	0.0011049723756906078	0.019337016574585635
0.01878453038674033	0.020718232044198894	0.002486187845303867	0.011602209944751382	0.041712707182320445	0.02541436464088398	0.0008287292817679558	0.012983425414364641	0.0	0.013535911602209945	0.0	0.008011049723756906	0.04364640883977901	0.05414364640883978	0.0027624309392265192	0.02707182320441989	0.02569060773480663	0.020718232044198894	0.0022099447513812156	0.008011049723756906	0.03370165745856354	0.012154696132596685	0.0016574585635359116	0.009944751381215469	0.012983425414364641	0.004419889502762431	0.0005524861878453039	0.0030386740331491712	0.06933701657458563	0.03149171270718232	0.0033149171270718232	0.019613259668508288	0.02430939226519337	0.011878453038674033	0.0013812154696132596	0.009116022099447514	0.05165745856353591	0.022651933701657457	0.0016574585635359116	0.012430939226519336	0.03370165745856354	0.016022099447513812	0.0013812154696132596	0.009944751381215469	0.02955801104972376	0.012983425414364641	0.0005524861878453039	0.011049723756906077	0.0	0.019060773480662985	0.0	0.010220994475138122	0.02430939226519337	0.010497237569060774	0.0016574585635359116	0.005801104972375691	0.028729281767955802	0.0035911602209944752	0.002486187845303867	0.002486187845303867	0.03756906077348066	0.04005524861878453	0.0013812154696132596	0.019337016574585635
0.019060773480662985	0.02016574585635359	0.0022099447513812156	0.012154696132596685	0.041712707182320445	0.02541436464088398	0.0011049723756906078	0.01270718232044199	0.0	0.013535911602209945	0.0	0.008011049723756906	0.04392265193370166	0.05386740331491713	0.002486187845303867	0.027348066298342542	0.02541436464088398	0.020718232044198894	0.002486187845303867	0.008011049723756906	0.03425414364640884	0.01270718232044199	0.0011049723756906078	0.009392265193370166	0.012983425414364641	0.004696132596685083	0.0005524861878453039	0.0027624309392265192	0.06878453038674033	0.03259668508287293	0.0033149171270718232	0.018508287292817678	0.024033149171270717	0.011878453038674033	0.0016574585635359116	0.009116022099447514	0.05165745856353591	0.022099447513812154	0.0022099447513812156	0.012430939226519336	0.03342541436464089	0.015469613259668509	0.0016574585635359116	0.010497237569060774	0.02955801104972376	0.01270718232044199	0.0008287292817679558	0.011049723756906077	0.0	0.01878453038674033	0.0	0.010497237569060774	0.024861878453038673	0.010497237569060774	0.0011049723756906078	0.005801104972375691	0.029005524861878452	0.0038674033149171273	0.0022099447513812156	0.0022099447513812156	0.03839779005524862	0.039502762430939226	0.0011049723756906078	0.019889502762430938
0.019337016574585635	0.02016574585635359	0.0019337016574585636	0.012154696132596685	0.042265193370165745	0.02430939226519337	0.0011049723756906078	0.013259668508287293	0.0	0.012983425414364641	0.0	0.00856353591160221	0.04364640883977901	0.05359116022099448	0.0027624309392265192	0.027624309392265192	0.02541436464088398	0.020441988950276244	0.002486187845303867	0.008287292817679558	0.03397790055248619	0.012983425414364641	0.0016574585635359116	0.008839779005524863	0.013535911602209945	0.004696132596685083	0.0	0.0027624309392265192	0.06767955801104972	0.032320441988950274	0.0033149171270718232	0.019060773480662985	0.024033149171270717	0.011878453038674033	0.0016574585635359116	0.009116022099447514	0.05165745856353591	0.021823204419889504	0.002486187845303867	0.012430939226519336	0.03259668508287293	0.015193370165745856	0.002486187845303867	0.010773480662983425	0.029281767955801105	0.012430939226519336	0.0013812154696132596	0.011049723756906077	0.0	0.019889502762430938	0.0	0.009392265193370166	0.024585635359116023	0.010220994475138122	0.0013812154696132596	0.0060773480662983425	0.028729281767955802	0.004143646408839779	0.002486187845303867	0.0019337016574585636	0.03867403314917127	0.04005524861878453	0.0016574585635359116	0.019337016574585635
0.019337016574585635	0.020994475138121547	0.0019337016574585636	0.011325966850828728	0.041712707182320445	0.02430939226519337	0.0013812154696132596	0.013535911602209945	0.0	0.012983425414364641	0.0	0.00856353591160221	0.04364640883977901	0.05359116022099448	0.0027624309392265192	0.027624309392265192	0.02541436464088398	0.020994475138121547	0.002486187845303867	0.0077348066298342545	0.03425414364640884	0.013535911602209945	0.0016574585635359116	0.008011049723756906	0.013259668508287293	0.005248618784530387	0.00027624309392265195	0.0022099447513812156	0.06878453038674033	0.03314917127071823	0.0035911602209944752	0.017403314917127072	0.024033149171270717	0.01270718232044199	0.0016574585635359116	0.008287292817679558	0.05138121546961326	0.02292817679558011	0.0027624309392265192	0.011325966850828728	0.03287292817679558	0.015193370165745856	0.002486187845303867	0.010497237569060774	0.02955801104972376	0.012430939226519336	0.0013812154696132596	0.010773480662983425	0.0	0.019060773480662985	0.0	0.010220994475138122	0.02430939226519337	0.010773480662983425	0.0013812154696132596	0.005801104972375691	0.0281767955801105	0.0038674033149171273	0.0030386740331491712	0.0022099447513812156	0.03812154696132597	0.04005524861878453	0.0016574585635359116	0.019337016574585635
0.019060773480662985	0.020994475138121547	0.0022099447513812156	0.011325966850828728	0.042265193370165745	0.023756906077348067	0.0011049723756906078	0.013812154696132596	0.0	0.012983425414364641	0.0	0.00856353591160221	0.04337016574585635	0.05303867403314917	0.0030386740331491712	0.0281767955801105	0.02541436464088398	0.020441988950276244	0.002486187845303867	0.008287292817679558	0.03342541436464089	0.01408839779005525	0.0022099447513812156	0.0077348066298342545	0.013812154696132596	0.005248618784530387	0.0	0.0019337016574585636	0.06988950276243094	0.03397790055248619	0.004419889502762431	0.01574585635359116	0.024033149171270717	0.01270718232044199	0.0016574585635359116	0.008287292817679558	0.052209944751381215	0.022099447513812154	0.0019337016574585636	0.012154696132596685	0.03342541436464089	0.015193370165745856	0.0019337016574585636	0.010497237569060774	0.03011049723756906	0.012430939226519336	0.0008287292817679558	0.010773480662983425	0.0	0.01878453038674033	0.0	0.010497237569060774	0.02430939226519337	0.011049723756906077	0.0013812154696132596	0.0055248618784530384	0.027900552486187846	0.0038674033149171273	0.0033149171270718232	0.0022099447513812156	0.03784530386740331	0.04033149171270718	0.0008287292817679558	0.019060773480662985
0.019060773480662985	0.020441988950276244	0.0022099447513812156	0.011878453038674033	0.042541436464088395	0.023756906077348067	0.0011049723756906078	0.013535911602209945	0.0	0.013812154696132596	0.0	0.0077348066298342545	0.04337016574585635	0.05386740331491713	0.0030386740331491712	0.027348066298342542	0.025966850828729283	0.020718232044198894	0.0019337016574585636	0.008011049723756906	0.03342541436464089	0.013812154696132596	0.0022099447513812156	0.008011049723756906	0.013535911602209945	0.0055248618784530384	0.00027624309392265195	0.0016574585635359116	0.07016574585635359	0.03425414364640884	0.004143646408839779	0.015469613259668509	0.024033149171270717	0.012154696132596685	0.0016574585635359116	0.008839779005524863	0.05165745856353591	0.022651933701657457	0.002486187845303867	0.011602209944751382	0.03370165745856354	0.014917127071823204	0.0013812154696132596	0.011049723756906077	0.03011049723756906	0.013812154696132596	0.0008287292817679558	0.009392265193370166	0.0	0.017955801104972375	0.0	0.011325966850828728	0.024585635359116023	0.010773480662983425	0.0013812154696132596	0.0055248618784530384	0.0281767955801105	0.0038674033149171273	0.0030386740331491712	0.0022099447513812156	0.03756906077348066	0.04033149171270718	0.0011049723756906078	0.019060773480662985
0.019337016574585635	0.02016574585635359	0.0019337016574585636	0.012154696132596685	0.042541436464088395	0.023756906077348067	0.0011049723756906078	0.013535911602209945	0.0	0.01408839779005525	0.0	0.007458563535911602	0.04364640883977901	0.054696132596685085	0.0027624309392265192	0.026519337016574586	0.026243093922651933	0.020718232044198894	0.0016574585635359116	0.008011049723756906	0.03397790055248619	0.013812154696132596	0.0019337016574585636	0.0077348066298342545	0.013535911602209945	0.005248618784530387	0.00027624309392265195	0.0019337016574585636	0.06906077348066299	0.034530386740331494	0.004419889502762431	0.015469613259668509	0.024033149171270717	0.011602209944751382	0.0016574585635359116	0.009392265193370166	0.05138121546961326	0.022375690607734807	0.0027624309392265192	0.011878453038674033	0.03397790055248619	0.015469613259668509	0.0011049723756906078	0.010497237569060774	0.03038674033149171	0.013259668508287293	0.0008287292817679558	0.009668508287292817	0.0	0.017679558011049725	0.0	0.011602209944751382	0.024861878453038673	0.010220994475138122	0.0011049723756906078	0.0060773480662983425	0.027900552486187846	0.0033149171270718232	0.0033149171270718232	0.0027624309392265192	0.03756906077348066	0.04005524861878453	0.0016574585635359116	0.019337016574585635
0.019337016574585635	0.02016574585635359	0.0019337016574585636	0.012154696132596685	0.04281767955801105	0.022651933701657457	0.0008287292817679558	0.014640883977900553	0.0	0.014917127071823204	0.0	0.0066298342541436465	0.04419889502762431	0.055248618784530384	0.0022099447513812156	0.025966850828729283	0.026519337016574586	0.020718232044198894	0.0013812154696132596	0.008011049723756906	0.034530386740331494	0.012983425414364641	0.0019337016574585636	0.008011049723756906	0.013535911602209945	0.005801104972375691	0.00027624309392265195	0.0013812154696132596	0.06988950276243094	0.03425414364640884	0.0038674033149171273	0.015469613259668509	0.024033149171270717	0.012154696132596685	0.0016574585635359116	0.008839779005524863	0.0505524861878453	0.022375690607734807	0.0035911602209944752	0.011878453038674033	0.03342541436464089	0.015469613259668509	0.0019337016574585636	0.010220994475138122	0.03011049723756906	0.01408839779005525	0.0011049723756906078	0.008839779005524863	0.0	0.017403314917127072	0.0	0.011878453038674033	0.024585635359116023	0.010497237569060774	0.0013812154696132596	0.005801104972375691	0.02845303867403315	0.0035911602209944752	0.0027624309392265192	0.002486187845303867	0.03784530386740331	0.039779005524861875	0.0013812154696132596	0.019613259668508288
0.019889502762430938	0.02016574585635359	0.0013812154696132596	0.012154696132596685	0.0430939226519337	0.022651933701657457	0.0005524861878453039	0.014640883977900553	0.0	0.01408839779005525	0.0	0.007458563535911602	0.04419889502762431	0.054696132596685085	0.0022099447513812156	0.026519337016574586	0.026243093922651933	0.02016574585635359	0.0016574585635359116	0.00856353591160221	0.03508287292817679	0.013535911602209945	0.0013812154696132596	0.007458563535911602	0.013812154696132596	0.0055248618784530384	0.00027624309392265195	0.0013812154696132596	0.0707182320441989	0.03397790055248619	0.004143646408839779	0.015193370165745856	0.024033149171270717	0.011325966850828728	0.0016574585635359116	0.009668508287292817	0.049723756906077346	0.022651933701657457	0.0038674033149171273	0.012154696132596685	0.03342541436464089	0.016022099447513812	0.0019337016574585636	0.009668508287292817	0.030662983425414365	0.013812154696132596	0.0011049723756906078	0.00856353591160221	0.0	0.017679558011049725	0.0	0.011602209944751382	0.024861878453038673	0.010773480662983425	0.0011049723756906078	0.0055248618784530384	0.029005524861878452	0.0033149171270718232	0.0022099447513812156	0.0027624309392265192	0.03784530386740331	0.039779005524861875	0.0008287292817679558	0.019613259668508288
0.02016574585635359	0.02016574585635359	0.0011049723756906078	0.012154696132596685	0.0430939226519337	0.02154696132596685	0.0008287292817679558	0.015469613259668509	0.0	0.013535911602209945	0.0	0.008011049723756906	0.04419889502762431	0.054696132596685085	0.0022099447513812156	0.026519337016574586	0.026519337016574586	0.019613259668508288	0.0013812154696132596	0.009116022099447514	0.03535911602209945	0.013259668508287293	0.0013812154696132596	0.007458563535911602	0.013812154696132596	0.005248618784530387	0.00027624309392265195	0.0016574585635359116	0.07154696132596686	0.03370165745856354	0.0033149171270718232	0.015193370165745856	0.023756906077348067	0.011602209944751382	0.0019337016574585636	0.009392265193370166	0.05110497237569061	0.02154696132596685	0.0033149171270718232	0.012430939226519336	0.03370165745856354	0.016022099447513812	0.0016574585635359116	0.009668508287292817	0.030939226519337018	0.01408839779005525	0.0008287292817679558	0.008287292817679558	0.0	0.018508287292817678	0.0	0.010773480662983425	0.024861878453038673	0.010497237569060774	0.0008287292817679558	0.0060773480662983425	0.02955801104972376	0.0033149171270718232	0.0016574585635359116	0.0027624309392265192	0.03812154696132597	0.04033149171270718	0.0008287292817679558	0.019060773480662985
0.019889502762430938	0.019889502762430938	0.0013812154696132596	0.012430939226519336	0.0430939226519337	0.020441988950276244	0.0011049723756906078	0.016298342541436465	0.0	0.013535911602209945	0.0	0.008011049723756906	0.044475138121546964	0.054696132596685085	0.0019337016574585636	0.026519337016574586	0.026519337016574586	0.019337016574585635	0.0013812154696132596	0.009392265193370166	0.0356353591160221	0.013259668508287293	0.0011049723756906078	0.007458563535911602	0.01408839779005525	0.004972375690607734	0.00027624309392265195	0.0016574585635359116	0.07237569060773481	0.03342541436464089	0.0022099447513812156	0.01574585635359116	0.023756906077348067	0.011602209944751382	0.0019337016574585636	0.009392265193370166	0.05082872928176796	0.020994475138121547	0.0035911602209944752	0.012983425414364641	0.03342541436464089	0.016022099447513812	0.0022099447513812156	0.009392265193370166	0.030939226519337018	0.013812154696132596	0.0005524861878453039	0.008839779005524863	0.0	0.01878453038674033	0.0	0.010497237569060774	0.024585635359116023	0.009944751381215469	0.0011049723756906078	0.0066298342541436465	0.02955801104972376	0.0035911602209944752	0.0016574585635359116	0.002486187845303867	0.03756906077348066	0.038950276243093926	0.0013812154696132596	0.020441988950276244
0.019613259668508288	0.019337016574585635	0.0016574585635359116	0.012983425414364641	0.04337016574585635	0.019613259668508288	0.0011049723756906078	0.01685082872928177	0.0	0.013535911602209945	0.0	0.008011049723756906	0.044475138121546964	0.05414364640883978	0.0019337016574585636	0.02707182320441989	0.026519337016574586	0.019889502762430938	0.0013812154696132596	0.008839779005524863	0.03535911602209945	0.01270718232044199	0.0013812154696132596	0.008011049723756906	0.01408839779005525	0.004972375690607734	0.00027624309392265195	0.0016574585635359116	0.07292817679558011	0.03425414364640884	0.002486187845303867	0.014640883977900553	0.024033149171270717	0.011878453038674033	0.0016574585635359116	0.009116022099447514	0.052209944751381215	0.020718232044198894	0.002486187845303867	0.012983425414364641	0.03314917127071823	0.016022099447513812	0.002486187845303867	0.009392265193370166	0.030939226519337018	0.01408839779005525	0.0005524861878453039	0.00856353591160221	0.0	0.018232044198895028	0.0	0.011049723756906077	0.024585635359116023	0.009668508287292817	0.0011049723756906078	0.006906077348066298	0.029281767955801105	0.0038674033149171273	0.0019337016574585636	0.0022099447513812156	0.03729281767955801	0.038950276243093926	0.0011049723756906078	0.020441988950276244
0.019337016574585635	0.019060773480662985	0.0019337016574585636	0.013259668508287293	0.044475138121546964	0.01878453038674033	0.0008287292817679558	0.01685082872928177	0.0	0.014364640883977901	0.0	0.0071823204419889505	0.044475138121546964	0.054696132596685085	0.0019337016574585636	0.026519337016574586	0.02707182320441989	0.02016574585635359	0.0008287292817679558	0.00856353591160221	0.03508287292817679	0.012983425414364641	0.0013812154696132596	0.008011049723756906	0.01408839779005525	0.004972375690607734	0.00027624309392265195	0.0016574585635359116	0.07375690607734807	0.03425414364640884	0.0027624309392265192	0.014917127071823204	0.024033149171270717	0.012154696132596685	0.0016574585635359116	0.008839779005524863	0.05165745856353591	0.020718232044198894	0.0030386740331491712	0.012983425414364641	0.03287292817679558	0.01685082872928177	0.0027624309392265192	0.00856353591160221	0.030939226519337018	0.013259668508287293	0.0011049723756906078	0.008839779005524863	0.0	0.018232044198895028	0.0	0.011049723756906077	0.025138121546961326	0.009392265193370166	0.0008287292817679558	0.006906077348066298	0.02955801104972376	0.004143646408839779	0.0016574585635359116	0.0019337016574585636	0.03618784530386741	0.03839779005524862	0.0008287292817679558	0.020994475138121547
0.019337016574585635	0.019613259668508288	0.0019337016574585636	0.01270718232044199	0.044475138121546964	0.018232044198895028	0.0008287292817679558	0.017403314917127072	0.0	0.014364640883977901	0.0	0.0071823204419889505	0.04364640883977901	0.054696132596685085	0.0027624309392265192	0.026519337016574586	0.02707182320441989	0.019889502762430938	0.0008287292817679558	0.008839779005524863	0.034806629834254144	0.012983425414364641	0.0016574585635359116	0.008011049723756906	0.01408839779005525	0.004696132596685083	0.00027624309392265195	0.0019337016574585636	0.07320441988950276	0.03370165745856354	0.002486187845303867	0.016022099447513812	0.023756906077348067	0.013259668508287293	0.0019337016574585636	0.0077348066298342545	0.052486187845303865	0.02016574585635359	0.0022099447513812156	0.013535911602209945	0.03287292817679558	0.017403314917127072	0.0030386740331491712	0.0077348066298342545	0.030939226519337018	0.012983425414364641	0.0011049723756906078	0.009116022099447514	0.0	0.018232044198895028	0.0	0.011049723756906077	0.024861878453038673	0.010220994475138122	0.0011049723756906078	0.0060773480662983425	0.029005524861878452	0.0038674033149171273	0.0022099447513812156	0.0022099447513812156	0.03618784530386741	0.03839779005524862	0.0011049723756906078	0.020994475138121547
0.019337016574585635	0.019060773480662985	0.0019337016574585636	0.013259668508287293	0.044475138121546964	0.018232044198895028	0.0011049723756906078	0.01712707182320442	0.0	0.01408839779005525	0.0	0.007458563535911602	0.042541436464088395	0.055248618784530384	0.0038674033149171273	0.025966850828729283	0.02707182320441989	0.019889502762430938	0.0008287292817679558	0.008839779005524863	0.034806629834254144	0.013259668508287293	0.0019337016574585636	0.007458563535911602	0.01408839779005525	0.004696132596685083	0.00027624309392265195	0.0019337016574585636	0.07292817679558011	0.03259668508287293	0.0027624309392265192	0.01685082872928177	0.023756906077348067	0.01270718232044199	0.0019337016574585636	0.008287292817679558	0.05165745856353591	0.019060773480662985	0.0027624309392265192	0.014917127071823204	0.032044198895027624	0.017403314917127072	0.0035911602209944752	0.008011049723756906	0.030939226519337018	0.01270718232044199	0.0011049723756906078	0.009392265193370166	0.0	0.017679558011049725	0.0	0.011602209944751382	0.02430939226519337	0.010220994475138122	0.0016574585635359116	0.0060773480662983425	0.02955801104972376	0.0035911602209944752	0.0016574585635359116	0.002486187845303867	0.03618784530386741	0.03867403314917127	0.0013812154696132596	0.020718232044198894
0.019613259668508288	0.01878453038674033	0.0016574585635359116	0.013535911602209945	0.044475138121546964	0.018508287292817678	0.0011049723756906078	0.01685082872928177	0.0	0.014364640883977901	0.0	0.0071823204419889505	0.04281767955801105	0.05386740331491713	0.0035911602209944752	0.027348066298342542	0.02679558011049724	0.01878453038674033	0.0011049723756906078	0.009944751381215469	0.034806629834254144	0.013259668508287293	0.0016574585635359116	0.0077348066298342545	0.013812154696132596	0.004696132596685083	0.0005524861878453039	0.0019337016574585636	0.07403314917127071	0.03259668508287293	0.002486187845303867	0.016298342541436465	0.024033149171270717	0.012430939226519336	0.0016574585635359116	0.00856353591160221	0.051933701657458566	0.019613259668508288	0.002486187845303867	0.014364640883977901	0.03259668508287293	0.017403314917127072	0.002486187845303867	0.00856353591160221	0.030662983425414365	0.01270718232044199	0.0013812154696132596	0.009392265193370166	0.0	0.018508287292817678	0.0	0.010773480662983425	0.024861878453038673	0.009944751381215469	0.0011049723756906078	0.006353591160220995	0.02983425414364641	0.0035911602209944752	0.0013812154696132596	0.002486187845303867	0.0356353591160221	0.03784530386740331	0.0016574585635359116	0.02154696132596685
0.019889502762430938	0.01878453038674033	0.0013812154696132596	0.013535911602209945	0.04419889502762431	0.018508287292817678	0.0016574585635359116	0.016574585635359115	0.0	0.014640883977900553	0.0	0.006906077348066298	0.04337016574585635	0.05303867403314917	0.0030386740331491712	0.0281767955801105	0.02679558011049724	0.018508287292817678	0.0011049723756906078	0.010220994475138122	0.03591160220994475	0.013535911602209945	0.0008287292817679558	0.0071823204419889505	0.013812154696132596	0.004419889502762431	0.0005524861878453039	0.0022099447513812156	0.07458563535911603	0.03314917127071823	0.0033149171270718232	0.015469613259668509	0.02430939226519337	0.01270718232044199	0.0013812154696132596	0.008287292817679558	0.05165745856353591	0.019060773480662985	0.002486187845303867	0.015193370165745856	0.03259668508287293	0.017403314917127072	0.0022099447513812156	0.008839779005524863	0.030939226519337018	0.01270718232044199	0.0013812154696132596	0.009116022099447514	0.0	0.019337016574585635	0.0	0.009944751381215469	0.024861878453038673	0.009944751381215469	0.0011049723756906078	0.006353591160220995	0.029281767955801105	0.0033149171270718232	0.0019337016574585636	0.0027624309392265192	0.03508287292817679	0.03867403314917127	0.0011049723756906078	0.020718232044198894
0.019889502762430938	0.019337016574585635	0.0013812154696132596	0.012983425414364641	0.04364640883977901	0.019060773480662985	0.0022099447513812156	0.016022099447513812	0.0	0.014640883977900553	0.0	0.006906077348066298	0.04281767955801105	0.05386740331491713	0.0035911602209944752	0.027348066298342542	0.026243093922651933	0.019613259668508288	0.0016574585635359116	0.009116022099447514	0.03591160220994475	0.012983425414364641	0.0013812154696132596	0.0071823204419889505	0.013812154696132596	0.004419889502762431	0.0005524861878453039	0.0022099447513812156	0.07348066298342541	0.032044198895027624	0.004419889502762431	0.01685082872928177	0.023756906077348067	0.01270718232044199	0.0019337016574585636	0.008287292817679558	0.05110497237569061	0.019889502762430938	0.0030386740331491712	0.014364640883977901	0.031767955801104975	0.017955801104972375	0.0030386740331491712	0.008287292817679558	0.030939226519337018	0.012983425414364641	0.0008287292817679558	0.009392265193370166	0.0	0.019613259668508288	0.0	0.009668508287292817	0.02541436464088398	0.010220994475138122	0.0005524861878453039	0.0060773480662983425	0.029281767955801105	0.0033149171270718232	0.0019337016574585636	0.0027624309392265192	0.034806629834254144	0.03839779005524862	0.0011049723756906078	0.020994475138121547
0.019889502762430938	0.019060773480662985	0.0013812154696132596	0.013259668508287293	0.04364640883977901	0.019337016574585635	0.0019337016574585636	0.016022099447513812	0.0	0.015193370165745856	0.0	0.006353591160220995	0.042541436464088395	0.05359116022099448	0.0038674033149171273	0.027624309392265192	0.025966850828729283	0.019337016574585635	0.0019337016574585636	0.009392265193370166	0.03591160220994475	0.012983425414364641	0.0013812154696132596	0.0071823204419889505	0.013535911602209945	0.004419889502762431	0.0008287292817679558	0.0022099447513812156	0.07375690607734807	0.031767955801104975	0.0055248618784530384	0.016574585635359115	0.02292817679558011	0.012154696132596685	0.0027624309392265192	0.008839779005524863	0.05138121546961326	0.019337016574585635	0.0030386740331491712	0.014640883977900553	0.032320441988950274	0.01712707182320442	0.002486187845303867	0.009116022099447514	0.030939226519337018	0.013812154696132596	0.0008287292817679558	0.00856353591160221	0.0	0.019337016574585635	0.0	0.009944751381215469	0.02541436464088398	0.010220994475138122	0.0005524861878453039	0.0060773480662983425	0.02983425414364641	0.0033149171270718232	0.0013812154696132596	0.0027624309392265192	0.03397790055248619	0.03867403314917127	0.0011049723756906078	0.020718232044198894
0.019889502762430938	0.019337016574585635	0.0013812154696132596	0.012983425414364641	0.04337016574585635	0.019337016574585635	0.002486187845303867	0.01574585635359116	0.0	0.014364640883977901	0.0	0.0071823204419889505	0.04281767955801105	0.05331491712707182	0.0035911602209944752	0.027900552486187846	0.026243093922651933	0.019613259668508288	0.0016574585635359116	0.009116022099447514	0.036740331491712706	0.011878453038674033	0.0011049723756906078	0.0077348066298342545	0.013535911602209945	0.004143646408839779	0.0008287292817679558	0.002486187845303867	0.0718232044198895	0.032044198895027624	0.0060773480662983425	0.016022099447513812	0.02292817679558011	0.012430939226519336	0.0027624309392265192	0.00856353591160221	0.05110497237569061	0.019060773480662985	0.0033149171270718232	0.014917127071823204	0.032320441988950274	0.017403314917127072	0.0027624309392265192	0.00856353591160221	0.03011049723756906	0.013535911602209945	0.0016574585635359116	0.008839779005524863	0.0	0.019337016574585635	0.0	0.009944751381215469	0.025138121546961326	0.010497237569060774	0.0008287292817679558	0.005801104972375691	0.02955801104972376	0.0033149171270718232	0.0016574585635359116	0.0027624309392265192	0.0356353591160221	0.03784530386740331	0.0011049723756906078	0.02154696132596685
0.019889502762430938	0.019060773480662985	0.0013812154696132596	0.013259668508287293	0.04364640883977901	0.019337016574585635	0.0022099447513812156	0.01574585635359116	0.0	0.01408839779005525	0.0	0.007458563535911602	0.0430939226519337	0.05303867403314917	0.0033149171270718232	0.0281767955801105	0.025966850828729283	0.019060773480662985	0.0019337016574585636	0.009668508287292817	0.036740331491712706	0.011602209944751382	0.0013812154696132596	0.0077348066298342545	0.013535911602209945	0.0038674033149171273	0.0008287292817679558	0.0027624309392265192	0.07348066298342541	0.03149171270718232	0.0055248618784530384	0.016298342541436465	0.022651933701657457	0.012430939226519336	0.0030386740331491712	0.00856353591160221	0.05082872928176796	0.018508287292817678	0.0038674033149171273	0.015193370165745856	0.03259668508287293	0.01712707182320442	0.002486187845303867	0.008839779005524863	0.02983425414364641	0.013535911602209945	0.0019337016574585636	0.008839779005524863	0.0	0.018508287292817678	0.0	0.010773480662983425	0.025138121546961326	0.009944751381215469	0.0008287292817679558	0.006353591160220995	0.02983425414364641	0.0033149171270718232	0.0013812154696132596	0.0027624309392265192	0.03425414364640884	0.03812154696132597	0.0016574585635359116	0.021270718232044197
0.02016574585635359	0.019337016574585635	0.0011049723756906078	0.012983425414364641	0.04364640883977901	0.019613259668508288	0.002486187845303867	0.015193370165745856	0.0	0.014364640883977901	0.0	0.0071823204419889505	0.04281767955801105	0.052486187845303865	0.0035911602209944752	0.028729281767955802	0.025966850828729283	0.019613259668508288	0.0019337016574585636	0.009116022099447514	0.03729281767955801	0.011325966850828728	0.0013812154696132596	0.007458563535911602	0.013535911602209945	0.004143646408839779	0.0008287292817679558	0.002486187845303867	0.07403314917127071	0.03149171270718232	0.004419889502762431	0.016298342541436465	0.02292817679558011	0.012430939226519336	0.0027624309392265192	0.00856353591160221	0.05138121546961326	0.017679558011049725	0.0033149171270718232	0.016022099447513812	0.032320441988950274	0.016574585635359115	0.0027624309392265192	0.009392265193370166	0.029005524861878452	0.01408839779005525	0.0027624309392265192	0.008287292817679558	0.0	0.018508287292817678	0.0	0.010773480662983425	0.025138121546961326	0.010220994475138122	0.0008287292817679558	0.0060773480662983425	0.02955801104972376	0.0035911602209944752	0.0016574585635359116	0.002486187845303867	0.03425414364640884	0.03812154696132597	0.0022099447513812156	0.021270718232044197
0.019889502762430938	0.019613259668508288	0.0013812154696132596	0.01270718232044199	0.04337016574585635	0.020441988950276244	0.0030386740331491712	0.01408839779005525	0.0	0.014917127071823204	0.0	0.0066298342541436465	0.04281767955801105	0.052486187845303865	0.0035911602209944752	0.028729281767955802	0.025966850828729283	0.019337016574585635	0.0019337016574585636	0.009392265193370166	0.037016574585635356	0.011325966850828728	0.0016574585635359116	0.007458563535911602	0.013535911602209945	0.004419889502762431	0.0008287292817679558	0.0022099447513812156	0.07265193370165746	0.03259668508287293	0.004143646408839779	0.015193370165745856	0.022651933701657457	0.012430939226519336	0.0030386740331491712	0.00856353591160221	0.05138121546961326	0.017955801104972375	0.0033149171270718232	0.01574585635359116	0.03259668508287293	0.016298342541436465	0.002486187845303867	0.009668508287292817	0.029005524861878452	0.013812154696132596	0.0022099447513812156	0.009116022099447514	0.0	0.018232044198895028	0.0	0.011049723756906077	0.024585635359116023	0.009944751381215469	0.0011049723756906078	0.0066298342541436465	0.02983425414364641	0.0035911602209944752	0.0013812154696132596	0.002486187845303867	0.03591160220994475	0.03756906077348066	0.0022099447513812156	0.021823204419889504
0.019337016574585635	0.019613259668508288	0.0019337016574585636	0.01270718232044199	0.04337016574585635	0.020994475138121547	0.0027624309392265192	0.013812154696132596	0.0	0.015469613259668509	0.0	0.0060773480662983425	0.04364640883977901	0.05359116022099448	0.0027624309392265192	0.027624309392265192	0.026519337016574586	0.019613259668508288	0.0013812154696132596	0.009116022099447514	0.036464088397790057	0.011325966850828728	0.0022099447513812156	0.007458563535911602	0.013535911602209945	0.004419889502762431	0.0008287292817679558	0.0022099447513812156	0.0718232044198895	0.03149171270718232	0.004143646408839779	0.016022099447513812	0.022651933701657457	0.012154696132596685	0.0030386740331491712	0.008839779005524863	0.05138121546961326	0.017403314917127072	0.0033149171270718232	0.016298342541436465	0.03287292817679558	0.016022099447513812	0.0019337016574585636	0.010220994475138122	0.028729281767955802	0.013812154696132596	0.002486187845303867	0.009116022099447514	0.0	0.018232044198895028	0.0	0.011049723756906077	0.024861878453038673	0.011049723756906077	0.0005524861878453039	0.005801104972375691	0.02983425414364641	0.0035911602209944752	0.0013812154696132596	0.002486187845303867	0.03618784530386741	0.03784530386740331	0.0030386740331491712	0.02154696132596685
0.019337016574585635	0.020718232044198894	0.0019337016574585636	0.011602209944751382	0.04364640883977901	0.020718232044198894	0.0027624309392265192	0.013812154696132596	0.0	0.01574585635359116	0.0	0.005801104972375691	0.04419889502762431	0.05414364640883978	0.0022099447513812156	0.02707182320441989	0.026519337016574586	0.019889502762430938	0.0013812154696132596	0.008839779005524863	0.036464088397790057	0.010773480662983425	0.0022099447513812156	0.008011049723756906	0.012983425414364641	0.004143646408839779	0.0011049723756906078	0.0027624309392265192	0.0712707182320442	0.030662983425414365	0.004696132596685083	0.01685082872928177	0.023204419889502764	0.012154696132596685	0.002486187845303867	0.008839779005524863	0.05165745856353591	0.017679558011049725	0.0027624309392265192	0.016298342541436465	0.03314917127071823	0.01574585635359116	0.0013812154696132596	0.010773480662983425	0.02955801104972376	0.013812154696132596	0.0022099447513812156	0.00856353591160221	0.0	0.01878453038674033	0.0	0.010497237569060774	0.02430939226519337	0.012154696132596685	0.0008287292817679558	0.004972375690607734	0.02955801104972376	0.0035911602209944752	0.0016574585635359116	0.002486187845303867	0.036740331491712706	0.03812154696132597	0.002486187845303867	0.021270718232044197
0.019337016574585635	0.021823204419889504	0.0019337016574585636	0.010497237569060774	0.04419889502762431	0.020994475138121547	0.0022099447513812156	0.013535911602209945	0.0	0.015193370165745856	0.0	0.006353591160220995	0.04419889502762431	0.05303867403314917	0.0022099447513812156	0.0281767955801105	0.026243093922651933	0.019613259668508288	0.0016574585635359116	0.009116022099447514	0.037016574585635356	0.010497237569060774	0.0019337016574585636	0.008011049723756906	0.012983425414364641	0.004696132596685083	0.0011049723756906078	0.0022099447513812156	0.07237569060773481	0.028729281767955802	0.0035911602209944752	0.01878453038674033	0.023480662983425413	0.011878453038674033	0.0022099447513812156	0.009116022099447514	0.0505524861878453	0.018508287292817678	0.0038674033149171273	0.015469613259668509	0.03314917127071823	0.015193370165745856	0.0013812154696132596	0.011325966850828728	0.02955801104972376	0.014364640883977901	0.0022099447513812156	0.008011049723756906	0.0	0.019060773480662985	0.0	0.010220994475138122	0.024585635359116023	0.012154696132596685	0.0005524861878453039	0.004972375690607734	0.029005524861878452	0.0033149171270718232	0.0022099447513812156	0.0027624309392265192	0.03729281767955801	0.03867403314917127	0.0019337016574585636	0.020718232044198894
0.019337016574585635	0.02154696132596685	0.0019337016574585636	0.010773480662983425	0.04364640883977901	0.020718232044198894	0.0030386740331491712	0.013535911602209945	0.0	0.015193370165745856	0.0	0.006353591160220995	0.04392265193370166	0.05386740331491713	0.002486187845303867	0.027348066298342542	0.026243093922651933	0.019889502762430938	0.0016574585635359116	0.008839779005524863	0.036464088397790057	0.010497237569060774	0.0027624309392265192	0.0077348066298342545	0.013259668508287293	0.004696132596685083	0.0011049723756906078	0.0019337016574585636	0.07209944751381216	0.02983425414364641	0.0035911602209944752	0.017679558011049725	0.023480662983425413	0.011602209944751382	0.0022099447513812156	0.009392265193370166	0.0505524861878453	0.019060773480662985	0.0038674033149171273	0.014917127071823204	0.03287292817679558	0.015469613259668509	0.0016574585635359116	0.011049723756906077	0.029005524861878452	0.014640883977900553	0.002486187845303867	0.008011049723756906	0.0	0.019337016574585635	0.0	0.009944751381215469	0.024585635359116023	0.011878453038674033	0.0005524861878453039	0.005248618784530387	0.029005524861878452	0.0030386740331491712	0.0022099447513812156	0.0030386740331491712	0.03756906077348066	0.03839779005524862	0.0019337016574585636	0.020994475138121547
0.019613259668508288	0.02154696132596685	0.0016574585635359116	0.010773480662983425	0.04364640883977901	0.021270718232044197	0.0030386740331491712	0.012983425414364641	0.0	0.014917127071823204	0.0	0.0066298342541436465	0.0430939226519337	0.05386740331491713	0.0033149171270718232	0.027348066298342542	0.02679558011049724	0.02016574585635359	0.0011049723756906078	0.00856353591160221	0.03729281767955801	0.011049723756906077	0.0019337016574585636	0.0071823204419889505	0.012983425414364641	0.004419889502762431	0.0013812154696132596	0.0022099447513812156	0.07292817679558011	0.02845303867403315	0.0027624309392265192	0.01878453038674033	0.023480662983425413	0.012154696132596685	0.0022099447513812156	0.008839779005524863	0.05	0.019613259668508288	0.004419889502762431	0.014364640883977901	0.03370165745856354	0.014917127071823204	0.0011049723756906078	0.011325966850828728	0.02983425414364641	0.01408839779005525	0.002486187845303867	0.0077348066298342545	0.0	0.01878453038674033	0.0	0.010497237569060774	0.02430939226519337	0.012154696132596685	0.0008287292817679558	0.004972375690607734	0.029281767955801105	0.0030386740331491712	0.0019337016574585636	0.0030386740331491712	0.03784530386740331	0.038950276243093926	0.0019337016574585636	0.020441988950276244
0.019889502762430938	0.021270718232044197	0.0013812154696132596	0.011049723756906077	0.04419889502762431	0.021823204419889504	0.002486187845303867	0.012430939226519336	0.0	0.014640883977900553	0.0	0.006906077348066298	0.0430939226519337	0.05331491712707182	0.0033149171270718232	0.027900552486187846	0.02707182320441989	0.02016574585635359	0.0008287292817679558	0.00856353591160221	0.03784530386740331	0.011049723756906077	0.0016574585635359116	0.006906077348066298	0.012983425414364641	0.004419889502762431	0.0013812154696132596	0.0022099447513812156	0.07348066298342541	0.029281767955801105	0.0030386740331491712	0.018232044198895028	0.023204419889502764	0.012430939226519336	0.002486187845303867	0.00856353591160221	0.05138121546961326	0.01878453038674033	0.0038674033149171273	0.014364640883977901	0.03397790055248619	0.014917127071823204	0.0008287292817679558	0.011325966850828728	0.02983425414364641	0.01408839779005525	0.0019337016574585636	0.008287292817679558	0.0	0.019060773480662985	0.0	0.010220994475138122	0.02430939226519337	0.012430939226519336	0.0008287292817679558	0.004696132596685083	0.02955801104972376	0.0027624309392265192	0.0016574585635359116	0.0033149171270718232	0.03729281767955801	0.03867403314917127	0.0013812154696132596	0.020718232044198894
0.019613259668508288	0.020994475138121547	0.0016574585635359116	0.011325966850828728	0.04364640883977901	0.022375690607734807	0.0027624309392265192	0.012154696132596685	0.0	0.014364640883977901	0.0	0.0071823204419889505	0.04281767955801105	0.05331491712707182	0.0035911602209944752	0.027900552486187846	0.02707182320441989	0.020441988950276244	0.0008287292817679558	0.008287292817679558	0.03812154696132597	0.011049723756906077	0.0013812154696132596	0.006906077348066298	0.012983425414364641	0.004419889502762431	0.0013812154696132596	0.0022099447513812156	0.07237569060773481	0.02955801104972376	0.0035911602209944752	0.017403314917127072	0.023204419889502764	0.011878453038674033	0.002486187845303867	0.009116022099447514	0.05082872928176796	0.019337016574585635	0.004419889502762431	0.013812154696132596	0.03370165745856354	0.014640883977900553	0.0011049723756906078	0.011602209944751382	0.03011049723756906	0.013812154696132596	0.0013812154696132596	0.008839779005524863	0.0	0.020441988950276244	0.0	0.008839779005524863	0.024585635359116023	0.011878453038674033	0.0008287292817679558	0.004972375690607734	0.029005524861878452	0.0030386740331491712	0.0022099447513812156	0.0030386740331491712	0.03839779005524862	0.039226519337016576	0.0013812154696132596	0.02016574585635359
0.019337016574585635	0.020441988950276244	0.0019337016574585636	0.011878453038674033	0.04337016574585635	0.022375690607734807	0.0030386740331491712	0.012154696132596685	0.0	0.014364640883977901	0.0	0.0071823204419889505	0.04281767955801105	0.05331491712707182	0.0035911602209944752	0.027900552486187846	0.027348066298342542	0.02016574585635359	0.0005524861878453039	0.00856353591160221	0.03812154696132597	0.011049723756906077	0.0016574585635359116	0.0066298342541436465	0.012983425414364641	0.004696132596685083	0.0013812154696132596	0.0019337016574585636	0.07430939226519337	0.02983425414364641	0.0027624309392265192	0.01712707182320442	0.02292817679558011	0.011878453038674033	0.0027624309392265192	0.009116022099447514	0.051933701657458566	0.019060773480662985	0.0033149171270718232	0.01408839779005525	0.03370165745856354	0.015193370165745856	0.0013812154696132596	0.010773480662983425	0.02955801104972376	0.01408839779005525	0.0019337016574585636	0.00856353591160221	0.0	0.020441988950276244	0.0	0.008839779005524863	0.024585635359116023	0.012154696132596685	0.0005524861878453039	0.004972375690607734	0.029005524861878452	0.0033149171270718232	0.0022099447513812156	0.0027624309392265192	0.03756906077348066	0.03839779005524862	0.0011049723756906078	0.020994475138121547
0.019337016574585635	0.02154696132596685	0.0019337016574585636	0.010773480662983425	0.04364640883977901	0.022099447513812154	0.0027624309392265192	0.012430939226519336	0.0	0.01408839779005525	0.0	0.007458563535911602	0.04337016574585635	0.05331491712707182	0.0030386740331491712	0.027900552486187846	0.02707182320441989	0.020994475138121547	0.0008287292817679558	0.0077348066298342545	0.03756906077348066	0.011602209944751382	0.0022099447513812156	0.0060773480662983425	0.012983425414364641	0.004972375690607734	0.0013812154696132596	0.0016574585635359116	0.07403314917127071	0.02955801104972376	0.002486187845303867	0.017403314917127072	0.02292817679558011	0.012154696132596685	0.0027624309392265192	0.008839779005524863	0.052486187845303865	0.018508287292817678	0.0027624309392265192	0.014640883977900553	0.03370165745856354	0.01574585635359116	0.0013812154696132596	0.010220994475138122	0.02983425414364641	0.01408839779005525	0.0013812154696132596	0.008839779005524863	0.0	0.019613259668508288	0.0	0.009668508287292817	0.024585635359116023	0.012983425414364641	0.0005524861878453039	0.004143646408839779	0.02845303867403315	0.0027624309392265192	0.0027624309392265192	0.0033149171270718232	0.03784530386740331	0.03784530386740331	0.0013812154696132596	0.02154696132596685
0.01878453038674033	0.02154696132596685	0.002486187845303867	0.010773480662983425	0.0430939226519337	0.022651933701657457	0.0030386740331491712	0.012154696132596685	0.0	0.014364640883977901	0.0	0.0071823204419889505	0.04419889502762431	0.052486187845303865	0.0022099447513812156	0.028729281767955802	0.026519337016574586	0.020441988950276244	0.0013812154696132596	0.008287292817679558	0.03839779005524862	0.010773480662983425	0.0019337016574585636	0.006353591160220995	0.012983425414364641	0.004419889502762431	0.0013812154696132596	0.0022099447513812156	0.07348066298342541	0.029005524861878452	0.0022099447513812156	0.018232044198895028	0.02292817679558011	0.011602209944751382	0.0027624309392265192	0.009392265193370166	0.05276243093922652	0.018232044198895028	0.0030386740331491712	0.014364640883977901	0.03342541436464089	0.01574585635359116	0.0011049723756906078	0.010773480662983425	0.03011049723756906	0.014640883977900553	0.0013812154696132596	0.008011049723756906	0.0	0.02016574585635359	0.0	0.009116022099447514	0.02430939226519337	0.012983425414364641	0.0008287292817679558	0.004143646408839779	0.029005524861878452	0.0030386740331491712	0.0022099447513812156	0.0030386740331491712	0.03839779005524862	0.03784530386740331	0.0013812154696132596	0.02154696132596685
0.019337016574585635	0.021270718232044197	0.0019337016574585636	0.011049723756906077	0.04337016574585635	0.022375690607734807	0.0030386740331491712	0.012154696132596685	0.0	0.01408839779005525	0.0	0.007458563535911602	0.04364640883977901	0.051933701657458566	0.0027624309392265192	0.029281767955801105	0.02679558011049724	0.02016574585635359	0.0011049723756906078	0.00856353591160221	0.038950276243093926	0.009944751381215469	0.0019337016574585636	0.0066298342541436465	0.013535911602209945	0.004143646408839779	0.0008287292817679558	0.002486187845303867	0.07375690607734807	0.02955801104972376	0.0030386740331491712	0.01712707182320442	0.023480662983425413	0.011602209944751382	0.0022099447513812156	0.009392265193370166	0.05303867403314917	0.017955801104972375	0.0030386740331491712	0.014364640883977901	0.03370165745856354	0.016298342541436465	0.0011049723756906078	0.009944751381215469	0.03011049723756906	0.014640883977900553	0.0013812154696132596	0.008011049723756906	0.0	0.020441988950276244	0.0	0.008839779005524863	0.024585635359116023	0.01270718232044199	0.0005524861878453039	0.004419889502762431	0.028729281767955802	0.0033149171270718232	0.002486187845303867	0.0027624309392265192	0.03729281767955801	0.03729281767955801	0.0019337016574585636	0.022099447513812154
0.018508287292817678	0.020994475138121547	0.0027624309392265192	0.011325966850828728	0.04392265193370166	0.022099447513812154	0.002486187845303867	0.012430939226519336	0.0	0.013535911602209945	0.0	0.008011049723756906	0.04392265193370166	0.05138121546961326	0.002486187845303867	0.02983425414364641	0.02707182320441989	0.020441988950276244	0.0008287292817679558	0.008287292817679558	0.038950276243093926	0.010220994475138122	0.0016574585635359116	0.0066298342541436465	0.013812154696132596	0.0038674033149171273	0.0011049723756906078	0.0022099447513812156	0.07403314917127071	0.029005524861878452	0.0038674033149171273	0.017403314917127072	0.023204419889502764	0.011602209944751382	0.002486187845303867	0.009392265193370166	0.05414364640883978	0.017403314917127072	0.0019337016574585636	0.014917127071823204	0.03397790055248619	0.016298342541436465	0.0011049723756906078	0.009668508287292817	0.030662983425414365	0.014640883977900553	0.0011049723756906078	0.0077348066298342545	0.0	0.019889502762430938	0.0	0.009392265193370166	0.024585635359116023	0.012983425414364641	0.0008287292817679558	0.0038674033149171273	0.029281767955801105	0.0030386740331491712	0.0019337016574585636	0.0030386740331491712	0.036740331491712706	0.03812154696132597	0.0016574585635359116	0.021270718232044197
0.018232044198895028	0.021823204419889504	0.0030386740331491712	0.010497237569060774	0.044475138121546964	0.021270718232044197	0.0022099447513812156	0.012983425414364641	0.0	0.013259668508287293	0.0	0.008287292817679558	0.04419889502762431	0.05138121546961326	0.0022099447513812156	0.02983425414364641	0.02679558011049724	0.020441988950276244	0.0011049723756906078	0.008287292817679558	0.03867403314917127	0.010497237569060774	0.0019337016574585636	0.006353591160220995	0.013812154696132596	0.004143646408839779	0.0011049723756906078	0.0019337016574585636	0.07569060773480663	0.028729281767955802	0.0033149171270718232	0.017679558011049725	0.023204419889502764	0.011878453038674033	0.002486187845303867	0.009116022099447514	0.05441988950276243	0.017403314917127072	0.0019337016574585636	0.014640883977900553	0.03425414364640884	0.01574585635359116	0.0013812154696132596	0.009668508287292817	0.030939226519337018	0.014640883977900553	0.0013812154696132596	0.0071823204419889505	0.0	0.019060773480662985	0.0	0.010220994475138122	0.024861878453038673	0.012430939226519336	0.0005524861878453039	0.004419889502762431	0.029005524861878452	0.002486187845303867	0.0022099447513812156	0.0035911602209944752	0.0356353591160221	0.039502762430939226	0.0016574585635359116	0.019889502762430938
0.018508287292817678	0.020441988950276244	0.0027624309392265192	0.011878453038674033	0.04419889502762431	0.020718232044198894	0.0022099447513812156	0.013812154696132596	0.0	0.013535911602209945	0.0	0.008011049723756906	0.04392265193370166	0.05082872928176796	0.002486187845303867	0.03038674033149171	0.02679558011049724	0.02016574585635359	0.0011049723756906078	0.00856353591160221	0.03812154696132597	0.009944751381215469	0.0027624309392265192	0.0066298342541436465	0.01408839779005525	0.004143646408839779	0.0011049723756906078	0.0016574585635359116	0.07348066298342541	0.02955801104972376	0.0033149171270718232	0.01685082872928177	0.023480662983425413	0.012154696132596685	0.0022099447513812156	0.008839779005524863	0.05414364640883978	0.01685082872928177	0.0022099447513812156	0.015193370165745856	0.03342541436464089	0.015193370165745856	0.0022099447513812156	0.010220994475138122	0.030939226519337018	0.01408839779005525	0.0011049723756906078	0.008011049723756906	0.0	0.019337016574585635	0.0	0.009944751381215469	0.025138121546961326	0.013259668508287293	0.00027624309392265195	0.0035911602209944752	0.029005524861878452	0.0027624309392265192	0.0022099447513812156	0.0033149171270718232	0.03784530386740331	0.04005524861878453	0.0016574585635359116	0.019337016574585635
0.017955801104972375	0.019889502762430938	0.0033149171270718232	0.012430939226519336	0.045027624309392264	0.019613259668508288	0.0019337016574585636	0.014364640883977901	0.0	0.013535911602209945	0.0	0.008011049723756906	0.0430939226519337	0.05110497237569061	0.0033149171270718232	0.03011049723756906	0.026519337016574586	0.019613259668508288	0.0013812154696132596	0.009116022099447514	0.03839779005524862	0.010220994475138122	0.0027624309392265192	0.0060773480662983425	0.01408839779005525	0.004143646408839779	0.0008287292817679558	0.0019337016574585636	0.07569060773480663	0.029281767955801105	0.0033149171270718232	0.016574585635359115	0.023480662983425413	0.012154696132596685	0.0022099447513812156	0.008839779005524863	0.05414364640883978	0.017679558011049725	0.002486187845303867	0.01408839779005525	0.03370165745856354	0.015469613259668509	0.0022099447513812156	0.009668508287292817	0.030662983425414365	0.013259668508287293	0.0019337016574585636	0.008287292817679558	0.0	0.019613259668508288	0.0	0.009668508287292817	0.025138121546961326	0.013259668508287293	0.00027624309392265195	0.0035911602209944752	0.029005524861878452	0.0027624309392265192	0.0022099447513812156	0.0033149171270718232	0.03535911602209945	0.04033149171270718	0.002486187845303867	0.019060773480662985
0.017955801104972375	0.02154696132596685	0.0033149171270718232	0.010773480662983425	0.04364640883977901	0.019613259668508288	0.0030386740331491712	0.014640883977900553	0.0	0.014640883977900553	0.0	0.006906077348066298	0.04337016574585635	0.05082872928176796	0.0030386740331491712	0.03038674033149171	0.025966850828729283	0.019613259668508288	0.0019337016574585636	0.009116022099447514	0.03867403314917127	0.009392265193370166	0.0030386740331491712	0.006353591160220995	0.013812154696132596	0.004419889502762431	0.0011049723756906078	0.0016574585635359116	0.07569060773480663	0.02955801104972376	0.0033149171270718232	0.016298342541436465	0.023480662983425413	0.01270718232044199	0.0022099447513812156	0.008287292817679558	0.05414364640883978	0.017955801104972375	0.002486187845303867	0.013812154696132596	0.034806629834254144	0.014917127071823204	0.0016574585635359116	0.009668508287292817	0.030662983425414365	0.01270718232044199	0.0019337016574585636	0.008839779005524863	0.0	0.019613259668508288	0.0	0.009668508287292817	0.02541436464088398	0.012430939226519336	0.00027624309392265195	0.004143646408839779	0.028729281767955802	0.0030386740331491712	0.002486187845303867	0.0030386740331491712	0.0356353591160221	0.04060773480662983	0.0022099447513812156	0.01878453038674033
0.018508287292817678	0.020994475138121547	0.0027624309392265192	0.011325966850828728	0.04392265193370166	0.019613259668508288	0.0022099447513812156	0.015193370165745856	0.0	0.014917127071823204	0.0	0.0066298342541436465	0.04337016574585635	0.05165745856353591	0.0030386740331491712	0.02955801104972376	0.02569060773480663	0.019889502762430938	0.0022099447513812156	0.008839779005524863	0.039502762430939226	0.009392265193370166	0.0019337016574585636	0.0066298342541436465	0.013535911602209945	0.004419889502762431	0.0013812154696132596	0.0016574585635359116	0.07430939226519337	0.029281767955801105	0.0038674033149171273	0.016298342541436465	0.023756906077348067	0.012983425414364641	0.0019337016574585636	0.008011049723756906	0.05414364640883978	0.017679558011049725	0.0030386740331491712	0.013535911602209945	0.03508287292817679	0.015193370165745856	0.0013812154696132596	0.009392265193370166	0.030662983425414365	0.01270718232044199	0.0019337016574585636	0.008839779005524863	0.0	0.019060773480662985	0.0	0.010220994475138122	0.02541436464088398	0.012154696132596685	0.00027624309392265195	0.004419889502762431	0.029005524861878452	0.0033149171270718232	0.0022099447513812156	0.0027624309392265192	0.037016574585635356	0.04060773480662983	0.0019337016574585636	0.01878453038674033
0.018232044198895028	0.020718232044198894	0.0030386740331491712	0.011602209944751382	0.04419889502762431	0.019889502762430938	0.0022099447513812156	0.014640883977900553	0.0	0.014640883977900553	0.0	0.006906077348066298	0.04337016574585635	0.052209944751381215	0.0030386740331491712	0.029005524861878452	0.02569060773480663	0.018508287292817678	0.0022099447513812156	0.010220994475138122	0.039502762430939226	0.008839779005524863	0.0022099447513812156	0.006906077348066298	0.01408839779005525	0.0038674033149171273	0.0011049723756906078	0.0019337016574585636	0.07458563535911603	0.028729281767955802	0.004696132596685083	0.01685082872928177	0.02292817679558011	0.013535911602209945	0.0027624309392265192	0.007458563535911602	0.05386740331491713	0.018232044198895028	0.0035911602209944752	0.01270718232044199	0.03508287292817679	0.01574585635359116	0.0013812154696132596	0.008839779005524863	0.02983425414364641	0.012983425414364641	0.0030386740331491712	0.008287292817679558	0.0	0.019889502762430938	0.0	0.009392265193370166	0.02541436464088398	0.011878453038674033	0.00027624309392265195	0.004696132596685083	0.029005524861878452	0.0035911602209944752	0.0022099447513812156	0.002486187845303867	0.03591160220994475	0.04116022099447514	0.0019337016574585636	0.018232044198895028
0.018232044198895028	0.021270718232044197	0.0030386740331491712	0.011049723756906077	0.04392265193370166	0.020718232044198894	0.0022099447513812156	0.01408839779005525	0.0	0.01408839779005525	0.0	0.007458563535911602	0.04281767955801105	0.05331491712707182	0.0035911602209944752	0.027900552486187846	0.02541436464088398	0.01878453038674033	0.002486187845303867	0.009944751381215469	0.039502762430939226	0.008839779005524863	0.0022099447513812156	0.006906077348066298	0.01408839779005525	0.0038674033149171273	0.0011049723756906078	0.0019337016574585636	0.07596685082872928	0.029005524861878452	0.004143646408839779	0.016298342541436465	0.023204419889502764	0.013259668508287293	0.002486187845303867	0.0077348066298342545	0.05303867403314917	0.019337016574585635	0.004143646408839779	0.011878453038674033	0.03508287292817679	0.015469613259668509	0.0013812154696132596	0.009116022099447514	0.03011049723756906	0.012430939226519336	0.0030386740331491712	0.00856353591160221	0.0	0.019060773480662985	0.0	0.010220994475138122	0.02541436464088398	0.01270718232044199	0.00027624309392265195	0.0038674033149171273	0.029005524861878452	0.0035911602209944752	0.0022099447513812156	0.002486187845303867	0.03508287292817679	0.04116022099447514	0.0022099447513812156	0.018232044198895028
0.018232044198895028	0.020994475138121547	0.0030386740331491712	0.011325966850828728	0.04364640883977901	0.020441988950276244	0.0027624309392265192	0.01408839779005525	0.0	0.01408839779005525	0.0	0.007458563535911602	0.04281767955801105	0.05303867403314917	0.0035911602209944752	0.0281767955801105	0.025966850828729283	0.01878453038674033	0.0019337016574585636	0.009944751381215469	0.039502762430939226	0.00856353591160221	0.0022099447513812156	0.0071823204419889505	0.014364640883977901	0.004143646408839779	0.0008287292817679558	0.0016574585635359116	0.07790055248618785	0.029281767955801105	0.0033149171270718232	0.015469613259668509	0.023204419889502764	0.011878453038674033	0.002486187845303867	0.009116022099447514	0.05414364640883978	0.019613259668508288	0.0030386740331491712	0.011602209944751382	0.034806629834254144	0.015193370165745856	0.0016574585635359116	0.009392265193370166	0.031215469613259668	0.011878453038674033	0.0022099447513812156	0.008839779005524863	0.0	0.019613259668508288	0.0	0.009668508287292817	0.02569060773480663	0.012154696132596685	0.0005524861878453039	0.0038674033149171273	0.029005524861878452	0.0035911602209944752	0.0022099447513812156	0.002486187845303867	0.03370165745856354	0.04116022099447514	0.0030386740331491712	0.018232044198895028
0.018232044198895028	0.020718232044198894	0.0030386740331491712	0.011602209944751382	0.04419889502762431	0.020994475138121547	0.0022099447513812156	0.013535911602209945	0.0	0.013812154696132596	0.0	0.0077348066298342545	0.042541436464088395	0.05386740331491713	0.0038674033149171273	0.027348066298342542	0.025966850828729283	0.019060773480662985	0.0019337016574585636	0.009668508287292817	0.03867403314917127	0.00856353591160221	0.002486187845303867	0.0077348066298342545	0.014364640883977901	0.004419889502762431	0.0008287292817679558	0.0013812154696132596	0.07790055248618785	0.029281767955801105	0.0033149171270718232	0.014917127071823204	0.02292817679558011	0.011602209944751382	0.0027624309392265192	0.009392265193370166	0.05441988950276243	0.019889502762430938	0.0030386740331491712	0.011049723756906077	0.034530386740331494	0.014917127071823204	0.0019337016574585636	0.009668508287292817	0.031215469613259668	0.011878453038674033	0.0022099447513812156	0.008839779005524863	0.0	0.02016574585635359	0.0	0.009116022099447514	0.025966850828729283	0.012154696132596685	0.0005524861878453039	0.0035911602209944752	0.029281767955801105	0.0038674033149171273	0.0019337016574585636	0.0022099447513812156	0.03397790055248619	0.04143646408839779	0.0033149171270718232	0.017955801104972375
0.01878453038674033	0.020994475138121547	0.002486187845303867	0.011325966850828728	0.044475138121546964	0.020441988950276244	0.0022099447513812156	0.013812154696132596	0.0	0.01270718232044199	0.0	0.008839779005524863	0.042541436464088395	0.05359116022099448	0.0038674033149171273	0.027624309392265192	0.026243093922651933	0.02016574585635359	0.0016574585635359116	0.00856353591160221	0.039226519337016576	0.008287292817679558	0.0019337016574585636	0.008011049723756906	0.014364640883977901	0.004419889502762431	0.0005524861878453039	0.0016574585635359116	0.07651933701657458	0.029005524861878452	0.0035911602209944752	0.015469613259668509	0.022651933701657457	0.011878453038674033	0.0030386740331491712	0.009116022099447514	0.054972375690607735	0.019613259668508288	0.0027624309392265192	0.011049723756906077	0.034530386740331494	0.014640883977900553	0.0019337016574585636	0.009944751381215469	0.031215469613259668	0.011602209944751382	0.0022099447513812156	0.009116022099447514	0.0	0.019889502762430938	0.0	0.009392265193370166	0.02569060773480663	0.012154696132596685	0.0008287292817679558	0.0035911602209944752	0.029281767955801105	0.0038674033149171273	0.0019337016574585636	0.0022099447513812156	0.03425414364640884	0.04060773480662983	0.0038674033149171273	0.01878453038674033
0.019060773480662985	0.020718232044198894	0.0022099447513812156	0.011602209944751382	0.044475138121546964	0.020718232044198894	0.0022099447513812156	0.013535911602209945	0.0	0.012983425414364641	0.0	0.00856353591160221	0.04364640883977901	0.05303867403314917	0.0027624309392265192	0.0281767955801105	0.026243093922651933	0.020718232044198894	0.0016574585635359116	0.008011049723756906	0.038950276243093926	0.008287292817679558	0.0022099447513812156	0.008011049723756906	0.014364640883977901	0.004143646408839779	0.0005524861878453039	0.0019337016574585636	0.07486187845303867	0.028729281767955802	0.0033149171270718232	0.016298342541436465	0.022651933701657457	0.012430939226519336	0.0030386740331491712	0.00856353591160221	0.05580110497237569	0.019060773480662985	0.002486187845303867	0.011049723756906077	0.03425414364640884	0.014640883977900553	0.0022099447513812156	0.009944751381215469	0.030939226519337018	0.011878453038674033	0.0022099447513812156	0.009116022099447514	0.0	0.02016574585635359	0.0	0.009116022099447514	0.025966850828729283	0.011602209944751382	0.0008287292817679558	0.0038674033149171273	0.029005524861878452	0.0035911602209944752	0.0022099447513812156	0.002486187845303867	0.0356353591160221	0.04033149171270718	0.0038674033149171273	0.019060773480662985
0.019060773480662985	0.020441988950276244	0.0022099447513812156	0.011878453038674033	0.04419889502762431	0.022651933701657457	0.0019337016574585636	0.012154696132596685	0.0	0.013259668508287293	0.0	0.008287292817679558	0.04337016574585635	0.05331491712707182	0.0030386740331491712	0.027900552486187846	0.026243093922651933	0.020718232044198894	0.0016574585635359116	0.008011049723756906	0.038950276243093926	0.008287292817679558	0.0022099447513812156	0.008011049723756906	0.014364640883977901	0.004143646408839779	0.0005524861878453039	0.0019337016574585636	0.07486187845303867	0.03038674033149171	0.0033149171270718232	0.014917127071823204	0.02292817679558011	0.012430939226519336	0.0027624309392265192	0.00856353591160221	0.0569060773480663	0.01878453038674033	0.0019337016574585636	0.010773480662983425	0.034530386740331494	0.015469613259668509	0.0019337016574585636	0.009116022099447514	0.030939226519337018	0.011602209944751382	0.0022099447513812156	0.009392265193370166	0.0	0.02016574585635359	0.0	0.009116022099447514	0.026243093922651933	0.011325966850828728	0.0005524861878453039	0.004143646408839779	0.029005524861878452	0.0035911602209944752	0.0022099447513812156	0.002486187845303867	0.03535911602209945	0.04005524861878453	0.0038674033149171273	0.019337016574585635
0.019060773480662985	0.019889502762430938	0.0022099447513812156	0.012430939226519336	0.04419889502762431	0.022099447513812154	0.0022099447513812156	0.012430939226519336	0.0	0.012430939226519336	0.0	0.009116022099447514	0.04419889502762431	0.05331491712707182	0.0022099447513812156	0.027900552486187846	0.026243093922651933	0.020441988950276244	0.0016574585635359116	0.008287292817679558	0.039226519337016576	0.008839779005524863	0.0019337016574585636	0.007458563535911602	0.014364640883977901	0.004143646408839779	0.0005524861878453039	0.0019337016574585636	0.07513812154696133	0.03011049723756906	0.0038674033149171273	0.014640883977900553	0.023204419889502764	0.012430939226519336	0.002486187845303867	0.00856353591160221	0.05580110497237569	0.017955801104972375	0.0030386740331491712	0.011602209944751382	0.034530386740331494	0.014640883977900553	0.0019337016574585636	0.009944751381215469	0.031215469613259668	0.012154696132596685	0.0022099447513812156	0.00856353591160221	0.0	0.019889502762430938	0.0	0.009392265193370166	0.025966850828729283	0.011325966850828728	0.0008287292817679558	0.004143646408839779	0.029005524861878452	0.0033149171270718232	0.0022099447513812156	0.0027624309392265192	0.03591160220994475	0.039502762430939226	0.0030386740331491712	0.019889502762430938
0.019060773480662985	0.020441988950276244	0.0022099447513812156	0.011878453038674033	0.045027624309392264	0.020718232044198894	0.002486187845303867	0.01270718232044199	0.0	0.012983425414364641	0.0	0.00856353591160221	0.044475138121546964	0.05441988950276243	0.0019337016574585636	0.02679558011049724	0.026243093922651933	0.019613259668508288	0.0016574585635359116	0.009116022099447514	0.039502762430939226	0.009116022099447514	0.0013812154696132596	0.007458563535911602	0.014364640883977901	0.004143646408839779	0.0005524861878453039	0.0019337016574585636	0.07624309392265194	0.02955801104972376	0.0038674033149171273	0.014917127071823204	0.02292817679558011	0.013259668508287293	0.0027624309392265192	0.0077348066298342545	0.05552486187845304	0.018232044198895028	0.0033149171270718232	0.011325966850828728	0.034806629834254144	0.015193370165745856	0.0013812154696132596	0.009668508287292817	0.031767955801104975	0.012154696132596685	0.0016574585635359116	0.00856353591160221	0.0	0.020718232044198894	0.0	0.00856353591160221	0.02569060773480663	0.011325966850828728	0.0011049723756906078	0.004143646408839779	0.029005524861878452	0.0033149171270718232	0.0022099447513812156	0.0027624309392265192	0.03508287292817679	0.03867403314917127	0.0030386740331491712	0.020718232044198894
0.018508287292817678	0.02016574585635359	0.0027624309392265192	0.012154696132596685	0.04558011049723757	0.02016574585635359	0.0022099447513812156	0.012983425414364641	0.0	0.013259668508287293	0.0	0.008287292817679558	0.04364640883977901	0.05441988950276243	0.0027624309392265192	0.02679558011049724	0.026243093922651933	0.019613259668508288	0.0016574585635359116	0.009116022099447514	0.039502762430939226	0.008839779005524863	0.0013812154696132596	0.0077348066298342545	0.014640883977900553	0.0038674033149171273	0.0005524861878453039	0.0019337016574585636	0.07596685082872928	0.0281767955801105	0.004972375690607734	0.01574585635359116	0.023480662983425413	0.013259668508287293	0.0022099447513812156	0.0077348066298342545	0.05662983425414365	0.017955801104972375	0.0022099447513812156	0.011602209944751382	0.03535911602209945	0.014917127071823204	0.0011049723756906078	0.009668508287292817	0.03287292817679558	0.011325966850828728	0.0013812154696132596	0.00856353591160221	0.0	0.020441988950276244	0.0	0.008839779005524863	0.026243093922651933	0.011049723756906077	0.0011049723756906078	0.0038674033149171273	0.029005524861878452	0.0035911602209944752	0.0022099447513812156	0.002486187845303867	0.03508287292817679	0.03812154696132597	0.0027624309392265192	0.021270718232044197
0.019060773480662985	0.020718232044198894	0.0022099447513812156	0.011602209944751382	0.04585635359116022	0.020441988950276244	0.0013812154696132596	0.013259668508287293	0.0	0.013259668508287293	0.0	0.008287292817679558	0.04392265193370166	0.05303867403314917	0.002486187845303867	0.0281767955801105	0.026243093922651933	0.019889502762430938	0.0016574585635359116	0.008839779005524863	0.038950276243093926	0.009116022099447514	0.0019337016574585636	0.007458563535911602	0.014640883977900553	0.0038674033149171273	0.0005524861878453039	0.0019337016574585636	0.07734806629834254	0.027900552486187846	0.0060773480662983425	0.015469613259668509	0.023480662983425413	0.013535911602209945	0.0022099447513812156	0.007458563535911602	0.05662983425414365	0.017403314917127072	0.0022099447513812156	0.012154696132596685	0.03508287292817679	0.015193370165745856	0.0013812154696132596	0.009392265193370166	0.03314917127071823	0.011325966850828728	0.0013812154696132596	0.008287292817679558	0.0	0.020441988950276244	0.0	0.008839779005524863	0.026243093922651933	0.011325966850828728	0.0011049723756906078	0.0035911602209944752	0.029005524861878452	0.0038674033149171273	0.0022099447513812156	0.0022099447513812156	0.03342541436464089	0.03756906077348066	0.002486187845303867	0.021823204419889504
0.01878453038674033	0.02154696132596685	0.002486187845303867	0.010773480662983425	0.04558011049723757	0.020994475138121547	0.0019337016574585636	0.012430939226519336	0.0	0.013535911602209945	0.0	0.008011049723756906	0.044475138121546964	0.05331491712707182	0.0019337016574585636	0.027900552486187846	0.026519337016574586	0.020441988950276244	0.0013812154696132596	0.008287292817679558	0.039502762430939226	0.008839779005524863	0.0016574585635359116	0.007458563535911602	0.014640883977900553	0.0038674033149171273	0.0005524861878453039	0.0019337016574585636	0.07624309392265194	0.027348066298342542	0.004972375690607734	0.017403314917127072	0.023756906077348067	0.01270718232044199	0.0019337016574585636	0.008287292817679558	0.05662983425414365	0.017955801104972375	0.002486187845303867	0.011325966850828728	0.03508287292817679	0.01574585635359116	0.0013812154696132596	0.008839779005524863	0.03342541436464089	0.011325966850828728	0.0013812154696132596	0.008011049723756906	0.0	0.020718232044198894	0.0	0.00856353591160221	0.026519337016574586	0.011049723756906077	0.0013812154696132596	0.0033149171270718232	0.029281767955801105	0.0038674033149171273	0.0019337016574585636	0.0022099447513812156	0.03425414364640884	0.03729281767955801	0.002486187845303867	0.022099447513812154
0.018508287292817678	0.021270718232044197	0.0027624309392265192	0.011049723756906077	0.04558011049723757	0.021270718232044197	0.0016574585635359116	0.012430939226519336	0.0	0.013259668508287293	0.0	0.008287292817679558	0.04392265193370166	0.05359116022099448	0.002486187845303867	0.027624309392265192	0.02679558011049724	0.019889502762430938	0.0011049723756906078	0.008839779005524863	0.039226519337016576	0.00856353591160221	0.0016574585635359116	0.008011049723756906	0.014640883977900553	0.004419889502762431	0.0005524861878453039	0.0013812154696132596	0.0770718232044199	0.02707182320441989	0.0033149171270718232	0.018232044198895028	0.023756906077348067	0.011878453038674033	0.0019337016574585636	0.009116022099447514	0.056353591160221	0.018232044198895028	0.0027624309392265192	0.011049723756906077	0.034530386740331494	0.016298342541436465	0.0016574585635359116	0.00856353591160221	0.03314917127071823	0.011602209944751382	0.0016574585635359116	0.0077348066298342545	0.0	0.020994475138121547	0.0	0.008287292817679558	0.025966850828729283	0.010220994475138122	0.0019337016574585636	0.004143646408839779	0.029005524861878452	0.004143646408839779	0.0022099447513812156	0.0019337016574585636	0.03425414364640884	0.037016574585635356	0.0027624309392265192	0.022375690607734807
0.01878453038674033	0.020441988950276244	0.002486187845303867	0.011878453038674033	0.04558011049723757	0.02154696132596685	0.0016574585635359116	0.012154696132596685	0.0	0.012430939226519336	0.0	0.009116022099447514	0.044475138121546964	0.05414364640883978	0.0019337016574585636	0.02707182320441989	0.02679558011049724	0.019060773480662985	0.0011049723756906078	0.009668508287292817	0.039502762430939226	0.009116022099447514	0.0013812154696132596	0.007458563535911602	0.014917127071823204	0.004419889502762431	0.0005524861878453039	0.0011049723756906078	0.07624309392265194	0.02707182320441989	0.004419889502762431	0.017679558011049725	0.024033149171270717	0.01270718232044199	0.0016574585635359116	0.008287292817679558	0.056353591160221	0.017955801104972375	0.0027624309392265192	0.011325966850828728	0.0356353591160221	0.016298342541436465	0.0011049723756906078	0.008011049723756906	0.03314917127071823	0.011325966850828728	0.0013812154696132596	0.008287292817679558	0.0	0.020994475138121547	0.0	0.008287292817679558	0.02569060773480663	0.010497237569060774	0.0022099447513812156	0.0038674033149171273	0.029005524861878452	0.004143646408839779	0.0022099447513812156	0.0019337016574585636	0.03535911602209945	0.03618784530386741	0.0019337016574585636	0.023204419889502764
0.017955801104972375	0.020441988950276244	0.0033149171270718232	0.011878453038674033	0.044751381215469614	0.02154696132596685	0.002486187845303867	0.012154696132596685	0.0	0.012983425414364641	0.0	0.00856353591160221	0.044475138121546964	0.05414364640883978	0.0019337016574585636	0.02707182320441989	0.026519337016574586	0.01878453038674033	0.0013812154696132596	0.009944751381215469	0.039779005524861875	0.009116022099447514	0.0013812154696132596	0.0071823204419889505	0.014917127071823204	0.004696132596685083	0.0005524861878453039	0.0008287292817679558	0.07790055248618785	0.027348066298342542	0.0033149171270718232	0.017403314917127072	0.023756906077348067	0.013259668508287293	0.0019337016574585636	0.0077348066298342545	0.05580110497237569	0.019337016574585635	0.0033149171270718232	0.009944751381215469	0.0356353591160221	0.016574585635359115	0.0011049723756906078	0.0077348066298342545	0.03287292817679558	0.011878453038674033	0.0016574585635359116	0.0077348066298342545	0.0	0.020718232044198894	0.0	0.00856353591160221	0.025966850828729283	0.010220994475138122	0.0016574585635359116	0.004419889502762431	0.029281767955801105	0.004143646408839779	0.0019337016574585636	0.0019337016574585636	0.034806629834254144	0.03535911602209945	0.0019337016574585636	0.024033149171270717
0.018232044198895028	0.019337016574585635	0.0030386740331491712	0.012983425414364641	0.044751381215469614	0.022099447513812154	0.0022099447513812156	0.011878453038674033	0.0	0.012430939226519336	0.0	0.009116022099447514	0.04419889502762431	0.054696132596685085	0.0022099447513812156	0.026519337016574586	0.026243093922651933	0.018232044198895028	0.0016574585635359116	0.010497237569060774	0.039779005524861875	0.009392265193370166	0.0013812154696132596	0.006906077348066298	0.014640883977900553	0.004143646408839779	0.0008287292817679558	0.0013812154696132596	0.0781767955801105	0.026519337016574586	0.0038674033149171273	0.017955801104972375	0.023756906077348067	0.012983425414364641	0.0019337016574585636	0.008011049723756906	0.05580110497237569	0.019889502762430938	0.0033149171270718232	0.009392265193370166	0.03591160220994475	0.01574585635359116	0.0011049723756906078	0.008287292817679558	0.03314917127071823	0.011325966850828728	0.0016574585635359116	0.008011049723756906	0.0	0.020441988950276244	0.0	0.008839779005524863	0.02569060773480663	0.010497237569060774	0.0008287292817679558	0.005248618784530387	0.029005524861878452	0.0038674033149171273	0.0022099447513812156	0.0022099447513812156	0.03425414364640884	0.03535911602209945	0.0019337016574585636	0.024033149171270717
0.018508287292817678	0.02016574585635359	0.0027624309392265192	0.012154696132596685	0.044751381215469614	0.021823204419889504	0.002486187845303867	0.011878453038674033	0.0	0.01270718232044199	0.0	0.008839779005524863	0.04419889502762431	0.054696132596685085	0.0022099447513812156	0.026519337016574586	0.026243093922651933	0.018508287292817678	0.0016574585635359116	0.010220994475138122	0.039779005524861875	0.009392265193370166	0.0013812154696132596	0.006906077348066298	0.014917127071823204	0.004143646408839779	0.0005524861878453039	0.0013812154696132596	0.07790055248618785	0.02679558011049724	0.004696132596685083	0.017403314917127072	0.023756906077348067	0.013535911602209945	0.0019337016574585636	0.007458563535911602	0.05607734806629834	0.020441988950276244	0.0030386740331491712	0.008839779005524863	0.0356353591160221	0.016022099447513812	0.0013812154696132596	0.008011049723756906	0.03397790055248619	0.011602209944751382	0.0013812154696132596	0.0071823204419889505	0.0	0.020718232044198894	0.0	0.00856353591160221	0.02569060773480663	0.010773480662983425	0.0011049723756906078	0.004696132596685083	0.028729281767955802	0.004143646408839779	0.002486187845303867	0.0019337016574585636	0.03397790055248619	0.03508287292817679	0.0019337016574585636	0.02430939226519337
0.018232044198895028	0.019889502762430938	0.0030386740331491712	0.012430939226519336	0.044751381215469614	0.021270718232044197	0.0030386740331491712	0.011878453038674033	0.0	0.012983425414364641	0.0	0.00856353591160221	0.04364640883977901	0.052486187845303865	0.0027624309392265192	0.028729281767955802	0.026243093922651933	0.019060773480662985	0.0016574585635359116	0.009668508287292817	0.039226519337016576	0.009392265193370166	0.0019337016574585636	0.006906077348066298	0.014917127071823204	0.0035911602209944752	0.0005524861878453039	0.0019337016574585636	0.07790055248618785	0.027348066298342542	0.0038674033149171273	0.01712707182320442	0.023756906077348067	0.01408839779005525	0.0019337016574585636	0.006906077348066298	0.05607734806629834	0.020718232044198894	0.0030386740331491712	0.00856353591160221	0.0356353591160221	0.01574585635359116	0.0016574585635359116	0.008011049723756906	0.03397790055248619	0.011602209944751382	0.0013812154696132596	0.0071823204419889505	0.0	0.020718232044198894	0.0	0.00856353591160221	0.02569060773480663	0.010497237569060774	0.0011049723756906078	0.004972375690607734	0.02845303867403315	0.004143646408839779	0.0027624309392265192	0.0019337016574585636	0.03397790055248619	0.03508287292817679	0.002486187845303867	0.02430939226519337
0.018232044198895028	0.019889502762430938	0.0030386740331491712	0.012430939226519336	0.044475138121546964	0.02154696132596685	0.0027624309392265192	0.012154696132596685	0.0	0.013535911602209945	0.0	0.008011049723756906	0.04337016574585635	0.05414364640883978	0.0030386740331491712	0.02707182320441989	0.026243093922651933	0.019613259668508288	0.0016574585635359116	0.009116022099447514	0.039502762430939226	0.009668508287292817	0.0013812154696132596	0.006906077348066298	0.014917127071823204	0.0035911602209944752	0.0005524861878453039	0.0019337016574585636	0.0781767955801105	0.027624309392265192	0.0033149171270718232	0.01712707182320442	0.023756906077348067	0.01408839779005525	0.0019337016574585636	0.006906077348066298	0.056353591160221	0.020441988950276244	0.0030386740331491712	0.00856353591160221	0.03591160220994475	0.014917127071823204	0.0016574585635359116	0.00856353591160221	0.03425414364640884	0.010497237569060774	0.0011049723756906078	0.008287292817679558	0.0	0.020441988950276244	0.0	0.008839779005524863	0.025966850828729283	0.010497237569060774	0.0008287292817679558	0.004972375690607734	0.029005524861878452	0.0038674033149171273	0.0022099447513812156	0.0022099447513812156	0.03397790055248619	0.03535911602209945	0.002486187845303867	0.024033149171270717
0.019337016574585635	0.019889502762430938	0.0019337016574585636	0.012430939226519336	0.044751381215469614	0.020441988950276244	0.0027624309392265192	0.012983425414364641	0.0	0.013259668508287293	0.0	0.008287292817679558	0.04364640883977901	0.054972375690607735	0.0027624309392265192	0.026243093922651933	0.025966850828729283	0.02016574585635359	0.0019337016574585636	0.00856353591160221	0.039226519337016576	0.010220994475138122	0.0016574585635359116	0.006353591160220995	0.014640883977900553	0.0035911602209944752	0.0008287292817679558	0.0019337016574585636	0.07679558011049724	0.028729281767955802	0.004419889502762431	0.01574585635359116	0.023756906077348067	0.013812154696132596	0.0019337016574585636	0.0071823204419889505	0.056353591160221	0.02016574585635359	0.0030386740331491712	0.008839779005524863	0.03591160220994475	0.014917127071823204	0.0016574585635359116	0.00856353591160221	0.03425414364640884	0.010497237569060774	0.0011049723756906078	0.008287292817679558	0.0	0.021270718232044197	0.0	0.008011049723756906	0.026519337016574586	0.010497237569060774	0.0005524861878453039	0.004696132596685083	0.029005524861878452	0.0033149171270718232	0.0022099447513812156	0.0027624309392265192	0.03508287292817679	0.034530386740331494	0.0019337016574585636	0.024861878453038673
0.019337016574585635	0.019613259668508288	0.0019337016574585636	0.01270718232044199	0.045303867403314914	0.02016574585635359	0.0027624309392265192	0.01270718232044199	0.0	0.012983425414364641	0.0	0.00856353591160221	0.04364640883977901	0.05331491712707182	0.0027624309392265192	0.027900552486187846	0.02569060773480663	0.020441988950276244	0.0022099447513812156	0.008287292817679558	0.039502762430939226	0.011049723756906077	0.0013812154696132596	0.0055248618784530384	0.01408839779005525	0.0035911602209944752	0.0013812154696132596	0.0019337016574585636	0.07790055248618785	0.027900552486187846	0.0033149171270718232	0.01685082872928177	0.024033149171270717	0.01408839779005525	0.0016574585635359116	0.006906077348066298	0.056353591160221	0.02016574585635359	0.0033149171270718232	0.00856353591160221	0.03591160220994475	0.014364640883977901	0.0019337016574585636	0.008839779005524863	0.03342541436464089	0.010497237569060774	0.0019337016574585636	0.008287292817679558	0.0	0.020994475138121547	0.0	0.008287292817679558	0.025966850828729283	0.010497237569060774	0.0011049723756906078	0.004696132596685083	0.029005524861878452	0.0035911602209944752	0.0022099447513812156	0.002486187845303867	0.03425414364640884	0.03591160220994475	0.002486187845303867	0.023480662983425413
0.019613259668508288	0.019889502762430938	0.0016574585635359116	0.012430939226519336	0.045027624309392264	0.019889502762430938	0.0030386740331491712	0.012983425414364641	0.0	0.01270718232044199	0.0	0.008839779005524863	0.04419889502762431	0.05386740331491713	0.0022099447513812156	0.027348066298342542	0.025966850828729283	0.020994475138121547	0.0019337016574585636	0.0077348066298342545	0.039779005524861875	0.011049723756906077	0.0011049723756906078	0.0055248618784530384	0.01408839779005525	0.0035911602209944752	0.0011049723756906078	0.0022099447513812156	0.07651933701657458	0.02845303867403315	0.0035911602209944752	0.016298342541436465	0.023756906077348067	0.01408839779005525	0.0019337016574585636	0.006906077348066298	0.056353591160221	0.02016574585635359	0.0035911602209944752	0.008287292817679558	0.036464088397790057	0.014917127071823204	0.0016574585635359116	0.008011049723756906	0.03397790055248619	0.009668508287292817	0.0013812154696132596	0.009116022099447514	0.0	0.020994475138121547	0.0	0.008287292817679558	0.02541436464088398	0.011049723756906077	0.0016574585635359116	0.004143646408839779	0.029281767955801105	0.0035911602209944752	0.0019337016574585636	0.002486187845303867	0.0356353591160221	0.036464088397790057	0.0022099447513812156	0.02292817679558011
0.019613259668508288	0.019613259668508288	0.0016574585635359116	0.01270718232044199	0.04558011049723757	0.02016574585635359	0.0022099447513812156	0.012983425414364641	0.0	0.012983425414364641	0.0	0.00856353591160221	0.04337016574585635	0.052486187845303865	0.0030386740331491712	0.028729281767955802	0.02569060773480663	0.02016574585635359	0.0022099447513812156	0.00856353591160221	0.039779005524861875	0.010773480662983425	0.0011049723756906078	0.005801104972375691	0.01408839779005525	0.0033149171270718232	0.0011049723756906078	0.002486187845303867	0.07679558011049724	0.0281767955801105	0.004419889502762431	0.016022099447513812	0.023756906077348067	0.014364640883977901	0.0019337016574585636	0.0066298342541436465	0.05580110497237569	0.019613259668508288	0.004419889502762431	0.00856353591160221	0.03618784530386741	0.014917127071823204	0.0019337016574585636	0.008011049723756906	0.03342541436464089	0.009392265193370166	0.0019337016574585636	0.009392265193370166	0.0	0.020994475138121547	0.0	0.008287292817679558	0.02569060773480663	0.010220994475138122	0.0016574585635359116	0.004696132596685083	0.03038674033149171	0.0035911602209944752	0.0008287292817679558	0.002486187845303867	0.034806629834254144	0.036464088397790057	0.002486187845303867	0.02292817679558011
0.019613259668508288	0.019613259668508288	0.0016574585635359116	0.01270718232044199	0.04668508287292818	0.02154696132596685	0.0013812154696132596	0.011325966850828728	0.0	0.012983425414364641	0.0	0.00856353591160221	0.04364640883977901	0.05359116022099448	0.0027624309392265192	0.027624309392265192	0.025966850828729283	0.019889502762430938	0.0019337016574585636	0.008839779005524863	0.039779005524861875	0.011325966850828728	0.0008287292817679558	0.0055248618784530384	0.01408839779005525	0.0035911602209944752	0.0008287292817679558	0.002486187845303867	0.07624309392265194	0.0281767955801105	0.005248618784530387	0.015469613259668509	0.023204419889502764	0.014364640883977901	0.002486187845303867	0.0066298342541436465	0.05552486187845304	0.02016574585635359	0.004419889502762431	0.008287292817679558	0.03591160220994475	0.015469613259668509	0.0022099447513812156	0.007458563535911602	0.03370165745856354	0.009392265193370166	0.0016574585635359116	0.009392265193370166	0.0	0.02154696132596685	0.0	0.0077348066298342545	0.026243093922651933	0.010497237569060774	0.0008287292817679558	0.004696132596685083	0.03038674033149171	0.0035911602209944752	0.0008287292817679558	0.002486187845303867	0.034806629834254144	0.03756906077348066	0.0027624309392265192	0.021823204419889504
0.019613259668508288	0.019337016574585635	0.0016574585635359116	0.012983425414364641	0.04668508287292818	0.02154696132596685	0.0013812154696132596	0.011325966850828728	0.0	0.013259668508287293	0.0	0.008287292817679558	0.04364640883977901	0.051933701657458566	0.0027624309392265192	0.029281767955801105	0.026243093922651933	0.019889502762430938	0.0016574585635359116	0.008839779005524863	0.039226519337016576	0.011325966850828728	0.0013812154696132596	0.0055248618784530384	0.014364640883977901	0.0035911602209944752	0.0005524861878453039	0.002486187845303867	0.07596685082872928	0.029005524861878452	0.004696132596685083	0.014640883977900553	0.023204419889502764	0.014640883977900553	0.002486187845303867	0.006353591160220995	0.05580110497237569	0.020994475138121547	0.004143646408839779	0.007458563535911602	0.03618784530386741	0.014640883977900553	0.0022099447513812156	0.008011049723756906	0.03342541436464089	0.009392265193370166	0.0019337016574585636	0.009392265193370166	0.0	0.021270718232044197	0.0	0.008011049723756906	0.025966850828729283	0.009944751381215469	0.0011049723756906078	0.005248618784530387	0.03038674033149171	0.0035911602209944752	0.0008287292817679558	0.002486187845303867	0.0356353591160221	0.03618784530386741	0.0027624309392265192	0.023204419889502764
0.02016574585635359	0.019889502762430938	0.0011049723756906078	0.012430939226519336	0.04696132596685083	0.02154696132596685	0.0011049723756906078	0.011325966850828728	0.0	0.013535911602209945	0.0	0.008011049723756906	0.04337016574585635	0.052209944751381215	0.0030386740331491712	0.029005524861878452	0.026519337016574586	0.019060773480662985	0.0013812154696132596	0.009668508287292817	0.039226519337016576	0.011602209944751382	0.0011049723756906078	0.0055248618784530384	0.014364640883977901	0.0035911602209944752	0.0005524861878453039	0.002486187845303867	0.07430939226519337	0.029005524861878452	0.004972375690607734	0.014364640883977901	0.023480662983425413	0.014640883977900553	0.0022099447513812156	0.006353591160220995	0.05580110497237569	0.020441988950276244	0.0035911602209944752	0.00856353591160221	0.036740331491712706	0.01408839779005525	0.0019337016574585636	0.008287292817679558	0.03342541436464089	0.010497237569060774	0.0019337016574585636	0.008287292817679558	0.0	0.02154696132596685	0.0	0.0077348066298342545	0.02569060773480663	0.010497237569060774	0.0013812154696132596	0.004696132596685083	0.03011049723756906	0.0035911602209944752	0.0011049723756906078	0.002486187845303867	0.037016574585635356	0.036464088397790057	0.0030386740331491712	0.02292817679558011
0.02016574585635359	0.020441988950276244	0.0011049723756906078	0.011878453038674033	0.04668508287292818	0.022651933701657457	0.0013812154696132596	0.010220994475138122	0.0	0.013259668508287293	0.0	0.008287292817679558	0.0430939226519337	0.052486187845303865	0.0033149171270718232	0.028729281767955802	0.026519337016574586	0.019337016574585635	0.0013812154696132596	0.009392265193370166	0.038950276243093926	0.011878453038674033	0.0013812154696132596	0.005248618784530387	0.014364640883977901	0.0035911602209944752	0.0005524861878453039	0.002486187845303867	0.07513812154696133	0.029281767955801105	0.004972375690607734	0.013812154696132596	0.023756906077348067	0.014640883977900553	0.0019337016574585636	0.006353591160220995	0.05580110497237569	0.019889502762430938	0.0038674033149171273	0.008839779005524863	0.036740331491712706	0.013812154696132596	0.0019337016574585636	0.00856353591160221	0.03342541436464089	0.010497237569060774	0.0019337016574585636	0.008287292817679558	0.0	0.021823204419889504	0.0	0.007458563535911602	0.025966850828729283	0.010497237569060774	0.0011049723756906078	0.004696132596685083	0.02983425414364641	0.0035911602209944752	0.0013812154696132596	0.002486187845303867	0.03729281767955801	0.036740331491712706	0.0022099447513812156	0.022651933701657457
0.02016574585635359	0.02016574585635359	0.0011049723756906078	0.012154696132596685	0.04696132596685083	0.022651933701657457	0.0013812154696132596	0.009944751381215469	0.0	0.01270718232044199	0.0	0.008839779005524863	0.04364640883977901	0.052209944751381215	0.0027624309392265192	0.029005524861878452	0.02541436464088398	0.018508287292817678	0.002486187845303867	0.010220994475138122	0.039779005524861875	0.011602209944751382	0.0016574585635359116	0.004419889502762431	0.014917127071823204	0.0033149171270718232	0.00027624309392265195	0.002486187845303867	0.07651933701657458	0.02955801104972376	0.005248618784530387	0.013535911602209945	0.023480662983425413	0.014917127071823204	0.0022099447513812156	0.0060773480662983425	0.055248618784530384	0.019889502762430938	0.004143646408839779	0.009116022099447514	0.036464088397790057	0.014364640883977901	0.0016574585635359116	0.00856353591160221	0.03314917127071823	0.011049723756906077	0.0022099447513812156	0.0077348066298342545	0.0	0.022099447513812154	0.0	0.0071823204419889505	0.025966850828729283	0.011602209944751382	0.0011049723756906078	0.0035911602209944752	0.02955801104972376	0.0033149171270718232	0.0016574585635359116	0.0027624309392265192	0.03618784530386741	0.03756906077348066	0.0016574585635359116	0.021823204419889504
0.02016574585635359	0.020441988950276244	0.0011049723756906078	0.011878453038674033	0.04640883977900553	0.023480662983425413	0.0016574585635359116	0.009392265193370166	0.0	0.01270718232044199	0.0	0.008839779005524863	0.04337016574585635	0.052486187845303865	0.0030386740331491712	0.028729281767955802	0.025138121546961326	0.019060773480662985	0.0027624309392265192	0.009668508287292817	0.04005524861878453	0.011325966850828728	0.0013812154696132596	0.004696132596685083	0.014917127071823204	0.0033149171270718232	0.00027624309392265195	0.002486187845303867	0.07679558011049724	0.02955801104972376	0.004419889502762431	0.013812154696132596	0.023756906077348067	0.014917127071823204	0.0019337016574585636	0.0060773480662983425	0.054972375690607735	0.019337016574585635	0.0038674033149171273	0.010220994475138122	0.036464088397790057	0.014364640883977901	0.0016574585635359116	0.00856353591160221	0.03397790055248619	0.011049723756906077	0.0016574585635359116	0.007458563535911602	0.0	0.021823204419889504	0.0	0.007458563535911602	0.02569060773480663	0.011325966850828728	0.0013812154696132596	0.0038674033149171273	0.02983425414364641	0.0033149171270718232	0.0013812154696132596	0.0027624309392265192	0.03591160220994475	0.03784530386740331	0.0022099447513812156	0.02154696132596685
0.02016574585635359	0.020441988950276244	0.0011049723756906078	0.011878453038674033	0.04585635359116022	0.023204419889502764	0.002486187845303867	0.009392265193370166	0.0	0.01270718232044199	0.0	0.008839779005524863	0.04337016574585635	0.05331491712707182	0.0030386740331491712	0.027900552486187846	0.024861878453038673	0.01878453038674033	0.0030386740331491712	0.009944751381215469	0.039502762430939226	0.011602209944751382	0.0016574585635359116	0.004696132596685083	0.014917127071823204	0.0033149171270718232	0.0	0.0027624309392265192	0.07513812154696133	0.029005524861878452	0.004696132596685083	0.01408839779005525	0.023756906077348067	0.014364640883977901	0.0019337016574585636	0.0066298342541436465	0.055248618784530384	0.020441988950276244	0.0035911602209944752	0.009116022099447514	0.036464088397790057	0.014640883977900553	0.0019337016574585636	0.008011049723756906	0.03425414364640884	0.010773480662983425	0.0013812154696132596	0.0077348066298342545	0.0	0.02154696132596685	0.0	0.0077348066298342545	0.02569060773480663	0.011878453038674033	0.0013812154696132596	0.0033149171270718232	0.02983425414364641	0.0033149171270718232	0.0013812154696132596	0.0027624309392265192	0.03756906077348066	0.03839779005524862	0.0022099447513812156	0.020994475138121547
0.02016574585635359	0.020718232044198894	0.0011049723756906078	0.011602209944751382	0.04613259668508287	0.02292817679558011	0.0022099447513812156	0.009668508287292817	0.0	0.01270718232044199	0.0	0.008839779005524863	0.04364640883977901	0.05165745856353591	0.0027624309392265192	0.02955801104972376	0.025138121546961326	0.01878453038674033	0.0027624309392265192	0.009944751381215469	0.039226519337016576	0.011878453038674033	0.0019337016574585636	0.004419889502762431	0.014917127071823204	0.0033149171270718232	0.0	0.0027624309392265192	0.07486187845303867	0.027900552486187846	0.0038674033149171273	0.015193370165745856	0.023756906077348067	0.01408839779005525	0.0019337016574585636	0.006906077348066298	0.05552486187845304	0.020994475138121547	0.0030386740331491712	0.008839779005524863	0.03618784530386741	0.014364640883977901	0.0022099447513812156	0.008287292817679558	0.03397790055248619	0.011049723756906077	0.0013812154696132596	0.0077348066298342545	0.0	0.022651933701657457	0.0	0.0066298342541436465	0.02541436464088398	0.011878453038674033	0.0016574585635359116	0.0033149171270718232	0.029281767955801105	0.0033149171270718232	0.0019337016574585636	0.0027624309392265192	0.03812154696132597	0.03812154696132597	0.0027624309392265192	0.021270718232044197
0.019889502762430938	0.020441988950276244	0.0013812154696132596	0.011878453038674033	0.04613259668508287	0.022375690607734807	0.0022099447513812156	0.010220994475138122	0.0	0.011878453038674033	0.0	0.009668508287292817	0.04364640883977901	0.05138121546961326	0.0027624309392265192	0.02983425414364641	0.02569060773480663	0.019060773480662985	0.0022099447513812156	0.009668508287292817	0.03839779005524862	0.011878453038674033	0.0027624309392265192	0.004419889502762431	0.014917127071823204	0.0033149171270718232	0.0	0.0027624309392265192	0.07099447513812154	0.027348066298342542	0.004143646408839779	0.016298342541436465	0.024033149171270717	0.013535911602209945	0.0016574585635359116	0.007458563535911602	0.054972375690607735	0.02154696132596685	0.0035911602209944752	0.008287292817679558	0.036464088397790057	0.01408839779005525	0.0019337016574585636	0.00856353591160221	0.03425414364640884	0.011049723756906077	0.0013812154696132596	0.007458563535911602	0.0	0.022651933701657457	0.0	0.0066298342541436465	0.025966850828729283	0.011602209944751382	0.0013812154696132596	0.0033149171270718232	0.028729281767955802	0.002486187845303867	0.002486187845303867	0.0035911602209944752	0.04116022099447514	0.03839779005524862	0.0027624309392265192	0.020994475138121547
0.02016574585635359	0.021270718232044197	0.0011049723756906078	0.011049723756906077	0.04668508287292818	0.022375690607734807	0.0019337016574585636	0.009944751381215469	0.0	0.011878453038674033	0.0	0.009668508287292817	0.04392265193370166	0.05082872928176796	0.002486187845303867	0.03038674033149171	0.025966850828729283	0.019613259668508288	0.0019337016574585636	0.009116022099447514	0.03867403314917127	0.011878453038674033	0.0022099447513812156	0.004696132596685083	0.014917127071823204	0.004143646408839779	0.0	0.0019337016574585636	0.07209944751381216	0.027348066298342542	0.004696132596685083	0.016298342541436465	0.024033149171270717	0.012983425414364641	0.0016574585635359116	0.008011049723756906	0.054696132596685085	0.022099447513812154	0.0038674033149171273	0.0077348066298342545	0.036464088397790057	0.013812154696132596	0.0022099447513812156	0.00856353591160221	0.03397790055248619	0.010220994475138122	0.0016574585635359116	0.008287292817679558	0.0	0.022375690607734807	0.0	0.006906077348066298	0.02541436464088398	0.012154696132596685	0.0013812154696132596	0.0033149171270718232	0.02845303867403315	0.0027624309392265192	0.0027624309392265192	0.0033149171270718232	0.039779005524861875	0.03812154696132597	0.002486187845303867	0.021270718232044197
0.02016574585635359	0.020441988950276244	0.0011049723756906078	0.011878453038674033	0.04696132596685083	0.022099447513812154	0.0016574585635359116	0.010220994475138122	0.0	0.011602209944751382	0.0	0.009944751381215469	0.044751381215469614	0.05082872928176796	0.0016574585635359116	0.03038674033149171	0.025966850828729283	0.02016574585635359	0.0019337016574585636	0.00856353591160221	0.03839779005524862	0.011878453038674033	0.0019337016574585636	0.005248618784530387	0.014640883977900553	0.004143646408839779	0.00027624309392265195	0.0019337016574585636	0.0712707182320442	0.02707182320441989	0.004419889502762431	0.016574585635359115	0.024033149171270717	0.012430939226519336	0.0016574585635359116	0.00856353591160221	0.055248618784530384	0.020718232044198894	0.0038674033149171273	0.00856353591160221	0.036740331491712706	0.013812154696132596	0.0016574585635359116	0.008839779005524863	0.03342541436464089	0.009944751381215469	0.002486187845303867	0.008287292817679558	0.0	0.022099447513812154	0.0	0.0071823204419889505	0.02541436464088398	0.012154696132596685	0.0013812154696132596	0.0033149171270718232	0.027348066298342542	0.0030386740331491712	0.0038674033149171273	0.0030386740331491712	0.04033149171270718	0.03839779005524862	0.0030386740331491712	0.020994475138121547
0.020441988950276244	0.02016574585635359	0.0008287292817679558	0.012154696132596685	0.04779005524861878	0.022099447513812154	0.0008287292817679558	0.010220994475138122	0.0	0.012430939226519336	0.0	0.009116022099447514	0.044475138121546964	0.04861878453038674	0.0019337016574585636	0.03259668508287293	0.025966850828729283	0.019337016574585635	0.0019337016574585636	0.009392265193370166	0.03867403314917127	0.011049723756906077	0.0013812154696132596	0.006353591160220995	0.014364640883977901	0.004143646408839779	0.0005524861878453039	0.0019337016574585636	0.0707182320441989	0.027348066298342542	0.004419889502762431	0.016298342541436465	0.024033149171270717	0.01270718232044199	0.0016574585635359116	0.008287292817679558	0.05441988950276243	0.020994475138121547	0.004419889502762431	0.00856353591160221	0.03591160220994475	0.013535911602209945	0.002486187845303867	0.009116022099447514	0.03370165745856354	0.010220994475138122	0.0022099447513812156	0.008011049723756906	0.0	0.021823204419889504	0.0	0.007458563535911602	0.025138121546961326	0.012430939226519336	0.0016574585635359116	0.0030386740331491712	0.027624309392265192	0.0030386740331491712	0.0035911602209944752	0.0030386740331491712	0.04033149171270718	0.03812154696132597	0.0035911602209944752	0.021270718232044197
0.020718232044198894	0.02016574585635359	0.0005524861878453039	0.012154696132596685	0.047237569060773484	0.022375690607734807	0.0016574585635359116	0.009668508287292817	0.0	0.012154696132596685	0.0	0.009392265193370166	0.04364640883977901	0.049447513812154696	0.0027624309392265192	0.031767955801104975	0.026243093922651933	0.02016574585635359	0.0016574585635359116	0.00856353591160221	0.03839779005524862	0.011602209944751382	0.0016574585635359116	0.005801104972375691	0.01408839779005525	0.004143646408839779	0.0008287292817679558	0.0019337016574585636	0.07044198895027624	0.02845303867403315	0.004696132596685083	0.015193370165745856	0.024033149171270717	0.012154696132596685	0.0016574585635359116	0.008839779005524863	0.05386740331491713	0.020441988950276244	0.004696132596685083	0.009392265193370166	0.03618784530386741	0.013535911602209945	0.0022099447513812156	0.009116022099447514	0.03397790055248619	0.010220994475138122	0.0022099447513812156	0.0077348066298342545	0.0	0.022099447513812154	0.0	0.0071823204419889505	0.024861878453038673	0.01270718232044199	0.0016574585635359116	0.0030386740331491712	0.027348066298342542	0.0033149171270718232	0.0038674033149171273	0.0027624309392265192	0.04143646408839779	0.03812154696132597	0.002486187845303867	0.021270718232044197
0.020718232044198894	0.020718232044198894	0.0005524861878453039	0.011602209944751382	0.047237569060773484	0.023204419889502764	0.0016574585635359116	0.008839779005524863	0.0	0.013259668508287293	0.0	0.008287292817679558	0.04419889502762431	0.049723756906077346	0.0022099447513812156	0.03149171270718232	0.02569060773480663	0.019889502762430938	0.0022099447513812156	0.008839779005524863	0.03812154696132597	0.011878453038674033	0.0019337016574585636	0.0055248618784530384	0.01408839779005525	0.004143646408839779	0.0008287292817679558	0.0019337016574585636	0.0712707182320442	0.0281767955801105	0.004696132596685083	0.015193370165745856	0.024033149171270717	0.012430939226519336	0.0016574585635359116	0.00856353591160221	0.05414364640883978	0.02016574585635359	0.004143646408839779	0.009944751381215469	0.036464088397790057	0.013812154696132596	0.0019337016574585636	0.008839779005524863	0.034530386740331494	0.010773480662983425	0.0016574585635359116	0.0071823204419889505	0.0	0.02154696132596685	0.0	0.0077348066298342545	0.025138121546961326	0.01270718232044199	0.0013812154696132596	0.0030386740331491712	0.0281767955801105	0.0030386740331491712	0.0030386740331491712	0.0030386740331491712	0.04060773480662983	0.03839779005524862	0.0027624309392265192	0.020994475138121547
0.020441988950276244	0.020994475138121547	0.0008287292817679558	0.011325966850828728	0.04696132596685083	0.02292817679558011	0.0019337016574585636	0.009116022099447514	0.0	0.01408839779005525	0.0	0.007458563535911602	0.04392265193370166	0.05165745856353591	0.002486187845303867	0.02955801104972376	0.02569060773480663	0.02016574585635359	0.0022099447513812156	0.00856353591160221	0.03729281767955801	0.012154696132596685	0.002486187845303867	0.0055248618784530384	0.013812154696132596	0.004143646408839779	0.0011049723756906078	0.0019337016574585636	0.07237569060773481	0.027348066298342542	0.004972375690607734	0.016298342541436465	0.02430939226519337	0.013535911602209945	0.0013812154696132596	0.007458563535911602	0.055248618784530384	0.019889502762430938	0.0030386740331491712	0.010220994475138122	0.036464088397790057	0.01408839779005525	0.0019337016574585636	0.00856353591160221	0.03425414364640884	0.011049723756906077	0.0019337016574585636	0.006906077348066298	0.0	0.02154696132596685	0.0	0.0077348066298342545	0.025138121546961326	0.012430939226519336	0.0013812154696132596	0.0033149171270718232	0.0281767955801105	0.0030386740331491712	0.0030386740331491712	0.0030386740331491712	0.039226519337016576	0.03867403314917127	0.002486187845303867	0.020718232044198894
0.020441988950276244	0.021270718232044197	0.0008287292817679558	0.011049723756906077	0.04668508287292818	0.022099447513812154	0.002486187845303867	0.009668508287292817	0.0	0.013535911602209945	0.0	0.008011049723756906	0.04419889502762431	0.05165745856353591	0.0022099447513812156	0.02955801104972376	0.02541436464088398	0.019889502762430938	0.002486187845303867	0.008839779005524863	0.03784530386740331	0.011878453038674033	0.002486187845303867	0.005248618784530387	0.013812154696132596	0.004143646408839779	0.0011049723756906078	0.0019337016574585636	0.07513812154696133	0.026243093922651933	0.0035911602209944752	0.017403314917127072	0.024861878453038673	0.013812154696132596	0.0008287292817679558	0.0071823204419889505	0.05386740331491713	0.019889502762430938	0.004419889502762431	0.010220994475138122	0.036464088397790057	0.01408839779005525	0.0019337016574585636	0.00856353591160221	0.03397790055248619	0.011325966850828728	0.0022099447513812156	0.0066298342541436465	0.0	0.020718232044198894	0.0	0.00856353591160221	0.025138121546961326	0.012154696132596685	0.0016574585635359116	0.0033149171270718232	0.02845303867403315	0.0033149171270718232	0.0027624309392265192	0.0027624309392265192	0.037016574585635356	0.03839779005524862	0.0033149171270718232	0.020994475138121547
0.020441988950276244	0.021270718232044197	0.0008287292817679558	0.011049723756906077	0.04640883977900553	0.022375690607734807	0.0027624309392265192	0.009392265193370166	0.0	0.01408839779005525	0.0	0.007458563535911602	0.04392265193370166	0.0505524861878453	0.002486187845303867	0.030662983425414365	0.02541436464088398	0.019337016574585635	0.002486187845303867	0.009392265193370166	0.03812154696132597	0.011602209944751382	0.0016574585635359116	0.0060773480662983425	0.013812154696132596	0.0035911602209944752	0.0011049723756906078	0.002486187845303867	0.07596685082872928	0.025138121546961326	0.0035911602209944752	0.017403314917127072	0.024861878453038673	0.01408839779005525	0.0008287292817679558	0.006906077348066298	0.05414364640883978	0.019613259668508288	0.004419889502762431	0.010220994475138122	0.036740331491712706	0.01408839779005525	0.0016574585635359116	0.00856353591160221	0.03425414364640884	0.010773480662983425	0.0022099447513812156	0.006906077348066298	0.0	0.019889502762430938	0.0	0.009392265193370166	0.025138121546961326	0.011325966850828728	0.0019337016574585636	0.0038674033149171273	0.02845303867403315	0.0035911602209944752	0.0027624309392265192	0.002486187845303867	0.03729281767955801	0.039226519337016576	0.0033149171270718232	0.02016574585635359
0.019889502762430938	0.020994475138121547	0.0013812154696132596	0.011325966850828728	0.04668508287292818	0.022375690607734807	0.002486187845303867	0.009392265193370166	0.0	0.013812154696132596	0.0	0.0077348066298342545	0.04337016574585635	0.051933701657458566	0.0030386740331491712	0.029281767955801105	0.02541436464088398	0.02016574585635359	0.002486187845303867	0.00856353591160221	0.03729281767955801	0.011878453038674033	0.002486187845303867	0.005801104972375691	0.013812154696132596	0.0035911602209944752	0.0011049723756906078	0.002486187845303867	0.07513812154696133	0.02430939226519337	0.0030386740331491712	0.018232044198895028	0.024585635359116023	0.014640883977900553	0.0011049723756906078	0.006353591160220995	0.05414364640883978	0.019337016574585635	0.0038674033149171273	0.011049723756906077	0.036464088397790057	0.014640883977900553	0.0019337016574585636	0.008011049723756906	0.034530386740331494	0.010773480662983425	0.0019337016574585636	0.006906077348066298	0.0	0.019889502762430938	0.0	0.009392265193370166	0.025138121546961326	0.010773480662983425	0.0016574585635359116	0.004696132596685083	0.02845303867403315	0.0033149171270718232	0.0027624309392265192	0.0027624309392265192	0.03867403314917127	0.04005524861878453	0.0033149171270718232	0.019337016574585635
0.019613259668508288	0.020441988950276244	0.0016574585635359116	0.011878453038674033	0.047237569060773484	0.023204419889502764	0.0016574585635359116	0.008839779005524863	0.0	0.01408839779005525	0.0	0.007458563535911602	0.04337016574585635	0.05303867403314917	0.0030386740331491712	0.0281767955801105	0.024861878453038673	0.02016574585635359	0.0030386740331491712	0.00856353591160221	0.03729281767955801	0.012154696132596685	0.0022099447513812156	0.005801104972375691	0.013812154696132596	0.0038674033149171273	0.0011049723756906078	0.0022099447513812156	0.0776243093922652	0.02430939226519337	0.0022099447513812156	0.017955801104972375	0.024585635359116023	0.014640883977900553	0.0011049723756906078	0.006353591160220995	0.05441988950276243	0.02016574585635359	0.0038674033149171273	0.009944751381215469	0.037016574585635356	0.014917127071823204	0.0016574585635359116	0.007458563535911602	0.034806629834254144	0.010220994475138122	0.0016574585635359116	0.007458563535911602	0.0	0.019889502762430938	0.0	0.009392265193370166	0.02569060773480663	0.011325966850828728	0.0013812154696132596	0.0038674033149171273	0.028729281767955802	0.0030386740331491712	0.002486187845303867	0.0030386740331491712	0.03756906077348066	0.04033149171270718	0.0030386740331491712	0.019060773480662985
0.019337016574585635	0.020994475138121547	0.0019337016574585636	0.011325966850828728	0.047237569060773484	0.022651933701657457	0.0016574585635359116	0.009392265193370166	0.0	0.013812154696132596	0.0	0.0077348066298342545	0.04364640883977901	0.05331491712707182	0.0027624309392265192	0.027900552486187846	0.025138121546961326	0.02016574585635359	0.0027624309392265192	0.00856353591160221	0.03729281767955801	0.012430939226519336	0.0016574585635359116	0.0060773480662983425	0.013812154696132596	0.0038674033149171273	0.0011049723756906078	0.0022099447513812156	0.0770718232044199	0.02541436464088398	0.0019337016574585636	0.01685082872928177	0.024861878453038673	0.014917127071823204	0.0008287292817679558	0.0060773480662983425	0.054972375690607735	0.020441988950276244	0.0033149171270718232	0.009668508287292817	0.036464088397790057	0.015193370165745856	0.0019337016574585636	0.007458563535911602	0.03508287292817679	0.010497237569060774	0.0016574585635359116	0.006906077348066298	0.0	0.019613259668508288	0.0	0.009668508287292817	0.02569060773480663	0.010497237569060774	0.0016574585635359116	0.004419889502762431	0.028729281767955802	0.0038674033149171273	0.002486187845303867	0.0022099447513812156	0.039226519337016576	0.04005524861878453	0.0022099447513812156	0.019337016574585635
0.018508287292817678	0.021823204419889504	0.0027624309392265192	0.010497237569060774	0.04668508287292818	0.022651933701657457	0.0019337016574585636	0.009668508287292817	0.0	0.01408839779005525	0.0	0.007458563535911602	0.044475138121546964	0.05331491712707182	0.0019337016574585636	0.027900552486187846	0.02541436464088398	0.019613259668508288	0.002486187845303867	0.009116022099447514	0.03729281767955801	0.01270718232044199	0.0016574585635359116	0.005801104972375691	0.01408839779005525	0.0038674033149171273	0.0008287292817679558	0.0022099447513812156	0.07900552486187845	0.026519337016574586	0.0019337016574585636	0.015469613259668509	0.025138121546961326	0.01408839779005525	0.0005524861878453039	0.006906077348066298	0.054696132596685085	0.020718232044198894	0.0033149171270718232	0.009668508287292817	0.036740331491712706	0.014917127071823204	0.0016574585635359116	0.0077348066298342545	0.03508287292817679	0.010220994475138122	0.0016574585635359116	0.0071823204419889505	0.0	0.019337016574585635	0.0	0.009944751381215469	0.025966850828729283	0.010773480662983425	0.0013812154696132596	0.004143646408839779	0.028729281767955802	0.0038674033149171273	0.002486187845303867	0.0022099447513812156	0.03729281767955801	0.04033149171270718	0.002486187845303867	0.019060773480662985
0.01878453038674033	0.021823204419889504	0.002486187845303867	0.010497237569060774	0.04585635359116022	0.022651933701657457	0.0027624309392265192	0.009668508287292817	0.0	0.013812154696132596	0.0	0.0077348066298342545	0.044475138121546964	0.05386740331491713	0.0019337016574585636	0.027348066298342542	0.025138121546961326	0.019613259668508288	0.0027624309392265192	0.009116022099447514	0.037016574585635356	0.012154696132596685	0.0022099447513812156	0.0060773480662983425	0.01408839779005525	0.0038674033149171273	0.0008287292817679558	0.0022099447513812156	0.07928176795580111	0.02679558011049724	0.0019337016574585636	0.015193370165745856	0.025138121546961326	0.013812154696132596	0.0005524861878453039	0.0071823204419889505	0.054972375690607735	0.019889502762430938	0.0030386740331491712	0.010497237569060774	0.036740331491712706	0.014917127071823204	0.0019337016574585636	0.007458563535911602	0.03535911602209945	0.010220994475138122	0.0011049723756906078	0.007458563535911602	0.0	0.019337016574585635	0.0	0.009944751381215469	0.026519337016574586	0.011049723756906077	0.0008287292817679558	0.0038674033149171273	0.028729281767955802	0.0035911602209944752	0.002486187845303867	0.002486187845303867	0.036740331491712706	0.04088397790055249	0.0027624309392265192	0.018508287292817678
0.019060773480662985	0.02154696132596685	0.0022099447513812156	0.010773480662983425	0.04640883977900553	0.022099447513812154	0.0022099447513812156	0.010220994475138122	0.0	0.01408839779005525	0.0	0.007458563535911602	0.044751381215469614	0.05331491712707182	0.0016574585635359116	0.027900552486187846	0.025138121546961326	0.019337016574585635	0.0027624309392265192	0.009392265193370166	0.03784530386740331	0.012154696132596685	0.0011049723756906078	0.006353591160220995	0.01408839779005525	0.0038674033149171273	0.0008287292817679558	0.0022099447513812156	0.07983425414364641	0.02569060773480663	0.002486187845303867	0.01574585635359116	0.025138121546961326	0.01408839779005525	0.0005524861878453039	0.006906077348066298	0.054972375690607735	0.019337016574585635	0.0035911602209944752	0.010497237569060774	0.036740331491712706	0.014640883977900553	0.0019337016574585636	0.0077348066298342545	0.03535911602209945	0.009944751381215469	0.0013812154696132596	0.007458563535911602	0.0	0.02016574585635359	0.0	0.009116022099447514	0.026243093922651933	0.010497237569060774	0.0008287292817679558	0.004696132596685083	0.029281767955801105	0.0035911602209944752	0.0019337016574585636	0.002486187845303867	0.036464088397790057	0.04060773480662983	0.002486187845303867	0.01878453038674033
0.019060773480662985	0.021270718232044197	0.0022099447513812156	0.011049723756906077	0.04640883977900553	0.022099447513812154	0.0022099447513812156	0.010220994475138122	0.0	0.015193370165745856	0.0	0.006353591160220995	0.044475138121546964	0.052486187845303865	0.0019337016574585636	0.028729281767955802	0.02541436464088398	0.019337016574585635	0.002486187845303867	0.009392265193370166	0.03784530386740331	0.011602209944751382	0.0016574585635359116	0.006353591160220995	0.013812154696132596	0.0038674033149171273	0.0008287292817679558	0.002486187845303867	0.08066298342541436	0.025966850828729283	0.0022099447513812156	0.015193370165745856	0.024861878453038673	0.013535911602209945	0.0008287292817679558	0.007458563535911602	0.055248618784530384	0.019889502762430938	0.0033149171270718232	0.009944751381215469	0.03618784530386741	0.01574585635359116	0.0022099447513812156	0.006906077348066298	0.034806629834254144	0.010497237569060774	0.0022099447513812156	0.0066298342541436465	0.0	0.019613259668508288	0.0	0.009668508287292817	0.02541436464088398	0.010773480662983425	0.0016574585635359116	0.004419889502762431	0.029281767955801105	0.0035911602209944752	0.0019337016574585636	0.002486187845303867	0.03591160220994475	0.039502762430939226	0.0027624309392265192	0.019889502762430938
0.018508287292817678	0.020994475138121547	0.0027624309392265192	0.011325966850828728	0.04640883977900553	0.021823204419889504	0.0027624309392265192	0.009944751381215469	0.0	0.014917127071823204	0.0	0.0066298342541436465	0.04419889502762431	0.05138121546961326	0.0022099447513812156	0.02983425414364641	0.024861878453038673	0.02016574585635359	0.0030386740331491712	0.00856353591160221	0.03784530386740331	0.011325966850828728	0.0019337016574585636	0.006353591160220995	0.01408839779005525	0.0035911602209944752	0.0005524861878453039	0.0027624309392265192	0.08093922651933702	0.026243093922651933	0.002486187845303867	0.014917127071823204	0.024861878453038673	0.012983425414364641	0.0008287292817679558	0.008011049723756906	0.05580110497237569	0.019889502762430938	0.0027624309392265192	0.009944751381215469	0.036464088397790057	0.015193370165745856	0.0022099447513812156	0.0071823204419889505	0.03535911602209945	0.009668508287292817	0.0019337016574585636	0.0071823204419889505	0.0	0.019337016574585635	0.0	0.009944751381215469	0.025138121546961326	0.010497237569060774	0.0019337016574585636	0.004696132596685083	0.029005524861878452	0.0038674033149171273	0.0022099447513812156	0.0022099447513812156	0.03535911602209945	0.04060773480662983	0.0027624309392265192	0.01878453038674033
0.01878453038674033	0.020441988950276244	0.002486187845303867	0.011878453038674033	0.04613259668508287	0.022099447513812154	0.0027624309392265192	0.009944751381215469	0.0	0.014640883977900553	0.0	0.006906077348066298	0.04392265193370166	0.05138121546961326	0.002486187845303867	0.02983425414364641	0.024585635359116023	0.02016574585635359	0.0033149171270718232	0.00856353591160221	0.03812154696132597	0.011049723756906077	0.0016574585635359116	0.0066298342541436465	0.013535911602209945	0.0035911602209944752	0.0011049723756906078	0.0027624309392265192	0.08011049723756906	0.026243093922651933	0.0030386740331491712	0.014917127071823204	0.024861878453038673	0.012430939226519336	0.0008287292817679558	0.00856353591160221	0.056353591160221	0.019060773480662985	0.002486187845303867	0.010497237569060774	0.03618784530386741	0.014917127071823204	0.0022099447513812156	0.0077348066298342545	0.034530386740331494	0.010497237569060774	0.0022099447513812156	0.006906077348066298	0.0	0.019337016574585635	0.0	0.009944751381215469	0.02541436464088398	0.010497237569060774	0.0016574585635359116	0.004696132596685083	0.028729281767955802	0.004143646408839779	0.002486187845303867	0.0019337016574585636	0.03591160220994475	0.04088397790055249	0.002486187845303867	0.018508287292817678
0.01878453038674033	0.020441988950276244	0.002486187845303867	0.011878453038674033	0.04640883977900553	0.020718232044198894	0.0030386740331491712	0.010773480662983425	0.0	0.015193370165745856	0.0	0.006353591160220995	0.04392265193370166	0.05138121546961326	0.002486187845303867	0.02983425414364641	0.024861878453038673	0.020718232044198894	0.0030386740331491712	0.008011049723756906	0.03812154696132597	0.011049723756906077	0.0016574585635359116	0.0066298342541436465	0.013535911602209945	0.0035911602209944752	0.0011049723756906078	0.0027624309392265192	0.08011049723756906	0.02679558011049724	0.004143646408839779	0.01408839779005525	0.024585635359116023	0.012983425414364641	0.0011049723756906078	0.008011049723756906	0.05662983425414365	0.017679558011049725	0.0022099447513812156	0.011878453038674033	0.03618784530386741	0.014640883977900553	0.0019337016574585636	0.008287292817679558	0.0356353591160221	0.011049723756906077	0.0011049723756906078	0.006353591160220995	0.0	0.019337016574585635	0.0	0.009944751381215469	0.02569060773480663	0.009944751381215469	0.0016574585635359116	0.004972375690607734	0.028729281767955802	0.004143646408839779	0.002486187845303867	0.0019337016574585636	0.034806629834254144	0.04143646408839779	0.0027624309392265192	0.017955801104972375
0.019337016574585635	0.020441988950276244	0.0019337016574585636	0.011878453038674033	0.04696132596685083	0.021823204419889504	0.002486187845303867	0.009668508287292817	0.0	0.01574585635359116	0.0	0.005801104972375691	0.04364640883977901	0.05276243093922652	0.0027624309392265192	0.02845303867403315	0.025138121546961326	0.020441988950276244	0.0027624309392265192	0.008287292817679558	0.03756906077348066	0.011049723756906077	0.0022099447513812156	0.0066298342541436465	0.013259668508287293	0.0033149171270718232	0.0013812154696132596	0.0030386740331491712	0.08066298342541436	0.025966850828729283	0.004696132596685083	0.014364640883977901	0.024861878453038673	0.012430939226519336	0.0008287292817679558	0.00856353591160221	0.056353591160221	0.01878453038674033	0.0027624309392265192	0.010497237569060774	0.03591160220994475	0.014640883977900553	0.0022099447513812156	0.008287292817679558	0.03535911602209945	0.010497237569060774	0.0013812154696132596	0.006906077348066298	0.0	0.019613259668508288	0.0	0.009668508287292817	0.026243093922651933	0.009944751381215469	0.0011049723756906078	0.004972375690607734	0.028729281767955802	0.004143646408839779	0.002486187845303867	0.0019337016574585636	0.03508287292817679	0.04143646408839779	0.0019337016574585636	0.017955801104972375
0.019613259668508288	0.02016574585635359	0.0016574585635359116	0.012154696132596685	0.04696132596685083	0.021270718232044197	0.0030386740331491712	0.009668508287292817	0.0	0.015469613259668509	0.0	0.0060773480662983425	0.04337016574585635	0.054696132596685085	0.0030386740331491712	0.026519337016574586	0.025138121546961326	0.02016574585635359	0.0027624309392265192	0.00856353591160221	0.03756906077348066	0.010497237569060774	0.0022099447513812156	0.0071823204419889505	0.013535911602209945	0.0033149171270718232	0.0011049723756906078	0.0030386740331491712	0.07928176795580111	0.026243093922651933	0.004143646408839779	0.013812154696132596	0.024861878453038673	0.01270718232044199	0.0008287292817679558	0.008287292817679558	0.05662983425414365	0.018232044198895028	0.0027624309392265192	0.010773480662983425	0.03618784530386741	0.014364640883977901	0.0022099447513812156	0.008287292817679558	0.0356353591160221	0.011325966850828728	0.0008287292817679558	0.006353591160220995	0.0	0.019613259668508288	0.0	0.009668508287292817	0.026519337016574586	0.010220994475138122	0.0008287292817679558	0.004696132596685083	0.02845303867403315	0.004143646408839779	0.0027624309392265192	0.0019337016574585636	0.036740331491712706	0.041988950276243095	0.002486187845303867	0.017403314917127072
0.019337016574585635	0.02016574585635359	0.0019337016574585636	0.012154696132596685	0.04751381215469613	0.020441988950276244	0.0027624309392265192	0.010220994475138122	0.0	0.015469613259668509	0.0	0.0060773480662983425	0.0430939226519337	0.05386740331491713	0.0033149171270718232	0.027348066298342542	0.024861878453038673	0.019889502762430938	0.0030386740331491712	0.008839779005524863	0.03756906077348066	0.009944751381215469	0.0019337016574585636	0.008011049723756906	0.013259668508287293	0.0035911602209944752	0.0013812154696132596	0.0027624309392265192	0.07790055248618785	0.026243093922651933	0.0033149171270718232	0.014640883977900553	0.024861878453038673	0.013259668508287293	0.0008287292817679558	0.0077348066298342545	0.05607734806629834	0.01878453038674033	0.002486187845303867	0.011049723756906077	0.03618784530386741	0.014640883977900553	0.0019337016574585636	0.008287292817679558	0.03535911602209945	0.011602209944751382	0.0011049723756906078	0.0060773480662983425	0.0	0.019889502762430938	0.0	0.009392265193370166	0.026519337016574586	0.009944751381215469	0.0008287292817679558	0.004972375690607734	0.02845303867403315	0.004143646408839779	0.0027624309392265192	0.0019337016574585636	0.03784530386740331	0.041712707182320445	0.0027624309392265192	0.017679558011049725
0.019060773480662985	0.020718232044198894	0.0022099447513812156	0.011602209944751382	0.047237569060773484	0.019613259668508288	0.0033149171270718232	0.010773480662983425	0.0	0.015193370165745856	0.0	0.006353591160220995	0.04337016574585635	0.05414364640883978	0.0030386740331491712	0.02707182320441989	0.024861878453038673	0.01878453038674033	0.0030386740331491712	0.009944751381215469	0.03812154696132597	0.009392265193370166	0.0013812154696132596	0.00856353591160221	0.013259668508287293	0.0035911602209944752	0.0013812154696132596	0.0027624309392265192	0.0776243093922652	0.02679558011049724	0.0038674033149171273	0.01408839779005525	0.024861878453038673	0.014364640883977901	0.0008287292817679558	0.0066298342541436465	0.056353591160221	0.018508287292817678	0.0022099447513812156	0.011325966850828728	0.0356353591160221	0.014640883977900553	0.0022099447513812156	0.00856353591160221	0.03535911602209945	0.011602209944751382	0.0011049723756906078	0.0060773480662983425	0.0	0.019889502762430938	0.0	0.009392265193370166	0.026519337016574586	0.009392265193370166	0.0008287292817679558	0.0055248618784530384	0.02845303867403315	0.004143646408839779	0.0027624309392265192	0.0019337016574585636	0.03784530386740331	0.041712707182320445	0.002486187845303867	0.017679558011049725
0.019060773480662985	0.021270718232044197	0.0022099447513812156	0.011049723756906077	0.04696132596685083	0.019613259668508288	0.0033149171270718232	0.011049723756906077	0.0	0.015469613259668509	0.0	0.0060773480662983425	0.04392265193370166	0.05331491712707182	0.002486187845303867	0.027900552486187846	0.024861878453038673	0.01878453038674033	0.0030386740331491712	0.009944751381215469	0.03784530386740331	0.009116022099447514	0.0016574585635359116	0.008839779005524863	0.013259668508287293	0.0035911602209944752	0.0013812154696132596	0.0027624309392265192	0.07790055248618785	0.025966850828729283	0.004419889502762431	0.014917127071823204	0.024861878453038673	0.014364640883977901	0.0008287292817679558	0.0066298342541436465	0.056353591160221	0.01878453038674033	0.0019337016574585636	0.011325966850828728	0.0356353591160221	0.014640883977900553	0.002486187845303867	0.008287292817679558	0.03508287292817679	0.010773480662983425	0.0016574585635359116	0.0066298342541436465	0.0	0.019337016574585635	0.0	0.009944751381215469	0.026243093922651933	0.009944751381215469	0.0008287292817679558	0.005248618784530387	0.02845303867403315	0.004143646408839779	0.0027624309392265192	0.0019337016574585636	0.037016574585635356	0.041712707182320445	0.002486187845303867	0.017679558011049725
0.019060773480662985	0.020441988950276244	0.0022099447513812156	0.011878453038674033	0.04779005524861878	0.019337016574585635	0.0030386740331491712	0.010773480662983425	0.0	0.015193370165745856	0.0	0.006353591160220995	0.04337016574585635	0.05441988950276243	0.0030386740331491712	0.02679558011049724	0.02541436464088398	0.018232044198895028	0.002486187845303867	0.010497237569060774	0.03756906077348066	0.010220994475138122	0.0019337016574585636	0.0077348066298342545	0.012983425414364641	0.0035911602209944752	0.0013812154696132596	0.0030386740331491712	0.0776243093922652	0.02541436464088398	0.004419889502762431	0.01574585635359116	0.024861878453038673	0.013812154696132596	0.0008287292817679558	0.0071823204419889505	0.056353591160221	0.019889502762430938	0.0016574585635359116	0.010497237569060774	0.0356353591160221	0.014364640883977901	0.002486187845303867	0.00856353591160221	0.034806629834254144	0.010497237569060774	0.0019337016574585636	0.006906077348066298	0.0	0.019613259668508288	0.0	0.009668508287292817	0.026243093922651933	0.009944751381215469	0.0008287292817679558	0.005248618784530387	0.0281767955801105	0.0038674033149171273	0.0030386740331491712	0.0022099447513812156	0.037016574585635356	0.041712707182320445	0.002486187845303867	0.017679558011049725
0.019060773480662985	0.020994475138121547	0.0022099447513812156	0.011325966850828728	0.04751381215469613	0.01878453038674033	0.0030386740331491712	0.011602209944751382	0.0	0.01574585635359116	0.0	0.005801104972375691	0.04419889502762431	0.05359116022099448	0.0022099447513812156	0.027624309392265192	0.02541436464088398	0.01878453038674033	0.002486187845303867	0.009944751381215469	0.03812154696132597	0.011049723756906077	0.0013812154696132596	0.006906077348066298	0.01270718232044199	0.0035911602209944752	0.0016574585635359116	0.0030386740331491712	0.0787292817679558	0.026519337016574586	0.004143646408839779	0.014364640883977901	0.024585635359116023	0.01408839779005525	0.0011049723756906078	0.006906077348066298	0.056353591160221	0.019889502762430938	0.0019337016574585636	0.010220994475138122	0.036464088397790057	0.013812154696132596	0.0022099447513812156	0.00856353591160221	0.034530386740331494	0.010497237569060774	0.0022099447513812156	0.006906077348066298	0.0	0.020441988950276244	0.0	0.008839779005524863	0.026243093922651933	0.009944751381215469	0.0008287292817679558	0.005248618784530387	0.02845303867403315	0.0038674033149171273	0.0027624309392265192	0.0022099447513812156	0.037016574585635356	0.04116022099447514	0.0019337016574585636	0.018232044198895028
0.019060773480662985	0.020718232044198894	0.0022099447513812156	0.011602209944751382	0.047237569060773484	0.018508287292817678	0.0033149171270718232	0.011878453038674033	0.0	0.01574585635359116	0.0	0.005801104972375691	0.04392265193370166	0.05359116022099448	0.002486187845303867	0.027624309392265192	0.025966850828729283	0.019889502762430938	0.0019337016574585636	0.008839779005524863	0.03839779005524862	0.010497237569060774	0.0008287292817679558	0.0077348066298342545	0.012430939226519336	0.0035911602209944752	0.0016574585635359116	0.0033149171270718232	0.07790055248618785	0.026243093922651933	0.004143646408839779	0.014917127071823204	0.024861878453038673	0.013812154696132596	0.0008287292817679558	0.0071823204419889505	0.056353591160221	0.019337016574585635	0.0022099447513812156	0.010497237569060774	0.03784530386740331	0.012983425414364641	0.0013812154696132596	0.008839779005524863	0.034530386740331494	0.009944751381215469	0.0022099447513812156	0.007458563535911602	0.0	0.02016574585635359	0.0	0.009116022099447514	0.026519337016574586	0.009392265193370166	0.0008287292817679558	0.0055248618784530384	0.028729281767955802	0.0035911602209944752	0.002486187845303867	0.002486187845303867	0.03784530386740331	0.04005524861878453	0.0016574585635359116	0.019337016574585635
0.02016574585635359	0.020718232044198894	0.0011049723756906078	0.011602209944751382	0.04751381215469613	0.018232044198895028	0.0030386740331491712	0.012154696132596685	0.0	0.01574585635359116	0.0	0.005801104972375691	0.04392265193370166	0.05303867403314917	0.002486187845303867	0.0281767955801105	0.025966850828729283	0.02016574585635359	0.0019337016574585636	0.00856353591160221	0.03784530386740331	0.010497237569060774	0.0013812154696132596	0.0077348066298342545	0.012983425414364641	0.0038674033149171273	0.0008287292817679558	0.0033149171270718232	0.0787292817679558	0.02707182320441989	0.004419889502762431	0.013535911602209945	0.024585635359116023	0.013259668508287293	0.0011049723756906078	0.0077348066298342545	0.05607734806629834	0.01878453038674033	0.002486187845303867	0.011049723756906077	0.03756906077348066	0.012983425414364641	0.0013812154696132596	0.009116022099447514	0.03425414364640884	0.009668508287292817	0.002486187845303867	0.0077348066298342545	0.0	0.020718232044198894	0.0	0.00856353591160221	0.026519337016574586	0.009944751381215469	0.0008287292817679558	0.004972375690607734	0.029005524861878452	0.0035911602209944752	0.0022099447513812156	0.002486187845303867	0.03756906077348066	0.04060773480662983	0.0013812154696132596	0.01878453038674033
0.019889502762430938	0.021270718232044197	0.0013812154696132596	0.011049723756906077	0.04806629834254143	0.017955801104972375	0.0027624309392265192	0.012154696132596685	0.0	0.015193370165745856	0.0	0.006353591160220995	0.044751381215469614	0.05386740331491713	0.0016574585635359116	0.027348066298342542	0.02541436464088398	0.02016574585635359	0.002486187845303867	0.00856353591160221	0.03729281767955801	0.010497237569060774	0.0019337016574585636	0.0077348066298342545	0.012983425414364641	0.0038674033149171273	0.0008287292817679558	0.0033149171270718232	0.07679558011049724	0.02707182320441989	0.004143646408839779	0.013812154696132596	0.02430939226519337	0.01408839779005525	0.0013812154696132596	0.006906077348066298	0.05607734806629834	0.018508287292817678	0.0033149171270718232	0.010497237569060774	0.03784530386740331	0.012983425414364641	0.0013812154696132596	0.008839779005524863	0.03425414364640884	0.009116022099447514	0.0027624309392265192	0.008011049723756906	0.0	0.019889502762430938	0.0	0.009392265193370166	0.02679558011049724	0.009944751381215469	0.0005524861878453039	0.004972375690607734	0.028729281767955802	0.0035911602209944752	0.002486187845303867	0.002486187845303867	0.038950276243093926	0.04116022099447514	0.0019337016574585636	0.018232044198895028
0.02016574585635359	0.02154696132596685	0.0011049723756906078	0.010773480662983425	0.04806629834254143	0.018232044198895028	0.0033149171270718232	0.011325966850828728	0.0	0.014917127071823204	0.0	0.0066298342541436465	0.044475138121546964	0.05441988950276243	0.0019337016574585636	0.02679558011049724	0.02541436464088398	0.019613259668508288	0.002486187845303867	0.009116022099447514	0.037016574585635356	0.010220994475138122	0.0022099447513812156	0.008011049723756906	0.013259668508287293	0.004419889502762431	0.00027624309392265195	0.0030386740331491712	0.07679558011049724	0.02679558011049724	0.0038674033149171273	0.01408839779005525	0.024585635359116023	0.013259668508287293	0.0011049723756906078	0.0077348066298342545	0.05662983425414365	0.018232044198895028	0.0022099447513812156	0.011325966850828728	0.03756906077348066	0.012983425414364641	0.0016574585635359116	0.008839779005524863	0.03397790055248619	0.009668508287292817	0.0027624309392265192	0.0077348066298342545	0.0	0.019889502762430938	0.0	0.009392265193370166	0.026519337016574586	0.010220994475138122	0.0008287292817679558	0.004696132596685083	0.02845303867403315	0.0035911602209944752	0.0027624309392265192	0.002486187845303867	0.039502762430939226	0.04116022099447514	0.0016574585635359116	0.018232044198895028
0.02016574585635359	0.022375690607734807	0.0011049723756906078	0.009944751381215469	0.04779005524861878	0.019060773480662985	0.0035911602209944752	0.010497237569060774	0.0	0.014640883977900553	0.0	0.006906077348066298	0.04392265193370166	0.055248618784530384	0.002486187845303867	0.025966850828729283	0.02569060773480663	0.019889502762430938	0.0022099447513812156	0.008839779005524863	0.036464088397790057	0.010497237569060774	0.0030386740331491712	0.007458563535911602	0.013535911602209945	0.004419889502762431	0.00027624309392265195	0.0027624309392265192	0.07596685082872928	0.025966850828729283	0.004419889502762431	0.014917127071823204	0.024585635359116023	0.013812154696132596	0.0011049723756906078	0.0071823204419889505	0.056353591160221	0.018232044198895028	0.002486187845303867	0.011325966850828728	0.03729281767955801	0.012983425414364641	0.0019337016574585636	0.008839779005524863	0.03425414364640884	0.009668508287292817	0.002486187845303867	0.0077348066298342545	0.0	0.019337016574585635	0.0	0.009944751381215469	0.026519337016574586	0.009944751381215469	0.0008287292817679558	0.004972375690607734	0.0281767955801105	0.0035911602209944752	0.0030386740331491712	0.002486187845303867	0.038950276243093926	0.04116022099447514	0.002486187845303867	0.018232044198895028
0.019889502762430938	0.022099447513812154	0.0013812154696132596	0.010220994475138122	0.04751381215469613	0.018232044198895028	0.004143646408839779	0.011049723756906077	0.0	0.014364640883977901	0.0	0.0071823204419889505	0.04364640883977901	0.05386740331491713	0.0027624309392265192	0.027348066298342542	0.02569060773480663	0.02016574585635359	0.0022099447513812156	0.00856353591160221	0.036464088397790057	0.009944751381215469	0.0033149171270718232	0.0077348066298342545	0.013535911602209945	0.004419889502762431	0.00027624309392265195	0.0027624309392265192	0.07569060773480663	0.02541436464088398	0.004972375690607734	0.015469613259668509	0.024033149171270717	0.013535911602209945	0.0016574585635359116	0.007458563535911602	0.05662983425414365	0.017955801104972375	0.0022099447513812156	0.011602209944751382	0.037016574585635356	0.01270718232044199	0.0022099447513812156	0.009116022099447514	0.03425414364640884	0.009668508287292817	0.002486187845303867	0.0077348066298342545	0.0	0.01878453038674033	0.0	0.010497237569060774	0.026519337016574586	0.009392265193370166	0.0008287292817679558	0.0055248618784530384	0.029281767955801105	0.0033149171270718232	0.0019337016574585636	0.0027624309392265192	0.03784530386740331	0.04116022099447514	0.0033149171270718232	0.018232044198895028
0.019889502762430938	0.022099447513812154	0.0013812154696132596	0.010220994475138122	0.047237569060773484	0.018508287292817678	0.0038674033149171273	0.011325966850828728	0.0	0.01408839779005525	0.0	0.007458563535911602	0.04337016574585635	0.05303867403314917	0.0030386740331491712	0.0281767955801105	0.026243093922651933	0.01878453038674033	0.0016574585635359116	0.009944751381215469	0.036740331491712706	0.009944751381215469	0.0033149171270718232	0.007458563535911602	0.013259668508287293	0.004143646408839779	0.0005524861878453039	0.0030386740331491712	0.07513812154696133	0.026519337016574586	0.004972375690607734	0.014364640883977901	0.023756906077348067	0.013259668508287293	0.0019337016574585636	0.0077348066298342545	0.05607734806629834	0.017679558011049725	0.0030386740331491712	0.011602209944751382	0.036740331491712706	0.012154696132596685	0.002486187845303867	0.009668508287292817	0.034806629834254144	0.009116022099447514	0.0022099447513812156	0.008011049723756906	0.0	0.018508287292817678	0.0	0.010773480662983425	0.02679558011049724	0.009392265193370166	0.0008287292817679558	0.005248618784530387	0.029281767955801105	0.0033149171270718232	0.0019337016574585636	0.0027624309392265192	0.03839779005524862	0.041712707182320445	0.0033149171270718232	0.017679558011049725
0.019613259668508288	0.023204419889502764	0.0016574585635359116	0.009116022099447514	0.04751381215469613	0.018508287292817678	0.0035911602209944752	0.011325966850828728	0.0	0.01408839779005525	0.0	0.007458563535911602	0.0430939226519337	0.05359116022099448	0.0033149171270718232	0.027624309392265192	0.026243093922651933	0.018508287292817678	0.0016574585635359116	0.010220994475138122	0.036740331491712706	0.010497237569060774	0.0035911602209944752	0.0066298342541436465	0.013259668508287293	0.004419889502762431	0.0005524861878453039	0.0027624309392265192	0.07569060773480663	0.02707182320441989	0.004419889502762431	0.013535911602209945	0.023480662983425413	0.013812154696132596	0.0022099447513812156	0.0071823204419889505	0.05552486187845304	0.017955801104972375	0.0033149171270718232	0.011602209944751382	0.037016574585635356	0.011602209944751382	0.002486187845303867	0.009944751381215469	0.034806629834254144	0.009116022099447514	0.0022099447513812156	0.008011049723756906	0.0	0.01878453038674033	0.0	0.010497237569060774	0.02679558011049724	0.009392265193370166	0.0005524861878453039	0.0055248618784530384	0.02955801104972376	0.0033149171270718232	0.0016574585635359116	0.0027624309392265192	0.03839779005524862	0.04143646408839779	0.0035911602209944752	0.017955801104972375
0.019889502762430938	0.02292817679558011	0.0013812154696132596	0.009392265193370166	0.04696132596685083	0.018508287292817678	0.004143646408839779	0.011325966850828728	0.0	0.013812154696132596	0.0	0.0077348066298342545	0.0430939226519337	0.05303867403314917	0.0033149171270718232	0.0281767955801105	0.025966850828729283	0.018232044198895028	0.0019337016574585636	0.010497237569060774	0.03756906077348066	0.010497237569060774	0.002486187845303867	0.006906077348066298	0.013812154696132596	0.004143646408839779	0.00027624309392265195	0.0027624309392265192	0.07569060773480663	0.02679558011049724	0.004972375690607734	0.014364640883977901	0.023756906077348067	0.01408839779005525	0.0019337016574585636	0.006906077348066298	0.05580110497237569	0.018232044198895028	0.0030386740331491712	0.011325966850828728	0.036740331491712706	0.011602209944751382	0.0027624309392265192	0.009944751381215469	0.034806629834254144	0.009392265193370166	0.0019337016574585636	0.008011049723756906	0.0	0.019060773480662985	0.0	0.010220994475138122	0.02679558011049724	0.009668508287292817	0.0005524861878453039	0.005248618784530387	0.029281767955801105	0.0033149171270718232	0.0019337016574585636	0.0027624309392265192	0.037016574585635356	0.04088397790055249	0.0038674033149171273	0.018508287292817678
0.019889502762430938	0.023756906077348067	0.0013812154696132596	0.00856353591160221	0.047237569060773484	0.018508287292817678	0.0038674033149171273	0.011325966850828728	0.0	0.013812154696132596	0.0	0.0077348066298342545	0.0430939226519337	0.05303867403314917	0.0033149171270718232	0.0281767955801105	0.025966850828729283	0.017955801104972375	0.0019337016574585636	0.010773480662983425	0.03839779005524862	0.010497237569060774	0.0016574585635359116	0.006906077348066298	0.013812154696132596	0.004143646408839779	0.00027624309392265195	0.0027624309392265192	0.07375690607734807	0.027900552486187846	0.004972375690607734	0.012983425414364641	0.024033149171270717	0.014364640883977901	0.0016574585635359116	0.0066298342541436465	0.054972375690607735	0.019060773480662985	0.0033149171270718232	0.011049723756906077	0.036464088397790057	0.011878453038674033	0.0030386740331491712	0.009668508287292817	0.034806629834254144	0.00856353591160221	0.002486187845303867	0.008287292817679558	0.0	0.019337016574585635	0.0	0.009944751381215469	0.02679558011049724	0.010220994475138122	0.00027624309392265195	0.004972375690607734	0.029005524861878452	0.0030386740331491712	0.0022099447513812156	0.0030386740331491712	0.04005524861878453	0.04088397790055249	0.0030386740331491712	0.018508287292817678
0.019613259668508288	0.024033149171270717	0.0016574585635359116	0.008287292817679558	0.04779005524861878	0.01878453038674033	0.0035911602209944752	0.010773480662983425	0.0	0.01408839779005525	0.0	0.007458563535911602	0.0430939226519337	0.05386740331491713	0.0033149171270718232	0.027348066298342542	0.026243093922651933	0.018232044198895028	0.0016574585635359116	0.010497237569060774	0.03867403314917127	0.010773480662983425	0.0013812154696132596	0.0066298342541436465	0.013812154696132596	0.0038674033149171273	0.00027624309392265195	0.0030386740331491712	0.07651933701657458	0.02845303867403315	0.0035911602209944752	0.01270718232044199	0.024585635359116023	0.01408839779005525	0.0011049723756906078	0.006906077348066298	0.05552486187845304	0.019060773480662985	0.0030386740331491712	0.010773480662983425	0.03618784530386741	0.012983425414364641	0.0033149171270718232	0.00856353591160221	0.03535911602209945	0.009116022099447514	0.0016574585635359116	0.008011049723756906	0.0	0.019337016574585635	0.0	0.009944751381215469	0.026519337016574586	0.009944751381215469	0.0005524861878453039	0.005248618784530387	0.028729281767955802	0.0030386740331491712	0.002486187845303867	0.0030386740331491712	0.03839779005524862	0.041712707182320445	0.0030386740331491712	0.017679558011049725
0.019889502762430938	0.023480662983425413	0.0013812154696132596	0.008839779005524863	0.04806629834254143	0.019060773480662985	0.0035911602209944752	0.010220994475138122	0.0	0.013812154696132596	0.0	0.0077348066298342545	0.0430939226519337	0.05359116022099448	0.0033149171270718232	0.027624309392265192	0.025966850828729283	0.018232044198895028	0.0019337016574585636	0.010497237569060774	0.03867403314917127	0.010497237569060774	0.0013812154696132596	0.006906077348066298	0.013812154696132596	0.0038674033149171273	0.00027624309392265195	0.0030386740331491712	0.07651933701657458	0.027900552486187846	0.0035911602209944752	0.013259668508287293	0.024033149171270717	0.013535911602209945	0.0016574585635359116	0.007458563535911602	0.054972375690607735	0.019337016574585635	0.0035911602209944752	0.010497237569060774	0.03591160220994475	0.01270718232044199	0.0030386740331491712	0.009392265193370166	0.0356353591160221	0.009116022099447514	0.0013812154696132596	0.008011049723756906	0.0	0.019060773480662985	0.0	0.010220994475138122	0.026519337016574586	0.009668508287292817	0.0005524861878453039	0.0055248618784530384	0.029281767955801105	0.0035911602209944752	0.0019337016574585636	0.002486187845303867	0.03839779005524862	0.04116022099447514	0.0030386740331491712	0.018232044198895028
0.019613259668508288	0.023480662983425413	0.0016574585635359116	0.008839779005524863	0.04889502762430939	0.018232044198895028	0.0027624309392265192	0.011049723756906077	0.0	0.013812154696132596	0.0	0.0077348066298342545	0.04337016574585635	0.05359116022099448	0.0030386740331491712	0.027624309392265192	0.026243093922651933	0.019060773480662985	0.0016574585635359116	0.009668508287292817	0.03812154696132597	0.010220994475138122	0.0022099447513812156	0.006906077348066298	0.013812154696132596	0.0038674033149171273	0.00027624309392265195	0.0030386740331491712	0.07624309392265194	0.027348066298342542	0.004143646408839779	0.013812154696132596	0.024585635359116023	0.013812154696132596	0.0011049723756906078	0.0071823204419889505	0.05607734806629834	0.019889502762430938	0.0030386740331491712	0.009392265193370166	0.03535911602209945	0.01270718232044199	0.0035911602209944752	0.009392265193370166	0.03508287292817679	0.009392265193370166	0.0019337016574585636	0.0077348066298342545	0.0	0.019337016574585635	0.0	0.009944751381215469	0.026243093922651933	0.009392265193370166	0.0008287292817679558	0.005801104972375691	0.029005524861878452	0.0038674033149171273	0.0022099447513812156	0.0022099447513812156	0.03867403314917127	0.04088397790055249	0.002486187845303867	0.018508287292817678
0.019889502762430938	0.023756906077348067	0.0013812154696132596	0.00856353591160221	0.049171270718232046	0.017679558011049725	0.002486187845303867	0.011602209944751382	0.0	0.01408839779005525	0.0	0.007458563535911602	0.04364640883977901	0.05441988950276243	0.0027624309392265192	0.02679558011049724	0.026243093922651933	0.019060773480662985	0.0016574585635359116	0.009668508287292817	0.03729281767955801	0.010220994475138122	0.0030386740331491712	0.006906077348066298	0.013812154696132596	0.0030386740331491712	0.0005524861878453039	0.0035911602209944752	0.0776243093922652	0.02845303867403315	0.004696132596685083	0.012983425414364641	0.024585635359116023	0.013812154696132596	0.0011049723756906078	0.0071823204419889505	0.05580110497237569	0.02016574585635359	0.0027624309392265192	0.009668508287292817	0.034806629834254144	0.013259668508287293	0.004143646408839779	0.008839779005524863	0.03535911602209945	0.009116022099447514	0.0019337016574585636	0.0077348066298342545	0.0	0.019889502762430938	0.0	0.009392265193370166	0.025966850828729283	0.009116022099447514	0.0011049723756906078	0.0060773480662983425	0.028729281767955802	0.0035911602209944752	0.002486187845303867	0.002486187845303867	0.036740331491712706	0.04060773480662983	0.0022099447513812156	0.01878453038674033
0.019889502762430938	0.023480662983425413	0.0013812154696132596	0.008839779005524863	0.049171270718232046	0.018508287292817678	0.002486187845303867	0.010773480662983425	0.0	0.01408839779005525	0.0	0.007458563535911602	0.04419889502762431	0.054972375690607735	0.0022099447513812156	0.026243093922651933	0.026243093922651933	0.019060773480662985	0.0016574585635359116	0.009668508287292817	0.03784530386740331	0.009116022099447514	0.0027624309392265192	0.0077348066298342545	0.013812154696132596	0.0027624309392265192	0.0005524861878453039	0.0038674033149171273	0.07845303867403315	0.029281767955801105	0.0035911602209944752	0.01270718232044199	0.02430939226519337	0.01408839779005525	0.0013812154696132596	0.006906077348066298	0.054972375690607735	0.019889502762430938	0.0035911602209944752	0.009944751381215469	0.03425414364640884	0.01408839779005525	0.004419889502762431	0.008287292817679558	0.0356353591160221	0.009392265193370166	0.0016574585635359116	0.007458563535911602	0.0	0.019060773480662985	0.0	0.010220994475138122	0.026243093922651933	0.009116022099447514	0.0011049723756906078	0.005801104972375691	0.028729281767955802	0.0035911602209944752	0.002486187845303867	0.002486187845303867	0.036464088397790057	0.041988950276243095	0.0022099447513812156	0.017403314917127072
0.02016574585635359	0.024033149171270717	0.0011049723756906078	0.008287292817679558	0.04889502762430939	0.018508287292817678	0.0027624309392265192	0.010773480662983425	0.0	0.012983425414364641	0.0	0.00856353591160221	0.04364640883977901	0.05441988950276243	0.0027624309392265192	0.02679558011049724	0.026243093922651933	0.019613259668508288	0.0016574585635359116	0.009116022099447514	0.03812154696132597	0.009116022099447514	0.002486187845303867	0.0077348066298342545	0.013812154696132596	0.002486187845303867	0.0005524861878453039	0.004143646408839779	0.07624309392265194	0.029005524861878452	0.0038674033149171273	0.013812154696132596	0.024033149171270717	0.013812154696132596	0.0016574585635359116	0.0071823204419889505	0.05552486187845304	0.019337016574585635	0.0030386740331491712	0.010497237569060774	0.03508287292817679	0.013812154696132596	0.0038674033149171273	0.008287292817679558	0.0356353591160221	0.009392265193370166	0.0013812154696132596	0.0077348066298342545	0.0	0.019337016574585635	0.0	0.009944751381215469	0.02679558011049724	0.008839779005524863	0.0008287292817679558	0.005801104972375691	0.028729281767955802	0.0038674033149171273	0.002486187845303867	0.0022099447513812156	0.03729281767955801	0.04281767955801105	0.002486187845303867	0.016574585635359115
0.02016574585635359	0.024585635359116023	0.0011049723756906078	0.0077348066298342545	0.049723756906077346	0.01878453038674033	0.002486187845303867	0.009944751381215469	0.0	0.012430939226519336	0.0	0.009116022099447514	0.04364640883977901	0.054696132596685085	0.0027624309392265192	0.026519337016574586	0.026243093922651933	0.019889502762430938	0.0016574585635359116	0.008839779005524863	0.03784530386740331	0.009116022099447514	0.0022099447513812156	0.008287292817679558	0.01408839779005525	0.002486187845303867	0.0005524861878453039	0.0038674033149171273	0.07679558011049724	0.03038674033149171	0.0038674033149171273	0.012154696132596685	0.023480662983425413	0.014364640883977901	0.0022099447513812156	0.0066298342541436465	0.05580110497237569	0.019613259668508288	0.002486187845303867	0.010497237569060774	0.03535911602209945	0.013535911602209945	0.004143646408839779	0.008011049723756906	0.03535911602209945	0.010773480662983425	0.0016574585635359116	0.006353591160220995	0.0	0.019337016574585635	0.0	0.009944751381215469	0.02679558011049724	0.008839779005524863	0.0008287292817679558	0.005801104972375691	0.029005524861878452	0.0038674033149171273	0.0022099447513812156	0.0022099447513812156	0.037016574585635356	0.0430939226519337	0.002486187845303867	0.016298342541436465
0.019889502762430938	0.02430939226519337	0.0013812154696132596	0.008011049723756906	0.05	0.019337016574585635	0.0019337016574585636	0.009668508287292817	0.0	0.011878453038674033	0.0	0.009668508287292817	0.04392265193370166	0.05386740331491713	0.002486187845303867	0.027348066298342542	0.025966850828729283	0.019889502762430938	0.0019337016574585636	0.008839779005524863	0.03812154696132597	0.00856353591160221	0.002486187845303867	0.008287292817679558	0.01408839779005525	0.002486187845303867	0.0005524861878453039	0.0038674033149171273	0.0781767955801105	0.03038674033149171	0.0038674033149171273	0.011878453038674033	0.023204419889502764	0.015469613259668509	0.002486187845303867	0.0055248618784530384	0.054972375690607735	0.019613259668508288	0.0030386740331491712	0.010773480662983425	0.03591160220994475	0.013812154696132596	0.0033149171270718232	0.008011049723756906	0.0356353591160221	0.010773480662983425	0.0019337016574585636	0.005801104972375691	0.0	0.019889502762430938	0.0	0.009392265193370166	0.02679558011049724	0.008839779005524863	0.0008287292817679558	0.005801104972375691	0.029005524861878452	0.0035911602209944752	0.0022099447513812156	0.002486187845303867	0.03591160220994475	0.04337016574585635	0.002486187845303867	0.016022099447513812
0.019889502762430938	0.023480662983425413	0.0013812154696132596	0.008839779005524863	0.0505524861878453	0.01878453038674033	0.0019337016574585636	0.009668508287292817	0.0	0.011602209944751382	0.0	0.009944751381215469	0.04392265193370166	0.05414364640883978	0.002486187845303867	0.02707182320441989	0.026243093922651933	0.020718232044198894	0.0016574585635359116	0.008011049723756906	0.03812154696132597	0.008287292817679558	0.002486187845303867	0.00856353591160221	0.01408839779005525	0.0027624309392265192	0.0005524861878453039	0.0035911602209944752	0.07928176795580111	0.02955801104972376	0.0038674033149171273	0.011878453038674033	0.023480662983425413	0.01574585635359116	0.0022099447513812156	0.005248618784530387	0.055248618784530384	0.019889502762430938	0.0030386740331491712	0.010220994475138122	0.03591160220994475	0.013535911602209945	0.0030386740331491712	0.00856353591160221	0.036740331491712706	0.009668508287292817	0.0016574585635359116	0.0060773480662983425	0.0	0.019889502762430938	0.0	0.009392265193370166	0.026519337016574586	0.008839779005524863	0.0008287292817679558	0.0060773480662983425	0.028729281767955802	0.0035911602209944752	0.002486187845303867	0.002486187845303867	0.03535911602209945	0.04392265193370166	0.0027624309392265192	0.015469613259668509
0.02016574585635359	0.024033149171270717	0.0011049723756906078	0.008287292817679558	0.0505524861878453	0.019337016574585635	0.0019337016574585636	0.009116022099447514	0.0	0.011049723756906077	0.0	0.010497237569060774	0.04364640883977901	0.05607734806629834	0.0027624309392265192	0.025138121546961326	0.026243093922651933	0.020441988950276244	0.0016574585635359116	0.008287292817679558	0.03839779005524862	0.008839779005524863	0.0027624309392265192	0.007458563535911602	0.013812154696132596	0.0030386740331491712	0.0005524861878453039	0.0035911602209944752	0.08011049723756906	0.029281767955801105	0.0038674033149171273	0.012154696132596685	0.023480662983425413	0.01574585635359116	0.0022099447513812156	0.005248618784530387	0.05552486187845304	0.019337016574585635	0.0030386740331491712	0.010497237569060774	0.03591160220994475	0.013535911602209945	0.0030386740331491712	0.00856353591160221	0.03729281767955801	0.009116022099447514	0.0013812154696132596	0.006353591160220995	0.0	0.02016574585635359	0.0	0.009116022099447514	0.02569060773480663	0.00856353591160221	0.0019337016574585636	0.0060773480662983425	0.027900552486187846	0.0035911602209944752	0.0033149171270718232	0.002486187845303867	0.03508287292817679	0.0430939226519337	0.0022099447513812156	0.016298342541436465
0.02016574585635359	0.023480662983425413	0.0011049723756906078	0.008839779005524863	0.0505524861878453	0.018232044198895028	0.0022099447513812156	0.009944751381215469	0.0	0.010773480662983425	0.0	0.010773480662983425	0.04364640883977901	0.05607734806629834	0.0027624309392265192	0.025138121546961326	0.025966850828729283	0.02016574585635359	0.0019337016574585636	0.00856353591160221	0.038950276243093926	0.008839779005524863	0.002486187845303867	0.0071823204419889505	0.013535911602209945	0.0030386740331491712	0.0008287292817679558	0.0035911602209944752	0.08066298342541436	0.028729281767955802	0.0038674033149171273	0.011878453038674033	0.024033149171270717	0.016574585635359115	0.0016574585635359116	0.004419889502762431	0.054972375690607735	0.02016574585635359	0.0033149171270718232	0.009944751381215469	0.03535911602209945	0.01270718232044199	0.0038674033149171273	0.009116022099447514	0.03784530386740331	0.008839779005524863	0.0011049723756906078	0.006353591160220995	0.0	0.019889502762430938	0.0	0.009392265193370166	0.02569060773480663	0.00856353591160221	0.0019337016574585636	0.0060773480662983425	0.0281767955801105	0.0033149171270718232	0.0030386740331491712	0.0027624309392265192	0.03591160220994475	0.04337016574585635	0.0016574585635359116	0.016022099447513812
0.02016574585635359	0.023204419889502764	0.0011049723756906078	0.009116022099447514	0.05	0.019337016574585635	0.0019337016574585636	0.009668508287292817	0.0	0.011325966850828728	0.0	0.010220994475138122	0.04364640883977901	0.056353591160221	0.0027624309392265192	0.024861878453038673	0.02569060773480663	0.020441988950276244	0.0022099447513812156	0.008287292817679558	0.03867403314917127	0.008839779005524863	0.0027624309392265192	0.0071823204419889505	0.013535911602209945	0.0030386740331491712	0.0008287292817679558	0.0035911602209944752	0.08038674033149171	0.027900552486187846	0.0033149171270718232	0.012983425414364641	0.023756906077348067	0.01685082872928177	0.0019337016574585636	0.004143646408839779	0.05552486187845304	0.02016574585635359	0.0022099447513812156	0.010497237569060774	0.0356353591160221	0.012430939226519336	0.0035911602209944752	0.009392265193370166	0.03756906077348066	0.008287292817679558	0.0013812154696132596	0.006906077348066298	0.0	0.02016574585635359	0.0	0.009116022099447514	0.026243093922651933	0.008287292817679558	0.0013812154696132596	0.006353591160220995	0.0281767955801105	0.0033149171270718232	0.0030386740331491712	0.0027624309392265192	0.036464088397790057	0.04281767955801105	0.0016574585635359116	0.016574585635359115
0.019889502762430938	0.02292817679558011	0.0013812154696132596	0.009392265193370166	0.05	0.019337016574585635	0.0019337016574585636	0.009668508287292817	0.0	0.01270718232044199	0.0	0.008839779005524863	0.04281767955801105	0.0569060773480663	0.0035911602209944752	0.02430939226519337	0.025966850828729283	0.02016574585635359	0.0019337016574585636	0.00856353591160221	0.038950276243093926	0.008839779005524863	0.002486187845303867	0.0071823204419889505	0.013535911602209945	0.0033149171270718232	0.0008287292817679558	0.0033149171270718232	0.08066298342541436	0.027900552486187846	0.0035911602209944752	0.01270718232044199	0.023756906077348067	0.016298342541436465	0.0019337016574585636	0.004696132596685083	0.054972375690607735	0.020441988950276244	0.0027624309392265192	0.010220994475138122	0.03591160220994475	0.011878453038674033	0.0035911602209944752	0.009668508287292817	0.03729281767955801	0.008839779005524863	0.0016574585635359116	0.006353591160220995	0.0	0.019889502762430938	0.0	0.009392265193370166	0.026243093922651933	0.008287292817679558	0.0016574585635359116	0.0060773480662983425	0.02845303867403315	0.0030386740331491712	0.0027624309392265192	0.0030386740331491712	0.0356353591160221	0.041712707182320445	0.0022099447513812156	0.017679558011049725
0.019889502762430938	0.02292817679558011	0.0013812154696132596	0.009392265193370166	0.049723756906077346	0.019060773480662985	0.0022099447513812156	0.009944751381215469	0.0	0.013535911602209945	0.0	0.008011049723756906	0.04143646408839779	0.0569060773480663	0.004972375690607734	0.02430939226519337	0.02569060773480663	0.020718232044198894	0.0022099447513812156	0.008011049723756906	0.039226519337016576	0.008287292817679558	0.002486187845303867	0.007458563535911602	0.013812154696132596	0.0033149171270718232	0.0005524861878453039	0.0033149171270718232	0.08038674033149171	0.027624309392265192	0.0038674033149171273	0.012983425414364641	0.023204419889502764	0.016022099447513812	0.002486187845303867	0.004972375690607734	0.054972375690607735	0.020994475138121547	0.0030386740331491712	0.009392265193370166	0.03756906077348066	0.011878453038674033	0.002486187845303867	0.009116022099447514	0.03756906077348066	0.009116022099447514	0.0013812154696132596	0.0060773480662983425	0.0	0.019337016574585635	0.0	0.009944751381215469	0.026519337016574586	0.00856353591160221	0.0011049723756906078	0.0060773480662983425	0.02845303867403315	0.0030386740331491712	0.0027624309392265192	0.0030386740331491712	0.03535911602209945	0.04281767955801105	0.002486187845303867	0.016574585635359115
0.019337016574585635	0.023204419889502764	0.0019337016574585636	0.009116022099447514	0.05	0.01878453038674033	0.0019337016574585636	0.010220994475138122	0.0	0.013812154696132596	0.0	0.0077348066298342545	0.04143646408839779	0.05580110497237569	0.004972375690607734	0.02541436464088398	0.025966850828729283	0.020718232044198894	0.0019337016574585636	0.008011049723756906	0.03839779005524862	0.00856353591160221	0.0033149171270718232	0.0071823204419889505	0.013812154696132596	0.0033149171270718232	0.0005524861878453039	0.0033149171270718232	0.07955801104972375	0.028729281767955802	0.004972375690607734	0.011878453038674033	0.023480662983425413	0.016298342541436465	0.0022099447513812156	0.004696132596685083	0.05441988950276243	0.021823204419889504	0.0035911602209944752	0.00856353591160221	0.03756906077348066	0.011602209944751382	0.002486187845303867	0.009392265193370166	0.036464088397790057	0.009944751381215469	0.0022099447513812156	0.0055248618784530384	0.0	0.01878453038674033	0.0	0.010497237569060774	0.026519337016574586	0.00856353591160221	0.0011049723756906078	0.0060773480662983425	0.028729281767955802	0.0027624309392265192	0.002486187845303867	0.0033149171270718232	0.034806629834254144	0.041988950276243095	0.0027624309392265192	0.017403314917127072
0.019337016574585635	0.023480662983425413	0.0019337016574585636	0.008839779005524863	0.0505524861878453	0.01685082872928177	0.0019337016574585636	0.011602209944751382	0.0	0.013812154696132596	0.0	0.0077348066298342545	0.04143646408839779	0.05552486187845304	0.004972375690607734	0.02569060773480663	0.025966850828729283	0.02016574585635359	0.0019337016574585636	0.00856353591160221	0.03812154696132597	0.009116022099447514	0.0035911602209944752	0.0066298342541436465	0.01408839779005525	0.0033149171270718232	0.0005524861878453039	0.0030386740331491712	0.08176795580110498	0.0281767955801105	0.004696132596685083	0.012154696132596685	0.023204419889502764	0.016298342541436465	0.002486187845303867	0.004696132596685083	0.05414364640883978	0.021823204419889504	0.004143646408839779	0.008287292817679558	0.03812154696132597	0.011602209944751382	0.0019337016574585636	0.009392265193370166	0.036740331491712706	0.009392265193370166	0.002486187845303867	0.0055248618784530384	0.0	0.019337016574585635	0.0	0.009944751381215469	0.026519337016574586	0.008011049723756906	0.0008287292817679558	0.006906077348066298	0.028729281767955802	0.002486187845303867	0.002486187845303867	0.0035911602209944752	0.03314917127071823	0.04033149171270718	0.0027624309392265192	0.019060773480662985
0.019337016574585635	0.024033149171270717	0.0019337016574585636	0.008287292817679558	0.05165745856353591	0.016574585635359115	0.0016574585635359116	0.011049723756906077	0.0	0.013535911602209945	0.0	0.008011049723756906	0.041712707182320445	0.056353591160221	0.004696132596685083	0.024861878453038673	0.025966850828729283	0.020441988950276244	0.0019337016574585636	0.008287292817679558	0.03784530386740331	0.009116022099447514	0.004419889502762431	0.0060773480662983425	0.014364640883977901	0.0035911602209944752	0.00027624309392265195	0.0027624309392265192	0.08176795580110498	0.027900552486187846	0.004143646408839779	0.012430939226519336	0.023756906077348067	0.016574585635359115	0.0019337016574585636	0.004419889502762431	0.05441988950276243	0.021270718232044197	0.004143646408839779	0.00856353591160221	0.03784530386740331	0.011878453038674033	0.0022099447513812156	0.009116022099447514	0.037016574585635356	0.009392265193370166	0.0019337016574585636	0.005801104972375691	0.0	0.019337016574585635	0.0	0.009944751381215469	0.026243093922651933	0.008011049723756906	0.0011049723756906078	0.006906077348066298	0.028729281767955802	0.0027624309392265192	0.002486187845303867	0.0033149171270718232	0.03342541436464089	0.04033149171270718	0.0030386740331491712	0.019060773480662985
0.019060773480662985	0.023756906077348067	0.0022099447513812156	0.00856353591160221	0.051933701657458566	0.016298342541436465	0.0016574585635359116	0.011049723756906077	0.0	0.013535911602209945	0.0	0.008011049723756906	0.041712707182320445	0.05607734806629834	0.004696132596685083	0.025138121546961326	0.02541436464088398	0.02016574585635359	0.002486187845303867	0.00856353591160221	0.03839779005524862	0.009392265193370166	0.0035911602209944752	0.0060773480662983425	0.014640883977900553	0.0033149171270718232	0.0	0.0030386740331491712	0.08259668508287293	0.027900552486187846	0.0033149171270718232	0.012983425414364641	0.023480662983425413	0.016574585635359115	0.0022099447513812156	0.004419889502762431	0.05386740331491713	0.021270718232044197	0.004419889502762431	0.008839779005524863	0.03756906077348066	0.011878453038674033	0.002486187845303867	0.009116022099447514	0.036464088397790057	0.009944751381215469	0.002486187845303867	0.005248618784530387	0.0	0.019613259668508288	0.0	0.009668508287292817	0.026519337016574586	0.00856353591160221	0.0008287292817679558	0.006353591160220995	0.028729281767955802	0.0030386740331491712	0.002486187845303867	0.0030386740331491712	0.03287292817679558	0.039779005524861875	0.0030386740331491712	0.019613259668508288
0.019060773480662985	0.023756906077348067	0.0022099447513812156	0.00856353591160221	0.05110497237569061	0.016574585635359115	0.0019337016574585636	0.011325966850828728	0.0	0.01270718232044199	0.0	0.008839779005524863	0.041988950276243095	0.0569060773480663	0.004419889502762431	0.02430939226519337	0.024861878453038673	0.019060773480662985	0.0030386740331491712	0.009668508287292817	0.03839779005524862	0.009392265193370166	0.0033149171270718232	0.006353591160220995	0.014364640883977901	0.0033149171270718232	0.00027624309392265195	0.0030386740331491712	0.08314917127071823	0.027348066298342542	0.0019337016574585636	0.013812154696132596	0.02292817679558011	0.016574585635359115	0.0027624309392265192	0.004419889502762431	0.05441988950276243	0.02154696132596685	0.0035911602209944752	0.008839779005524863	0.03756906077348066	0.011602209944751382	0.0027624309392265192	0.009116022099447514	0.03618784530386741	0.009668508287292817	0.002486187845303867	0.005801104972375691	0.0	0.018232044198895028	0.0	0.011049723756906077	0.026519337016574586	0.00856353591160221	0.0011049723756906078	0.0060773480662983425	0.029005524861878452	0.0033149171270718232	0.0022099447513812156	0.0027624309392265192	0.032320441988950274	0.04005524861878453	0.004143646408839779	0.019337016574585635
0.019613259668508288	0.023480662983425413	0.0016574585635359116	0.008839779005524863	0.05110497237569061	0.016022099447513812	0.0019337016574585636	0.011878453038674033	0.0	0.012983425414364641	0.0	0.00856353591160221	0.041988950276243095	0.0569060773480663	0.004419889502762431	0.02430939226519337	0.025138121546961326	0.018232044198895028	0.0027624309392265192	0.010497237569060774	0.037016574585635356	0.009668508287292817	0.004419889502762431	0.006353591160220995	0.01408839779005525	0.0033149171270718232	0.0005524861878453039	0.0030386740331491712	0.08176795580110498	0.02845303867403315	0.0019337016574585636	0.01270718232044199	0.023204419889502764	0.016574585635359115	0.002486187845303867	0.004419889502762431	0.05441988950276243	0.020994475138121547	0.004143646408839779	0.008839779005524863	0.03756906077348066	0.012983425414364641	0.0022099447513812156	0.008287292817679558	0.036464088397790057	0.009392265193370166	0.0022099447513812156	0.0060773480662983425	0.0	0.018232044198895028	0.0	0.011049723756906077	0.026519337016574586	0.00856353591160221	0.0013812154696132596	0.005801104972375691	0.029281767955801105	0.0033149171270718232	0.0019337016574585636	0.0027624309392265192	0.03370165745856354	0.04116022099447514	0.004143646408839779	0.018232044198895028
0.02016574585635359	0.022375690607734807	0.0011049723756906078	0.009944751381215469	0.0505524861878453	0.01685082872928177	0.002486187845303867	0.011049723756906077	0.0	0.01270718232044199	0.0	0.008839779005524863	0.042541436464088395	0.05662983425414365	0.0038674033149171273	0.024585635359116023	0.025138121546961326	0.01878453038674033	0.0027624309392265192	0.009944751381215469	0.036740331491712706	0.009944751381215469	0.004696132596685083	0.0060773480662983425	0.014364640883977901	0.0035911602209944752	0.00027624309392265195	0.0027624309392265192	0.08149171270718232	0.0281767955801105	0.0022099447513812156	0.012983425414364641	0.023480662983425413	0.016574585635359115	0.0022099447513812156	0.004419889502762431	0.05386740331491713	0.022099447513812154	0.004696132596685083	0.0077348066298342545	0.037016574585635356	0.013259668508287293	0.002486187845303867	0.008287292817679558	0.036464088397790057	0.009116022099447514	0.0022099447513812156	0.006353591160220995	0.0	0.017955801104972375	0.0	0.011325966850828728	0.026243093922651933	0.009116022099447514	0.0016574585635359116	0.005248618784530387	0.027900552486187846	0.0030386740331491712	0.0033149171270718232	0.0030386740331491712	0.03397790055248619	0.04116022099447514	0.0038674033149171273	0.018232044198895028
0.02016574585635359	0.023480662983425413	0.0011049723756906078	0.008839779005524863	0.0505524861878453	0.016298342541436465	0.0027624309392265192	0.011325966850828728	0.0	0.012430939226519336	0.0	0.009116022099447514	0.04281767955801105	0.05607734806629834	0.0035911602209944752	0.025138121546961326	0.02541436464088398	0.019060773480662985	0.002486187845303867	0.009668508287292817	0.03591160220994475	0.010220994475138122	0.004972375690607734	0.006353591160220995	0.01408839779005525	0.0038674033149171273	0.0005524861878453039	0.002486187845303867	0.08038674033149171	0.027348066298342542	0.0033149171270718232	0.012983425414364641	0.023480662983425413	0.01685082872928177	0.0022099447513812156	0.004143646408839779	0.05414364640883978	0.021823204419889504	0.004696132596685083	0.0077348066298342545	0.037016574585635356	0.013812154696132596	0.0022099447513812156	0.008011049723756906	0.036464088397790057	0.00856353591160221	0.0022099447513812156	0.006906077348066298	0.0	0.01712707182320442	0.0	0.012154696132596685	0.02679558011049724	0.00856353591160221	0.0016574585635359116	0.005248618784530387	0.027900552486187846	0.0030386740331491712	0.0033149171270718232	0.0030386740331491712	0.03591160220994475	0.04060773480662983	0.0027624309392265192	0.01878453038674033
0.019889502762430938	0.024033149171270717	0.0013812154696132596	0.008287292817679558	0.05027624309392265	0.01685082872928177	0.0027624309392265192	0.011049723756906077	0.0	0.01270718232044199	0.0	0.008839779005524863	0.042541436464088395	0.05580110497237569	0.0038674033149171273	0.02541436464088398	0.025966850828729283	0.019060773480662985	0.0019337016574585636	0.009668508287292817	0.03535911602209945	0.010497237569060774	0.0055248618784530384	0.0060773480662983425	0.013812154696132596	0.0035911602209944752	0.0008287292817679558	0.0027624309392265192	0.08121546961325966	0.027624309392265192	0.0033149171270718232	0.012983425414364641	0.023204419889502764	0.016574585635359115	0.002486187845303867	0.004419889502762431	0.05441988950276243	0.02154696132596685	0.004143646408839779	0.008287292817679558	0.03812154696132597	0.013535911602209945	0.0013812154696132596	0.008011049723756906	0.03591160220994475	0.009392265193370166	0.002486187845303867	0.006353591160220995	0.0	0.01712707182320442	0.0	0.012154696132596685	0.026519337016574586	0.00856353591160221	0.0019337016574585636	0.005248618784530387	0.027348066298342542	0.0030386740331491712	0.0038674033149171273	0.0030386740331491712	0.034806629834254144	0.04005524861878453	0.0027624309392265192	0.019337016574585635
0.019889502762430938	0.024585635359116023	0.0013812154696132596	0.0077348066298342545	0.049447513812154696	0.01712707182320442	0.0035911602209944752	0.010773480662983425	0.0	0.012430939226519336	0.0	0.009116022099447514	0.041712707182320445	0.05580110497237569	0.004696132596685083	0.02541436464088398	0.02541436464088398	0.019613259668508288	0.002486187845303867	0.009116022099447514	0.03591160220994475	0.010220994475138122	0.004972375690607734	0.006353591160220995	0.013812154696132596	0.0035911602209944752	0.0008287292817679558	0.0027624309392265192	0.08453038674033149	0.02679558011049724	0.0033149171270718232	0.012983425414364641	0.023204419889502764	0.016574585635359115	0.002486187845303867	0.004419889502762431	0.05386740331491713	0.022099447513812154	0.0038674033149171273	0.00856353591160221	0.03784530386740331	0.013535911602209945	0.0016574585635359116	0.008011049723756906	0.03591160220994475	0.009116022099447514	0.002486187845303867	0.0066298342541436465	0.0	0.017403314917127072	0.0	0.011878453038674033	0.02569060773480663	0.008287292817679558	0.0027624309392265192	0.0055248618784530384	0.02679558011049724	0.0033149171270718232	0.004419889502762431	0.0027624309392265192	0.03287292817679558	0.039502762430939226	0.0022099447513812156	0.019889502762430938
