AAA	AAC	AAG	AAT	ACA	ACC	ACG	ACT	AGA	AGC	AGG	AGT	ATA	ATC	ATG	ATT	CAA	CAC	CAG	CAT	CCA	CCC	CCG	CCT	CGA	CGC	CGG	CGT	CTA	CTC	CTG	CTT	GAA	GAC	GAG	GAT	GCA	GCC	GCG	GCT	GGA	GGC	GGG	GGT	GTA	GTC	GTG	GTT	TAA	TAC	TAG	TAT	TCA	TCC	TCG	TCT	TGA	TGC	TGG	TGT	TTA	TTC	TTG	TTT
28	51	48	60	78	80	72	71	0	33	0	31	77	121	65	137	45	58	49	48	52	46	64	58	21	16	21	17	92	114	112	100	47	32	48	42	79	68	84	100	54	55	57	55	58	51	49	49	0	49	0	52	46	48	39	31	55	11	60	11	101	111	103	121
30	51	46	60	85	79	65	72	0	34	0	30	82	121	60	137	48	58	46	48	53	45	63	59	22	16	20	17	104	114	102	100	47	33	48	41	83	69	79	100	59	56	52	54	64	49	45	49	0	50	0	51	46	48	39	31	58	11	57	11	106	111	96	121
32	51	44	60	89	78	61	73	0	33	0	31	85	120	57	138	52	59	42	47	56	45	60	59	23	16	19	17	115	112	93	101	50	33	45	41	92	68	71	100	62	56	49	54	64	49	45	49	0	49	0	52	47	48	39	30	62	12	53	10	107	113	94	119
37	51	39	60	93	76	57	75	0	34	0	30	86	118	56	140	55	58	39	48	60	45	56	59	23	15	19	18	119	112	89	101	52	33	43	41	100	67	64	100	65	54	46	56	65	49	44	49	0	49	0	52	48	48	38	30	65	12	50	10	107	113	94	119
40	51	36	60	96	76	54	75	0	34	0	30	83	116	59	142	59	58	35	48	60	45	55	60	25	16	16	18	121	111	88	102	54	33	41	41	101	68	61	101	65	53	46	57	65	49	44	49	0	49	0	52	52	47	35	30	66	12	49	10	111	113	89	119
44	52	32	59	97	75	53	76	0	33	0	31	82	116	60	142	58	57	36	49	59	46	55	60	26	15	16	18	122	114	85	101	55	33	40	41	104	67	58	102	70	54	41	56	66	48	43	50	0	49	0	52	54	47	33	30	69	12	46	10	109	112	91	120
45	52	31	59	100	76	50	75	0	32	0	32	83	114	59	144	58	57	36	49	61	46	53	60	27	15	15	18	121	114	84	101	58	33	37	41	114	65	49	103	70	54	41	56	66	49	41	51	0	49	0	52	52	47	35	30	72	12	43	10	112	112	90	120
41	52	35	59	102	77	48	74	0	32	0	32	83	112	59	146	60	57	34	49	62	46	52	60	27	15	15	18	124	111	80	104	61	33	34	41	115	65	48	103	69	54	42	56	67	49	40	51	0	48	0	53	53	49	32	30	74	12	41	10	114	113	89	119
41	51	35	60	101	78	49	73	0	31	0	33	88	111	54	147	62	57	32	49	61	45	53	61	28	14	14	19	129	110	75	104	62	33	33	41	110	66	53	102	70	54	41	56	69	48	38	52	0	48	0	53	55	49	30	30	73	12	42	10	119	112	85	120
43	52	33	59	100	80	49	72	0	31	0	33	89	110	53	148	62	57	32	49	62	45	51	62	27	14	15	19	124	109	78	104	63	34	32	40	112	66	50	103	73	54	38	56	67	47	42	51	0	46	0	55	61	48	25	30	70	12	45	10	127	112	80	120
47	52	29	59	97	81	52	71	0	30	0	34	92	111	50	147	62	57	32	49	64	45	49	62	26	15	16	18	125	108	78	104	60	32	35	42	113	65	50	103	72	54	39	56	66	47	43	51	0	45	0	56	60	47	26	31	71	11	44	11	129	113	78	119
47	52	29	59	99	79	51	72	0	30	0	34	97	110	45	148	64	56	30	50	64	45	49	62	28	14	14	19	126	108	76	104	60	32	35	42	116	67	46	102	73	53	38	57	66	47	43	51	0	46	0	55	57	48	28	31	69	11	46	11	134	113	74	119
48	53	28	58	103	79	47	72	0	30	0	34	97	111	45	147	65	56	29	50	71	44	43	62	27	14	15	19	130	107	71	105	62	32	33	42	115	69	47	100	75	53	36	57	70	46	39	52	0	46	0	55	59	47	26	32	74	11	41	11	143	114	66	118
49	53	27	58	106	76	44	75	0	30	0	34	95	112	47	146	64	56	30	50	73	43	41	63	28	14	14	19	132	103	68	108	61	32	34	42	122	68	40	101	78	52	33	58	71	46	38	52	0	46	0	55	61	47	24	32	75	11	40	11	149	115	62	117
49	53	27	58	108	77	41	75	0	30	0	34	96	112	46	146	66	56	28	50	77	44	37	62	29	14	13	19	131	104	68	107	63	32	32	42	120	69	41	101	77	52	34	58	77	46	34	50	0	46	0	55	64	47	21	32	76	11	39	11	151	114	61	118
50	52	26	59	108	78	40	75	0	30	0	34	99	110	43	148	62	56	32	50	78	45	35	62	31	14	11	19	132	101	69	108	64	31	31	43	121	69	40	101	76	50	35	60	76	47	34	50	0	45	0	56	65	45	21	33	82	11	33	11	151	114	61	118
49	51	27	60	106	79	41	75	0	30	0	34	104	110	38	148	63	56	31	50	77	46	35	62	32	14	10	19	136	99	66	110	67	31	28	43	122	68	39	102	75	52	36	58	75	48	34	50	0	45	0	56	64	46	21	33	84	11	31	11	154	112	57	120
48	51	28	60	106	79	41	75	0	30	0	34	102	108	40	150	63	56	31	50	77	46	35	62	33	13	9	20	143	103	58	109	66	31	29	43	125	69	36	101	72	55	37	57	72	48	37	50	0	45	0	56	63	47	21	33	81	11	34	11	152	113	57	119
50	51	26	60	103	79	44	75	0	30	0	34	103	108	39	150	63	55	31	51	78	47	33	62	31	14	11	19	143	103	55	109	68	31	27	43	125	67	37	102	73	55	36	57	81	47	29	50	0	45	0	56	64	46	21	33	85	11	30	11	157	114	55	118
51	51	25	60	105	78	43	75	0	30	0	34	104	108	38	150	63	56	31	50	79	47	32	62	31	13	11	20	142	104	58	109	69	31	26	43	128	66	34	103	70	57	38	56	80	47	30	50	0	44	0	57	66	46	19	33	80	11	35	11	162	114	47	118
52	52	24	59	100	78	47	76	0	30	0	34	104	109	38	149	68	55	26	51	78	47	33	62	30	13	12	20	147	104	59	109	69	31	26	43	124	64	38	105	75	56	33	57	84	47	26	50	0	44	0	57	69	47	16	32	76	10	39	12	153	112	50	120
55	51	21	60	102	81	43	75	0	30	0	34	103	110	39	148	69	55	25	51	79	47	32	62	34	14	7	20	154	107	53	106	71	31	24	43	126	64	36	105	75	55	33	58	82	47	28	50	0	47	0	54	68	47	18	31	78	10	37	12	157	112	45	120
54	51	22	60	103	81	42	75	0	29	0	35	100	112	42	146	69	53	25	53	77	47	34	62	33	15	7	20	156	106	51	107	72	31	23	43	129	65	32	105	75	57	33	56	84	47	27	49	0	47	0	54	68	47	18	31	76	10	39	12	152	112	50	120
53	51	23	60	106	78	40	77	0	29	0	35	100	111	42	147	71	53	23	53	81	47	30	62	30	16	9	20	159	106	48	107	76	31	19	43	129	64	33	105	78	57	30	56	81	48	29	49	0	48	0	53	69	47	17	31	74	10	41	12	152	111	50	121
47	51	29	60	106	77	40	78	0	31	0	33	103	112	39	146	72	54	22	52	84	47	27	62	29	17	9	20	157	107	51	107	75	31	20	43	132	63	30	106	78	57	30	56	83	48	27	49	0	48	0	53	67	49	17	31	74	10	41	12	152	109	48	123
48	50	28	61	108	78	37	78	0	31	0	33	98	115	44	143	74	53	20	53	85	48	26	61	27	17	11	20	156	105	53	109	76	31	19	43	126	65	34	106	75	58	33	55	86	46	24	51	0	49	0	52	64	48	20	32	74	9	41	13	152	110	47	122
51	50	25	61	107	77	39	78	0	31	0	33	102	114	40	144	71	53	23	53	89	49	22	60	28	17	10	20	156	105	47	110	74	31	21	43	126	66	33	106	76	57	32	56	83	47	26	51	0	48	0	53	64	48	20	32	78	9	37	13	152	110	52	122
54	50	22	61	115	73	32	81	0	31	0	33	107	115	35	143	72	55	22	51	87	50	23	60	27	17	11	20	156	106	45	109	74	30	21	44	129	66	29	107	77	58	30	56	80	47	29	51	0	48	0	53	65	46	19	34	80	9	35	13	153	110	53	122
55	50	21	61	117	74	30	80	0	31	0	33	108	115	34	143	71	54	23	52	86	50	24	60	27	17	11	20	162	105	39	109	67	31	28	43	126	67	31	107	78	58	29	56	82	47	27	51	0	47	0	54	63	46	20	35	78	9	37	13	157	109	50	123
54	50	22	61	114	74	34	79	0	31	0	33	106	114	36	144	75	53	19	53	85	50	25	60	28	17	10	20	161	104	40	111	67	31	28	43	122	65	35	109	74	59	34	54	80	46	29	52	0	47	0	54	62	46	21	35	77	9	38	13	158	110	48	122
54	51	22	60	116	74	32	79	0	31	0	33	110	113	32	145	77	52	17	54	84	51	25	60	26	17	12	20	161	101	42	112	71	30	24	44	128	66	29	108	75	59	33	54	77	46	32	52	0	47	0	54	59	48	23	34	80	9	35	13	156	110	50	122
53	51	23	60	119	74	29	79	0	32	0	32	109	111	33	147	75	51	19	55	88	49	22	61	27	17	11	20	165	101	40	112	76	30	19	44	126	64	32	109	77	62	30	52	76	45	33	53	0	48	0	53	59	48	22	35	80	9	35	13	151	110	53	122
56	50	20	61	121	78	25	77	0	32	0	32	109	112	33	146	75	50	19	56	87	48	23	62	30	17	8	20	165	101	40	112	76	30	19	44	129	64	30	108	77	62	29	53	79	44	31	53	0	48	0	53	59	46	22	37	79	9	36	13	154	111	50	121
59	49	17	62	117	79	29	76	0	32	0	32	110	111	32	147	75	49	19	57	89	49	21	61	31	18	7	19	167	100	39	113	77	30	18	44	127	63	32	109	76	62	30	53	80	43	31	53	0	47	0	54	61	45	20	38	79	9	36	13	147	113	56	119
58	49	18	62	115	78	31	77	0	32	0	32	109	108	33	150	75	49	19	57	92	46	20	62	31	18	7	19	161	97	44	117	77	31	18	43	128	63	30	110	73	63	32	53	76	43	35	53	0	46	0	55	65	44	17	38	79	9	36	13	146	113	57	119
58	49	18	62	115	77	31	78	0	32	0	32	109	107	33	151	74	49	20	57	89	45	23	63	30	20	7	18	161	94	43	119	75	32	20	42	123	64	35	109	77	62	28	54	75	43	36	53	0	46	0	55	61	45	20	38	78	9	37	13	154	114	51	118
57	49	19	62	116	77	30	78	0	32	0	32	109	106	33	152	71	47	23	59	84	48	25	63	30	20	7	18	158	93	48	120	76	32	19	42	123	66	34	108	76	59	30	56	75	44	36	52	0	46	0	55	60	46	21	37	76	9	39	13	153	114	50	118
58	49	18	62	113	76	33	79	0	32	0	32	110	103	32	155	70	45	24	61	84	48	25	63	28	21	7	19	158	92	47	120	73	32	22	42	128	66	30	107	80	59	26	56	75	44	36	52	0	45	0	56	60	47	20	37	80	9	35	13	152	114	53	118
58	49	18	62	116	78	28	79	0	31	0	33	113	102	29	156	72	44	22	62	82	49	27	62	30	22	5	18	157	90	45	122	72	32	23	42	124	66	34	107	82	58	25	56	72	47	36	52	0	44	0	57	61	47	19	37	78	9	37	13	154	115	54	117
59	50	17	61	114	79	29	79	0	30	0	34	112	103	30	155	71	44	23	62	83	46	27	64	31	22	4	18	158	90	44	120	70	32	25	42	130	66	28	107	79	56	29	57	74	47	34	52	0	41	0	60	60	49	18	37	82	9	33	13	152	116	58	116
60	49	16	62	113	77	31	80	0	30	0	34	110	104	32	154	69	43	25	63	83	46	27	64	33	21	3	18	161	90	41	120	69	32	26	42	129	66	29	107	82	54	27	58	75	46	33	53	0	43	0	58	58	51	20	35	81	9	34	13	151	115	59	117
59	49	17	62	114	75	31	81	0	31	0	33	112	107	30	151	70	44	24	62	80	45	31	64	33	21	3	18	156	91	44	120	73	31	22	43	120	67	38	106	79	54	30	58	74	46	34	53	0	42	0	59	57	51	21	35	85	9	30	13	148	115	63	117
57	49	19	62	117	73	28	83	0	31	0	33	112	109	30	149	72	44	22	62	82	44	28	66	32	21	4	18	160	89	42	121	72	32	23	42	116	68	42	105	78	54	31	58	73	47	34	53	0	42	0	59	58	51	20	35	85	9	30	13	152	115	58	117
57	49	19	62	110	72	35	84	0	31	0	33	112	110	30	148	74	44	20	62	83	44	27	66	32	21	4	18	162	87	42	122	72	31	23	43	117	69	39	106	79	54	30	58	74	47	33	53	0	40	0	61	56	51	22	35	87	10	28	12	146	115	63	117
56	49	20	62	107	72	38	84	0	31	0	33	113	110	29	148	74	43	20	63	85	42	26	67	34	20	3	18	162	85	43	124	71	31	24	43	117	70	39	105	79	57	28	57	76	46	32	53	0	40	0	61	57	50	22	35	87	11	28	11	142	114	66	118
59	49	17	62	105	72	38	86	0	31	0	33	115	109	27	149	70	43	24	63	84	41	28	67	34	20	3	18	156	84	48	125	68	31	27	43	116	70	39	106	78	57	29	57	78	46	30	53	0	40	0	61	58	49	22	35	87	11	28	11	139	113	70	119
62	50	14	61	101	72	42	86	0	31	0	33	109	109	33	149	69	43	25	63	82	40	31	67	33	20	4	18	152	84	52	125	69	31	26	43	116	71	38	106	80	56	28	57	76	46	32	53	0	40	0	61	59	49	21	35	87	10	28	12	141	112	68	120
62	51	14	60	98	72	45	86	0	30	0	34	111	109	31	149	70	45	24	61	83	40	30	67	30	21	7	17	152	83	53	126	67	31	28	43	114	74	38	105	82	56	26	57	77	46	31	53	0	40	0	61	59	49	21	35	89	10	26	12	142	110	66	122
62	50	14	61	94	71	49	87	0	30	0	34	111	109	31	149	70	45	24	61	84	41	29	66	28	21	9	17	146	83	57	126	69	31	26	43	115	75	36	105	88	54	22	57	78	46	30	53	0	41	0	60	58	51	21	34	86	11	29	11	144	111	66	121
62	50	14	61	96	70	47	88	0	30	0	34	112	109	30	149	70	47	24	59	85	41	28	66	28	20	9	18	149	83	58	126	71	31	24	43	112	75	39	105	88	56	20	57	74	47	34	52	0	41	0	60	56	50	23	35	85	11	30	11	146	110	60	122
59	48	17	63	99	72	43	87	0	30	0	34	112	109	30	149	72	48	22	58	88	40	26	66	29	20	8	18	153	84	52	125	67	31	28	43	107	76	42	106	90	55	19	57	75	48	33	51	0	41	0	60	54	50	26	34	83	12	32	10	145	110	63	122
61	47	15	64	99	72	44	86	0	30	0	34	113	110	29	148	71	48	23	58	87	41	26	66	29	21	7	18	149	85	53	126	67	31	28	43	107	76	42	106	88	55	21	57	78	48	30	51	0	40	0	61	58	50	22	34	87	12	28	10	151	110	58	122
61	47	15	64	102	72	41	86	0	30	0	34	110	108	32	150	71	49	23	57	83	41	30	66	28	21	8	18	148	88	54	124	69	31	26	43	108	76	41	106	90	55	19	57	79	48	29	51	0	41	0	60	57	49	23	35	86	12	29	10	152	109	56	123
61	46	15	65	101	74	41	85	0	30	0	34	109	108	33	150	72	49	22	57	84	42	29	65	27	22	8	18	148	88	52	124	69	32	26	42	103	76	46	106	88	56	20	57	77	48	31	51	0	40	0	61	55	49	24	36	87	11	28	11	155	110	55	122
60	46	16	65	106	73	36	86	0	30	0	34	107	108	35	150	71	48	23	58	83	42	29	66	27	22	8	18	144	93	53	122	68	32	27	42	102	76	46	107	84	56	24	57	79	49	29	50	0	41	0	60	53	49	26	36	81	11	34	11	153	110	57	122
60	47	16	64	107	71	35	88	0	28	0	36	113	109	29	149	76	48	18	58	86	42	26	66	29	22	6	18	142	94	55	122	70	32	25	42	106	75	42	108	87	54	22	58	82	48	26	51	0	42	0	59	53	48	27	36	81	11	34	11	148	109	61	123
64	47	12	64	107	70	35	89	0	28	0	36	114	108	28	150	76	48	18	58	86	41	26	67	29	22	6	18	137	92	58	122	68	32	27	42	106	74	42	109	90	52	19	60	80	48	27	52	0	43	0	58	57	48	23	36	84	11	31	11	153	106	60	126
64	46	12	65	107	71	35	88	0	29	0	35	114	106	28	152	76	49	18	57	84	41	27	68	30	22	5	18	135	90	61	124	73	33	22	41	110	72	39	110	92	52	17	60	82	48	25	52	0	42	0	59	58	48	22	36	85	11	30	11	156	106	56	126
63	46	13	65	104	74	36	87	0	29	0	35	115	105	27	153	73	47	21	59	86	41	25	68	30	22	5	18	138	90	61	123	73	33	22	41	108	74	40	109	89	53	19	60	81	48	25	53	0	41	0	60	59	48	21	36	86	11	29	11	151	108	59	124
61	44	15	67	101	71	39	90	0	29	0	35	113	104	29	154	70	47	24	59	88	41	23	68	31	22	4	18	138	88	63	124	76	33	19	41	104	74	44	109	92	52	17	60	82	48	24	53	0	42	0	59	60	48	20	36	86	11	29	11	145	108	64	124
57	46	19	65	101	71	39	90	0	29	0	35	112	104	30	154	69	47	25	59	88	41	23	68	33	22	2	18	141	87	59	125	74	34	21	40	103	74	45	109	90	53	19	59	82	48	24	53	0	41	0	60	60	48	20	36	86	11	29	11	147	109	63	123
55	45	21	66	96	71	44	90	0	29	0	35	108	102	34	156	71	47	23	59	89	40	22	69	31	22	4	18	134	90	59	124	76	34	19	40	101	75	47	108	92	52	17	60	79	49	27	52	0	42	0	59	59	46	21	38	83	11	32	11	151	109	64	123
54	44	22	67	99	71	41	90	0	29	0	35	110	102	32	156	71	47	23	59	82	41	28	69	31	23	3	18	132	89	62	125	72	33	23	41	102	75	45	109	93	52	17	59	78	50	27	52	0	41	0	60	62	46	18	38	82	11	33	11	152	107	62	125
53	44	23	67	95	70	45	91	0	29	0	35	110	103	32	155	73	47	21	59	83	42	26	69	31	23	3	18	133	89	62	125	75	33	20	41	107	73	41	110	91	53	18	59	81	50	24	52	0	41	0	60	62	46	18	38	86	11	29	11	150	109	63	123
54	44	22	67	97	71	42	91	0	29	0	35	107	101	35	157	71	48	23	58	83	42	27	68	31	23	3	18	133	90	62	124	74	32	21	42	107	73	42	109	93	52	17	59	79	48	26	54	0	40	0	61	64	44	16	40	87	11	28	11	153	110	60	122
54	44	22	67	95	71	45	90	0	28	0	36	106	101	36	157	73	48	21	58	84	44	24	68	29	24	4	18	134	91	63	123	76	32	19	42	103	75	45	108	93	52	17	59	79	48	26	54	0	40	0	61	62	45	18	39	89	11	26	11	151	110	60	122
57	43	19	68	100	72	39	90	0	28	0	36	109	103	33	155	73	47	21	59	83	43	26	68	28	24	5	18	138	90	61	124	71	32	24	42	103	77	45	106	91	49	21	60	77	47	28	55	0	39	0	62	64	45	16	39	87	11	28	11	155	110	54	122
56	43	20	68	100	71	39	91	0	28	0	36	106	101	36	157	73	47	21	59	83	42	26	69	29	25	4	17	138	87	62	127	73	33	22	41	105	78	43	105	87	49	25	60	80	48	24	55	0	38	0	63	62	43	18	41	90	11	25	11	153	111	55	121
54	43	22	68	105	71	35	90	0	27	0	37	108	102	34	156	76	46	18	60	83	42	26	69	28	26	4	17	140	88	61	125	75	34	20	40	110	78	38	105	88	48	25	60	79	48	25	55	0	37	0	64	63	43	17	41	90	11	25	11	157	110	51	122
54	43	22	68	108	73	32	88	0	27	0	37	106	101	36	157	75	46	19	60	80	42	29	69	27	26	5	17	139	88	59	125	74	33	21	41	107	77	41	106	87	47	26	61	77	48	27	55	0	37	0	64	65	42	15	42	90	11	25	11	163	110	48	122
54	43	22	68	108	71	33	89	0	29	0	35	104	100	38	158	77	46	17	60	82	43	27	68	27	26	5	17	137	88	61	124	76	32	19	42	107	76	41	107	80	48	32	61	75	49	29	54	0	39	0	62	64	42	16	42	92	11	23	11	161	110	51	122
58	44	18	67	105	70	36	90	0	31	0	33	106	100	36	158	77	47	17	59	83	42	26	69	29	24	5	17	138	86	58	126	73	31	22	43	110	75	38	108	76	47	36	62	78	49	26	54	0	39	0	62	64	42	16	42	91	11	24	11	168	109	46	123
60	43	16	68	106	71	35	89	0	32	0	32	107	100	35	158	80	47	14	59	82	43	26	69	28	25	5	17	138	85	58	126	73	31	22	43	111	78	36	106	78	46	35	62	81	47	24	55	0	39	0	62	64	43	15	42	89	10	26	12	167	109	48	123
61	43	15	68	105	73	36	87	0	31	0	33	108	101	34	157	79	45	15	61	81	43	27	69	31	24	2	18	138	87	56	125	72	31	23	43	110	76	37	108	77	48	34	62	80	47	25	55	0	38	0	63	61	45	16	42	86	10	29	12	166	110	50	122
60	43	16	68	108	73	33	87	0	32	0	32	104	100	38	158	75	46	19	60	82	42	26	70	31	24	2	18	139	86	55	125	72	31	23	43	108	78	38	107	81	46	31	63	78	47	27	55	0	38	0	63	61	42	17	44	90	10	25	12	164	109	53	123
61	44	15	67	112	73	29	87	0	32	0	32	108	99	34	159	76	46	18	60	83	40	25	72	31	24	2	18	139	86	54	125	70	30	25	44	107	78	39	107	77	44	35	65	76	48	28	55	0	38	0	63	64	40	14	46	87	9	28	13	164	110	54	122
59	44	17	67	112	73	29	87	0	32	0	32	113	100	29	158	76	46	18	60	80	40	28	72	30	25	2	18	140	87	52	125	68	30	27	44	103	77	43	108	77	43	34	67	76	49	27	55	0	37	0	64	63	40	15	46	87	9	28	13	172	110	46	122
59	44	17	67	115	73	25	88	0	32	0	32	115	101	27	157	73	46	21	60	78	39	30	73	30	25	2	18	145	86	47	126	71	31	24	43	103	76	43	109	77	43	34	67	79	48	24	56	0	37	0	64	62	41	15	46	91	9	24	13	173	110	45	122
60	45	16	66	109	71	31	90	0	31	0	33	116	98	26	160	70	46	24	60	77	39	31	73	29	25	3	18	147	87	40	126	70	31	25	43	99	79	46	107	82	42	29	68	78	48	25	56	0	37	0	64	62	41	15	46	90	9	25	13	178	108	44	124
59	45	17	66	109	70	31	91	0	31	0	33	115	98	27	160	67	47	27	59	77	38	31	74	27	25	5	18	151	87	36	127	72	30	23	44	103	81	41	106	82	42	29	68	77	49	25	56	0	37	0	64	61	43	15	45	91	9	24	13	168	108	53	124
60	47	16	64	111	70	27	93	0	31	0	33	114	99	28	159	64	44	30	62	77	38	31	74	26	24	6	19	150	84	39	129	69	30	26	44	105	81	39	106	80	43	31	67	76	51	26	54	0	39	0	62	62	43	14	45	90	9	25	13	170	110	50	122
63	47	13	64	112	70	25	94	0	31	0	33	117	100	25	158	62	43	32	63	74	39	34	73	26	25	5	19	150	84	41	129	69	30	26	44	103	80	41	107	79	42	33	67	75	49	28	55	0	39	0	62	64	42	12	46	93	9	22	13	174	110	44	122
63	47	13	64	110	71	27	93	0	31	0	33	116	100	26	158	63	41	31	65	81	40	26	73	25	25	6	19	153	80	42	131	69	30	26	44	103	77	42	109	74	44	37	66	76	49	27	55	0	40	0	61	64	41	12	47	95	9	20	13	165	110	51	122
62	46	14	65	106	70	31	94	0	32	0	32	112	101	30	157	67	42	27	64	81	41	26	72	23	25	8	19	154	81	42	131	68	31	27	43	99	76	45	111	74	44	37	66	79	48	25	55	0	40	0	61	62	40	14	48	95	9	20	13	170	109	44	123
61	46	15	65	105	69	32	95	0	31	0	33	111	102	31	156	65	41	29	65	81	39	26	74	25	23	7	20	154	83	43	129	66	30	29	44	99	77	45	110	75	47	36	63	75	51	28	53	0	41	0	60	61	41	15	47	96	9	19	13	166	108	47	124
59	46	17	65	109	69	29	94	0	32	0	32	111	102	31	156	62	41	32	65	78	43	27	72	25	23	7	20	148	85	47	129	66	32	29	42	102	78	42	109	77	46	34	64	80	53	22	52	0	41	0	60	64	41	12	47	94	8	21	14	160	107	53	125
59	46	17	65	108	68	31	94	0	33	0	31	111	104	31	154	61	42	33	64	76	43	29	72	23	24	8	20	149	83	46	131	65	31	30	43	107	77	38	109	79	46	32	64	79	54	23	51	0	41	0	60	63	41	13	47	91	8	24	14	160	107	53	125
58	46	18	65	106	68	32	95	0	33	0	31	111	105	31	153	62	42	32	64	79	43	26	72	21	23	10	21	144	85	48	131	68	32	27	42	111	78	34	108	80	46	32	63	75	54	27	51	0	40	0	61	59	43	15	47	88	8	27	14	160	106	54	126
58	47	18	64	105	69	32	95	0	33	0	31	112	106	30	152	63	41	31	65	82	43	23	72	23	23	8	21	141	86	50	130	69	31	26	43	108	78	37	108	79	46	33	63	77	55	25	50	0	40	0	61	60	43	14	47	85	8	30	14	160	105	55	127
61	47	15	64	105	69	33	94	0	33	0	31	109	108	33	150	65	42	29	64	86	44	19	71	26	23	6	20	139	87	47	131	70	30	25	44	107	79	37	108	83	45	29	64	75	54	27	51	0	40	0	61	58	45	14	47	87	8	28	14	161	106	57	126
59	46	17	65	109	69	30	93	0	33	0	31	111	109	31	149	68	43	26	63	88	44	17	71	25	23	7	20	131	87	55	131	69	28	26	46	106	81	37	107	86	47	25	63	75	53	27	52	0	40	0	61	56	46	16	46	87	8	28	14	164	106	54	126
62	46	14	65	105	70	33	93	0	31	0	33	107	107	35	151	69	43	25	63	87	44	18	71	25	23	7	20	135	84	52	133	68	28	27	46	105	83	36	107	87	47	24	63	73	53	29	52	0	40	0	61	57	46	15	46	88	8	27	14	163	107	55	125
63	46	13	65	101	71	36	93	0	29	0	35	109	107	33	151	70	43	24	63	87	44	18	71	24	23	8	20	131	87	50	131	65	29	30	45	105	82	37	107	87	46	24	64	74	52	28	53	0	39	0	62	55	47	16	46	88	8	27	14	169	107	54	125
62	45	14	66	104	72	32	93	0	29	0	35	111	107	31	151	68	43	26	63	86	42	19	73	24	23	8	20	136	88	45	130	70	29	25	45	103	83	39	106	89	45	23	64	78	52	24	53	0	39	0	62	55	47	16	46	88	8	27	14	166	108	57	124
59	46	17	65	103	73	32	93	0	28	0	36	114	107	28	151	68	42	26	64	86	42	18	74	25	23	7	20	134	89	45	128	72	29	23	45	102	86	40	103	91	44	22	64	80	52	21	54	0	38	0	63	56	47	15	46	87	8	28	14	166	109	60	123
61	44	15	67	104	72	31	94	0	28	0	36	115	107	27	151	66	41	28	65	87	41	17	75	23	23	8	21	133	89	44	129	73	29	22	45	103	86	40	102	90	44	24	63	80	52	21	54	0	37	0	64	54	46	17	47	89	8	26	14	164	106	63	126
59	44	17	67	101	74	34	92	0	27	0	37	105	106	37	152	69	41	25	65	86	40	17	77	23	24	8	20	131	88	45	130	74	30	21	44	103	88	40	100	89	44	25	63	80	51	21	55	0	38	0	63	57	44	16	47	88	8	27	14	167	104	61	128
56	44	20	67	98	74	37	92	0	26	0	38	106	107	36	151	68	41	26	65	83	40	20	77	26	25	5	19	127	89	48	130	76	30	19	44	102	87	41	101	84	46	29	62	80	51	21	55	0	39	0	62	54	44	19	47	87	8	28	14	173	104	55	128
54	45	22	66	97	74	38	92	0	25	0	39	108	106	34	152	71	41	23	65	83	42	19	76	26	25	5	19	124	90	48	131	75	28	20	46	105	87	38	101	82	46	31	62	81	53	20	53	0	39	0	62	55	43	18	48	85	9	30	13	175	103	54	129
57	45	19	66	96	77	37	91	0	24	0	40	106	105	36	153	76	40	18	66	81	43	19	77	25	25	6	19	124	91	46	130	71	28	24	46	106	88	36	101	82	45	31	63	76	56	23	52	0	38	0	63	55	43	17	49	87	9	28	13	171	103	60	129
57	45	19	66	99	78	34	90	0	24	0	40	106	105	36	153	75	40	19	66	81	43	18	78	23	25	8	19	116	91	50	130	69	29	26	45	103	89	38	101	84	45	28	64	74	56	25	52	0	37	0	64	56	44	16	48	88	9	27	13	176	105	59	127
57	45	19	66	95	78	37	91	0	24	0	40	106	102	36	156	74	40	20	66	82	42	18	78	25	24	7	19	120	92	51	130	71	29	24	45	103	86	40	102	84	46	27	64	75	55	24	53	0	37	0	64	58	44	14	48	87	9	28	13	173	106	56	126
54	46	22	65	99	79	33	90	0	24	0	40	110	103	32	155	75	40	19	66	83	41	17	79	25	24	7	19	114	93	56	129	65	28	30	46	102	86	40	103	81	48	29	63	74	55	25	53	0	35	0	66	57	45	14	48	88	9	27	13	177	105	53	127
59	46	17	65	98	81	33	89	0	25	0	39	108	103	34	155	74	40	20	66	82	44	17	77	25	23	8	19	116	96	51	128	69	27	26	47	100	85	43	103	80	49	30	62	73	54	26	54	0	37	0	64	54	47	16	47	86	9	29	13	175	106	56	126
61	47	15	64	101	81	30	89	0	25	0	39	107	103	35	155	76	40	18	66	81	43	17	79	25	23	8	19	115	93	51	129	65	26	30	48	102	85	41	103	79	49	31	62	74	54	25	54	0	36	0	65	52	45	19	48	86	9	29	13	174	107	60	125
62	47	14	64	100	83	31	87	0	25	0	39	114	104	28	154	76	39	18	67	82	43	16	79	22	23	11	19	115	92	52	129	68	26	27	48	107	85	37	102	81	48	29	63	76	53	24	54	0	38	0	63	53	43	19	49	83	9	32	13	172	107	62	125
62	46	14	65	99	84	32	86	0	24	0	40	111	103	31	155	78	39	16	67	80	43	18	79	21	23	12	19	125	93	42	128	71	26	24	48	106	85	38	102	81	47	29	64	73	53	27	54	0	38	0	63	55	44	17	48	82	9	33	13	171	106	63	126
62	47	14	64	101	83	30	87	0	24	0	40	106	103	36	155	79	39	15	67	77	47	18	78	21	23	12	19	123	95	45	126	69	26	26	48	106	85	38	102	81	46	29	65	73	53	26	55	0	38	0	63	55	43	17	49	83	9	32	13	165	105	68	127
59	47	17	64	101	82	31	87	0	23	0	41	106	103	36	155	79	39	15	67	75	47	20	78	21	23	11	20	129	94	39	126	71	28	24	46	108	86	36	101	83	50	25	63	74	52	25	56	0	38	0	63	55	41	17	51	84	9	31	13	168	106	66	126
59	48	17	63	104	80	29	88	0	23	0	41	106	103	36	155	75	38	19	68	74	45	21	80	23	23	9	20	130	93	40	126	70	28	25	46	105	88	38	100	82	48	27	64	74	51	26	56	0	38	0	63	55	42	17	50	82	9	33	13	169	108	64	124
59	48	17	63	102	77	32	90	0	23	0	41	107	104	35	154	77	37	17	69	73	48	21	78	21	23	11	20	133	93	40	125	71	28	24	46	105	85	40	101	85	47	25	64	73	51	27	56	0	38	0	63	56	42	16	50	85	9	30	13	169	108	62	124
60	48	16	63	103	80	29	89	0	23	0	41	107	104	35	154	75	38	19	68	73	48	21	78	20	23	12	20	137	94	38	124	71	28	24	46	108	85	39	99	78	48	30	65	73	52	26	56	0	40	0	61	55	42	17	50	87	9	28	13	163	108	66	124
59	48	17	63	103	79	29	90	0	22	0	42	101	104	41	154	70	39	24	67	70	48	23	79	21	23	11	20	137	94	36	124	75	28	20	46	108	87	39	97	78	48	30	65	74	54	24	55	0	40	0	61	54	42	18	50	83	10	32	12	165	104	66	128
60	48	16	63	107	79	26	89	0	23	0	41	104	105	38	153	72	38	22	68	68	46	25	81	22	23	10	20	138	94	36	124	76	28	19	46	109	88	38	96	77	48	32	64	77	51	22	57	0	40	0	61	54	42	18	50	81	10	34	12	165	105	65	127
58	48	18	63	106	80	26	89	0	23	0	41	102	106	40	152	69	38	25	68	70	45	24	81	20	24	11	20	140	94	33	124	75	29	20	45	109	86	39	97	77	49	32	63	78	50	22	57	0	39	0	62	55	39	18	52	81	10	34	12	168	105	63	127
57	47	19	64	105	82	26	88	0	23	0	41	100	106	42	152	68	38	26	68	69	45	25	81	20	24	11	20	140	95	32	124	75	29	20	45	108	87	39	97	78	50	31	62	75	51	25	56	0	38	0	63	56	39	17	52	82	10	33	12	168	103	63	129
58	48	18	63	103	82	27	89	0	23	0	41	100	106	42	152	69	40	25	66	62	46	31	81	20	24	11	20	144	96	28	124	73	29	22	45	106	86	41	98	81	50	28	62	77	52	23	55	0	38	0	63	58	39	15	52	83	10	32	12	170	101	60	131
54	48	22	63	101	81	30	89	0	23	0	41	102	106	40	152	69	41	25	65	58	46	35	81	21	24	10	20	146	96	29	123	73	29	22	45	107	85	41	98	80	51	29	61	77	50	23	57	0	38	0	63	55	38	18	53	83	10	32	12	173	100	55	132
54	49	22	62	100	82	31	88	0	23	0	41	103	107	39	151	68	41	26	65	60	46	33	81	21	24	10	20	145	96	29	123	74	29	21	45	109	85	38	99	82	52	26	61	76	51	22	58	0	37	0	64	54	38	19	53	85	10	30	12	175	100	54	132
55	49	21	62	98	82	33	88	0	23	0	41	104	105	38	153	69	41	25	65	63	46	30	81	20	24	11	20	143	96	33	123	75	28	20	46	106	88	39	98	81	53	26	61	77	50	21	59	0	39	0	62	53	38	20	53	82	11	33	11	172	100	55	132
55	49	21	62	101	77	30	93	0	22	0	42	107	104	35	154	67	41	27	65	64	47	29	80	22	24	9	20	142	95	34	124	74	27	21	47	109	89	36	97	83	52	24	62	76	50	22	59	0	39	0	62	51	38	21	54	82	11	33	11	174	100	53	132
55	49	21	62	101	80	27	93	0	23	0	41	109	103	33	155	65	41	29	65	69	47	24	80	20	24	11	20	137	94	36	125	72	27	23	47	115	88	31	97	83	53	24	61	79	50	19	59	0	37	0	64	56	36	17	55	83	11	32	11	177	100	53	132
54	49	22	62	96	81	31	93	0	23	0	41	111	106	31	152	66	40	28	66	62	49	29	80	20	25	10	20	135	92	40	126	72	26	23	48	116	89	30	96	79	54	27	61	81	50	17	59	0	36	0	65	57	36	17	54	83	11	32	11	175	102	54	130
57	47	19	64	97	79	30	95	0	23	0	41	108	105	34	153	66	41	28	65	66	47	26	81	20	25	10	20	134	92	40	126	69	26	26	48	117	88	29	97	81	52	25	63	79	49	20	59	0	35	0	66	58	36	16	54	81	11	34	11	177	103	53	129
58	47	18	64	99	80	28	94	0	24	0	40	104	106	38	152	70	40	24	66	66	47	26	81	20	25	10	20	127	93	44	126	67	26	28	48	122	88	25	96	79	52	28	62	77	49	22	59	0	34	0	67	59	36	15	54	80	11	35	11	176	104	56	128
59	47	17	64	97	80	29	95	0	24	0	40	101	106	41	152	70	40	24	66	62	48	29	81	19	25	11	20	125	95	43	126	68	27	27	47	120	89	26	96	81	53	26	61	77	48	22	60	0	34	0	67	56	36	18	54	82	11	33	11	177	103	56	129
54	47	22	64	96	80	30	95	0	24	0	40	106	106	36	152	67	41	27	65	63	48	28	81	19	25	11	20	123	94	44	126	67	26	28	48	118	90	27	96	82	54	25	60	77	46	24	60	0	35	0	66	58	36	15	55	81	11	34	11	184	103	51	129
52	48	24	63	95	80	30	96	0	24	0	40	105	107	37	151	64	41	30	65	63	48	28	81	19	25	11	20	126	92	42	128	66	27	29	47	117	90	28	96	81	55	25	60	76	47	25	59	0	34	0	67	56	37	16	55	85	11	30	11	176	104	58	128
56	48	20	63	97	80	27	97	0	24	0	40	106	107	36	151	60	42	34	64	66	45	26	83	19	25	11	20	123	93	40	129	67	29	28	45	115	90	31	95	82	56	23	60	77	45	26	59	0	34	0	67	57	38	15	54	89	11	26	11	173	104	64	128
58	47	18	64	96	80	28	97	0	24	0	40	103	106	39	152	63	42	31	64	67	46	24	83	18	25	12	20	122	93	43	128	66	29	29	45	117	90	29	95	77	59	26	59	77	45	26	59	0	34	0	67	52	38	20	54	88	11	27	11	169	105	67	127
58	46	18	65	95	78	29	99	0	24	0	40	105	104	37	154	64	42	30	64	68	46	23	83	18	25	12	20	120	95	45	127	65	29	30	45	113	89	32	97	75	58	28	60	76	46	26	59	0	34	0	67	50	37	23	54	90	11	25	11	160	105	75	127
59	45	17	66	95	78	29	99	0	24	0	40	108	107	34	151	63	42	31	64	66	46	24	84	17	25	13	20	118	94	46	127	63	29	32	45	114	86	31	100	74	60	27	60	78	45	24	60	0	34	0	67	52	37	21	54	89	11	26	11	166	105	71	127
61	45	15	66	92	77	33	99	0	24	0	40	106	106	36	152	63	42	31	64	68	46	22	84	19	25	11	20	121	95	43	126	62	30	33	44	117	83	29	102	75	59	26	61	77	45	25	60	0	34	0	67	51	37	22	54	89	11	26	11	169	105	68	127
59	45	17	66	93	76	32	100	0	25	0	39	106	107	36	151	68	43	26	63	70	46	20	84	19	24	11	21	122	96	40	125	64	30	31	44	116	84	29	102	80	59	21	61	81	46	20	60	0	34	0	67	54	37	19	54	87	11	28	11	171	105	68	127
58	45	18	66	92	75	33	101	0	25	0	39	107	106	35	152	70	43	24	63	71	45	19	85	17	24	13	21	123	96	40	125	67	31	28	43	115	85	29	102	77	60	24	60	84	45	17	61	0	34	0	67	52	38	21	53	88	10	27	12	175	106	63	126
57	45	19	66	95	75	29	102	0	25	0	39	108	106	34	152	70	42	24	64	69	44	21	86	17	24	13	21	125	98	35	124	68	30	27	44	117	85	27	102	79	61	21	60	83	46	17	61	0	33	0	68	51	39	22	52	90	10	25	12	176	108	64	124
55	45	21	66	89	74	34	104	0	24	0	40	108	107	34	151	72	43	22	63	71	44	19	86	16	24	14	21	124	99	36	123	66	30	29	44	112	86	33	100	77	63	22	59	81	49	17	60	0	34	0	67	54	39	19	52	89	10	26	12	175	107	65	125
53	44	23	67	89	72	34	106	0	24	0	40	109	106	33	152	72	45	22	61	65	46	25	84	17	23	14	21	120	101	39	122	68	30	27	44	113	88	31	99	77	63	22	59	78	48	20	61	0	34	0	67	55	40	18	51	91	10	24	12	174	105	66	127
54	44	22	67	89	73	33	106	0	24	0	40	111	106	31	152	75	42	19	64	64	46	26	84	18	23	13	21	121	100	41	124	65	28	30	46	112	89	31	99	78	63	21	59	78	49	19	61	0	34	0	67	53	38	19	54	91	10	24	12	173	104	63	128
52	43	24	68	92	72	30	107	0	25	0	39	107	104	35	154	73	42	21	64	68	46	22	84	19	23	12	21	126	99	39	124	66	28	29	46	111	90	32	98	80	63	19	59	78	48	20	61	0	34	0	67	56	37	16	55	88	9	27	13	169	103	65	129
52	42	24	69	97	72	25	107	0	25	0	39	106	104	36	154	74	42	20	64	69	46	21	84	20	23	11	21	125	101	36	123	66	26	29	48	107	90	36	98	78	65	20	58	78	48	20	61	0	34	0	67	52	35	20	57	88	9	27	13	164	104	73	128
52	42	24	69	92	71	29	109	0	26	0	38	107	105	35	153	73	43	21	63	68	48	21	83	18	22	13	22	125	100	39	125	70	26	25	48	104	90	38	99	75	66	22	58	79	48	19	61	0	34	0	67	51	35	21	57	87	9	28	13	168	105	65	127
52	42	24	69	93	71	28	109	0	26	0	38	108	105	34	153	69	43	25	63	68	48	21	83	17	22	14	22	122	101	41	125	69	24	26	50	101	92	40	98	74	66	23	58	81	49	18	59	0	34	0	67	52	35	20	57	87	9	28	13	173	105	60	127
57	40	19	71	94	70	28	109	0	26	0	38	107	106	35	152	73	43	21	63	66	47	23	84	17	22	14	22	124	102	42	124	70	24	25	50	102	94	38	97	73	68	24	56	82	49	17	59	0	35	0	66	50	37	20	57	90	9	25	13	175	105	55	127
59	40	17	71	94	69	28	110	0	27	0	37	110	107	32	151	70	43	24	63	66	49	23	82	16	21	15	23	126	102	38	124	71	25	24	49	102	92	39	98	73	65	24	59	81	51	16	59	0	36	0	65	53	38	17	56	89	9	26	13	175	107	57	125
59	41	17	70	94	73	26	108	0	27	0	37	113	105	29	153	70	42	24	64	65	49	24	82	18	21	13	23	124	100	40	125	72	25	23	49	102	92	39	98	73	63	24	61	80	51	17	59	0	36	0	65	50	41	19	54	90	9	25	13	175	107	58	125
61	42	15	69	90	73	30	108	0	27	0	37	111	104	31	154	68	42	26	64	66	50	23	81	20	20	12	23	124	97	40	126	77	27	18	47	107	92	35	97	74	62	23	62	79	52	17	59	0	34	0	67	52	41	17	54	89	8	26	14	178	107	57	125
62	41	14	70	88	74	31	108	0	27	0	37	109	103	33	155	72	41	22	65	66	51	22	81	22	20	10	23	129	96	36	127	76	27	19	47	111	95	31	94	73	62	24	62	78	53	17	59	0	34	0	67	52	41	17	54	85	8	30	14	178	108	56	124
61	40	15	71	84	75	35	107	0	27	0	37	109	101	33	157	74	41	20	65	69	50	20	81	24	21	8	22	127	99	41	125	74	26	21	48	108	96	32	95	71	62	25	63	77	52	18	60	0	34	0	67	50	42	18	54	84	7	31	15	177	108	53	124
60	41	16	70	84	77	35	105	0	26	0	38	109	102	33	156	75	40	19	66	70	49	20	81	25	21	7	22	127	100	42	125	73	26	22	48	110	96	30	95	73	62	23	63	76	53	19	59	0	33	0	68	50	43	18	53	88	7	27	15	169	107	59	125
60	41	16	70	83	77	35	106	0	26	0	38	115	99	27	159	73	41	21	65	66	50	24	80	25	21	7	22	124	103	42	124	73	26	22	48	108	97	32	94	72	62	24	63	76	52	20	59	0	33	0	68	50	43	18	53	88	8	27	14	175	106	54	126
59	40	17	71	85	79	32	105	0	26	0	38	112	101	30	157	73	41	21	65	68	50	22	80	25	21	7	22	125	106	39	123	75	26	20	48	106	96	35	94	71	62	25	63	75	51	22	59	0	34	0	67	49	43	19	53	90	8	25	14	169	106	60	126
59	40	17	71	88	81	28	104	0	27	0	37	109	101	33	157	73	41	21	65	68	49	23	80	25	21	7	22	123	108	39	122	74	26	21	48	111	96	32	92	69	63	27	62	76	51	21	59	0	35	0	66	47	43	21	53	90	9	25	13	171	106	59	126
60	39	16	72	91	80	25	105	0	27	0	37	107	99	35	159	72	41	22	65	69	49	22	80	25	21	7	22	123	107	40	124	71	26	24	48	111	95	32	93	65	66	30	60	75	50	21	61	0	34	0	67	47	43	21	53	90	9	25	13	171	104	57	128
61	39	15	72	87	82	28	104	0	27	0	37	104	100	38	158	72	41	22	65	71	49	20	80	25	21	7	22	115	108	47	123	71	28	24	46	113	95	31	92	66	66	29	60	70	49	27	61	0	35	0	66	49	43	19	53	89	9	26	13	173	105	56	127
57	40	19	71	89	81	26	105	0	26	0	38	104	100	38	158	74	40	20	66	66	50	24	80	26	20	7	22	117	109	45	124	69	29	26	45	110	96	34	91	66	66	29	60	74	49	23	61	0	35	0	66	49	44	19	52	90	9	25	13	170	108	57	124
56	40	20	71	88	80	28	105	0	27	0	37	105	97	37	161	75	40	19	66	65	51	25	79	25	21	8	21	117	109	47	125	73	30	22	44	106	97	37	91	69	65	27	60	72	51	24	60	0	36	0	65	46	44	22	52	93	9	22	13	164	110	60	122
56	40	20	71	84	80	32	105	0	29	0	35	106	99	36	159	74	40	20	66	66	53	24	77	25	21	8	21	117	107	47	126	76	31	19	43	105	97	37	92	68	63	28	62	68	53	27	59	0	36	0	65	43	45	24	52	90	9	25	13	159	110	66	122
55	38	21	73	85	81	31	104	0	28	0	36	105	98	37	160	77	40	17	66	67	54	23	76	24	22	8	21	121	108	43	125	75	30	20	44	104	96	39	92	72	63	24	62	68	53	27	59	0	35	0	66	47	45	20	52	91	9	24	13	159	110	66	122
56	38	20	73	83	81	33	104	0	28	0	36	108	99	34	159	75	40	19	66	70	55	19	76	25	22	7	21	117	108	48	125	76	30	19	44	103	97	40	91	72	61	24	64	67	54	27	59	0	35	0	66	48	43	19	54	93	9	22	13	154	110	70	122
57	37	19	74	85	79	33	104	0	28	0	36	111	102	31	156	69	40	25	66	68	56	21	75	26	21	7	21	117	108	48	125	76	30	19	44	102	94	43	92	74	62	22	63	70	55	24	58	0	34	0	67	49	43	18	54	89	8	26	14	162	110	62	122
59	37	17	74	85	79	33	104	0	28	0	36	111	103	31	155	70	41	24	65	71	54	18	77	26	21	7	21	121	109	42	124	77	30	18	44	101	94	44	92	71	60	26	64	70	56	24	57	0	34	0	67	50	43	17	54	90	9	25	13	163	108	63	124
56	39	20	72	80	79	38	104	0	28	0	36	113	104	29	154	66	38	28	68	71	53	19	77	24	20	9	22	124	106	40	125	76	31	19	43	100	97	44	90	72	58	26	65	67	57	27	56	0	34	0	67	50	44	17	53	93	9	22	13	164	106	63	126
55	41	21	70	83	79	35	104	0	28	0	36	111	104	31	154	67	38	27	68	66	53	24	77	24	20	9	22	122	106	41	125	76	31	19	43	107	97	36	91	72	57	26	66	67	56	27	57	0	35	0	66	50	46	16	52	93	9	22	13	166	109	62	123
58	41	18	70	86	80	30	105	0	28	0	36	112	104	30	154	66	38	28	68	68	53	22	77	20	20	13	22	117	107	45	124	75	30	20	44	105	100	36	90	69	57	28	67	68	56	26	57	0	32	0	69	52	46	14	52	94	9	21	13	168	109	61	123
56	40	20	71	85	79	32	105	0	29	0	35	114	105	28	153	70	37	24	69	66	52	24	78	22	20	11	22	120	107	41	124	77	30	18	44	99	101	42	89	67	57	30	67	69	55	25	58	0	32	0	69	53	49	12	50	93	9	22	13	169	109	61	123
57	40	19	71	86	79	30	106	0	29	0	35	116	105	26	153	68	37	26	69	65	51	25	79	22	20	11	22	119	105	43	126	77	30	18	44	96	102	43	90	64	57	33	67	70	55	24	58	0	32	0	69	53	48	12	51	94	9	21	13	175	110	54	122
56	41	20	70	85	81	30	105	0	29	0	35	116	104	26	154	70	37	24	69	67	50	24	79	23	20	10	22	123	103	40	127	75	30	20	44	99	103	40	89	63	58	33	67	71	58	22	56	0	32	0	69	53	47	12	52	91	9	24	13	171	109	58	123
57	40	19	71	83	81	31	106	0	29	0	35	116	104	26	154	71	37	23	69	64	51	26	79	25	20	8	22	128	105	35	126	75	29	20	45	102	100	38	91	69	58	28	66	70	58	23	56	0	32	0	69	53	46	12	53	92	9	23	13	174	108	54	124
54	40	22	71	80	80	34	107	0	30	0	34	117	104	25	154	73	37	21	69	63	51	27	79	24	19	9	23	131	105	31	127	74	30	21	44	104	97	37	93	68	57	30	66	73	57	20	57	0	32	0	69	53	44	12	55	89	9	26	13	176	106	52	126
51	40	25	71	78	82	35	106	0	28	0	36	113	104	29	154	72	36	22	70	62	53	27	78	24	18	9	24	134	103	32	128	76	30	19	44	103	97	38	93	64	58	34	65	72	55	21	59	0	32	0	69	54	43	11	56	89	9	26	13	175	106	50	126
49	40	27	71	76	82	37	106	0	28	0	36	113	106	29	152	73	36	21	70	66	53	24	77	23	18	10	24	139	102	31	129	76	30	19	44	107	98	33	93	68	60	29	64	73	56	21	57	0	33	0	68	54	44	11	55	87	8	28	14	172	107	49	125
50	39	26	72	80	82	33	106	0	28	0	36	110	108	32	150	73	37	21	69	65	53	26	76	22	19	10	24	137	108	30	126	75	30	20	44	104	97	37	93	69	59	28	65	71	52	21	63	0	33	0	68	53	45	11	55	86	8	29	14	174	107	47	125
54	39	22	72	83	81	30	107	0	27	0	37	109	107	33	151	70	39	24	67	68	53	23	76	22	19	10	24	127	108	40	126	76	28	19	46	107	97	34	93	68	60	28	65	68	54	22	63	0	34	0	67	52	43	12	57	85	8	30	14	171	106	50	126
55	38	21	73	77	83	35	106	0	27	0	37	105	106	37	152	72	39	22	67	68	54	22	76	22	19	10	24	126	109	40	125	72	28	23	46	106	97	34	94	70	61	25	65	67	55	23	62	0	34	0	67	52	43	13	56	86	8	29	14	175	107	47	125
56	38	20	73	77	85	34	105	0	27	0	37	104	103	38	155	74	40	20	66	64	54	25	77	21	19	11	24	125	110	42	124	71	28	24	46	105	97	35	94	72	62	23	64	68	56	22	61	0	33	0	68	51	43	14	56	86	8	29	14	170	105	51	127
56	37	20	74	77	85	34	105	0	27	0	37	104	102	38	156	74	40	20	66	65	53	24	78	21	19	11	24	131	107	40	125	72	28	23	46	107	98	32	94	76	61	19	65	68	55	23	61	0	33	0	68	53	42	12	57	89	8	26	14	167	105	52	127
53	37	23	74	79	85	32	105	0	27	0	37	101	102	41	156	71	41	23	65	64	51	24	81	20	18	12	25	127	108	43	124	74	27	21	47	102	97	37	95	72	63	22	64	67	57	23	60	0	35	0	66	55	42	11	56	91	8	24	14	167	106	53	126
55	38	21	73	83	86	26	106	0	27	0	37	106	101	36	157	73	41	21	65	65	51	23	81	20	18	12	25	128	108	44	124	74	27	21	47	103	99	34	95	71	61	23	66	67	56	23	61	0	35	0	66	56	42	10	56	89	8	26	14	165	106	53	126
56	38	20	73	76	86	33	106	0	27	0	37	109	100	33	158	74	40	20	66	67	51	21	81	21	18	12	24	133	105	41	126	74	26	21	48	102	104	32	93	74	63	20	64	66	56	24	61	0	36	0	65	56	41	10	57	90	8	25	14	166	108	51	124
57	38	19	73	80	86	31	104	0	27	0	37	109	100	33	158	76	40	18	66	66	51	22	81	24	18	9	24	128	104	44	126	71	26	24	48	100	102	36	93	73	64	19	65	64	57	25	61	0	36	0	65	54	42	12	56	89	8	26	14	167	109	53	123
56	40	20	71	79	88	30	104	0	27	0	37	111	99	31	159	75	39	19	67	68	52	19	81	26	18	7	24	124	103	47	127	71	28	24	46	101	101	35	94	71	66	19	65	64	59	24	60	0	38	0	63	52	42	14	56	88	8	27	14	168	107	53	125
56	41	20	70	78	87	31	105	0	26	0	38	109	98	33	160	73	37	21	69	65	52	22	81	23	18	10	24	127	103	44	127	73	28	22	46	101	101	35	94	72	65	18	66	64	58	25	60	0	38	0	63	54	42	13	55	87	8	28	14	168	107	53	125
55	43	21	68	75	86	33	107	0	26	0	38	110	98	32	160	73	37	21	69	65	52	23	80	25	17	8	25	128	105	42	125	73	28	22	46	100	98	38	95	72	65	18	66	67	57	22	61	0	38	0	63	51	42	15	56	86	8	29	14	166	107	56	125
56	43	20	68	76	86	32	107	0	26	0	38	111	101	31	157	75	37	19	69	67	51	21	81	23	18	9	25	130	105	41	125	70	28	25	46	101	100	36	94	71	65	19	66	69	59	19	60	0	37	0	64	47	42	18	57	88	8	27	14	164	108	57	124
59	44	17	67	74	86	34	107	0	26	0	38	111	100	31	158	74	37	20	69	63	53	22	82	23	18	9	25	129	103	44	126	71	28	24	46	107	99	30	95	72	64	19	66	70	59	18	60	0	36	0	65	48	42	17	57	87	8	28	14	165	106	55	126
58	45	18	66	78	85	30	108	0	25	0	39	107	100	35	158	71	38	23	68	63	54	21	82	24	17	8	26	133	102	39	127	69	29	26	45	107	100	29	95	70	65	20	66	69	58	19	61	0	37	0	64	50	42	15	57	89	8	26	14	170	105	51	127
58	45	18	66	78	87	30	106	0	25	0	39	108	97	34	161	73	40	21	66	65	54	19	82	24	17	8	26	138	102	36	126	69	29	26	45	109	98	27	97	70	66	20	65	72	57	16	62	0	37	0	64	50	44	14	56	90	8	25	14	169	106	51	126
58	45	18	66	76	88	31	106	0	25	0	39	110	98	32	160	75	40	19	66	64	51	20	85	24	17	8	26	138	103	35	125	75	29	20	45	111	94	26	100	72	65	19	65	74	56	16	61	0	36	0	65	50	45	14	55	87	8	28	14	168	105	53	127
57	45	19	66	83	86	25	107	0	25	0	39	110	99	32	159	73	39	21	67	66	50	18	86	27	17	5	26	135	104	38	124	80	30	15	44	108	94	29	100	72	63	19	67	71	55	19	62	0	36	0	65	47	47	16	54	87	8	28	14	169	104	52	128
56	45	20	66	83	86	25	107	0	25	0	39	111	99	31	159	74	39	20	67	63	49	22	86	26	17	6	26	138	105	36	124	80	31	15	43	107	93	29	102	69	65	22	65	73	54	17	63	0	35	0	66	46	46	17	55	87	8	28	14	167	105	52	127
56	45	20	66	84	84	25	108	0	26	0	38	111	100	31	158	75	39	19	67	67	49	18	86	26	17	6	26	140	104	34	125	78	32	17	42	110	92	26	103	70	65	21	65	71	53	19	64	0	35	0	66	43	47	19	55	87	8	28	14	166	104	53	128
56	45	20	66	78	85	31	107	0	26	0	38	109	100	33	158	75	39	19	67	66	50	19	85	25	17	7	26	143	104	33	125	80	32	15	42	110	93	26	102	69	64	23	65	68	52	23	64	0	35	0	66	42	48	20	54	82	8	33	14	161	102	56	130
56	45	20	66	74	84	35	108	0	25	0	39	108	99	34	159	75	39	19	67	65	50	20	85	26	17	6	26	140	103	37	125	76	32	19	42	108	95	27	101	66	64	25	66	67	52	24	64	0	35	0	66	43	47	19	55	82	8	33	14	155	103	62	129
55	46	21	65	72	87	35	107	0	25	0	39	105	99	37	159	75	39	19	67	61	53	23	83	25	18	6	26	137	102	38	125	77	32	18	42	105	98	28	100	65	65	26	65	67	52	24	64	0	35	0	66	43	47	19	55	83	8	32	14	161	102	59	130
58	46	18	65	72	85	37	107	0	25	0	39	104	99	38	159	76	39	18	67	59	53	25	83	25	16	6	28	132	101	46	125	75	33	20	41	103	99	30	99	63	66	27	65	69	51	22	65	0	37	0	64	42	48	20	54	80	8	35	14	165	102	53	130
61	45	15	66	74	85	35	107	0	25	0	39	104	99	38	159	77	39	17	67	58	55	25	82	25	16	6	28	131	100	46	125	74	33	21	41	100	97	33	101	65	65	26	65	71	50	20	66	0	38	0	63	40	49	21	54	81	8	34	14	164	102	56	130
59	45	17	66	73	84	36	108	0	24	0	40	99	100	43	158	77	39	17	67	56	56	27	81	26	16	5	28	125	100	51	125	77	33	18	41	99	98	33	101	67	65	24	65	75	50	16	66	0	38	0	63	39	50	22	53	84	7	31	15	162	102	59	130
58	45	18	66	73	83	36	109	0	24	0	40	95	99	47	159	73	40	21	66	58	55	25	82	27	16	4	28	126	100	50	125	76	33	19	41	102	99	29	101	66	65	25	65	76	50	15	66	0	37	0	64	39	50	22	53	83	7	32	15	165	102	56	130
57	45	19	66	68	82	41	110	0	23	0	41	94	100	48	158	70	39	24	67	61	55	22	82	27	16	4	28	125	99	51	126	76	32	19	42	99	100	31	101	67	65	24	65	76	51	14	66	0	37	0	64	36	50	25	53	85	7	30	15	163	103	58	129
56	43	20	68	67	83	41	110	0	21	0	43	97	98	45	160	69	38	25	68	65	54	18	83	27	17	3	28	122	98	54	126	72	32	23	42	97	100	32	102	64	65	27	65	72	52	17	66	0	37	0	64	37	50	23	54	88	7	27	15	166	101	56	131
55	44	21	67	66	82	42	111	0	21	0	43	99	98	43	160	67	38	27	68	65	53	18	84	28	15	3	29	127	96	50	127	74	32	21	42	96	101	33	101	64	65	27	65	67	52	22	66	0	36	0	65	39	50	21	54	88	7	27	15	169	99	53	133
56	43	20	68	64	81	44	112	0	21	0	43	98	98	44	160	68	38	26	68	65	54	18	83	28	14	3	30	119	99	57	124	75	32	20	42	98	100	31	102	65	65	26	65	70	50	20	67	0	36	0	65	41	52	18	53	88	6	27	16	170	100	53	132
57	43	19	68	68	83	39	111	0	20	0	44	97	96	45	162	69	38	25	68	64	52	19	85	27	16	3	29	120	100	56	123	74	32	21	42	100	100	31	100	65	66	25	65	69	49	20	69	0	37	0	64	38	53	20	53	86	6	29	16	168	100	55	132
56	45	20	66	71	84	36	110	0	20	0	44	98	96	44	162	67	39	27	67	65	54	18	83	27	16	3	29	118	102	55	122	71	31	24	43	101	99	31	100	67	66	23	65	64	49	25	69	0	38	0	63	37	52	21	54	85	6	30	16	170	99	55	133
56	44	20	67	72	86	34	109	0	20	0	44	98	95	44	163	68	39	26	67	65	55	18	82	27	16	3	29	122	102	50	122	72	31	23	43	101	97	30	103	65	66	25	65	63	51	25	68	0	39	0	62	40	51	19	54	84	6	31	16	171	100	55	132
61	43	15	68	72	86	36	107	0	20	0	44	97	95	45	163	68	38	26	68	65	53	18	84	27	15	3	30	126	102	45	123	72	30	23	44	99	97	32	103	65	66	24	66	66	49	22	70	0	39	0	62	39	51	20	54	86	6	29	16	172	99	54	133
58	43	18	68	76	85	33	107	0	21	0	43	99	94	43	164	67	40	27	66	69	53	14	84	26	14	4	31	128	100	43	124	73	30	22	44	96	97	35	103	66	65	23	67	66	48	22	71	0	39	0	62	40	52	19	53	90	6	25	16	169	99	58	133
57	40	19	71	76	85	33	107	0	21	0	43	100	93	42	165	70	40	24	66	64	53	18	85	25	14	5	31	127	98	42	126	72	30	23	44	95	98	36	102	65	65	24	67	65	50	21	71	0	39	0	62	42	51	18	53	88	6	27	16	173	99	56	133
58	40	18	71	75	84	33	109	0	22	0	42	103	93	39	165	71	40	23	66	66	53	16	85	25	14	5	31	130	98	40	126	70	30	25	44	93	97	40	101	64	65	25	67	64	50	23	70	0	39	0	62	40	51	20	53	84	6	31	16	172	99	56	133
58	40	18	71	73	85	35	108	0	22	0	42	106	94	36	164	73	39	21	67	65	56	15	84	24	14	6	31	130	98	42	126	73	30	22	44	96	96	37	102	62	65	27	67	64	50	23	70	0	39	0	62	42	50	18	54	83	6	32	16	171	98	55	134
58	40	18	71	71	86	37	107	0	23	0	41	107	95	35	163	73	40	21	66	65	56	15	84	22	15	8	30	126	97	47	127	70	31	25	43	95	98	37	101	59	66	28	68	65	50	22	70	0	39	0	62	43	50	17	54	85	6	30	16	175	98	50	134
57	41	19	70	73	87	35	106	0	23	0	41	107	95	35	163	71	39	23	67	68	58	12	82	22	14	8	31	129	96	42	128	69	32	26	42	94	101	38	98	59	65	28	69	66	50	21	70	0	41	0	60	42	50	17	55	85	6	30	16	171	98	56	134
58	40	18	71	69	86	39	107	0	23	0	41	108	98	34	160	67	40	27	66	68	57	13	82	22	14	8	31	128	94	43	128	71	32	24	42	95	101	37	98	60	68	26	67	67	51	20	69	0	41	0	60	44	49	15	56	86	6	29	16	167	97	62	135
55	40	21	71	79	85	30	107	0	23	0	41	110	99	32	159	68	41	26	65	68	55	14	83	23	14	7	31	122	94	49	128	72	32	23	42	97	100	35	99	62	67	24	68	66	51	21	69	0	42	0	59	43	49	15	57	85	6	30	16	166	98	63	134
54	40	22	71	79	86	30	106	0	23	0	41	110	99	32	159	72	42	22	64	69	55	13	83	24	13	6	32	120	93	51	129	71	32	24	42	95	100	37	99	62	64	24	71	64	51	23	69	0	42	0	59	43	47	16	58	84	6	31	16	167	100	62	132
53	41	23	70	78	88	30	105	0	23	0	41	110	100	32	158	72	42	22	64	64	56	17	83	23	13	7	32	119	95	53	127	71	32	24	42	96	101	36	98	62	65	23	71	62	53	24	68	0	42	0	59	44	47	15	58	87	6	28	16	162	99	66	133
52	41	24	70	74	89	33	105	0	23	0	41	111	103	31	155	71	42	23	64	59	57	22	82	24	12	7	32	126	95	49	127	73	32	22	42	97	102	35	97	63	64	23	71	58	55	27	67	0	42	0	59	42	46	17	59	90	6	25	16	161	97	64	135
51	39	25	72	74	88	33	106	0	23	0	41	117	104	25	154	74	42	20	64	57	57	23	83	23	12	8	32	131	97	45	125	75	32	20	42	99	100	33	99	61	65	24	71	56	55	29	67	0	42	0	59	40	47	19	58	89	7	26	15	161	94	63	138
50	38	26	73	72	91	33	105	0	21	0	43	116	102	26	156	75	42	19	64	57	57	23	83	24	13	6	32	134	97	43	125	76	32	19	42	96	101	34	100	60	66	25	70	59	56	25	67	0	43	0	58	41	45	20	58	87	8	28	14	161	91	62	141
51	37	25	74	75	90	30	106	0	21	0	43	119	105	23	153	75	42	19	64	59	57	21	83	24	14	6	31	138	96	40	126	77	32	18	42	97	102	32	100	63	66	23	69	61	55	23	68	0	41	0	60	40	45	21	58	82	8	33	14	163	91	59	141
51	37	25	74	74	91	30	106	0	21	0	43	121	106	21	152	77	42	17	64	59	58	20	83	23	14	7	31	135	95	40	127	73	33	22	41	97	102	31	101	64	67	22	68	62	55	22	68	0	40	0	61	39	45	22	58	80	8	35	14	165	90	60	142
57	38	19	73	74	90	30	107	0	21	0	43	118	107	24	151	74	43	20	63	60	58	19	83	25	14	6	30	128	94	44	128	76	32	19	42	97	103	31	100	63	67	23	68	67	53	19	68	0	40	0	61	40	44	21	59	82	8	33	14	169	90	59	142
58	38	18	73	79	89	26	107	0	21	0	43	119	108	23	150	76	44	18	62	58	58	21	83	26	14	5	30	129	92	44	130	73	31	22	43	99	101	29	102	60	68	25	68	64	53	22	68	0	40	0	61	39	45	22	58	83	8	32	14	174	90	53	142
57	39	19	72	81	89	24	107	0	21	0	43	117	106	25	152	75	44	19	62	55	59	24	82	26	14	5	30	133	91	42	130	72	31	23	43	99	100	30	102	59	68	26	68	66	53	20	68	0	39	0	62	39	44	22	59	78	7	37	15	169	91	57	141
