AAA	AAC	AAG	AAT	ACA	ACC	ACG	ACT	AGA	AGC	AGG	AGT	ATA	ATC	ATG	ATT	CAA	CAC	CAG	CAT	CCA	CCC	CCG	CCT	CGA	CGC	CGG	CGT	CTA	CTC	CTG	CTT	GAA	GAC	GAG	GAT	GCA	GCC	GCG	GCT	GGA	GGC	GGG	GGT	GTA	GTC	GTG	GTT	TAA	TAC	TAG	TAT	TCA	TCC	TCG	TCT	TGA	TGC	TGG	TGT	TTA	TTC	TTG	TTT
0.02164261931187569	0.022197558268590455	0.001942286348501665	0.013041065482796892	0.04078801331853496	0.03718091009988901	0.0013873473917869034	0.02247502774694784	0.0	0.010543840177580466	0.0	0.002219755826859045	0.04716981132075472	0.03607103218645949	0.008601553829078802	0.0502219755826859	0.022752497225305212	0.020810210876803552	0.002774694783573807	0.009988901220865706	0.02830188679245283	0.019145394006659263	0.0013873473917869034	0.008601553829078802	0.010543840177580466	0.005826859045504994	0.00027746947835738064	0.002219755826859045	0.05715871254162042	0.026914539400665925	0.00832408435072142	0.039955604883462816	0.019700332963374027	0.010821309655937849	0.00443951165371809	0.007214206437291899	0.022752497225305212	0.034683684794672584	0.000832408435072142	0.013596004439511656	0.016925638179800227	0.021365149833518317	0.005826859045504994	0.009156492785793564	0.014428412874583798	0.011098779134295227	0.0011098779134295226	0.010543840177580466	0.0	0.016093229744728082	0.0	0.012486126526082131	0.023307436182019976	0.015260821309655937	0.001942286348501665	0.010821309655937849	0.0244173140954495	0.0030521642619311877	0.0036071032186459494	0.0036071032186459494	0.0402330743618202	0.025804661487236404	0.002774694783573807	0.0316315205327414
0.013873473917869035	0.018035516093229745	0.009711431742508323	0.017203107658157604	0.02386237513873474	0.021365149833518313	0.02802441731409545	0.02857935627081021	0.0	0.011098779134295227	0.0	0.009433962264150943	0.02386237513873474	0.03967813540510544	0.03190899001109878	0.04661487236403995	0.009711431742508323	0.014705882352941176	0.015815760266370698	0.01609322974472808	0.015815760266370698	0.014150943396226415	0.013041065482796892	0.014428412874583796	0.004162042175360711	0.004994450610432853	0.0047169811320754715	0.004994450610432853	0.03135405105438402	0.029966703662597113	0.031631520532741396	0.030244173140954494	0.011653718091009988	0.007491675915649278	0.012486126526082131	0.010543840177580466	0.017758046614872364	0.016925638179800223	0.016370699223085462	0.020810210876803552	0.013596004439511655	0.013873473917869035	0.013873473917869035	0.01193118756936737	0.009711431742508323	0.007214206437291898	0.009711431742508323	0.010543840177580466	0.0	0.015815760266370698	0.0	0.012763596004439512	0.014150943396226415	0.01193118756936737	0.00776914539400666	0.009711431742508323	0.013873473917869035	0.0030521642619311877	0.014150943396226415	0.003607103218645949	0.023307436182019976	0.029966703662597113	0.02885682574916759	0.02746947835738069
0.014983351831298557	0.018035516093229745	0.008601553829078802	0.017203107658157604	0.025527192008879023	0.021642619311875694	0.026082130965593784	0.02857935627081021	0.0	0.010821309655937847	0.0	0.009711431742508323	0.026082130965593784	0.03967813540510544	0.029689234184239733	0.04661487236403995	0.010543840177580466	0.014983351831298557	0.014983351831298557	0.015815760266370698	0.016370699223085462	0.014983351831298557	0.01220865704772475	0.013873473917869035	0.004162042175360711	0.005271920088790233	0.0047169811320754715	0.0047169811320754715	0.0330188679245283	0.029689234184239733	0.029966703662597113	0.030799112097669258	0.01220865704772475	0.00776914539400666	0.01193118756936737	0.010266370699223086	0.018867924528301886	0.016925638179800223	0.014983351831298557	0.021087680355160933	0.01553829078801332	0.014150943396226415	0.01193118756936737	0.011653718091009988	0.010821309655937847	0.006659267480577136	0.008879023307436182	0.010821309655937847	0.0	0.01609322974472808	0.0	0.012486126526082131	0.014705882352941176	0.012486126526082131	0.006659267480577136	0.009711431742508323	0.015260821309655937	0.0030521642619311877	0.012763596004439512	0.003607103218645949	0.0244173140954495	0.030521642619311874	0.02746947835738069	0.026914539400665925
0.015260821309655937	0.018590455049944506	0.008324084350721421	0.016648168701442843	0.026082130965593784	0.021087680355160933	0.025527192008879023	0.029134295227524972	0.0	0.010543840177580466	0.0	0.009988901220865706	0.02802441731409545	0.03995560488346282	0.02774694783573807	0.046337402885682576	0.010821309655937847	0.014983351831298557	0.014705882352941176	0.015815760266370698	0.017480577136514984	0.014705882352941176	0.011098779134295227	0.014150943396226415	0.0047169811320754715	0.005271920088790233	0.004162042175360711	0.0047169811320754715	0.03412874583795782	0.030799112097669258	0.02802441731409545	0.030244173140954494	0.013318534961154272	0.00804661487236404	0.010821309655937847	0.009988901220865706	0.019700332963374027	0.017203107658157604	0.014150943396226415	0.020810210876803552	0.015815760266370698	0.014150943396226415	0.011653718091009988	0.011653718091009988	0.01193118756936737	0.0069367369589345175	0.007491675915649278	0.010821309655937847	0.0	0.01609322974472808	0.0	0.012486126526082131	0.015260821309655937	0.012486126526082131	0.006104328523862375	0.009711431742508323	0.016925638179800223	0.0030521642619311877	0.011098779134295227	0.003607103218645949	0.026359600443951164	0.030799112097669258	0.025804661487236404	0.026637069922308545
0.01553829078801332	0.018867924528301886	0.00804661487236404	0.016370699223085462	0.02830188679245283	0.021087680355160933	0.023307436182019976	0.029134295227524972	0.0	0.011098779134295227	0.0	0.009433962264150943	0.02885682574916759	0.041620421753607105	0.026914539400665925	0.04467258601553829	0.011376248612652608	0.014983351831298557	0.014150943396226415	0.015815760266370698	0.018867924528301886	0.014983351831298557	0.009711431742508323	0.013873473917869035	0.004994450610432853	0.004994450610432853	0.003607103218645949	0.005271920088790233	0.036348501664816874	0.031631520532741396	0.026359600443951164	0.029966703662597113	0.013873473917869035	0.009156492785793563	0.010266370699223086	0.008879023307436182	0.020532741398446172	0.018312985571587125	0.013041065482796892	0.01997780244173141	0.015815760266370698	0.014150943396226415	0.011653718091009988	0.011653718091009988	0.01220865704772475	0.007491675915649278	0.007491675915649278	0.009988901220865706	0.0	0.015815760266370698	0.0	0.012763596004439512	0.01553829078801332	0.013041065482796892	0.005826859045504994	0.009156492785793563	0.017203107658157604	0.002774694783573807	0.010821309655937847	0.00388457269700333	0.02719200887902331	0.03107658157602664	0.02386237513873474	0.026359600443951164
0.015815760266370698	0.019700332963374027	0.00776914539400666	0.01553829078801332	0.029689234184239733	0.021920088790233074	0.021920088790233074	0.02830188679245283	0.0	0.011376248612652608	0.0	0.009156492785793563	0.029689234184239733	0.04356270810210877	0.026082130965593784	0.04273029966703663	0.012763596004439512	0.01609322974472808	0.012763596004439512	0.014705882352941176	0.01997780244173141	0.014705882352941176	0.008601553829078802	0.014150943396226415	0.004994450610432853	0.004994450610432853	0.003607103218645949	0.005271920088790233	0.038013318534961156	0.03246392896781354	0.024694783573806882	0.029411764705882353	0.014983351831298557	0.009156492785793563	0.009156492785793563	0.008879023307436182	0.021365149833518313	0.019145394006659266	0.011098779134295227	0.02025527192008879	0.01609322974472808	0.014150943396226415	0.011653718091009988	0.011376248612652608	0.013041065482796892	0.007214206437291898	0.006381798002219756	0.010543840177580466	0.0	0.01609322974472808	0.0	0.012486126526082131	0.01609322974472808	0.013041065482796892	0.004994450610432853	0.009433962264150943	0.017203107658157604	0.0030521642619311877	0.010821309655937847	0.003607103218645949	0.029689234184239733	0.03135405105438402	0.021087680355160933	0.026082130965593784
0.016925638179800223	0.019700332963374027	0.006659267480577136	0.01553829078801332	0.03190899001109878	0.021920088790233074	0.019700332963374027	0.02830188679245283	0.0	0.011376248612652608	0.0	0.009156492785793563	0.03246392896781354	0.04439511653718091	0.023307436182019976	0.04189789123196448	0.013318534961154272	0.016370699223085462	0.01220865704772475	0.014428412874583796	0.020532741398446172	0.014705882352941176	0.00804661487236404	0.014150943396226415	0.005271920088790233	0.004994450610432853	0.003329633740288568	0.005271920088790233	0.038845726970033294	0.033296337402885685	0.022752497225305215	0.029134295227524972	0.015260821309655937	0.009433962264150943	0.008879023307436182	0.008601553829078802	0.021920088790233074	0.018867924528301886	0.010543840177580466	0.020532741398446172	0.017203107658157604	0.014150943396226415	0.010266370699223086	0.011653718091009988	0.013318534961154272	0.007214206437291898	0.006104328523862375	0.010543840177580466	0.0	0.016370699223085462	0.0	0.01220865704772475	0.016370699223085462	0.013318534961154272	0.0047169811320754715	0.009156492785793563	0.017758046614872364	0.0030521642619311877	0.010266370699223086	0.003607103218645949	0.031631520532741396	0.030799112097669258	0.019700332963374027	0.026637069922308545
0.017758046614872364	0.019700332963374027	0.005826859045504994	0.01553829078801332	0.0330188679245283	0.022752497225305215	0.018035516093229745	0.02802441731409545	0.0	0.011376248612652608	0.0	0.009156492785793563	0.03412874583795782	0.046337402885682576	0.021642619311875694	0.03995560488346282	0.013873473917869035	0.016925638179800223	0.011653718091009988	0.013873473917869035	0.021365149833518313	0.014428412874583796	0.007214206437291898	0.014428412874583796	0.005271920088790233	0.005271920088790233	0.0030521642619311877	0.005271920088790233	0.03967813540510544	0.033296337402885685	0.021365149833518313	0.029411764705882353	0.01609322974472808	0.008879023307436182	0.00804661487236404	0.009156492785793563	0.023307436182019976	0.019422863485016647	0.009156492785793563	0.01997780244173141	0.018590455049944506	0.013873473917869035	0.008601553829078802	0.01220865704772475	0.013318534961154272	0.00776914539400666	0.005826859045504994	0.010266370699223086	0.0	0.016648168701442843	0.0	0.01193118756936737	0.016370699223085462	0.013596004439511655	0.004439511653718091	0.009156492785793563	0.018035516093229745	0.0030521642619311877	0.009988901220865706	0.003607103218645949	0.03357380688124306	0.031631520532741396	0.018035516093229745	0.025804661487236404
0.018312985571587125	0.019422863485016647	0.005271920088790233	0.015815760266370698	0.033851276359600446	0.023307436182019976	0.016925638179800223	0.02774694783573807	0.0	0.011098779134295227	0.0	0.009433962264150943	0.035238623751387345	0.046337402885682576	0.020532741398446172	0.03995560488346282	0.014705882352941176	0.016925638179800223	0.010821309655937847	0.013873473917869035	0.022752497225305215	0.014983351831298557	0.005549389567147614	0.014150943396226415	0.005549389567147614	0.005271920088790233	0.002774694783573807	0.005271920088790233	0.04245283018867924	0.033296337402885685	0.019700332963374027	0.029689234184239733	0.016648168701442843	0.009156492785793563	0.007491675915649278	0.008879023307436182	0.023307436182019976	0.019145394006659266	0.008879023307436182	0.020532741398446172	0.018867924528301886	0.013873473917869035	0.008324084350721421	0.01220865704772475	0.013873473917869035	0.00804661487236404	0.004994450610432853	0.010266370699223086	0.0	0.016370699223085462	0.0	0.01220865704772475	0.017203107658157604	0.013873473917869035	0.003607103218645949	0.008879023307436182	0.019422863485016647	0.0030521642619311877	0.008601553829078802	0.003607103218645949	0.033296337402885685	0.032741398446170925	0.016925638179800223	0.024694783573806882
0.018867924528301886	0.019700332963374027	0.0047169811320754715	0.01553829078801332	0.03357380688124306	0.02358490566037736	0.016370699223085462	0.02830188679245283	0.0	0.011098779134295227	0.0	0.009433962264150943	0.036903440621531634	0.04605993340732519	0.018867924528301886	0.0402330743618202	0.01609322974472808	0.017203107658157604	0.009433962264150943	0.013596004439511655	0.02358490566037736	0.015260821309655937	0.0047169811320754715	0.013873473917869035	0.005826859045504994	0.005271920088790233	0.0024972253052164264	0.005271920088790233	0.04384017758046615	0.033296337402885685	0.017480577136514984	0.030799112097669258	0.017480577136514984	0.008879023307436182	0.006659267480577136	0.009156492785793563	0.0244173140954495	0.019422863485016647	0.00776914539400666	0.02025527192008879	0.02025527192008879	0.013596004439511655	0.007214206437291898	0.01220865704772475	0.014150943396226415	0.00804661487236404	0.0047169811320754715	0.010266370699223086	0.0	0.016648168701442843	0.0	0.01193118756936737	0.018035516093229745	0.014150943396226415	0.0024972253052164264	0.008879023307436182	0.020532741398446172	0.002774694783573807	0.007491675915649278	0.00388457269700333	0.03496115427302997	0.03218645948945616	0.014983351831298557	0.025249722530521643
0.018867924528301886	0.019422863485016647	0.0047169811320754715	0.015815760266370698	0.03440621531631521	0.024694783573806882	0.015815760266370698	0.026914539400665925	0.0	0.011098779134295227	0.0	0.009433962264150943	0.03856825749167592	0.0474472807991121	0.017203107658157604	0.038845726970033294	0.016370699223085462	0.016925638179800223	0.009156492785793563	0.013873473917869035	0.0244173140954495	0.01553829078801332	0.004162042175360711	0.013318534961154272	0.005826859045504994	0.005549389567147614	0.0024972253052164264	0.004994450610432853	0.04716981132075472	0.033851276359600446	0.014705882352941176	0.030521642619311874	0.018590455049944506	0.008324084350721421	0.005549389567147614	0.009711431742508323	0.025804661487236404	0.019700332963374027	0.006659267480577136	0.019700332963374027	0.020810210876803552	0.013873473917869035	0.006659267480577136	0.01193118756936737	0.014705882352941176	0.00776914539400666	0.004162042175360711	0.010543840177580466	0.0	0.016370699223085462	0.0	0.01220865704772475	0.017758046614872364	0.014428412874583796	0.0022197558268590455	0.009156492785793563	0.021642619311875694	0.0024972253052164264	0.006381798002219756	0.004162042175360711	0.035793562708102106	0.03190899001109878	0.013318534961154272	0.025527192008879023
0.019700332963374027	0.019700332963374027	0.00388457269700333	0.01553829078801332	0.034683684794672584	0.025804661487236404	0.015260821309655937	0.026082130965593784	0.0	0.011376248612652608	0.0	0.009156492785793563	0.03967813540510544	0.046892341842397336	0.01609322974472808	0.039400665926748055	0.017480577136514984	0.016925638179800223	0.00804661487236404	0.013873473917869035	0.0244173140954495	0.015815760266370698	0.004162042175360711	0.013041065482796892	0.006104328523862375	0.006104328523862375	0.0022197558268590455	0.004439511653718091	0.04800221975582686	0.032741398446170925	0.013041065482796892	0.03135405105438402	0.019422863485016647	0.008601553829078802	0.0047169811320754715	0.009433962264150943	0.025804661487236404	0.01997780244173141	0.006381798002219756	0.019700332963374027	0.020532741398446172	0.014428412874583796	0.006104328523862375	0.01220865704772475	0.014983351831298557	0.00804661487236404	0.003607103218645949	0.010543840177580466	0.0	0.016370699223085462	0.0	0.01220865704772475	0.017758046614872364	0.014150943396226415	0.001942286348501665	0.009711431742508323	0.021920088790233074	0.0024972253052164264	0.006104328523862375	0.004162042175360711	0.03773584905660377	0.03190899001109878	0.012486126526082131	0.025527192008879023
0.01997780244173141	0.019700332963374027	0.003607103218645949	0.01553829078801332	0.03662597114317425	0.02719200887902331	0.013318534961154272	0.024694783573806882	0.0	0.011653718091009988	0.0	0.008879023307436182	0.04051054384017758	0.04800221975582686	0.015260821309655937	0.03829078801331853	0.018312985571587125	0.016648168701442843	0.007214206437291898	0.014150943396226415	0.024972253052164262	0.015815760266370698	0.003607103218645949	0.013041065482796892	0.006381798002219756	0.006104328523862375	0.0022197558268590455	0.004162042175360711	0.04772475027746948	0.03412874583795782	0.013041065482796892	0.030521642619311874	0.019422863485016647	0.008879023307436182	0.0047169811320754715	0.009156492785793563	0.026359600443951164	0.02025527192008879	0.005826859045504994	0.019422863485016647	0.020532741398446172	0.015260821309655937	0.006104328523862375	0.011376248612652608	0.015260821309655937	0.00776914539400666	0.0030521642619311877	0.011098779134295227	0.0	0.016648168701442843	0.0	0.01193118756936737	0.017758046614872364	0.014428412874583796	0.001664816870144284	0.009711431742508323	0.023029966703662596	0.002774694783573807	0.004994450610432853	0.00388457269700333	0.03912319644839068	0.031631520532741396	0.010821309655937847	0.025804661487236404
0.02025527192008879	0.019422863485016647	0.003329633740288568	0.015815760266370698	0.037458379578246395	0.02857935627081021	0.011098779134295227	0.024694783573806882	0.0	0.01220865704772475	0.0	0.008324084350721421	0.04078801331853496	0.04855715871254162	0.014983351831298557	0.03773584905660377	0.018590455049944506	0.016370699223085462	0.0069367369589345175	0.014428412874583796	0.024694783573806882	0.01553829078801332	0.003607103218645949	0.013596004439511655	0.006659267480577136	0.005826859045504994	0.001942286348501665	0.004439511653718091	0.04827968923418424	0.034683684794672584	0.013318534961154272	0.029689234184239733	0.019700332963374027	0.009156492785793563	0.004439511653718091	0.008879023307436182	0.026914539400665925	0.020810210876803552	0.005271920088790233	0.018867924528301886	0.02025527192008879	0.015815760266370698	0.006104328523862375	0.011098779134295227	0.01609322974472808	0.007491675915649278	0.0022197558268590455	0.011376248612652608	0.0	0.016370699223085462	0.0	0.01220865704772475	0.018312985571587125	0.014150943396226415	0.0013873473917869034	0.009711431742508323	0.023307436182019976	0.002774694783573807	0.0047169811320754715	0.00388457269700333	0.04078801331853496	0.03218645948945616	0.008601553829078802	0.025249722530521643
0.020810210876803552	0.019700332963374027	0.002774694783573807	0.01553829078801332	0.03856825749167592	0.02830188679245283	0.010266370699223086	0.024694783573806882	0.0	0.013041065482796892	0.0	0.007491675915649278	0.04273029966703663	0.04911209766925638	0.013041065482796892	0.03718091009988901	0.019145394006659266	0.016925638179800223	0.006381798002219756	0.013873473917869035	0.024694783573806882	0.01609322974472808	0.003329633740288568	0.013318534961154272	0.0069367369589345175	0.005826859045504994	0.001664816870144284	0.004439511653718091	0.04855715871254162	0.03551609322974473	0.013041065482796892	0.029966703662597113	0.02025527192008879	0.009156492785793563	0.00388457269700333	0.008879023307436182	0.02746947835738069	0.021365149833518313	0.0047169811320754715	0.018312985571587125	0.021087680355160933	0.01609322974472808	0.005271920088790233	0.010821309655937847	0.01609322974472808	0.007491675915649278	0.0022197558268590455	0.011376248612652608	0.0	0.016370699223085462	0.0	0.01220865704772475	0.018590455049944506	0.014983351831298557	0.000832408435072142	0.009156492785793563	0.0244173140954495	0.0030521642619311877	0.003607103218645949	0.003607103218645949	0.04051054384017758	0.03246392896781354	0.00776914539400666	0.024972253052164262
0.021365149833518313	0.01997780244173141	0.0022197558268590455	0.015260821309655937	0.03912319644839068	0.029411764705882353	0.009988901220865706	0.023307436182019976	0.0	0.013873473917869035	0.0	0.006659267480577136	0.04273029966703663	0.04855715871254162	0.013041065482796892	0.03773584905660377	0.019700332963374027	0.016370699223085462	0.005826859045504994	0.014428412874583796	0.025249722530521643	0.016370699223085462	0.002774694783573807	0.013041065482796892	0.007214206437291898	0.005826859045504994	0.0011098779134295228	0.0047169811320754715	0.04966703662597114	0.03718091009988901	0.010821309655937847	0.030244173140954494	0.021087680355160933	0.009433962264150943	0.0030521642619311877	0.008601553829078802	0.026914539400665925	0.021365149833518313	0.0047169811320754715	0.018867924528301886	0.021920088790233074	0.016370699223085462	0.004439511653718091	0.010543840177580466	0.016648168701442843	0.00776914539400666	0.0013873473917869034	0.011376248612652608	0.0	0.016370699223085462	0.0	0.01220865704772475	0.018590455049944506	0.01609322974472808	0.0005549389567147614	0.008324084350721421	0.025249722530521643	0.002774694783573807	0.002774694783573807	0.00388457269700333	0.039400665926748055	0.032741398446170925	0.00804661487236404	0.024694783573806882
0.021920088790233074	0.020532741398446172	0.001664816870144284	0.014705882352941176	0.03995560488346282	0.02885682574916759	0.008601553829078802	0.0244173140954495	0.0	0.013596004439511655	0.0	0.0069367369589345175	0.04439511653718091	0.04911209766925638	0.011376248612652608	0.03718091009988901	0.02025527192008879	0.016370699223085462	0.005271920088790233	0.014428412874583796	0.025527192008879023	0.016648168701442843	0.0024972253052164264	0.012763596004439512	0.00776914539400666	0.005826859045504994	0.0005549389567147614	0.0047169811320754715	0.04911209766925638	0.037458379578246395	0.009711431742508323	0.030799112097669258	0.021365149833518313	0.009433962264150943	0.002774694783573807	0.008601553829078802	0.02774694783573807	0.021087680355160933	0.004162042175360711	0.018867924528301886	0.022197558268590455	0.016925638179800223	0.00388457269700333	0.010266370699223086	0.016648168701442843	0.008879023307436182	0.0013873473917869034	0.010266370699223086	0.0	0.016648168701442843	0.0	0.01193118756936737	0.018590455049944506	0.01609322974472808	0.0005549389567147614	0.008324084350721421	0.026082130965593784	0.0030521642619311877	0.001942286348501665	0.003607103218645949	0.041065482796892344	0.032741398446170925	0.007214206437291898	0.024694783573806882
0.021920088790233074	0.02025527192008879	0.001664816870144284	0.014983351831298557	0.03967813540510544	0.02885682574916759	0.008601553829078802	0.024694783573806882	0.0	0.013873473917869035	0.0	0.006659267480577136	0.04411764705882353	0.04966703662597114	0.011653718091009988	0.03662597114317425	0.02025527192008879	0.016925638179800223	0.005271920088790233	0.013873473917869035	0.025527192008879023	0.016648168701442843	0.0024972253052164264	0.012763596004439512	0.00804661487236404	0.005826859045504994	0.0005549389567147614	0.004439511653718091	0.04855715871254162	0.038845726970033294	0.009711431742508323	0.030244173140954494	0.021087680355160933	0.009711431742508323	0.0030521642619311877	0.008324084350721421	0.02802441731409545	0.01997780244173141	0.003607103218645949	0.02025527192008879	0.022752497225305215	0.016648168701442843	0.003329633740288568	0.010543840177580466	0.016370699223085462	0.009988901220865706	0.001664816870144284	0.009156492785793563	0.0	0.016370699223085462	0.0	0.01220865704772475	0.018590455049944506	0.015815760266370698	0.0	0.009156492785793563	0.026082130965593784	0.0030521642619311877	0.001942286348501665	0.003607103218645949	0.04189789123196448	0.033296337402885685	0.006104328523862375	0.02413984461709212
0.022197558268590455	0.019422863485016647	0.0013873473917869034	0.015815760266370698	0.041065482796892344	0.029689234184239733	0.007491675915649278	0.02358490566037736	0.0	0.013873473917869035	0.0	0.006659267480577136	0.04550499445061043	0.04911209766925638	0.010266370699223086	0.03718091009988901	0.020532741398446172	0.017203107658157604	0.004994450610432853	0.013596004439511655	0.025804661487236404	0.016925638179800223	0.0022197558268590455	0.012486126526082131	0.00804661487236404	0.005549389567147614	0.0005549389567147614	0.0047169811320754715	0.04966703662597114	0.03912319644839068	0.00804661487236404	0.03107658157602664	0.021365149833518313	0.009988901220865706	0.002774694783573807	0.00804661487236404	0.02830188679245283	0.02025527192008879	0.0030521642619311877	0.02025527192008879	0.022197558268590455	0.016370699223085462	0.003607103218645949	0.011098779134295227	0.016648168701442843	0.009988901220865706	0.0013873473917869034	0.009156492785793563	0.0	0.016370699223085462	0.0	0.01220865704772475	0.017758046614872364	0.015815760266370698	0.000832408435072142	0.009156492785793563	0.026082130965593784	0.003329633740288568	0.001942286348501665	0.003329633740288568	0.04189789123196448	0.03412874583795782	0.005549389567147614	0.023307436182019976
0.022197558268590455	0.02025527192008879	0.0013873473917869034	0.014983351831298557	0.042175360710321866	0.029411764705882353	0.006381798002219756	0.02386237513873474	0.0	0.013873473917869035	0.0	0.006659267480577136	0.04661487236403995	0.04911209766925638	0.009156492785793563	0.03718091009988901	0.021087680355160933	0.016648168701442843	0.004439511653718091	0.014150943396226415	0.025804661487236404	0.016925638179800223	0.0022197558268590455	0.012486126526082131	0.008324084350721421	0.005549389567147614	0.0002774694783573807	0.0047169811320754715	0.05160932297447281	0.039400665926748055	0.006659267480577136	0.031631520532741396	0.021920088790233074	0.010543840177580466	0.0022197558268590455	0.007491675915649278	0.02885682574916759	0.019422863485016647	0.002774694783573807	0.020810210876803552	0.021920088790233074	0.016925638179800223	0.003329633740288568	0.011098779134295227	0.016925638179800223	0.011098779134295227	0.0013873473917869034	0.00776914539400666	0.0	0.016370699223085462	0.0	0.01220865704772475	0.017758046614872364	0.01553829078801332	0.0005549389567147614	0.009711431742508323	0.026082130965593784	0.003329633740288568	0.001942286348501665	0.003329633740288568	0.04051054384017758	0.035238623751387345	0.005549389567147614	0.022197558268590455
0.022475027746947835	0.020810210876803552	0.0011098779134295228	0.014428412874583796	0.04245283018867924	0.029134295227524972	0.006104328523862375	0.02413984461709212	0.0	0.013318534961154272	0.0	0.007214206437291898	0.04661487236403995	0.04911209766925638	0.009156492785793563	0.03718091009988901	0.021087680355160933	0.016925638179800223	0.004439511653718091	0.013873473917869035	0.026359600443951164	0.016648168701442843	0.001942286348501665	0.012486126526082131	0.008324084350721421	0.005271920088790233	0.0002774694783573807	0.004994450610432853	0.05077691453940067	0.03829078801331853	0.006659267480577136	0.032741398446170925	0.021920088790233074	0.010821309655937847	0.0022197558268590455	0.007214206437291898	0.029689234184239733	0.019700332963374027	0.0024972253052164264	0.01997780244173141	0.022475027746947835	0.017480577136514984	0.0022197558268590455	0.011098779134295227	0.016925638179800223	0.011376248612652608	0.001664816870144284	0.007214206437291898	0.0	0.016648168701442843	0.0	0.01193118756936737	0.018035516093229745	0.015815760266370698	0.0002774694783573807	0.009433962264150943	0.026637069922308545	0.003607103218645949	0.0013873473917869034	0.0030521642619311877	0.041065482796892344	0.03496115427302997	0.005826859045504994	0.022475027746947835
0.022475027746947835	0.021920088790233074	0.0011098779134295228	0.013318534961154272	0.04328523862375139	0.02885682574916759	0.005271920088790233	0.0244173140954495	0.0	0.013041065482796892	0.0	0.007491675915649278	0.0474472807991121	0.049944506104328525	0.008324084350721421	0.036348501664816874	0.021920088790233074	0.016648168701442843	0.003607103218645949	0.014150943396226415	0.026082130965593784	0.016648168701442843	0.001664816870144284	0.013041065482796892	0.008601553829078802	0.005549389567147614	0.0	0.0047169811320754715	0.05216426193118757	0.039400665926748055	0.006659267480577136	0.03190899001109878	0.021920088790233074	0.011098779134295227	0.0022197558268590455	0.0069367369589345175	0.030244173140954494	0.01997780244173141	0.001942286348501665	0.019700332963374027	0.022752497225305215	0.018035516093229745	0.001942286348501665	0.010543840177580466	0.016925638179800223	0.01220865704772475	0.001942286348501665	0.006104328523862375	0.0	0.017480577136514984	0.0	0.011098779134295227	0.018035516093229745	0.01553829078801332	0.0002774694783573807	0.009711431742508323	0.026637069922308545	0.00388457269700333	0.0013873473917869034	0.002774694783573807	0.0402330743618202	0.034683684794672584	0.004994450610432853	0.022752497225305215
0.022752497225305215	0.021642619311875694	0.000832408435072142	0.013596004439511655	0.04411764705882353	0.02857935627081021	0.004439511653718091	0.024694783573806882	0.0	0.012763596004439512	0.0	0.00776914539400666	0.04800221975582686	0.049389567147613764	0.00776914539400666	0.036903440621531634	0.021920088790233074	0.016370699223085462	0.003607103218645949	0.014428412874583796	0.025804661487236404	0.016925638179800223	0.001664816870144284	0.013041065482796892	0.008324084350721421	0.005826859045504994	0.0002774694783573807	0.004439511653718091	0.05438401775804662	0.038845726970033294	0.006104328523862375	0.03246392896781354	0.021920088790233074	0.011653718091009988	0.0022197558268590455	0.006381798002219756	0.030244173140954494	0.019422863485016647	0.001664816870144284	0.020532741398446172	0.022475027746947835	0.017480577136514984	0.0022197558268590455	0.011098779134295227	0.016648168701442843	0.01220865704772475	0.001942286348501665	0.006381798002219756	0.0	0.017203107658157604	0.0	0.011376248612652608	0.017758046614872364	0.01553829078801332	0.0002774694783573807	0.009988901220865706	0.026914539400665925	0.00388457269700333	0.0011098779134295228	0.002774694783573807	0.038013318534961156	0.03412874583795782	0.005549389567147614	0.023307436182019976
0.022752497225305215	0.020810210876803552	0.000832408435072142	0.014428412874583796	0.04328523862375139	0.02885682574916759	0.004439511653718091	0.025249722530521643	0.0	0.013041065482796892	0.0	0.007491675915649278	0.04800221975582686	0.04911209766925638	0.00776914539400666	0.03718091009988901	0.022475027746947835	0.016648168701442843	0.0030521642619311877	0.014150943396226415	0.025249722530521643	0.016925638179800223	0.0013873473917869034	0.013873473917869035	0.008324084350721421	0.006104328523862375	0.0002774694783573807	0.004162042175360711	0.05438401775804662	0.038013318534961156	0.005549389567147614	0.033296337402885685	0.022197558268590455	0.01220865704772475	0.001942286348501665	0.005826859045504994	0.030244173140954494	0.019422863485016647	0.0013873473917869034	0.020810210876803552	0.022475027746947835	0.017480577136514984	0.0022197558268590455	0.011098779134295227	0.016925638179800223	0.01220865704772475	0.001664816870144284	0.006381798002219756	0.0	0.017758046614872364	0.0	0.010821309655937847	0.017758046614872364	0.014983351831298557	0.0002774694783573807	0.010543840177580466	0.02719200887902331	0.004162042175360711	0.000832408435072142	0.0024972253052164264	0.038845726970033294	0.03412874583795782	0.005271920088790233	0.023307436182019976
0.022752497225305215	0.01997780244173141	0.000832408435072142	0.015260821309655937	0.043007769145394004	0.029411764705882353	0.004162042175360711	0.025249722530521643	0.0	0.012486126526082131	0.0	0.00804661487236404	0.04911209766925638	0.04911209766925638	0.006659267480577136	0.03718091009988901	0.022197558268590455	0.016648168701442843	0.003329633740288568	0.014150943396226415	0.025249722530521643	0.016370699223085462	0.0013873473917869034	0.014428412874583796	0.008324084350721421	0.006381798002219756	0.0002774694783573807	0.00388457269700333	0.05577136514983352	0.03967813540510544	0.0047169811320754715	0.03218645948945616	0.022475027746947835	0.01193118756936737	0.001664816870144284	0.006104328523862375	0.030244173140954494	0.019145394006659266	0.0013873473917869034	0.021087680355160933	0.022752497225305215	0.017480577136514984	0.0022197558268590455	0.010821309655937847	0.017203107658157604	0.01193118756936737	0.0013873473917869034	0.006659267480577136	0.0	0.017758046614872364	0.0	0.010821309655937847	0.017758046614872364	0.014428412874583796	0.0002774694783573807	0.011098779134295227	0.02719200887902331	0.004162042175360711	0.000832408435072142	0.0024972253052164264	0.038013318534961156	0.03551609322974473	0.004994450610432853	0.021920088790233074
0.022752497225305215	0.019422863485016647	0.000832408435072142	0.015815760266370698	0.04411764705882353	0.02885682574916759	0.00388457269700333	0.024972253052164262	0.0	0.012486126526082131	0.0	0.00804661487236404	0.0502219755826859	0.046892341842397336	0.005549389567147614	0.039400665926748055	0.022752497225305215	0.017203107658157604	0.002774694783573807	0.013596004439511655	0.025249722530521643	0.016925638179800223	0.0011098779134295228	0.014150943396226415	0.008324084350721421	0.006659267480577136	0.0002774694783573807	0.003607103218645949	0.05493895671476138	0.04051054384017758	0.0047169811320754715	0.03190899001109878	0.022475027746947835	0.011653718091009988	0.001664816870144284	0.006381798002219756	0.030521642619311874	0.01997780244173141	0.0011098779134295228	0.02025527192008879	0.022752497225305215	0.017480577136514984	0.001664816870144284	0.011376248612652608	0.018035516093229745	0.01193118756936737	0.0011098779134295228	0.006104328523862375	0.0	0.017758046614872364	0.0	0.010821309655937847	0.017480577136514984	0.014705882352941176	0.0005549389567147614	0.010821309655937847	0.02719200887902331	0.004439511653718091	0.000832408435072142	0.0022197558268590455	0.03829078801331853	0.035793562708102106	0.004994450610432853	0.021642619311875694
0.023029966703662596	0.019422863485016647	0.0005549389567147614	0.015815760266370698	0.04439511653718091	0.029134295227524972	0.00388457269700333	0.0244173140954495	0.0	0.012763596004439512	0.0	0.00776914539400666	0.051054384017758046	0.04827968923418424	0.0047169811320754715	0.038013318534961156	0.022197558268590455	0.017480577136514984	0.003329633740288568	0.013318534961154272	0.024972253052164262	0.017758046614872364	0.0011098779134295228	0.013596004439511655	0.008324084350721421	0.006659267480577136	0.0002774694783573807	0.003607103218645949	0.05577136514983352	0.0402330743618202	0.004162042175360711	0.03246392896781354	0.023029966703662596	0.011653718091009988	0.0011098779134295228	0.006381798002219756	0.029134295227524972	0.02025527192008879	0.0011098779134295228	0.021365149833518313	0.022752497225305215	0.017758046614872364	0.0013873473917869034	0.011376248612652608	0.018035516093229745	0.011653718091009988	0.0013873473917869034	0.006104328523862375	0.0	0.018035516093229745	0.0	0.010543840177580466	0.017480577136514984	0.014705882352941176	0.0005549389567147614	0.010821309655937847	0.02719200887902331	0.004439511653718091	0.000832408435072142	0.0022197558268590455	0.038013318534961156	0.036348501664816874	0.0047169811320754715	0.021087680355160933
0.023029966703662596	0.019145394006659266	0.0005549389567147614	0.01609322974472808	0.04467258601553829	0.02885682574916759	0.003607103218645949	0.024694783573806882	0.0	0.012763596004439512	0.0	0.00776914539400666	0.051054384017758046	0.04827968923418424	0.0047169811320754715	0.038013318534961156	0.023029966703662596	0.017480577136514984	0.0024972253052164264	0.013318534961154272	0.024694783573806882	0.017758046614872364	0.0011098779134295228	0.013873473917869035	0.008324084350721421	0.006659267480577136	0.0002774694783573807	0.003607103218645949	0.05549389567147614	0.042175360710321866	0.0047169811320754715	0.031631520532741396	0.023307436182019976	0.011653718091009988	0.000832408435072142	0.006381798002219756	0.029689234184239733	0.02025527192008879	0.0005549389567147614	0.021365149833518313	0.022475027746947835	0.017758046614872364	0.0013873473917869034	0.011653718091009988	0.018312985571587125	0.01220865704772475	0.000832408435072142	0.005826859045504994	0.0	0.017480577136514984	0.0	0.011098779134295227	0.017758046614872364	0.013873473917869035	0.0011098779134295228	0.010821309655937847	0.02719200887902331	0.004439511653718091	0.000832408435072142	0.0022197558268590455	0.037458379578246395	0.03718091009988901	0.00388457269700333	0.02025527192008879
0.022752497225305215	0.019145394006659266	0.000832408435072142	0.01609322974472808	0.04439511653718091	0.029966703662597113	0.0030521642619311877	0.0244173140954495	0.0	0.012486126526082131	0.0	0.00804661487236404	0.05160932297447281	0.04716981132075472	0.004162042175360711	0.03912319644839068	0.023029966703662596	0.016925638179800223	0.0024972253052164264	0.013873473917869035	0.024694783573806882	0.019700332963374027	0.0011098779134295228	0.01193118756936737	0.008601553829078802	0.0069367369589345175	0.0	0.003329633740288568	0.054106548279689234	0.04273029966703663	0.004162042175360711	0.03107658157602664	0.02358490566037736	0.011653718091009988	0.0005549389567147614	0.006381798002219756	0.030244173140954494	0.020532741398446172	0.0005549389567147614	0.020532741398446172	0.022475027746947835	0.017758046614872364	0.0013873473917869034	0.011653718091009988	0.018312985571587125	0.012486126526082131	0.000832408435072142	0.005549389567147614	0.0	0.018035516093229745	0.0	0.010543840177580466	0.017758046614872364	0.014428412874583796	0.0011098779134295228	0.010266370699223086	0.026914539400665925	0.004439511653718091	0.0011098779134295228	0.0022197558268590455	0.039400665926748055	0.03607103218645949	0.00388457269700333	0.021365149833518313
0.022475027746947835	0.019145394006659266	0.0011098779134295228	0.01609322974472808	0.045227524972253054	0.029689234184239733	0.0024972253052164264	0.0244173140954495	0.0	0.013318534961154272	0.0	0.007214206437291898	0.05160932297447281	0.046892341842397336	0.004162042175360711	0.039400665926748055	0.023029966703662596	0.017480577136514984	0.0024972253052164264	0.013318534961154272	0.024972253052164262	0.019145394006659266	0.0011098779134295228	0.01220865704772475	0.008601553829078802	0.006659267480577136	0.0	0.003607103218645949	0.05438401775804662	0.04245283018867924	0.004439511653718091	0.03107658157602664	0.02358490566037736	0.01193118756936737	0.0005549389567147614	0.006104328523862375	0.030244173140954494	0.021365149833518313	0.0005549389567147614	0.019700332963374027	0.021920088790233074	0.018312985571587125	0.0013873473917869034	0.011653718091009988	0.018035516093229745	0.01220865704772475	0.0011098779134295228	0.005826859045504994	0.0	0.018035516093229745	0.0	0.010543840177580466	0.017203107658157604	0.014983351831298557	0.0013873473917869034	0.009988901220865706	0.026914539400665925	0.004439511653718091	0.0011098779134295228	0.0022197558268590455	0.03967813540510544	0.035238623751387345	0.003329633740288568	0.022197558268590455
0.022752497225305215	0.018590455049944506	0.000832408435072142	0.016648168701442843	0.045782463928967815	0.029689234184239733	0.0022197558268590455	0.02413984461709212	0.0	0.013041065482796892	0.0	0.007491675915649278	0.05188679245283019	0.046337402885682576	0.00388457269700333	0.03995560488346282	0.023307436182019976	0.018035516093229745	0.0022197558268590455	0.012763596004439512	0.024972253052164262	0.019422863485016647	0.0011098779134295228	0.01193118756936737	0.008601553829078802	0.0069367369589345175	0.0	0.003329633740288568	0.054661487236403995	0.042175360710321866	0.004439511653718091	0.03135405105438402	0.023307436182019976	0.011376248612652608	0.000832408435072142	0.006659267480577136	0.030521642619311874	0.021087680355160933	0.0002774694783573807	0.01997780244173141	0.022197558268590455	0.018590455049944506	0.000832408435072142	0.011653718091009988	0.017203107658157604	0.01220865704772475	0.001664816870144284	0.006104328523862375	0.0	0.018590455049944506	0.0	0.009988901220865706	0.016925638179800223	0.015260821309655937	0.001664816870144284	0.009711431742508323	0.02746947835738069	0.004439511653718091	0.0005549389567147614	0.0022197558268590455	0.0402330743618202	0.035238623751387345	0.0024972253052164264	0.022197558268590455
0.022475027746947835	0.018312985571587125	0.0011098779134295228	0.016925638179800223	0.045782463928967815	0.03107658157602664	0.0022197558268590455	0.022752497225305215	0.0	0.013318534961154272	0.0	0.007214206437291898	0.05271920088790233	0.04716981132075472	0.0030521642619311877	0.03912319644839068	0.023307436182019976	0.018590455049944506	0.0022197558268590455	0.01220865704772475	0.025249722530521643	0.019422863485016647	0.0005549389567147614	0.01220865704772475	0.008601553829078802	0.007214206437291898	0.0	0.0030521642619311877	0.05660377358490566	0.0402330743618202	0.003607103218645949	0.032741398446170925	0.023029966703662596	0.011376248612652608	0.0011098779134295228	0.006659267480577136	0.030521642619311874	0.021920088790233074	0.0002774694783573807	0.019145394006659266	0.022475027746947835	0.018867924528301886	0.000832408435072142	0.011098779134295227	0.017480577136514984	0.011653718091009988	0.0013873473917869034	0.006659267480577136	0.0	0.018590455049944506	0.0	0.009988901220865706	0.017480577136514984	0.015260821309655937	0.0011098779134295228	0.009711431742508323	0.02746947835738069	0.004439511653718091	0.0005549389567147614	0.0022197558268590455	0.039400665926748055	0.035238623751387345	0.002774694783573807	0.022197558268590455
0.022475027746947835	0.017758046614872364	0.0011098779134295228	0.017480577136514984	0.04605993340732519	0.029966703662597113	0.0022197558268590455	0.02358490566037736	0.0	0.013041065482796892	0.0	0.007491675915649278	0.05216426193118757	0.04772475027746948	0.003607103218645949	0.03856825749167592	0.023307436182019976	0.018867924528301886	0.0022197558268590455	0.01193118756936737	0.025249722530521643	0.019700332963374027	0.0005549389567147614	0.01193118756936737	0.008324084350721421	0.007491675915649278	0.0	0.0030521642619311877	0.0574361820199778	0.03967813540510544	0.003607103218645949	0.03357380688124306	0.023029966703662596	0.011376248612652608	0.0011098779134295228	0.006659267480577136	0.030521642619311874	0.022475027746947835	0.0005549389567147614	0.018312985571587125	0.022752497225305215	0.018867924528301886	0.000832408435072142	0.010821309655937847	0.017758046614872364	0.010821309655937847	0.0013873473917869034	0.007214206437291898	0.0	0.018312985571587125	0.0	0.010266370699223086	0.017203107658157604	0.015260821309655937	0.0013873473917869034	0.009711431742508323	0.02746947835738069	0.0047169811320754715	0.0005549389567147614	0.001942286348501665	0.03829078801331853	0.035793562708102106	0.002774694783573807	0.021642619311875694
0.022475027746947835	0.017758046614872364	0.0011098779134295228	0.017480577136514984	0.046337402885682576	0.03107658157602664	0.001664816870144284	0.022752497225305215	0.0	0.013873473917869035	0.0	0.006659267480577136	0.05216426193118757	0.04800221975582686	0.003607103218645949	0.03829078801331853	0.023029966703662596	0.018867924528301886	0.0024972253052164264	0.01193118756936737	0.024694783573806882	0.02025527192008879	0.000832408435072142	0.011653718091009988	0.008324084350721421	0.007214206437291898	0.0	0.003329633740288568	0.05715871254162042	0.04051054384017758	0.00388457269700333	0.032741398446170925	0.022752497225305215	0.011376248612652608	0.0013873473917869034	0.006659267480577136	0.029411764705882353	0.023029966703662596	0.0013873473917869034	0.018035516093229745	0.022752497225305215	0.018590455049944506	0.000832408435072142	0.011098779134295227	0.018035516093229745	0.011098779134295227	0.0011098779134295228	0.0069367369589345175	0.0	0.017480577136514984	0.0	0.011098779134295227	0.017480577136514984	0.01553829078801332	0.0011098779134295228	0.009433962264150943	0.02746947835738069	0.004439511653718091	0.0005549389567147614	0.0022197558268590455	0.038845726970033294	0.035238623751387345	0.0022197558268590455	0.022197558268590455
0.022752497225305215	0.018035516093229745	0.000832408435072142	0.017203107658157604	0.04661487236403995	0.03107658157602664	0.0022197558268590455	0.021920088790233074	0.0	0.013873473917869035	0.0	0.006659267480577136	0.05244173140954495	0.04827968923418424	0.003329633740288568	0.038013318534961156	0.023307436182019976	0.019145394006659266	0.0022197558268590455	0.011653718091009988	0.024694783573806882	0.02025527192008879	0.000832408435072142	0.011653718091009988	0.008324084350721421	0.007214206437291898	0.0	0.003329633740288568	0.05965593784683685	0.04134295227524972	0.0022197558268590455	0.03190899001109878	0.022475027746947835	0.011098779134295227	0.001664816870144284	0.0069367369589345175	0.029411764705882353	0.023029966703662596	0.0013873473917869034	0.018035516093229745	0.022752497225305215	0.018312985571587125	0.0005549389567147614	0.011653718091009988	0.017480577136514984	0.011376248612652608	0.0011098779134295228	0.007214206437291898	0.0	0.017480577136514984	0.0	0.011098779134295227	0.016925638179800223	0.015815760266370698	0.0013873473917869034	0.009433962264150943	0.02746947835738069	0.004439511653718091	0.0005549389567147614	0.0022197558268590455	0.038013318534961156	0.03551609322974473	0.0022197558268590455	0.021920088790233074
0.022752497225305215	0.019145394006659266	0.000832408435072142	0.01609322974472808	0.04661487236403995	0.030521642619311874	0.0022197558268590455	0.022475027746947835	0.0	0.013318534961154272	0.0	0.007214206437291898	0.05271920088790233	0.04800221975582686	0.0030521642619311877	0.03829078801331853	0.02358490566037736	0.019145394006659266	0.001942286348501665	0.011653718091009988	0.024694783573806882	0.01997780244173141	0.000832408435072142	0.01193118756936737	0.00804661487236404	0.007214206437291898	0.0	0.003607103218645949	0.059378468368479466	0.04245283018867924	0.0022197558268590455	0.03107658157602664	0.022475027746947835	0.010543840177580466	0.001664816870144284	0.007491675915649278	0.029689234184239733	0.02386237513873474	0.0013873473917869034	0.016925638179800223	0.022752497225305215	0.018312985571587125	0.0005549389567147614	0.011653718091009988	0.017203107658157604	0.011653718091009988	0.0011098779134295228	0.007214206437291898	0.0	0.018590455049944506	0.0	0.009988901220865706	0.016925638179800223	0.01609322974472808	0.0011098779134295228	0.009433962264150943	0.02746947835738069	0.004439511653718091	0.0005549389567147614	0.0022197558268590455	0.03912319644839068	0.03551609322974473	0.0011098779134295228	0.021920088790233074
0.022752497225305215	0.019145394006659266	0.000832408435072142	0.01609322974472808	0.046892341842397336	0.030799112097669258	0.001664816870144284	0.022475027746947835	0.0	0.012763596004439512	0.0	0.00776914539400666	0.05299667036625971	0.048834628190899	0.002774694783573807	0.037458379578246395	0.023307436182019976	0.019700332963374027	0.0022197558268590455	0.011098779134295227	0.0244173140954495	0.019422863485016647	0.0011098779134295228	0.012486126526082131	0.00804661487236404	0.007491675915649278	0.0	0.003329633740288568	0.05965593784683685	0.04273029966703663	0.001942286348501665	0.030521642619311874	0.023029966703662596	0.009988901220865706	0.0011098779134295228	0.00804661487236404	0.029411764705882353	0.024972253052164262	0.0013873473917869034	0.01609322974472808	0.022475027746947835	0.018590455049944506	0.000832408435072142	0.011376248612652608	0.017480577136514984	0.01193118756936737	0.0005549389567147614	0.007214206437291898	0.0	0.018312985571587125	0.0	0.010266370699223086	0.016648168701442843	0.015815760266370698	0.0011098779134295228	0.009988901220865706	0.02746947835738069	0.004439511653718091	0.0005549389567147614	0.0022197558268590455	0.039400665926748055	0.035238623751387345	0.0011098779134295228	0.022197558268590455
0.023029966703662596	0.01997780244173141	0.0005549389567147614	0.015260821309655937	0.04661487236403995	0.03107658157602664	0.001942286348501665	0.022197558268590455	0.0	0.013041065482796892	0.0	0.007491675915649278	0.05299667036625971	0.048834628190899	0.002774694783573807	0.037458379578246395	0.023307436182019976	0.01997780244173141	0.0022197558268590455	0.010821309655937847	0.02358490566037736	0.01997780244173141	0.0013873473917869034	0.012486126526082131	0.008324084350721421	0.007214206437291898	0.0	0.003329633740288568	0.05965593784683685	0.04411764705882353	0.001664816870144284	0.029689234184239733	0.023307436182019976	0.010543840177580466	0.000832408435072142	0.007491675915649278	0.029134295227524972	0.025527192008879023	0.0011098779134295228	0.01609322974472808	0.022752497225305215	0.018035516093229745	0.000832408435072142	0.011653718091009988	0.017203107658157604	0.01193118756936737	0.0005549389567147614	0.007491675915649278	0.0	0.018590455049944506	0.0	0.009988901220865706	0.016648168701442843	0.01553829078801332	0.000832408435072142	0.010543840177580466	0.02719200887902331	0.0047169811320754715	0.000832408435072142	0.001942286348501665	0.039400665926748055	0.034683684794672584	0.000832408435072142	0.022752497225305215
0.023029966703662596	0.020532741398446172	0.0005549389567147614	0.014705882352941176	0.0474472807991121	0.03107658157602664	0.0013873473917869034	0.021920088790233074	0.0	0.013318534961154272	0.0	0.007214206437291898	0.05299667036625971	0.049389567147613764	0.002774694783573807	0.036903440621531634	0.02413984461709212	0.019700332963374027	0.0013873473917869034	0.011098779134295227	0.023029966703662596	0.020810210876803552	0.001664816870144284	0.01193118756936737	0.008324084350721421	0.007491675915649278	0.0	0.0030521642619311877	0.06215316315205328	0.043007769145394004	0.0011098779134295228	0.030244173140954494	0.023029966703662596	0.010266370699223086	0.0011098779134295228	0.00776914539400666	0.02885682574916759	0.024972253052164262	0.0013873473917869034	0.016648168701442843	0.023029966703662596	0.018035516093229745	0.000832408435072142	0.011376248612652608	0.016925638179800223	0.011653718091009988	0.000832408435072142	0.00776914539400666	0.0	0.019700332963374027	0.0	0.008879023307436182	0.016925638179800223	0.014983351831298557	0.000832408435072142	0.010821309655937847	0.026914539400665925	0.004439511653718091	0.0011098779134295228	0.0022197558268590455	0.038013318534961156	0.03496115427302997	0.000832408435072142	0.022475027746947835
0.023307436182019976	0.020532741398446172	0.0002774694783573807	0.014705882352941176	0.04800221975582686	0.0330188679245283	0.0011098779134295228	0.019700332963374027	0.0	0.013318534961154272	0.0	0.007214206437291898	0.053551609322974474	0.048834628190899	0.0022197558268590455	0.037458379578246395	0.02413984461709212	0.019422863485016647	0.0013873473917869034	0.011376248612652608	0.02358490566037736	0.020810210876803552	0.001664816870144284	0.011376248612652608	0.008324084350721421	0.00776914539400666	0.0	0.002774694783573807	0.06215316315205328	0.04356270810210877	0.0013873473917869034	0.029966703662597113	0.023029966703662596	0.009988901220865706	0.0011098779134295228	0.00804661487236404	0.029134295227524972	0.024972253052164262	0.000832408435072142	0.016925638179800223	0.023029966703662596	0.018035516093229745	0.0005549389567147614	0.011653718091009988	0.017203107658157604	0.011653718091009988	0.0002774694783573807	0.00804661487236404	0.0	0.01997780244173141	0.0	0.008601553829078802	0.016648168701442843	0.015260821309655937	0.000832408435072142	0.010821309655937847	0.026914539400665925	0.004162042175360711	0.0011098779134295228	0.0024972253052164264	0.037458379578246395	0.03551609322974473	0.000832408435072142	0.021920088790233074
0.023029966703662596	0.021642619311875694	0.0005549389567147614	0.013596004439511655	0.04772475027746948	0.03357380688124306	0.0013873473917869034	0.019145394006659266	0.0	0.013318534961154272	0.0	0.007214206437291898	0.053551609322974474	0.0502219755826859	0.0022197558268590455	0.03607103218645949	0.02413984461709212	0.019700332963374027	0.0013873473917869034	0.011098779134295227	0.02358490566037736	0.020532741398446172	0.001664816870144284	0.011653718091009988	0.008324084350721421	0.00776914539400666	0.0	0.002774694783573807	0.06270810210876804	0.04356270810210877	0.0011098779134295228	0.030521642619311874	0.02358490566037736	0.010266370699223086	0.0005549389567147614	0.00776914539400666	0.029134295227524972	0.024972253052164262	0.0005549389567147614	0.017203107658157604	0.023307436182019976	0.018312985571587125	0.0002774694783573807	0.011376248612652608	0.017203107658157604	0.01220865704772475	0.0002774694783573807	0.007491675915649278	0.0	0.020532741398446172	0.0	0.00804661487236404	0.016925638179800223	0.014983351831298557	0.000832408435072142	0.010821309655937847	0.026914539400665925	0.004439511653718091	0.0011098779134295228	0.0022197558268590455	0.036348501664816874	0.03496115427302997	0.0011098779134295228	0.022475027746947835
0.023029966703662596	0.021642619311875694	0.0005549389567147614	0.013596004439511655	0.04661487236403995	0.034683684794672584	0.001664816870144284	0.018867924528301886	0.0	0.013318534961154272	0.0	0.007214206437291898	0.05327413984461709	0.050499445061043285	0.0024972253052164264	0.035793562708102106	0.02413984461709212	0.02025527192008879	0.0013873473917869034	0.010543840177580466	0.02386237513873474	0.021087680355160933	0.0013873473917869034	0.011098779134295227	0.008324084350721421	0.007491675915649278	0.0	0.0030521642619311877	0.06215316315205328	0.04411764705882353	0.0011098779134295228	0.030521642619311874	0.02358490566037736	0.010266370699223086	0.0005549389567147614	0.00776914539400666	0.029134295227524972	0.02358490566037736	0.000832408435072142	0.018312985571587125	0.023307436182019976	0.018035516093229745	0.0002774694783573807	0.011653718091009988	0.016370699223085462	0.01220865704772475	0.0011098779134295228	0.007491675915649278	0.0	0.01997780244173141	0.0	0.008601553829078802	0.016648168701442843	0.014150943396226415	0.000832408435072142	0.01193118756936737	0.026914539400665925	0.004439511653718091	0.0011098779134295228	0.0022197558268590455	0.03662597114317425	0.034683684794672584	0.000832408435072142	0.022752497225305215
0.022752497225305215	0.021365149833518313	0.000832408435072142	0.013873473917869035	0.04772475027746948	0.03357380688124306	0.001664816870144284	0.018867924528301886	0.0	0.013041065482796892	0.0	0.007491675915649278	0.05382907880133185	0.05077691453940067	0.001942286348501665	0.03551609322974473	0.02386237513873474	0.020532741398446172	0.001664816870144284	0.010266370699223086	0.02358490566037736	0.021365149833518313	0.001942286348501665	0.010543840177580466	0.008324084350721421	0.007491675915649278	0.0	0.0030521642619311877	0.06048834628190899	0.04411764705882353	0.0013873473917869034	0.03107658157602664	0.02358490566037736	0.009988901220865706	0.0005549389567147614	0.00804661487236404	0.02830188679245283	0.02386237513873474	0.0013873473917869034	0.018312985571587125	0.02386237513873474	0.017203107658157604	0.0005549389567147614	0.011653718091009988	0.016648168701442843	0.011653718091009988	0.0011098779134295228	0.00776914539400666	0.0	0.02025527192008879	0.0	0.008324084350721421	0.016648168701442843	0.014428412874583796	0.0005549389567147614	0.01193118756936737	0.02719200887902331	0.0047169811320754715	0.000832408435072142	0.001942286348501665	0.037458379578246395	0.033851276359600446	0.000832408435072142	0.02358490566037736
0.023029966703662596	0.021087680355160933	0.0005549389567147614	0.014150943396226415	0.04800221975582686	0.034683684794672584	0.001664816870144284	0.017480577136514984	0.0	0.012763596004439512	0.0	0.00776914539400666	0.05382907880133185	0.05160932297447281	0.001942286348501665	0.034683684794672584	0.0244173140954495	0.020810210876803552	0.0011098779134295228	0.009988901220865706	0.02386237513873474	0.021642619311875694	0.001664816870144284	0.010266370699223086	0.008324084350721421	0.007491675915649278	0.0	0.0030521642619311877	0.06215316315205328	0.04356270810210877	0.0011098779134295228	0.031631520532741396	0.02358490566037736	0.010266370699223086	0.0005549389567147614	0.00776914539400666	0.02746947835738069	0.02413984461709212	0.001942286348501665	0.018312985571587125	0.02358490566037736	0.017480577136514984	0.0002774694783573807	0.01193118756936737	0.016925638179800223	0.01193118756936737	0.000832408435072142	0.007491675915649278	0.0	0.01997780244173141	0.0	0.008601553829078802	0.016648168701442843	0.014150943396226415	0.000832408435072142	0.01193118756936737	0.026914539400665925	0.0047169811320754715	0.0011098779134295228	0.001942286348501665	0.03607103218645949	0.03357380688124306	0.000832408435072142	0.02386237513873474
0.022475027746947835	0.020532741398446172	0.0011098779134295228	0.014705882352941176	0.04800221975582686	0.03496115427302997	0.0013873473917869034	0.017480577136514984	0.0	0.012486126526082131	0.0	0.00804661487236404	0.05327413984461709	0.05133185349611543	0.0024972253052164264	0.03496115427302997	0.0244173140954495	0.020810210876803552	0.0011098779134295228	0.009988901220865706	0.024694783573806882	0.021087680355160933	0.0013873473917869034	0.010266370699223086	0.00804661487236404	0.0069367369589345175	0.0	0.00388457269700333	0.06270810210876804	0.04384017758046615	0.0013873473917869034	0.030521642619311874	0.02358490566037736	0.010543840177580466	0.0005549389567147614	0.007491675915649278	0.02830188679245283	0.02413984461709212	0.0013873473917869034	0.018035516093229745	0.02358490566037736	0.018035516093229745	0.0002774694783573807	0.011376248612652608	0.017203107658157604	0.012763596004439512	0.000832408435072142	0.006381798002219756	0.0	0.019700332963374027	0.0	0.008879023307436182	0.016925638179800223	0.013873473917869035	0.000832408435072142	0.01193118756936737	0.026914539400665925	0.004994450610432853	0.0011098779134295228	0.001664816870144284	0.03607103218645949	0.033851276359600446	0.000832408435072142	0.02358490566037736
0.022475027746947835	0.020532741398446172	0.0011098779134295228	0.014705882352941176	0.04827968923418424	0.035238623751387345	0.0011098779134295228	0.017203107658157604	0.0	0.012763596004439512	0.0	0.00776914539400666	0.054106548279689234	0.0502219755826859	0.001664816870144284	0.03607103218645949	0.024694783573806882	0.021365149833518313	0.000832408435072142	0.009433962264150943	0.02413984461709212	0.01997780244173141	0.0013873473917869034	0.01193118756936737	0.00804661487236404	0.006659267480577136	0.0	0.004162042175360711	0.06326304106548279	0.04273029966703663	0.0011098779134295228	0.03107658157602664	0.02358490566037736	0.01193118756936737	0.0005549389567147614	0.006104328523862375	0.02774694783573807	0.024972253052164262	0.001664816870144284	0.017480577136514984	0.022752497225305215	0.018035516093229745	0.0011098779134295228	0.011376248612652608	0.017203107658157604	0.01220865704772475	0.000832408435072142	0.0069367369589345175	0.0	0.019700332963374027	0.0	0.008879023307436182	0.016648168701442843	0.014428412874583796	0.0011098779134295228	0.011376248612652608	0.026914539400665925	0.004994450610432853	0.0011098779134295228	0.001664816870144284	0.03662597114317425	0.03357380688124306	0.0005549389567147614	0.02386237513873474
0.022475027746947835	0.020532741398446172	0.0011098779134295228	0.014705882352941176	0.04827968923418424	0.03440621531631521	0.0011098779134295228	0.018035516093229745	0.0	0.012763596004439512	0.0	0.00776914539400666	0.054661487236403995	0.048834628190899	0.0011098779134295228	0.037458379578246395	0.024694783573806882	0.021365149833518313	0.000832408435072142	0.009433962264150943	0.02386237513873474	0.020532741398446172	0.0013873473917869034	0.011653718091009988	0.00804661487236404	0.0069367369589345175	0.0	0.00388457269700333	0.06298557158712542	0.04411764705882353	0.000832408435072142	0.030244173140954494	0.023307436182019976	0.01220865704772475	0.000832408435072142	0.005826859045504994	0.02746947835738069	0.025527192008879023	0.001942286348501665	0.016925638179800223	0.022475027746947835	0.018312985571587125	0.0011098779134295228	0.011376248612652608	0.017203107658157604	0.012486126526082131	0.000832408435072142	0.006659267480577136	0.0	0.019145394006659266	0.0	0.009433962264150943	0.017480577136514984	0.014428412874583796	0.000832408435072142	0.010821309655937847	0.026637069922308545	0.0047169811320754715	0.0013873473917869034	0.001942286348501665	0.035793562708102106	0.03412874583795782	0.0013873473917869034	0.023307436182019976
0.022752497225305215	0.019700332963374027	0.000832408435072142	0.01553829078801332	0.04772475027746948	0.03551609322974473	0.0011098779134295228	0.017480577136514984	0.0	0.01220865704772475	0.0	0.008324084350721421	0.05382907880133185	0.048834628190899	0.001942286348501665	0.037458379578246395	0.024694783573806882	0.021365149833518313	0.000832408435072142	0.009433962264150943	0.02358490566037736	0.020810210876803552	0.001664816870144284	0.011376248612652608	0.00776914539400666	0.007491675915649278	0.0002774694783573807	0.003329633740288568	0.06104328523862375	0.045227524972253054	0.001664816870144284	0.029134295227524972	0.02358490566037736	0.01193118756936737	0.0005549389567147614	0.006104328523862375	0.02719200887902331	0.026082130965593784	0.001942286348501665	0.016648168701442843	0.022197558268590455	0.017758046614872364	0.0013873473917869034	0.01193118756936737	0.017480577136514984	0.012486126526082131	0.0005549389567147614	0.006659267480577136	0.0	0.018867924528301886	0.0	0.009711431742508323	0.016925638179800223	0.014983351831298557	0.0011098779134295228	0.010543840177580466	0.02719200887902331	0.0047169811320754715	0.000832408435072142	0.001942286348501665	0.03718091009988901	0.03440621531631521	0.0011098779134295228	0.023029966703662596
0.022752497225305215	0.01997780244173141	0.000832408435072142	0.015260821309655937	0.0474472807991121	0.035238623751387345	0.0011098779134295228	0.018035516093229745	0.0	0.01220865704772475	0.0	0.008324084350721421	0.05327413984461709	0.04911209766925638	0.0024972253052164264	0.03718091009988901	0.024694783573806882	0.021365149833518313	0.000832408435072142	0.009433962264150943	0.02358490566037736	0.020810210876803552	0.001664816870144284	0.011376248612652608	0.00776914539400666	0.00776914539400666	0.0002774694783573807	0.0030521642619311877	0.06215316315205328	0.04495005549389567	0.001664816870144284	0.02830188679245283	0.02358490566037736	0.011653718091009988	0.0005549389567147614	0.006381798002219756	0.02746947835738069	0.026914539400665925	0.0013873473917869034	0.01609322974472808	0.022197558268590455	0.018035516093229745	0.0011098779134295228	0.01193118756936737	0.017203107658157604	0.013041065482796892	0.0002774694783573807	0.006659267480577136	0.0	0.019422863485016647	0.0	0.009156492785793563	0.016648168701442843	0.015260821309655937	0.0011098779134295228	0.010543840177580466	0.02746947835738069	0.0047169811320754715	0.0005549389567147614	0.001942286348501665	0.037458379578246395	0.03440621531631521	0.000832408435072142	0.023029966703662596
0.022752497225305215	0.020532741398446172	0.000832408435072142	0.014705882352941176	0.046892341842397336	0.035238623751387345	0.0011098779134295228	0.018590455049944506	0.0	0.01220865704772475	0.0	0.008324084350721421	0.053551609322974474	0.049944506104328525	0.0022197558268590455	0.036348501664816874	0.024694783573806882	0.021365149833518313	0.000832408435072142	0.009433962264150943	0.02386237513873474	0.020532741398446172	0.0013873473917869034	0.011653718091009988	0.00776914539400666	0.00804661487236404	0.0002774694783573807	0.002774694783573807	0.06381798002219756	0.046337402885682576	0.001664816870144284	0.026914539400665925	0.023307436182019976	0.010821309655937847	0.000832408435072142	0.007214206437291898	0.02746947835738069	0.025804661487236404	0.0013873473917869034	0.017203107658157604	0.022197558268590455	0.016925638179800223	0.0011098779134295228	0.013041065482796892	0.017203107658157604	0.012763596004439512	0.0002774694783573807	0.0069367369589345175	0.0	0.018867924528301886	0.0	0.009711431742508323	0.016648168701442843	0.015260821309655937	0.0011098779134295228	0.010543840177580466	0.026914539400665925	0.0047169811320754715	0.0011098779134295228	0.001942286348501665	0.035793562708102106	0.03357380688124306	0.000832408435072142	0.02386237513873474
0.022752497225305215	0.021642619311875694	0.000832408435072142	0.013596004439511655	0.046337402885682576	0.03551609322974473	0.000832408435072142	0.019145394006659266	0.0	0.011653718091009988	0.0	0.008879023307436182	0.05327413984461709	0.050499445061043285	0.0024972253052164264	0.035793562708102106	0.0244173140954495	0.021087680355160933	0.0011098779134295228	0.009711431742508323	0.02386237513873474	0.020810210876803552	0.000832408435072142	0.01193118756936737	0.00776914539400666	0.00776914539400666	0.0	0.003329633740288568	0.06298557158712542	0.04800221975582686	0.0013873473917869034	0.025527192008879023	0.023307436182019976	0.010543840177580466	0.000832408435072142	0.007491675915649278	0.02774694783573807	0.025527192008879023	0.0011098779134295228	0.017480577136514984	0.021920088790233074	0.017203107658157604	0.0013873473917869034	0.012763596004439512	0.017203107658157604	0.01220865704772475	0.0002774694783573807	0.007491675915649278	0.0	0.019145394006659266	0.0	0.009433962264150943	0.016925638179800223	0.014705882352941176	0.000832408435072142	0.011098779134295227	0.026914539400665925	0.0047169811320754715	0.0011098779134295228	0.001942286348501665	0.03662597114317425	0.032741398446170925	0.000832408435072142	0.024694783573806882
0.022752497225305215	0.022475027746947835	0.000832408435072142	0.012763596004439512	0.04495005549389567	0.03607103218645949	0.0013873473917869034	0.019422863485016647	0.0	0.01193118756936737	0.0	0.008601553829078802	0.05382907880133185	0.049944506104328525	0.001942286348501665	0.036348501664816874	0.0244173140954495	0.021087680355160933	0.0011098779134295228	0.009711431742508323	0.02386237513873474	0.020810210876803552	0.000832408435072142	0.01193118756936737	0.00776914539400666	0.00776914539400666	0.0	0.003329633740288568	0.06326304106548279	0.04772475027746948	0.0013873473917869034	0.025527192008879023	0.023029966703662596	0.010266370699223086	0.0011098779134295228	0.00776914539400666	0.02802441731409545	0.02413984461709212	0.0011098779134295228	0.018590455049944506	0.022197558268590455	0.017480577136514984	0.0011098779134295228	0.012486126526082131	0.017203107658157604	0.01220865704772475	0.0002774694783573807	0.007491675915649278	0.0	0.019700332963374027	0.0	0.008879023307436182	0.017203107658157604	0.014983351831298557	0.000832408435072142	0.010543840177580466	0.026637069922308545	0.0047169811320754715	0.0013873473917869034	0.001942286348501665	0.03662597114317425	0.032741398446170925	0.000832408435072142	0.024694783573806882
0.022752497225305215	0.022475027746947835	0.000832408435072142	0.012763596004439512	0.04467258601553829	0.035238623751387345	0.001664816870144284	0.02025527192008879	0.0	0.01193118756936737	0.0	0.008601553829078802	0.05327413984461709	0.05133185349611543	0.0024972253052164264	0.03496115427302997	0.0244173140954495	0.021087680355160933	0.0011098779134295228	0.009711431742508323	0.02386237513873474	0.020810210876803552	0.000832408435072142	0.01193118756936737	0.007491675915649278	0.00776914539400666	0.0	0.003607103218645949	0.06409544950055494	0.048834628190899	0.0011098779134295228	0.02386237513873474	0.022752497225305215	0.010266370699223086	0.0013873473917869034	0.00776914539400666	0.02802441731409545	0.024972253052164262	0.0013873473917869034	0.017480577136514984	0.022475027746947835	0.018035516093229745	0.000832408435072142	0.01193118756936737	0.016648168701442843	0.01220865704772475	0.0002774694783573807	0.00804661487236404	0.0	0.019700332963374027	0.0	0.008879023307436182	0.017203107658157604	0.014428412874583796	0.000832408435072142	0.011098779134295227	0.026637069922308545	0.004439511653718091	0.0013873473917869034	0.0022197558268590455	0.036348501664816874	0.0330188679245283	0.0011098779134295228	0.0244173140954495
0.022752497225305215	0.022197558268590455	0.000832408435072142	0.013041065482796892	0.04495005549389567	0.03496115427302997	0.001942286348501665	0.01997780244173141	0.0	0.01220865704772475	0.0	0.008324084350721421	0.05327413984461709	0.05077691453940067	0.0024972253052164264	0.03551609322974473	0.024694783573806882	0.02025527192008879	0.000832408435072142	0.010543840177580466	0.02358490566037736	0.020532741398446172	0.000832408435072142	0.012486126526082131	0.007491675915649278	0.007491675915649278	0.0	0.00388457269700333	0.062430632630410654	0.04800221975582686	0.0005549389567147614	0.026082130965593784	0.022752497225305215	0.009988901220865706	0.0013873473917869034	0.00804661487236404	0.02830188679245283	0.024694783573806882	0.0013873473917869034	0.017480577136514984	0.021920088790233074	0.018035516093229745	0.000832408435072142	0.012486126526082131	0.016370699223085462	0.013041065482796892	0.0002774694783573807	0.007491675915649278	0.0	0.01997780244173141	0.0	0.008601553829078802	0.017480577136514984	0.013873473917869035	0.0005549389567147614	0.011653718091009988	0.02719200887902331	0.004439511653718091	0.000832408435072142	0.0022197558268590455	0.03662597114317425	0.0330188679245283	0.001664816870144284	0.0244173140954495
0.023029966703662596	0.022475027746947835	0.0005549389567147614	0.012763596004439512	0.04467258601553829	0.03551609322974473	0.001942286348501665	0.019700332963374027	0.0	0.012763596004439512	0.0	0.00776914539400666	0.05327413984461709	0.05160932297447281	0.0024972253052164264	0.034683684794672584	0.024694783573806882	0.019422863485016647	0.000832408435072142	0.011376248612652608	0.022752497225305215	0.020810210876803552	0.001664816870144284	0.01220865704772475	0.007214206437291898	0.007214206437291898	0.0	0.004439511653718091	0.06187569367369589	0.0474472807991121	0.001942286348501665	0.026637069922308545	0.023307436182019976	0.009988901220865706	0.000832408435072142	0.00804661487236404	0.02774694783573807	0.024972253052164262	0.0013873473917869034	0.017758046614872364	0.021920088790233074	0.018590455049944506	0.0011098779134295228	0.011653718091009988	0.016648168701442843	0.013041065482796892	0.0005549389567147614	0.0069367369589345175	0.0	0.019700332963374027	0.0	0.008879023307436182	0.017480577136514984	0.014428412874583796	0.0005549389567147614	0.011098779134295227	0.02746947835738069	0.00388457269700333	0.0005549389567147614	0.002774694783573807	0.03662597114317425	0.033296337402885685	0.000832408435072142	0.02413984461709212
0.023029966703662596	0.021365149833518313	0.0005549389567147614	0.013873473917869035	0.04467258601553829	0.03551609322974473	0.001942286348501665	0.019700332963374027	0.0	0.012486126526082131	0.0	0.00804661487236404	0.05327413984461709	0.051054384017758046	0.0024972253052164264	0.035238623751387345	0.02386237513873474	0.019700332963374027	0.001664816870144284	0.011098779134295227	0.023029966703662596	0.020810210876803552	0.000832408435072142	0.012763596004439512	0.007214206437291898	0.0069367369589345175	0.0	0.0047169811320754715	0.06437291897891231	0.04772475027746948	0.0013873473917869034	0.025804661487236404	0.023307436182019976	0.009988901220865706	0.000832408435072142	0.00804661487236404	0.02746947835738069	0.0244173140954495	0.001664816870144284	0.018312985571587125	0.022197558268590455	0.019145394006659266	0.0011098779134295228	0.010821309655937847	0.016648168701442843	0.013318534961154272	0.0005549389567147614	0.006659267480577136	0.0	0.02025527192008879	0.0	0.008324084350721421	0.016925638179800223	0.014983351831298557	0.000832408435072142	0.010821309655937847	0.026914539400665925	0.00388457269700333	0.0011098779134295228	0.002774694783573807	0.035793562708102106	0.033296337402885685	0.0002774694783573807	0.02413984461709212
0.023307436182019976	0.021365149833518313	0.0002774694783573807	0.013873473917869035	0.04467258601553829	0.03607103218645949	0.0011098779134295228	0.01997780244173141	0.0	0.01193118756936737	0.0	0.008601553829078802	0.05382907880133185	0.049944506104328525	0.001942286348501665	0.036348501664816874	0.02413984461709212	0.019422863485016647	0.0013873473917869034	0.011376248612652608	0.022475027746947835	0.020810210876803552	0.0005549389567147614	0.013596004439511655	0.007491675915649278	0.0069367369589345175	0.0	0.004439511653718091	0.06298557158712542	0.04716981132075472	0.001664816870144284	0.026637069922308545	0.02358490566037736	0.010266370699223086	0.0005549389567147614	0.00776914539400666	0.02746947835738069	0.024694783573806882	0.001942286348501665	0.017758046614872364	0.021920088790233074	0.018590455049944506	0.0013873473917869034	0.011376248612652608	0.016648168701442843	0.012763596004439512	0.0005549389567147614	0.007214206437291898	0.0	0.021087680355160933	0.0	0.007491675915649278	0.017203107658157604	0.015815760266370698	0.000832408435072142	0.009711431742508323	0.02719200887902331	0.003607103218645949	0.000832408435072142	0.0030521642619311877	0.036903440621531634	0.033296337402885685	0.0	0.02413984461709212
0.023307436182019976	0.021642619311875694	0.0002774694783573807	0.013596004439511655	0.04467258601553829	0.035793562708102106	0.0013873473917869034	0.01997780244173141	0.0	0.011376248612652608	0.0	0.009156492785793563	0.053551609322974474	0.049944506104328525	0.0022197558268590455	0.036348501664816874	0.024972253052164262	0.019700332963374027	0.0005549389567147614	0.011098779134295227	0.022475027746947835	0.020810210876803552	0.0005549389567147614	0.013596004439511655	0.007491675915649278	0.0069367369589345175	0.0	0.004439511653718091	0.062430632630410654	0.04855715871254162	0.001664816870144284	0.026637069922308545	0.02358490566037736	0.010543840177580466	0.0005549389567147614	0.007491675915649278	0.02746947835738069	0.024972253052164262	0.001942286348501665	0.017480577136514984	0.021920088790233074	0.019700332963374027	0.0013873473917869034	0.010266370699223086	0.016925638179800223	0.013041065482796892	0.0002774694783573807	0.0069367369589345175	0.0	0.020532741398446172	0.0	0.00804661487236404	0.017480577136514984	0.015260821309655937	0.000832408435072142	0.009988901220865706	0.02719200887902331	0.003607103218645949	0.000832408435072142	0.0030521642619311877	0.035793562708102106	0.032741398446170925	0.0002774694783573807	0.024694783573806882
0.023307436182019976	0.021087680355160933	0.0002774694783573807	0.014150943396226415	0.04467258601553829	0.03496115427302997	0.0013873473917869034	0.020810210876803552	0.0	0.011653718091009988	0.0	0.008879023307436182	0.05382907880133185	0.050499445061043285	0.001942286348501665	0.035793562708102106	0.024972253052164262	0.01997780244173141	0.0005549389567147614	0.010821309655937847	0.022475027746947835	0.022197558268590455	0.0005549389567147614	0.01220865704772475	0.007491675915649278	0.0069367369589345175	0.0	0.004439511653718091	0.06076581576026637	0.04827968923418424	0.001942286348501665	0.02774694783573807	0.02386237513873474	0.010821309655937847	0.0002774694783573807	0.007214206437291898	0.02774694783573807	0.02386237513873474	0.001942286348501665	0.018312985571587125	0.022475027746947835	0.019700332963374027	0.000832408435072142	0.010266370699223086	0.016925638179800223	0.013041065482796892	0.0002774694783573807	0.0069367369589345175	0.0	0.02025527192008879	0.0	0.008324084350721421	0.017758046614872364	0.01609322974472808	0.0002774694783573807	0.009433962264150943	0.026914539400665925	0.003607103218645949	0.0011098779134295228	0.0030521642619311877	0.03607103218645949	0.032741398446170925	0.0005549389567147614	0.024694783573806882
0.023307436182019976	0.020532741398446172	0.0002774694783573807	0.014705882352941176	0.04467258601553829	0.035793562708102106	0.001664816870144284	0.019700332963374027	0.0	0.011376248612652608	0.0	0.009156492785793563	0.054106548279689234	0.051054384017758046	0.001664816870144284	0.035238623751387345	0.0244173140954495	0.019700332963374027	0.0011098779134295228	0.011098779134295227	0.022752497225305215	0.022475027746947835	0.0005549389567147614	0.011653718091009988	0.007491675915649278	0.0069367369589345175	0.0	0.004439511653718091	0.06298557158712542	0.04772475027746948	0.0011098779134295228	0.02802441731409545	0.02358490566037736	0.011098779134295227	0.0005549389567147614	0.0069367369589345175	0.02802441731409545	0.02358490566037736	0.0022197558268590455	0.018035516093229745	0.022197558268590455	0.02025527192008879	0.0011098779134295228	0.009711431742508323	0.01609322974472808	0.013318534961154272	0.0005549389567147614	0.007214206437291898	0.0	0.020532741398446172	0.0	0.00804661487236404	0.018035516093229745	0.015815760266370698	0.0005549389567147614	0.009156492785793563	0.026914539400665925	0.003607103218645949	0.0011098779134295228	0.0030521642619311877	0.03496115427302997	0.033851276359600446	0.0005549389567147614	0.02358490566037736
0.023307436182019976	0.021365149833518313	0.0002774694783573807	0.013873473917869035	0.04495005549389567	0.03607103218645949	0.0013873473917869034	0.019422863485016647	0.0	0.011098779134295227	0.0	0.009433962264150943	0.05438401775804662	0.05271920088790233	0.0013873473917869034	0.03357380688124306	0.0244173140954495	0.01997780244173141	0.0011098779134295228	0.010821309655937847	0.022475027746947835	0.022752497225305215	0.0002774694783573807	0.01193118756936737	0.007491675915649278	0.007214206437291898	0.0	0.004162042175360711	0.06326304106548279	0.046892341842397336	0.0011098779134295228	0.02885682574916759	0.02358490566037736	0.011098779134295227	0.0005549389567147614	0.0069367369589345175	0.02774694783573807	0.023029966703662596	0.0022197558268590455	0.018867924528301886	0.021920088790233074	0.021087680355160933	0.0011098779134295228	0.009156492785793563	0.015815760266370698	0.013873473917869035	0.0005549389567147614	0.0069367369589345175	0.0	0.020810210876803552	0.0	0.00776914539400666	0.018312985571587125	0.015260821309655937	0.000832408435072142	0.009156492785793563	0.026914539400665925	0.00388457269700333	0.0011098779134295228	0.002774694783573807	0.034683684794672584	0.033851276359600446	0.0005549389567147614	0.02358490566037736
0.022752497225305215	0.021642619311875694	0.000832408435072142	0.013596004439511655	0.04495005549389567	0.03551609322974473	0.0011098779134295228	0.02025527192008879	0.0	0.010266370699223086	0.0	0.010266370699223086	0.054661487236403995	0.054106548279689234	0.0011098779134295228	0.03218645948945616	0.0244173140954495	0.020532741398446172	0.0011098779134295228	0.010266370699223086	0.022197558268590455	0.02358490566037736	0.0002774694783573807	0.011376248612652608	0.00776914539400666	0.007214206437291898	0.0	0.00388457269700333	0.0646503884572697	0.04716981132075472	0.0011098779134295228	0.02885682574916759	0.023307436182019976	0.011376248612652608	0.000832408435072142	0.006659267480577136	0.02802441731409545	0.02413984461709212	0.0013873473917869034	0.018312985571587125	0.021920088790233074	0.021087680355160933	0.0011098779134295228	0.009156492785793563	0.01553829078801332	0.014150943396226415	0.000832408435072142	0.006659267480577136	0.0	0.021365149833518313	0.0	0.007214206437291898	0.017480577136514984	0.01553829078801332	0.000832408435072142	0.009711431742508323	0.026914539400665925	0.004162042175360711	0.0011098779134295228	0.0024972253052164264	0.0330188679245283	0.03496115427302997	0.0005549389567147614	0.022475027746947835
0.022752497225305215	0.021642619311875694	0.000832408435072142	0.013596004439511655	0.04411764705882353	0.035238623751387345	0.0013873473917869034	0.021087680355160933	0.0	0.010543840177580466	0.0	0.009988901220865706	0.054661487236403995	0.053551609322974474	0.0011098779134295228	0.032741398446170925	0.0244173140954495	0.020532741398446172	0.0011098779134295228	0.010266370699223086	0.021642619311875694	0.02386237513873474	0.0002774694783573807	0.011653718091009988	0.007491675915649278	0.007491675915649278	0.0	0.00388457269700333	0.06520532741398447	0.04827968923418424	0.000832408435072142	0.02830188679245283	0.02358490566037736	0.011653718091009988	0.0005549389567147614	0.006381798002219756	0.02746947835738069	0.024694783573806882	0.0011098779134295228	0.018590455049944506	0.022197558268590455	0.020532741398446172	0.0011098779134295228	0.009433962264150943	0.01553829078801332	0.013873473917869035	0.000832408435072142	0.0069367369589345175	0.0	0.021087680355160933	0.0	0.007491675915649278	0.018035516093229745	0.014150943396226415	0.000832408435072142	0.010543840177580466	0.02719200887902331	0.004439511653718091	0.000832408435072142	0.0022197558268590455	0.031631520532741396	0.03440621531631521	0.0011098779134295228	0.023029966703662596
0.023029966703662596	0.021365149833518313	0.0005549389567147614	0.013873473917869035	0.04439511653718091	0.03551609322974473	0.0013873473917869034	0.020532741398446172	0.0	0.010266370699223086	0.0	0.010266370699223086	0.054106548279689234	0.05299667036625971	0.001664816870144284	0.033296337402885685	0.024694783573806882	0.020532741398446172	0.000832408435072142	0.010266370699223086	0.021642619311875694	0.023307436182019976	0.0005549389567147614	0.01193118756936737	0.007491675915649278	0.00776914539400666	0.0	0.003607103218645949	0.0646503884572697	0.04827968923418424	0.0013873473917869034	0.02830188679245283	0.02358490566037736	0.01220865704772475	0.0005549389567147614	0.005826859045504994	0.02746947835738069	0.02413984461709212	0.0011098779134295228	0.019145394006659266	0.022475027746947835	0.020810210876803552	0.000832408435072142	0.009156492785793563	0.015815760266370698	0.013873473917869035	0.0005549389567147614	0.0069367369589345175	0.0	0.021365149833518313	0.0	0.007214206437291898	0.017203107658157604	0.014150943396226415	0.0013873473917869034	0.010821309655937847	0.026637069922308545	0.004162042175360711	0.0013873473917869034	0.0024972253052164264	0.031631520532741396	0.035238623751387345	0.0011098779134295228	0.022197558268590455
0.023029966703662596	0.020532741398446172	0.0005549389567147614	0.014705882352941176	0.04411764705882353	0.035238623751387345	0.001664816870144284	0.020810210876803552	0.0	0.010543840177580466	0.0	0.009988901220865706	0.054106548279689234	0.05382907880133185	0.001664816870144284	0.03246392896781354	0.024694783573806882	0.020810210876803552	0.000832408435072142	0.009988901220865706	0.021920088790233074	0.02358490566037736	0.0002774694783573807	0.011653718091009988	0.007214206437291898	0.00804661487236404	0.0	0.003607103218645949	0.06354051054384018	0.04855715871254162	0.0013873473917869034	0.02885682574916759	0.02358490566037736	0.012486126526082131	0.0005549389567147614	0.005549389567147614	0.02774694783573807	0.0244173140954495	0.0011098779134295228	0.018590455049944506	0.021642619311875694	0.021087680355160933	0.000832408435072142	0.009711431742508323	0.01553829078801332	0.014150943396226415	0.0005549389567147614	0.0069367369589345175	0.0	0.021365149833518313	0.0	0.007214206437291898	0.017480577136514984	0.013318534961154272	0.0013873473917869034	0.011376248612652608	0.026637069922308545	0.00388457269700333	0.0013873473917869034	0.002774694783573807	0.03218645948945616	0.03496115427302997	0.000832408435072142	0.022475027746947835
0.022752497225305215	0.020532741398446172	0.000832408435072142	0.014705882352941176	0.04328523862375139	0.03440621531631521	0.0022197558268590455	0.021920088790233074	0.0	0.011376248612652608	0.0	0.009156492785793563	0.05438401775804662	0.05327413984461709	0.0013873473917869034	0.0330188679245283	0.024694783573806882	0.020810210876803552	0.000832408435072142	0.009988901220865706	0.022197558268590455	0.02386237513873474	0.0002774694783573807	0.011098779134295227	0.0069367369589345175	0.008601553829078802	0.0002774694783573807	0.0030521642619311877	0.06270810210876804	0.049389567147613764	0.000832408435072142	0.02885682574916759	0.02358490566037736	0.01193118756936737	0.0005549389567147614	0.006104328523862375	0.02719200887902331	0.0244173140954495	0.0011098779134295228	0.019145394006659266	0.021365149833518313	0.021365149833518313	0.000832408435072142	0.009711431742508323	0.015815760266370698	0.013596004439511655	0.0005549389567147614	0.007214206437291898	0.0	0.020810210876803552	0.0	0.00776914539400666	0.017758046614872364	0.013873473917869035	0.0013873473917869034	0.010543840177580466	0.02719200887902331	0.003607103218645949	0.000832408435072142	0.0030521642619311877	0.03246392896781354	0.035793562708102106	0.0011098779134295228	0.021642619311875694
0.022752497225305215	0.021365149833518313	0.000832408435072142	0.013873473917869035	0.04245283018867924	0.03551609322974473	0.002774694783573807	0.021087680355160933	0.0	0.011653718091009988	0.0	0.008879023307436182	0.054106548279689234	0.05327413984461709	0.001664816870144284	0.0330188679245283	0.02413984461709212	0.021087680355160933	0.0013873473917869034	0.009711431742508323	0.021642619311875694	0.02386237513873474	0.000832408435072142	0.011098779134295227	0.0069367369589345175	0.009156492785793563	0.0002774694783573807	0.0024972253052164264	0.06215316315205328	0.049389567147613764	0.000832408435072142	0.02830188679245283	0.02358490566037736	0.011653718091009988	0.0005549389567147614	0.006381798002219756	0.026914539400665925	0.024694783573806882	0.0013873473917869034	0.018867924528301886	0.020810210876803552	0.021087680355160933	0.0013873473917869034	0.009988901220865706	0.01609322974472808	0.013318534961154272	0.0005549389567147614	0.007214206437291898	0.0	0.021365149833518313	0.0	0.007214206437291898	0.017480577136514984	0.014428412874583796	0.0013873473917869034	0.010266370699223086	0.026637069922308545	0.003607103218645949	0.0013873473917869034	0.0030521642619311877	0.03357380688124306	0.035238623751387345	0.0011098779134295228	0.022197558268590455
0.023029966703662596	0.021642619311875694	0.0005549389567147614	0.013596004439511655	0.04328523862375139	0.03551609322974473	0.001942286348501665	0.021087680355160933	0.0	0.011376248612652608	0.0	0.009156492785793563	0.054661487236403995	0.05382907880133185	0.0011098779134295228	0.03246392896781354	0.02413984461709212	0.020810210876803552	0.0013873473917869034	0.009988901220865706	0.021365149833518313	0.02358490566037736	0.0005549389567147614	0.01193118756936737	0.0069367369589345175	0.008879023307436182	0.0002774694783573807	0.002774694783573807	0.06215316315205328	0.04966703662597114	0.0013873473917869034	0.02830188679245283	0.02386237513873474	0.011653718091009988	0.0002774694783573807	0.006381798002219756	0.02719200887902331	0.025249722530521643	0.000832408435072142	0.018590455049944506	0.020532741398446172	0.021642619311875694	0.0013873473917869034	0.009711431742508323	0.016648168701442843	0.013318534961154272	0.0005549389567147614	0.006659267480577136	0.0	0.021087680355160933	0.0	0.007491675915649278	0.016925638179800223	0.014983351831298557	0.0013873473917869034	0.010266370699223086	0.026359600443951164	0.004439511653718091	0.001664816870144284	0.0022197558268590455	0.03246392896781354	0.03440621531631521	0.0013873473917869034	0.023029966703662596
0.022752497225305215	0.021920088790233074	0.000832408435072142	0.013318534961154272	0.04356270810210877	0.03496115427302997	0.001942286348501665	0.021365149833518313	0.0	0.01220865704772475	0.0	0.008324084350721421	0.05493895671476138	0.05244173140954495	0.000832408435072142	0.033851276359600446	0.02413984461709212	0.020532741398446172	0.0013873473917869034	0.010266370699223086	0.021920088790233074	0.023307436182019976	0.0005549389567147614	0.011653718091009988	0.0069367369589345175	0.009156492785793563	0.0002774694783573807	0.0024972253052164264	0.06215316315205328	0.0502219755826859	0.0011098779134295228	0.02830188679245283	0.02386237513873474	0.011653718091009988	0.0002774694783573807	0.006381798002219756	0.026914539400665925	0.026914539400665925	0.000832408435072142	0.017203107658157604	0.020532741398446172	0.021642619311875694	0.0013873473917869034	0.009711431742508323	0.017203107658157604	0.012763596004439512	0.0005549389567147614	0.006659267480577136	0.0	0.021087680355160933	0.0	0.007491675915649278	0.016925638179800223	0.014705882352941176	0.000832408435072142	0.011098779134295227	0.026637069922308545	0.004439511653718091	0.0013873473917869034	0.0022197558268590455	0.0330188679245283	0.033851276359600446	0.0005549389567147614	0.02358490566037736
0.023029966703662596	0.022475027746947835	0.0005549389567147614	0.012763596004439512	0.043007769145394004	0.035238623751387345	0.001942286348501665	0.021642619311875694	0.0	0.01220865704772475	0.0	0.008324084350721421	0.05493895671476138	0.05188679245283019	0.000832408435072142	0.03440621531631521	0.02413984461709212	0.01997780244173141	0.0013873473917869034	0.010821309655937847	0.022197558268590455	0.022475027746947835	0.0005549389567147614	0.01220865704772475	0.006659267480577136	0.009156492785793563	0.0005549389567147614	0.0024972253052164264	0.06354051054384018	0.049944506104328525	0.0005549389567147614	0.02885682574916759	0.02358490566037736	0.011653718091009988	0.0005549389567147614	0.006381798002219756	0.026637069922308545	0.02746947835738069	0.0011098779134295228	0.016648168701442843	0.021087680355160933	0.020810210876803552	0.000832408435072142	0.010543840177580466	0.017203107658157604	0.012486126526082131	0.0005549389567147614	0.0069367369589345175	0.0	0.02025527192008879	0.0	0.008324084350721421	0.017203107658157604	0.015260821309655937	0.0005549389567147614	0.010543840177580466	0.02719200887902331	0.004439511653718091	0.000832408435072142	0.0022197558268590455	0.03218645948945616	0.03357380688124306	0.0002774694783573807	0.02386237513873474
0.022752497225305215	0.020810210876803552	0.000832408435072142	0.014428412874583796	0.04273029966703663	0.033851276359600446	0.0022197558268590455	0.023029966703662596	0.0	0.011098779134295227	0.0	0.009433962264150943	0.05493895671476138	0.05216426193118757	0.000832408435072142	0.03412874583795782	0.02386237513873474	0.019422863485016647	0.001664816870144284	0.011376248612652608	0.022197558268590455	0.021920088790233074	0.0005549389567147614	0.012763596004439512	0.0069367369589345175	0.009711431742508323	0.0	0.0022197558268590455	0.06326304106548279	0.049389567147613764	0.000832408435072142	0.029689234184239733	0.02358490566037736	0.011376248612652608	0.0005549389567147614	0.006659267480577136	0.026914539400665925	0.026914539400665925	0.0011098779134295228	0.016925638179800223	0.021920088790233074	0.021365149833518313	0.0002774694783573807	0.009711431742508323	0.017480577136514984	0.012763596004439512	0.0002774694783573807	0.006659267480577136	0.0	0.020532741398446172	0.0	0.00804661487236404	0.017203107658157604	0.01553829078801332	0.0005549389567147614	0.010266370699223086	0.02719200887902331	0.004439511653718091	0.000832408435072142	0.0022197558268590455	0.031631520532741396	0.033296337402885685	0.0005549389567147614	0.02413984461709212
0.023029966703662596	0.020532741398446172	0.0005549389567147614	0.014705882352941176	0.04245283018867924	0.033296337402885685	0.001942286348501665	0.02413984461709212	0.0	0.011376248612652608	0.0	0.009156492785793563	0.055216426193118756	0.05188679245283019	0.0005549389567147614	0.03440621531631521	0.02358490566037736	0.019422863485016647	0.001942286348501665	0.011376248612652608	0.022197558268590455	0.021642619311875694	0.0005549389567147614	0.013041065482796892	0.0069367369589345175	0.009433962264150943	0.0	0.0024972253052164264	0.06187569367369589	0.04911209766925638	0.001664816870144284	0.029966703662597113	0.02358490566037736	0.011376248612652608	0.0005549389567147614	0.006659267480577136	0.02719200887902331	0.02830188679245283	0.0002774694783573807	0.01609322974472808	0.021920088790233074	0.021365149833518313	0.0005549389567147614	0.009433962264150943	0.017480577136514984	0.012486126526082131	0.0002774694783573807	0.0069367369589345175	0.0	0.020532741398446172	0.0	0.00804661487236404	0.017203107658157604	0.01609322974472808	0.0002774694783573807	0.009988901220865706	0.02774694783573807	0.004162042175360711	0.0002774694783573807	0.0024972253052164264	0.031631520532741396	0.033296337402885685	0.0011098779134295228	0.02413984461709212
0.023029966703662596	0.020532741398446172	0.0005549389567147614	0.014705882352941176	0.042175360710321866	0.03357380688124306	0.002774694783573807	0.023307436182019976	0.0	0.010266370699223086	0.0	0.010266370699223086	0.055216426193118756	0.05133185349611543	0.0005549389567147614	0.03496115427302997	0.023307436182019976	0.018867924528301886	0.0022197558268590455	0.01193118756936737	0.021920088790233074	0.020532741398446172	0.0011098779134295228	0.013873473917869035	0.007214206437291898	0.009156492785793563	0.0	0.0024972253052164264	0.06104328523862375	0.04772475027746948	0.002774694783573807	0.03107658157602664	0.02386237513873474	0.011376248612652608	0.0002774694783573807	0.006659267480577136	0.026914539400665925	0.026914539400665925	0.0005549389567147614	0.017480577136514984	0.021920088790233074	0.021365149833518313	0.0005549389567147614	0.009433962264150943	0.016925638179800223	0.012486126526082131	0.000832408435072142	0.0069367369589345175	0.0	0.019700332963374027	0.0	0.008879023307436182	0.017203107658157604	0.01553829078801332	0.0005549389567147614	0.010266370699223086	0.02774694783573807	0.004162042175360711	0.0002774694783573807	0.0024972253052164264	0.031631520532741396	0.032741398446170925	0.0011098779134295228	0.024694783573806882
0.023029966703662596	0.01997780244173141	0.0005549389567147614	0.015260821309655937	0.04189789123196448	0.033296337402885685	0.002774694783573807	0.02386237513873474	0.0	0.009988901220865706	0.0	0.010543840177580466	0.05493895671476138	0.05188679245283019	0.000832408435072142	0.03440621531631521	0.023307436182019976	0.019700332963374027	0.0022197558268590455	0.011098779134295227	0.021920088790233074	0.021365149833518313	0.0011098779134295228	0.013041065482796892	0.0069367369589345175	0.009156492785793563	0.0002774694783573807	0.0024972253052164264	0.06076581576026637	0.048834628190899	0.0030521642619311877	0.030521642619311874	0.02386237513873474	0.011098779134295227	0.0002774694783573807	0.0069367369589345175	0.026637069922308545	0.02774694783573807	0.0005549389567147614	0.016925638179800223	0.022197558268590455	0.020810210876803552	0.0005549389567147614	0.009711431742508323	0.016370699223085462	0.01220865704772475	0.0011098779134295228	0.007491675915649278	0.0	0.018867924528301886	0.0	0.009711431742508323	0.017203107658157604	0.014983351831298557	0.0005549389567147614	0.010821309655937847	0.02774694783573807	0.004439511653718091	0.0002774694783573807	0.0022197558268590455	0.03107658157602664	0.03357380688124306	0.0011098779134295228	0.02386237513873474
0.023307436182019976	0.020532741398446172	0.0002774694783573807	0.014705882352941176	0.04245283018867924	0.03357380688124306	0.0024972253052164264	0.023307436182019976	0.0	0.010821309655937847	0.0	0.009711431742508323	0.05438401775804662	0.050499445061043285	0.0013873473917869034	0.035793562708102106	0.02386237513873474	0.019422863485016647	0.001664816870144284	0.011376248612652608	0.021920088790233074	0.021087680355160933	0.0011098779134295228	0.013318534961154272	0.0069367369589345175	0.008601553829078802	0.0002774694783573807	0.0030521642619311877	0.061598224195338516	0.049389567147613764	0.0024972253052164264	0.029966703662597113	0.02386237513873474	0.011098779134295227	0.0002774694783573807	0.0069367369589345175	0.026914539400665925	0.02885682574916759	0.0002774694783573807	0.015815760266370698	0.022197558268590455	0.020810210876803552	0.0005549389567147614	0.009711431742508323	0.016925638179800223	0.012486126526082131	0.0005549389567147614	0.007214206437291898	0.0	0.018867924528301886	0.0	0.009711431742508323	0.017203107658157604	0.014705882352941176	0.0002774694783573807	0.011376248612652608	0.02774694783573807	0.004439511653718091	0.0002774694783573807	0.0022197558268590455	0.030799112097669258	0.03412874583795782	0.0011098779134295228	0.023307436182019976
0.023307436182019976	0.02025527192008879	0.0002774694783573807	0.014983351831298557	0.042175360710321866	0.03412874583795782	0.0024972253052164264	0.023029966703662596	0.0	0.010821309655937847	0.0	0.009711431742508323	0.05438401775804662	0.049944506104328525	0.0013873473917869034	0.036348501664816874	0.02386237513873474	0.018867924528301886	0.001664816870144284	0.01193118756936737	0.021920088790233074	0.020532741398446172	0.0011098779134295228	0.013873473917869035	0.0069367369589345175	0.008601553829078802	0.0002774694783573807	0.0030521642619311877	0.06187569367369589	0.04827968923418424	0.002774694783573807	0.030521642619311874	0.02358490566037736	0.010543840177580466	0.0005549389567147614	0.007491675915649278	0.026914539400665925	0.02857935627081021	0.0002774694783573807	0.01609322974472808	0.021642619311875694	0.020532741398446172	0.0005549389567147614	0.010543840177580466	0.016648168701442843	0.013041065482796892	0.0005549389567147614	0.0069367369589345175	0.0	0.018867924528301886	0.0	0.009711431742508323	0.017203107658157604	0.01553829078801332	0.0002774694783573807	0.010543840177580466	0.02719200887902331	0.004439511653718091	0.000832408435072142	0.0022197558268590455	0.030521642619311874	0.03440621531631521	0.0013873473917869034	0.023029966703662596
0.023029966703662596	0.020532741398446172	0.0005549389567147614	0.014705882352941176	0.04245283018867924	0.03551609322974473	0.0022197558268590455	0.021642619311875694	0.0	0.010266370699223086	0.0	0.010266370699223086	0.054661487236403995	0.05216426193118757	0.0011098779134295228	0.03412874583795782	0.02358490566037736	0.019145394006659266	0.001942286348501665	0.011653718091009988	0.021920088790233074	0.020532741398446172	0.000832408435072142	0.014150943396226415	0.007491675915649278	0.008324084350721421	0.0002774694783573807	0.002774694783573807	0.06132075471698113	0.04800221975582686	0.002774694783573807	0.030521642619311874	0.02358490566037736	0.011376248612652608	0.0005549389567147614	0.006659267480577136	0.026914539400665925	0.02830188679245283	0.0	0.016648168701442843	0.021642619311875694	0.020810210876803552	0.0005549389567147614	0.010266370699223086	0.01609322974472808	0.013318534961154272	0.000832408435072142	0.0069367369589345175	0.0	0.018867924528301886	0.0	0.009711431742508323	0.017203107658157604	0.015260821309655937	0.0002774694783573807	0.010821309655937847	0.02719200887902331	0.004162042175360711	0.000832408435072142	0.0024972253052164264	0.03135405105438402	0.034683684794672584	0.0013873473917869034	0.022752497225305215
0.022752497225305215	0.021087680355160933	0.000832408435072142	0.014150943396226415	0.04328523862375139	0.035793562708102106	0.001664816870144284	0.021087680355160933	0.0	0.010266370699223086	0.0	0.010266370699223086	0.055216426193118756	0.05077691453940067	0.0005549389567147614	0.03551609322974473	0.02358490566037736	0.02025527192008879	0.001942286348501665	0.010543840177580466	0.021365149833518313	0.020810210876803552	0.0013873473917869034	0.013873473917869035	0.007491675915649278	0.008324084350721421	0.0002774694783573807	0.002774694783573807	0.06187569367369589	0.046892341842397336	0.002774694783573807	0.03107658157602664	0.02358490566037736	0.010821309655937847	0.0005549389567147614	0.007214206437291898	0.02746947835738069	0.02857935627081021	0.0	0.015815760266370698	0.021642619311875694	0.021365149833518313	0.0002774694783573807	0.009988901220865706	0.01609322974472808	0.013041065482796892	0.000832408435072142	0.007214206437291898	0.0	0.018867924528301886	0.0	0.009711431742508323	0.016925638179800223	0.015260821309655937	0.0005549389567147614	0.010821309655937847	0.02746947835738069	0.004162042175360711	0.0005549389567147614	0.0024972253052164264	0.03107658157602664	0.035793562708102106	0.001664816870144284	0.021642619311875694
0.022752497225305215	0.020810210876803552	0.000832408435072142	0.014428412874583796	0.043007769145394004	0.03607103218645949	0.001942286348501665	0.020810210876803552	0.0	0.010543840177580466	0.0	0.009988901220865706	0.054661487236403995	0.05216426193118757	0.0011098779134295228	0.03412874583795782	0.023307436182019976	0.02025527192008879	0.0022197558268590455	0.010543840177580466	0.021642619311875694	0.019700332963374027	0.0011098779134295228	0.014983351831298557	0.007491675915649278	0.008324084350721421	0.0002774694783573807	0.002774694783573807	0.05910099889012209	0.04605993340732519	0.003329633740288568	0.03218645948945616	0.02358490566037736	0.011098779134295227	0.0005549389567147614	0.0069367369589345175	0.026914539400665925	0.02830188679245283	0.0	0.016648168701442843	0.021365149833518313	0.021087680355160933	0.0002774694783573807	0.010543840177580466	0.015815760266370698	0.012763596004439512	0.0011098779134295228	0.007491675915649278	0.0	0.018867924528301886	0.0	0.009711431742508323	0.016925638179800223	0.01609322974472808	0.0005549389567147614	0.009988901220865706	0.02746947835738069	0.004162042175360711	0.0005549389567147614	0.0024972253052164264	0.0330188679245283	0.03607103218645949	0.001664816870144284	0.021365149833518313
0.022752497225305215	0.021087680355160933	0.000832408435072142	0.014150943396226415	0.04245283018867924	0.036348501664816874	0.0022197558268590455	0.020810210876803552	0.0	0.010821309655937847	0.0	0.009711431742508323	0.054661487236403995	0.051054384017758046	0.0011098779134295228	0.035238623751387345	0.023307436182019976	0.02025527192008879	0.0022197558268590455	0.010543840177580466	0.022197558268590455	0.02025527192008879	0.000832408435072142	0.014150943396226415	0.007491675915649278	0.00804661487236404	0.0002774694783573807	0.0030521642619311877	0.0574361820199778	0.04716981132075472	0.0030521642619311877	0.03190899001109878	0.02413984461709212	0.011653718091009988	0.0	0.006381798002219756	0.026359600443951164	0.02830188679245283	0.0005549389567147614	0.016648168701442843	0.021087680355160933	0.021365149833518313	0.0005549389567147614	0.010266370699223086	0.01553829078801332	0.012763596004439512	0.0011098779134295228	0.00776914539400666	0.0	0.018590455049944506	0.0	0.009988901220865706	0.016925638179800223	0.015815760266370698	0.000832408435072142	0.009988901220865706	0.02746947835738069	0.004162042175360711	0.0005549389567147614	0.0024972253052164264	0.03440621531631521	0.03551609322974473	0.0013873473917869034	0.021920088790233074
0.022752497225305215	0.021642619311875694	0.000832408435072142	0.013596004439511655	0.04328523862375139	0.036348501664816874	0.0022197558268590455	0.01997780244173141	0.0	0.010821309655937847	0.0	0.009711431742508323	0.054661487236403995	0.0502219755826859	0.0011098779134295228	0.03607103218645949	0.02358490566037736	0.020532741398446172	0.001942286348501665	0.010266370699223086	0.022197558268590455	0.021087680355160933	0.0005549389567147614	0.013596004439511655	0.00776914539400666	0.00804661487236404	0.0	0.0030521642619311877	0.05854605993340733	0.04772475027746948	0.0022197558268590455	0.03135405105438402	0.02413984461709212	0.011376248612652608	0.0	0.006659267480577136	0.026359600443951164	0.02802441731409545	0.0002774694783573807	0.017203107658157604	0.020810210876803552	0.022197558268590455	0.0002774694783573807	0.009988901220865706	0.015815760266370698	0.013318534961154272	0.000832408435072142	0.007214206437291898	0.0	0.018312985571587125	0.0	0.010266370699223086	0.017203107658157604	0.015815760266370698	0.0005549389567147614	0.009988901220865706	0.02746947835738069	0.00388457269700333	0.0005549389567147614	0.002774694783573807	0.034683684794672584	0.034683684794672584	0.000832408435072142	0.022752497225305215
0.022475027746947835	0.021087680355160933	0.0011098779134295228	0.014150943396226415	0.04328523862375139	0.03551609322974473	0.0022197558268590455	0.020810210876803552	0.0	0.011098779134295227	0.0	0.009433962264150943	0.05438401775804662	0.05133185349611543	0.0013873473917869034	0.03496115427302997	0.02386237513873474	0.020532741398446172	0.001664816870144284	0.010266370699223086	0.022475027746947835	0.01997780244173141	0.0005549389567147614	0.014428412874583796	0.00804661487236404	0.00804661487236404	0.0	0.002774694783573807	0.058823529411764705	0.04800221975582686	0.002774694783573807	0.030799112097669258	0.02386237513873474	0.011376248612652608	0.0002774694783573807	0.006659267480577136	0.026082130965593784	0.02857935627081021	0.0005549389567147614	0.016648168701442843	0.020810210876803552	0.021642619311875694	0.0002774694783573807	0.010543840177580466	0.015815760266370698	0.013596004439511655	0.000832408435072142	0.0069367369589345175	0.0	0.017758046614872364	0.0	0.010821309655937847	0.017203107658157604	0.015815760266370698	0.0005549389567147614	0.009988901220865706	0.02774694783573807	0.00388457269700333	0.0002774694783573807	0.002774694783573807	0.033851276359600446	0.036348501664816874	0.0011098779134295228	0.021087680355160933
0.022475027746947835	0.020532741398446172	0.0011098779134295228	0.014705882352941176	0.04273029966703663	0.034683684794672584	0.0024972253052164264	0.021920088790233074	0.0	0.011653718091009988	0.0	0.008879023307436182	0.05438401775804662	0.05133185349611543	0.0013873473917869034	0.03496115427302997	0.02358490566037736	0.01997780244173141	0.001942286348501665	0.010821309655937847	0.022197558268590455	0.020810210876803552	0.0005549389567147614	0.013873473917869035	0.00804661487236404	0.00804661487236404	0.0	0.002774694783573807	0.05799112097669257	0.0474472807991121	0.0030521642619311877	0.03107658157602664	0.02386237513873474	0.011653718091009988	0.0002774694783573807	0.006381798002219756	0.026914539400665925	0.02802441731409545	0.0002774694783573807	0.016648168701442843	0.020810210876803552	0.022197558268590455	0.0002774694783573807	0.009988901220865706	0.015815760266370698	0.013318534961154272	0.000832408435072142	0.007214206437291898	0.0	0.017480577136514984	0.0	0.011098779134295227	0.016925638179800223	0.015260821309655937	0.0	0.011376248612652608	0.02774694783573807	0.003607103218645949	0.0002774694783573807	0.0030521642619311877	0.03440621531631521	0.03662597114317425	0.0013873473917869034	0.020810210876803552
0.022752497225305215	0.01997780244173141	0.000832408435072142	0.015260821309655937	0.04273029966703663	0.035793562708102106	0.0022197558268590455	0.021087680355160933	0.0	0.011653718091009988	0.0	0.008879023307436182	0.05438401775804662	0.05188679245283019	0.0013873473917869034	0.03440621531631521	0.023307436182019976	0.019145394006659266	0.0022197558268590455	0.011653718091009988	0.021920088790233074	0.021087680355160933	0.000832408435072142	0.013596004439511655	0.00804661487236404	0.00804661487236404	0.0	0.002774694783573807	0.05688124306326304	0.045782463928967815	0.00388457269700333	0.031631520532741396	0.02358490566037736	0.011653718091009988	0.0005549389567147614	0.006381798002219756	0.026914539400665925	0.02857935627081021	0.0002774694783573807	0.01609322974472808	0.020810210876803552	0.022197558268590455	0.0002774694783573807	0.009988901220865706	0.01609322974472808	0.013596004439511655	0.0005549389567147614	0.0069367369589345175	0.0	0.017758046614872364	0.0	0.010821309655937847	0.016925638179800223	0.015815760266370698	0.0	0.010821309655937847	0.02802441731409545	0.003329633740288568	0.0	0.003329633740288568	0.03662597114317425	0.036903440621531634	0.0005549389567147614	0.020532741398446172
0.022752497225305215	0.020532741398446172	0.000832408435072142	0.014705882352941176	0.042175360710321866	0.034683684794672584	0.0024972253052164264	0.022475027746947835	0.0	0.01220865704772475	0.0	0.008324084350721421	0.05438401775804662	0.05244173140954495	0.0013873473917869034	0.033851276359600446	0.02358490566037736	0.019422863485016647	0.001942286348501665	0.011376248612652608	0.021642619311875694	0.020532741398446172	0.000832408435072142	0.014428412874583796	0.00804661487236404	0.00804661487236404	0.0	0.002774694783573807	0.054661487236403995	0.046892341842397336	0.004439511653718091	0.030799112097669258	0.023307436182019976	0.01193118756936737	0.000832408435072142	0.006104328523862375	0.02719200887902331	0.02885682574916759	0.0002774694783573807	0.01553829078801332	0.020810210876803552	0.021642619311875694	0.0002774694783573807	0.010543840177580466	0.016648168701442843	0.013596004439511655	0.0002774694783573807	0.006659267480577136	0.0	0.018590455049944506	0.0	0.009988901220865706	0.017203107658157604	0.015815760266370698	0.0	0.010543840177580466	0.02802441731409545	0.003329633740288568	0.0	0.003329633740288568	0.03773584905660377	0.036903440621531634	0.000832408435072142	0.020532741398446172
0.023029966703662596	0.01997780244173141	0.0005549389567147614	0.015260821309655937	0.04245283018867924	0.03496115427302997	0.0022197558268590455	0.022197558268590455	0.0	0.01193118756936737	0.0	0.008601553829078802	0.053551609322974474	0.05188679245283019	0.0022197558268590455	0.03440621531631521	0.0244173140954495	0.019422863485016647	0.0011098779134295228	0.011376248612652608	0.021642619311875694	0.020532741398446172	0.000832408435072142	0.014428412874583796	0.00804661487236404	0.00776914539400666	0.0	0.0030521642619311877	0.05632630410654828	0.0474472807991121	0.004162042175360711	0.029966703662597113	0.023307436182019976	0.01220865704772475	0.000832408435072142	0.005826859045504994	0.02746947835738069	0.02774694783573807	0.0002774694783573807	0.016370699223085462	0.020810210876803552	0.021920088790233074	0.0005549389567147614	0.009988901220865706	0.016925638179800223	0.013596004439511655	0.0005549389567147614	0.006104328523862375	0.0	0.019145394006659266	0.0	0.009433962264150943	0.016925638179800223	0.015260821309655937	0.0005549389567147614	0.010821309655937847	0.02802441731409545	0.003329633740288568	0.0	0.003329633740288568	0.036348501664816874	0.037458379578246395	0.0011098779134295228	0.01997780244173141
0.023029966703662596	0.021087680355160933	0.0005549389567147614	0.014150943396226415	0.043007769145394004	0.03496115427302997	0.0013873473917869034	0.022475027746947835	0.0	0.01220865704772475	0.0	0.008324084350721421	0.053551609322974474	0.051054384017758046	0.0022197558268590455	0.035238623751387345	0.0244173140954495	0.019145394006659266	0.0011098779134295228	0.011653718091009988	0.021642619311875694	0.021087680355160933	0.000832408435072142	0.013873473917869035	0.00804661487236404	0.00776914539400666	0.0	0.0030521642619311877	0.05660377358490566	0.046892341842397336	0.003607103218645949	0.029966703662597113	0.02358490566037736	0.012486126526082131	0.0005549389567147614	0.005549389567147614	0.02746947835738069	0.02802441731409545	0.000832408435072142	0.01553829078801332	0.020810210876803552	0.021365149833518313	0.0005549389567147614	0.010543840177580466	0.017203107658157604	0.013318534961154272	0.0005549389567147614	0.006104328523862375	0.0	0.019145394006659266	0.0	0.009433962264150943	0.017480577136514984	0.015260821309655937	0.0002774694783573807	0.010543840177580466	0.02774694783573807	0.003329633740288568	0.0002774694783573807	0.003329633740288568	0.03718091009988901	0.037458379578246395	0.0011098779134295228	0.01997780244173141
0.023029966703662596	0.021920088790233074	0.0005549389567147614	0.013318534961154272	0.043007769145394004	0.035238623751387345	0.0013873473917869034	0.022197558268590455	0.0	0.011653718091009988	0.0	0.008879023307436182	0.054106548279689234	0.05077691453940067	0.001664816870144284	0.03551609322974473	0.024694783573806882	0.018590455049944506	0.000832408435072142	0.01220865704772475	0.021920088790233074	0.021365149833518313	0.000832408435072142	0.013318534961154272	0.008324084350721421	0.007491675915649278	0.0	0.0030521642619311877	0.05688124306326304	0.046337402885682576	0.0022197558268590455	0.030799112097669258	0.02358490566037736	0.013041065482796892	0.0005549389567147614	0.004994450610432853	0.02719200887902331	0.02746947835738069	0.0011098779134295228	0.01609322974472808	0.020810210876803552	0.021642619311875694	0.0005549389567147614	0.010266370699223086	0.017480577136514984	0.012763596004439512	0.0002774694783573807	0.006659267480577136	0.0	0.018867924528301886	0.0	0.009711431742508323	0.017758046614872364	0.014983351831298557	0.0002774694783573807	0.010543840177580466	0.02774694783573807	0.003607103218645949	0.0002774694783573807	0.0030521642619311877	0.038013318534961156	0.03662597114317425	0.0011098779134295228	0.020810210876803552
0.022752497225305215	0.022197558268590455	0.000832408435072142	0.013041065482796892	0.042175360710321866	0.035238623751387345	0.001664816870144284	0.022752497225305215	0.0	0.011653718091009988	0.0	0.008879023307436182	0.05382907880133185	0.05133185349611543	0.001942286348501665	0.03496115427302997	0.024694783573806882	0.018590455049944506	0.000832408435072142	0.01220865704772475	0.021920088790233074	0.021642619311875694	0.000832408435072142	0.013041065482796892	0.008324084350721421	0.0069367369589345175	0.0	0.003607103218645949	0.05910099889012209	0.046337402885682576	0.0022197558268590455	0.030244173140954494	0.02358490566037736	0.013041065482796892	0.0005549389567147614	0.004994450610432853	0.02746947835738069	0.026637069922308545	0.0011098779134295228	0.016648168701442843	0.02025527192008879	0.022197558268590455	0.0011098779134295228	0.009711431742508323	0.017480577136514984	0.012763596004439512	0.0005549389567147614	0.006381798002219756	0.0	0.018867924528301886	0.0	0.009711431742508323	0.017758046614872364	0.014428412874583796	0.0	0.011376248612652608	0.02774694783573807	0.003607103218645949	0.0002774694783573807	0.0030521642619311877	0.03662597114317425	0.03607103218645949	0.000832408435072142	0.021365149833518313
0.022752497225305215	0.021642619311875694	0.000832408435072142	0.013596004439511655	0.04273029966703663	0.034683684794672584	0.001664816870144284	0.022752497225305215	0.0	0.011653718091009988	0.0	0.008879023307436182	0.053551609322974474	0.05077691453940067	0.0022197558268590455	0.03551609322974473	0.0244173140954495	0.019145394006659266	0.0011098779134295228	0.011653718091009988	0.021920088790233074	0.021920088790233074	0.000832408435072142	0.012763596004439512	0.008324084350721421	0.006659267480577136	0.0	0.00388457269700333	0.05993340732519423	0.045782463928967815	0.0024972253052164264	0.03107658157602664	0.02358490566037736	0.013873473917869035	0.0005549389567147614	0.004162042175360711	0.026914539400665925	0.026914539400665925	0.0011098779134295228	0.016925638179800223	0.01997780244173141	0.021365149833518313	0.0011098779134295228	0.010821309655937847	0.017480577136514984	0.012763596004439512	0.0005549389567147614	0.006381798002219756	0.0	0.018867924528301886	0.0	0.009711431742508323	0.017480577136514984	0.014150943396226415	0.0	0.01193118756936737	0.02774694783573807	0.003329633740288568	0.0002774694783573807	0.003329633740288568	0.035238623751387345	0.035238623751387345	0.000832408435072142	0.022197558268590455
0.023029966703662596	0.021087680355160933	0.0005549389567147614	0.014150943396226415	0.04245283018867924	0.03551609322974473	0.0011098779134295228	0.022752497225305215	0.0	0.011653718091009988	0.0	0.008879023307436182	0.053551609322974474	0.05133185349611543	0.0022197558268590455	0.03496115427302997	0.0244173140954495	0.019700332963374027	0.0011098779134295228	0.011098779134295227	0.021087680355160933	0.022752497225305215	0.0011098779134295228	0.012486126526082131	0.008324084350721421	0.006659267480577136	0.0	0.00388457269700333	0.06187569367369589	0.045782463928967815	0.002774694783573807	0.030521642619311874	0.02358490566037736	0.013873473917869035	0.0005549389567147614	0.004162042175360711	0.026914539400665925	0.02719200887902331	0.0011098779134295228	0.016648168701442843	0.019145394006659266	0.021365149833518313	0.0013873473917869034	0.011376248612652608	0.017480577136514984	0.012763596004439512	0.0002774694783573807	0.006659267480577136	0.0	0.018867924528301886	0.0	0.009711431742508323	0.017480577136514984	0.013873473917869035	0.0	0.01220865704772475	0.02746947835738069	0.003329633740288568	0.0005549389567147614	0.003329633740288568	0.033851276359600446	0.03496115427302997	0.0005549389567147614	0.022475027746947835
0.023029966703662596	0.020810210876803552	0.0005549389567147614	0.014428412874583796	0.04189789123196448	0.03496115427302997	0.000832408435072142	0.02413984461709212	0.0	0.011653718091009988	0.0	0.008879023307436182	0.053551609322974474	0.05188679245283019	0.0022197558268590455	0.03440621531631521	0.0244173140954495	0.02025527192008879	0.0011098779134295228	0.010543840177580466	0.021642619311875694	0.022475027746947835	0.000832408435072142	0.012486126526082131	0.008324084350721421	0.006659267480577136	0.0	0.00388457269700333	0.06132075471698113	0.04661487236403995	0.002774694783573807	0.029134295227524972	0.02386237513873474	0.013873473917869035	0.0002774694783573807	0.004162042175360711	0.026637069922308545	0.02719200887902331	0.000832408435072142	0.017203107658157604	0.019700332963374027	0.021365149833518313	0.000832408435072142	0.011376248612652608	0.017480577136514984	0.013041065482796892	0.0002774694783573807	0.006381798002219756	0.0	0.018312985571587125	0.0	0.010266370699223086	0.016648168701442843	0.013873473917869035	0.0005549389567147614	0.012486126526082131	0.02746947835738069	0.003607103218645949	0.0005549389567147614	0.0030521642619311877	0.03496115427302997	0.03440621531631521	0.0005549389567147614	0.023029966703662596
0.023029966703662596	0.021642619311875694	0.0005549389567147614	0.013596004439511655	0.04134295227524972	0.035238623751387345	0.0011098779134295228	0.02413984461709212	0.0	0.011376248612652608	0.0	0.009156492785793563	0.053551609322974474	0.051054384017758046	0.0022197558268590455	0.035238623751387345	0.024694783573806882	0.019700332963374027	0.000832408435072142	0.011098779134295227	0.021365149833518313	0.022475027746947835	0.0011098779134295228	0.012486126526082131	0.00804661487236404	0.006659267480577136	0.0002774694783573807	0.00388457269700333	0.05993340732519423	0.04716981132075472	0.0024972253052164264	0.02857935627081021	0.02386237513873474	0.013873473917869035	0.0002774694783573807	0.004162042175360711	0.026359600443951164	0.02802441731409545	0.000832408435072142	0.016648168701442843	0.01997780244173141	0.021365149833518313	0.000832408435072142	0.011098779134295227	0.016925638179800223	0.012763596004439512	0.0005549389567147614	0.0069367369589345175	0.0	0.018867924528301886	0.0	0.009711431742508323	0.016648168701442843	0.014150943396226415	0.0005549389567147614	0.01220865704772475	0.02746947835738069	0.00388457269700333	0.0005549389567147614	0.002774694783573807	0.036348501664816874	0.03412874583795782	0.000832408435072142	0.023307436182019976
0.023029966703662596	0.021920088790233074	0.0005549389567147614	0.013318534961154272	0.04078801331853496	0.03662597114317425	0.0011098779134295228	0.023307436182019976	0.0	0.011376248612652608	0.0	0.009156492785793563	0.05327413984461709	0.05133185349611543	0.0024972253052164264	0.03496115427302997	0.024694783573806882	0.01997780244173141	0.000832408435072142	0.010821309655937847	0.021365149833518313	0.022752497225305215	0.0011098779134295228	0.01220865704772475	0.00804661487236404	0.006659267480577136	0.0002774694783573807	0.00388457269700333	0.05993340732519423	0.046337402885682576	0.0024972253052164264	0.029411764705882353	0.02386237513873474	0.013318534961154272	0.0002774694783573807	0.0047169811320754715	0.026359600443951164	0.029689234184239733	0.000832408435072142	0.014983351831298557	0.020532741398446172	0.021365149833518313	0.0005549389567147614	0.010821309655937847	0.016370699223085462	0.011653718091009988	0.0005549389567147614	0.008601553829078802	0.0	0.019145394006659266	0.0	0.009433962264150943	0.017203107658157604	0.014150943396226415	0.0005549389567147614	0.011653718091009988	0.02746947835738069	0.004162042175360711	0.0005549389567147614	0.0024972253052164264	0.03662597114317425	0.03440621531631521	0.0005549389567147614	0.023029966703662596
0.023307436182019976	0.021920088790233074	0.0002774694783573807	0.013318534961154272	0.04051054384017758	0.03662597114317425	0.0011098779134295228	0.02358490566037736	0.0	0.011653718091009988	0.0	0.008879023307436182	0.05327413984461709	0.049944506104328525	0.0024972253052164264	0.036348501664816874	0.024694783573806882	0.019145394006659266	0.000832408435072142	0.011653718091009988	0.021365149833518313	0.022752497225305215	0.0011098779134295228	0.01220865704772475	0.008324084350721421	0.006104328523862375	0.0002774694783573807	0.004162042175360711	0.06021087680355161	0.046337402885682576	0.003607103218645949	0.029134295227524972	0.02413984461709212	0.013873473917869035	0.0	0.004162042175360711	0.026914539400665925	0.029411764705882353	0.0002774694783573807	0.015260821309655937	0.020810210876803552	0.021642619311875694	0.0002774694783573807	0.010543840177580466	0.016370699223085462	0.011653718091009988	0.0002774694783573807	0.008879023307436182	0.0	0.018867924528301886	0.0	0.009711431742508323	0.017480577136514984	0.013873473917869035	0.0005549389567147614	0.011653718091009988	0.02746947835738069	0.003607103218645949	0.0005549389567147614	0.0030521642619311877	0.03551609322974473	0.034683684794672584	0.0005549389567147614	0.022752497225305215
0.02358490566037736	0.022197558268590455	0.0	0.013041065482796892	0.03912319644839068	0.03773584905660377	0.001664816870144284	0.023307436182019976	0.0	0.01193118756936737	0.0	0.008601553829078802	0.05327413984461709	0.049944506104328525	0.0024972253052164264	0.036348501664816874	0.024694783573806882	0.018867924528301886	0.000832408435072142	0.01193118756936737	0.021642619311875694	0.023307436182019976	0.000832408435072142	0.011653718091009988	0.008324084350721421	0.005826859045504994	0.0	0.0047169811320754715	0.06104328523862375	0.04550499445061043	0.0030521642619311877	0.029689234184239733	0.02413984461709212	0.013873473917869035	0.0	0.004162042175360711	0.026914539400665925	0.02885682574916759	0.000832408435072142	0.015260821309655937	0.021087680355160933	0.021365149833518313	0.0002774694783573807	0.010543840177580466	0.015815760266370698	0.01220865704772475	0.0002774694783573807	0.008879023307436182	0.0	0.018590455049944506	0.0	0.009988901220865706	0.017203107658157604	0.013873473917869035	0.000832408435072142	0.011653718091009988	0.02746947835738069	0.00388457269700333	0.0005549389567147614	0.002774694783573807	0.03496115427302997	0.03440621531631521	0.0011098779134295228	0.023029966703662596
0.02358490566037736	0.022197558268590455	0.0	0.013041065482796892	0.03829078801331853	0.03995560488346282	0.001664816870144284	0.021920088790233074	0.0	0.01193118756936737	0.0	0.008601553829078802	0.053551609322974474	0.050499445061043285	0.0022197558268590455	0.035793562708102106	0.024694783573806882	0.018312985571587125	0.000832408435072142	0.012486126526082131	0.021365149833518313	0.024694783573806882	0.000832408435072142	0.010543840177580466	0.008324084350721421	0.006104328523862375	0.0	0.004439511653718091	0.05993340732519423	0.04495005549389567	0.0022197558268590455	0.030521642619311874	0.02413984461709212	0.013318534961154272	0.0	0.0047169811320754715	0.026637069922308545	0.029411764705882353	0.000832408435072142	0.014983351831298557	0.020810210876803552	0.021920088790233074	0.0002774694783573807	0.010266370699223086	0.01553829078801332	0.013041065482796892	0.0005549389567147614	0.00804661487236404	0.0	0.018590455049944506	0.0	0.009988901220865706	0.017480577136514984	0.014150943396226415	0.0005549389567147614	0.011376248612652608	0.02746947835738069	0.00388457269700333	0.0005549389567147614	0.002774694783573807	0.036903440621531634	0.03496115427302997	0.000832408435072142	0.022475027746947835
0.023029966703662596	0.022197558268590455	0.0005549389567147614	0.013041065482796892	0.03856825749167592	0.03967813540510544	0.001664816870144284	0.021920088790233074	0.0	0.01220865704772475	0.0	0.008324084350721421	0.054106548279689234	0.0502219755826859	0.001664816870144284	0.03607103218645949	0.024972253052164262	0.018590455049944506	0.0005549389567147614	0.01220865704772475	0.021642619311875694	0.025527192008879023	0.000832408435072142	0.009433962264150943	0.008324084350721421	0.005826859045504994	0.0	0.0047169811320754715	0.05799112097669257	0.04661487236403995	0.0022197558268590455	0.029689234184239733	0.02386237513873474	0.012763596004439512	0.0002774694783573807	0.005271920088790233	0.026359600443951164	0.02885682574916759	0.000832408435072142	0.015815760266370698	0.02025527192008879	0.022197558268590455	0.0005549389567147614	0.010266370699223086	0.01553829078801332	0.013041065482796892	0.0002774694783573807	0.008324084350721421	0.0	0.018867924528301886	0.0	0.009711431742508323	0.017480577136514984	0.013596004439511655	0.0005549389567147614	0.01193118756936737	0.02774694783573807	0.00388457269700333	0.0002774694783573807	0.002774694783573807	0.038013318534961156	0.03496115427302997	0.000832408435072142	0.022475027746947835
0.023029966703662596	0.022197558268590455	0.0005549389567147614	0.013041065482796892	0.038845726970033294	0.03967813540510544	0.001664816870144284	0.021642619311875694	0.0	0.012486126526082131	0.0	0.00804661487236404	0.05438401775804662	0.050499445061043285	0.0013873473917869034	0.035793562708102106	0.024972253052164262	0.018867924528301886	0.0005549389567147614	0.01193118756936737	0.021365149833518313	0.025249722530521643	0.0011098779134295228	0.009711431742508323	0.008324084350721421	0.006104328523862375	0.0	0.004439511653718091	0.05965593784683685	0.04495005549389567	0.0030521642619311877	0.03135405105438402	0.02386237513873474	0.012486126526082131	0.0002774694783573807	0.005549389567147614	0.026359600443951164	0.029689234184239733	0.0005549389567147614	0.015260821309655937	0.020532741398446172	0.022475027746947835	0.0005549389567147614	0.009711431742508323	0.015260821309655937	0.013041065482796892	0.0002774694783573807	0.008601553829078802	0.0	0.017758046614872364	0.0	0.010821309655937847	0.017758046614872364	0.013041065482796892	0.0005549389567147614	0.01220865704772475	0.02719200887902331	0.00388457269700333	0.000832408435072142	0.002774694783573807	0.03551609322974473	0.03496115427302997	0.000832408435072142	0.022475027746947835
0.022752497225305215	0.02386237513873474	0.000832408435072142	0.011376248612652608	0.03856825749167592	0.04051054384017758	0.001942286348501665	0.020810210876803552	0.0	0.01220865704772475	0.0	0.008324084350721421	0.054661487236403995	0.0502219755826859	0.0011098779134295228	0.03607103218645949	0.024972253052164262	0.019145394006659266	0.0005549389567147614	0.011653718091009988	0.021920088790233074	0.024694783573806882	0.000832408435072142	0.009988901220865706	0.008324084350721421	0.006381798002219756	0.0	0.004162042175360711	0.05910099889012209	0.04605993340732519	0.003607103218645949	0.03107658157602664	0.02386237513873474	0.011653718091009988	0.0002774694783573807	0.006381798002219756	0.026359600443951164	0.02857935627081021	0.0005549389567147614	0.016370699223085462	0.020532741398446172	0.022197558268590455	0.0005549389567147614	0.009988901220865706	0.015260821309655937	0.012763596004439512	0.0002774694783573807	0.008879023307436182	0.0	0.018035516093229745	0.0	0.010543840177580466	0.017758046614872364	0.012763596004439512	0.0002774694783573807	0.012763596004439512	0.02746947835738069	0.00388457269700333	0.0005549389567147614	0.002774694783573807	0.034683684794672584	0.034683684794672584	0.000832408435072142	0.022752497225305215
0.022752497225305215	0.023029966703662596	0.000832408435072142	0.01220865704772475	0.03856825749167592	0.03967813540510544	0.001664816870144284	0.021920088790233074	0.0	0.01220865704772475	0.0	0.008324084350721421	0.05382907880133185	0.051054384017758046	0.001942286348501665	0.035238623751387345	0.024972253052164262	0.019145394006659266	0.0005549389567147614	0.011653718091009988	0.021642619311875694	0.02413984461709212	0.000832408435072142	0.010821309655937847	0.00776914539400666	0.0069367369589345175	0.0002774694783573807	0.00388457269700333	0.05993340732519423	0.045782463928967815	0.0024972253052164264	0.03190899001109878	0.02386237513873474	0.011098779134295227	0.0002774694783573807	0.0069367369589345175	0.026082130965593784	0.02857935627081021	0.000832408435072142	0.016370699223085462	0.01997780244173141	0.022475027746947835	0.0005549389567147614	0.010266370699223086	0.015260821309655937	0.013596004439511655	0.0002774694783573807	0.00804661487236404	0.0	0.017480577136514984	0.0	0.011098779134295227	0.017758046614872364	0.01220865704772475	0.0002774694783573807	0.013318534961154272	0.02719200887902331	0.00388457269700333	0.000832408435072142	0.002774694783573807	0.034683684794672584	0.035238623751387345	0.0005549389567147614	0.022197558268590455
0.022752497225305215	0.02358490566037736	0.000832408435072142	0.011653718091009988	0.03856825749167592	0.04051054384017758	0.0013873473917869034	0.021365149833518313	0.0	0.011653718091009988	0.0	0.008879023307436182	0.053551609322974474	0.05133185349611543	0.0022197558268590455	0.03496115427302997	0.024694783573806882	0.01997780244173141	0.000832408435072142	0.010821309655937847	0.021642619311875694	0.02386237513873474	0.0011098779134295228	0.010821309655937847	0.00776914539400666	0.006659267480577136	0.0002774694783573807	0.004162042175360711	0.05799112097669257	0.04550499445061043	0.001942286348501665	0.03190899001109878	0.02358490566037736	0.011376248612652608	0.0005549389567147614	0.006659267480577136	0.026359600443951164	0.02885682574916759	0.000832408435072142	0.015815760266370698	0.020532741398446172	0.022475027746947835	0.0002774694783573807	0.009988901220865706	0.014983351831298557	0.013873473917869035	0.0002774694783573807	0.00804661487236404	0.0	0.017203107658157604	0.0	0.011376248612652608	0.017758046614872364	0.011653718091009988	0.0002774694783573807	0.013873473917869035	0.02719200887902331	0.003607103218645949	0.000832408435072142	0.0030521642619311877	0.036348501664816874	0.034683684794672584	0.001664816870144284	0.022752497225305215
0.022752497225305215	0.023029966703662596	0.000832408435072142	0.01220865704772475	0.03856825749167592	0.0402330743618202	0.0011098779134295228	0.021920088790233074	0.0	0.011653718091009988	0.0	0.008879023307436182	0.05382907880133185	0.05188679245283019	0.001942286348501665	0.03440621531631521	0.024694783573806882	0.019700332963374027	0.000832408435072142	0.011098779134295227	0.021087680355160933	0.02358490566037736	0.0011098779134295228	0.011653718091009988	0.007491675915649278	0.006659267480577136	0.0002774694783573807	0.004439511653718091	0.05771365149833518	0.04439511653718091	0.0022197558268590455	0.033296337402885685	0.02358490566037736	0.01193118756936737	0.0005549389567147614	0.006104328523862375	0.026082130965593784	0.029134295227524972	0.000832408435072142	0.015815760266370698	0.021087680355160933	0.021365149833518313	0.0002774694783573807	0.010543840177580466	0.014983351831298557	0.013318534961154272	0.0002774694783573807	0.008601553829078802	0.0	0.017758046614872364	0.0	0.010821309655937847	0.017480577136514984	0.01193118756936737	0.0002774694783573807	0.013873473917869035	0.026914539400665925	0.003329633740288568	0.0011098779134295228	0.003329633740288568	0.036348501664816874	0.03412874583795782	0.0013873473917869034	0.023307436182019976
0.023029966703662596	0.022752497225305215	0.0005549389567147614	0.012486126526082131	0.03829078801331853	0.03967813540510544	0.0013873473917869034	0.022475027746947835	0.0	0.011653718091009988	0.0	0.008879023307436182	0.053551609322974474	0.05216426193118757	0.0022197558268590455	0.03412874583795782	0.024694783573806882	0.02025527192008879	0.000832408435072142	0.010543840177580466	0.021087680355160933	0.02358490566037736	0.000832408435072142	0.01193118756936737	0.007214206437291898	0.007214206437291898	0.0002774694783573807	0.004162042175360711	0.05993340732519423	0.04495005549389567	0.0022197558268590455	0.031631520532741396	0.02386237513873474	0.011653718091009988	0.0002774694783573807	0.006381798002219756	0.025804661487236404	0.029966703662597113	0.0005549389567147614	0.01553829078801332	0.021920088790233074	0.020532741398446172	0.0002774694783573807	0.010543840177580466	0.015260821309655937	0.012486126526082131	0.0005549389567147614	0.008879023307436182	0.0	0.017758046614872364	0.0	0.010821309655937847	0.017203107658157604	0.012763596004439512	0.0002774694783573807	0.013318534961154272	0.026914539400665925	0.0030521642619311877	0.0011098779134295228	0.003607103218645949	0.03551609322974473	0.035238623751387345	0.0011098779134295228	0.022197558268590455
0.023029966703662596	0.023029966703662596	0.0005549389567147614	0.01220865704772475	0.03829078801331853	0.0402330743618202	0.0013873473917869034	0.021920088790233074	0.0	0.010821309655937847	0.0	0.009711431742508323	0.05299667036625971	0.05216426193118757	0.002774694783573807	0.03412874583795782	0.024694783573806882	0.020532741398446172	0.000832408435072142	0.010266370699223086	0.020532741398446172	0.02386237513873474	0.000832408435072142	0.01220865704772475	0.007214206437291898	0.007214206437291898	0.0002774694783573807	0.004162042175360711	0.06021087680355161	0.04550499445061043	0.0024972253052164264	0.031631520532741396	0.02386237513873474	0.01193118756936737	0.0002774694783573807	0.006104328523862375	0.025804661487236404	0.030244173140954494	0.0002774694783573807	0.01553829078801332	0.021920088790233074	0.01997780244173141	0.0002774694783573807	0.011098779134295227	0.015260821309655937	0.012486126526082131	0.0002774694783573807	0.009156492785793563	0.0	0.017758046614872364	0.0	0.010821309655937847	0.017203107658157604	0.013318534961154272	0.0002774694783573807	0.012763596004439512	0.026637069922308545	0.0030521642619311877	0.0013873473917869034	0.003607103218645949	0.03440621531631521	0.035238623751387345	0.0011098779134295228	0.022197558268590455
0.023029966703662596	0.023307436182019976	0.0005549389567147614	0.01193118756936737	0.03773584905660377	0.03995560488346282	0.0013873473917869034	0.022752497225305215	0.0	0.010543840177580466	0.0	0.009988901220865706	0.05271920088790233	0.05216426193118757	0.0030521642619311877	0.03412874583795782	0.024694783573806882	0.02025527192008879	0.000832408435072142	0.010543840177580466	0.02025527192008879	0.02413984461709212	0.000832408435072142	0.01220865704772475	0.0069367369589345175	0.007214206437291898	0.0002774694783573807	0.004439511653718091	0.05854605993340733	0.04495005549389567	0.0030521642619311877	0.03218645948945616	0.02386237513873474	0.012486126526082131	0.0002774694783573807	0.005549389567147614	0.025804661487236404	0.030799112097669258	0.0002774694783573807	0.014983351831298557	0.021642619311875694	0.020532741398446172	0.0005549389567147614	0.010543840177580466	0.015260821309655937	0.012486126526082131	0.0002774694783573807	0.009156492785793563	0.0	0.017203107658157604	0.0	0.011376248612652608	0.016648168701442843	0.013318534961154272	0.000832408435072142	0.012763596004439512	0.026914539400665925	0.0030521642619311877	0.0011098779134295228	0.003607103218645949	0.03551609322974473	0.034683684794672584	0.0011098779134295228	0.022752497225305215
0.022752497225305215	0.02358490566037736	0.000832408435072142	0.011653718091009988	0.038013318534961156	0.03912319644839068	0.0011098779134295228	0.02358490566037736	0.0	0.010543840177580466	0.0	0.009988901220865706	0.05327413984461709	0.05188679245283019	0.0024972253052164264	0.03440621531631521	0.024972253052164262	0.020532741398446172	0.0005549389567147614	0.010266370699223086	0.02025527192008879	0.024694783573806882	0.0011098779134295228	0.011376248612652608	0.0069367369589345175	0.00776914539400666	0.0002774694783573807	0.00388457269700333	0.06048834628190899	0.04550499445061043	0.0022197558268590455	0.031631520532741396	0.02386237513873474	0.012486126526082131	0.0002774694783573807	0.005549389567147614	0.025804661487236404	0.029966703662597113	0.0002774694783573807	0.015815760266370698	0.021365149833518313	0.020532741398446172	0.000832408435072142	0.010543840177580466	0.014983351831298557	0.01220865704772475	0.0002774694783573807	0.009711431742508323	0.0	0.017480577136514984	0.0	0.011098779134295227	0.016648168701442843	0.014428412874583796	0.000832408435072142	0.011653718091009988	0.026914539400665925	0.003607103218645949	0.0011098779134295228	0.0030521642619311877	0.033851276359600446	0.03551609322974473	0.001664816870144284	0.021920088790233074
0.023029966703662596	0.023029966703662596	0.0005549389567147614	0.01220865704772475	0.03829078801331853	0.03912319644839068	0.000832408435072142	0.02358490566037736	0.0	0.010821309655937847	0.0	0.009711431742508323	0.05438401775804662	0.05299667036625971	0.0013873473917869034	0.033296337402885685	0.024694783573806882	0.020532741398446172	0.000832408435072142	0.010266370699223086	0.020532741398446172	0.025804661487236404	0.0005549389567147614	0.010543840177580466	0.006659267480577136	0.007491675915649278	0.0005549389567147614	0.004162042175360711	0.05965593784683685	0.046337402885682576	0.001664816870144284	0.03135405105438402	0.02386237513873474	0.012763596004439512	0.0002774694783573807	0.005271920088790233	0.025249722530521643	0.03107658157602664	0.0002774694783573807	0.015260821309655937	0.020810210876803552	0.01997780244173141	0.0011098779134295228	0.011376248612652608	0.014705882352941176	0.01193118756936737	0.0002774694783573807	0.010266370699223086	0.0	0.017480577136514984	0.0	0.011098779134295227	0.016648168701442843	0.015815760266370698	0.000832408435072142	0.010266370699223086	0.026914539400665925	0.003607103218645949	0.0011098779134295228	0.0030521642619311877	0.03496115427302997	0.03551609322974473	0.0013873473917869034	0.021920088790233074
0.022752497225305215	0.02413984461709212	0.000832408435072142	0.011098779134295227	0.038013318534961156	0.039400665926748055	0.000832408435072142	0.02358490566037736	0.0	0.010821309655937847	0.0	0.009711431742508323	0.05438401775804662	0.05299667036625971	0.0013873473917869034	0.033296337402885685	0.0244173140954495	0.020532741398446172	0.0011098779134295228	0.010266370699223086	0.020810210876803552	0.025804661487236404	0.0002774694783573807	0.010543840177580466	0.006659267480577136	0.00776914539400666	0.0005549389567147614	0.00388457269700333	0.059378468368479466	0.045782463928967815	0.001942286348501665	0.03218645948945616	0.02386237513873474	0.013318534961154272	0.0002774694783573807	0.0047169811320754715	0.025249722530521643	0.030244173140954494	0.0002774694783573807	0.01609322974472808	0.021087680355160933	0.020810210876803552	0.000832408435072142	0.010543840177580466	0.014150943396226415	0.01193118756936737	0.000832408435072142	0.010266370699223086	0.0	0.017203107658157604	0.0	0.011376248612652608	0.016648168701442843	0.016370699223085462	0.000832408435072142	0.009711431742508323	0.02719200887902331	0.003329633740288568	0.000832408435072142	0.003329633740288568	0.034683684794672584	0.034683684794672584	0.0013873473917869034	0.022752497225305215
0.022752497225305215	0.024694783573806882	0.000832408435072142	0.010543840177580466	0.038013318534961156	0.03912319644839068	0.0011098779134295228	0.02358490566037736	0.0	0.010821309655937847	0.0	0.009711431742508323	0.05438401775804662	0.05299667036625971	0.0013873473917869034	0.033296337402885685	0.02413984461709212	0.01997780244173141	0.0013873473917869034	0.010821309655937847	0.021087680355160933	0.024972253052164262	0.0002774694783573807	0.011098779134295227	0.0069367369589345175	0.00804661487236404	0.0005549389567147614	0.003329633740288568	0.05993340732519423	0.04550499445061043	0.0022197558268590455	0.03246392896781354	0.02386237513873474	0.012763596004439512	0.0002774694783573807	0.005271920088790233	0.024694783573806882	0.030244173140954494	0.0002774694783573807	0.016648168701442843	0.01997780244173141	0.022197558268590455	0.0013873473917869034	0.009711431742508323	0.014150943396226415	0.01220865704772475	0.000832408435072142	0.009988901220865706	0.0	0.017203107658157604	0.0	0.011376248612652608	0.016648168701442843	0.01609322974472808	0.000832408435072142	0.009988901220865706	0.02746947835738069	0.003329633740288568	0.0005549389567147614	0.003329633740288568	0.03412874583795782	0.034683684794672584	0.0011098779134295228	0.022752497225305215
0.023029966703662596	0.02386237513873474	0.0005549389567147614	0.011376248612652608	0.03856825749167592	0.03967813540510544	0.000832408435072142	0.022752497225305215	0.0	0.011376248612652608	0.0	0.009156492785793563	0.054661487236403995	0.05382907880133185	0.0011098779134295228	0.03246392896781354	0.02413984461709212	0.019700332963374027	0.0013873473917869034	0.011098779134295227	0.020532741398446172	0.025249722530521643	0.0005549389567147614	0.011098779134295227	0.007214206437291898	0.008324084350721421	0.0002774694783573807	0.0030521642619311877	0.06048834628190899	0.04605993340732519	0.0022197558268590455	0.03218645948945616	0.02358490566037736	0.012486126526082131	0.0005549389567147614	0.005549389567147614	0.0244173140954495	0.029966703662597113	0.0002774694783573807	0.017203107658157604	0.02025527192008879	0.021365149833518313	0.0013873473917869034	0.010266370699223086	0.013873473917869035	0.01220865704772475	0.000832408435072142	0.010266370699223086	0.0	0.017480577136514984	0.0	0.011098779134295227	0.01609322974472808	0.015815760266370698	0.0011098779134295228	0.010543840177580466	0.02746947835738069	0.003329633740288568	0.0005549389567147614	0.003329633740288568	0.032741398446170925	0.034683684794672584	0.001664816870144284	0.022752497225305215
0.023029966703662596	0.02413984461709212	0.0005549389567147614	0.011098779134295227	0.038845726970033294	0.04078801331853496	0.000832408435072142	0.021365149833518313	0.0	0.011653718091009988	0.0	0.008879023307436182	0.05438401775804662	0.05327413984461709	0.0013873473917869034	0.0330188679245283	0.02413984461709212	0.019700332963374027	0.0013873473917869034	0.011098779134295227	0.021087680355160933	0.025527192008879023	0.0005549389567147614	0.010266370699223086	0.007214206437291898	0.008324084350721421	0.0002774694783573807	0.0030521642619311877	0.059378468368479466	0.045782463928967815	0.001942286348501665	0.033296337402885685	0.02386237513873474	0.012486126526082131	0.0002774694783573807	0.005549389567147614	0.0244173140954495	0.029134295227524972	0.0	0.018312985571587125	0.020810210876803552	0.021920088790233074	0.0011098779134295228	0.009433962264150943	0.013596004439511655	0.01193118756936737	0.000832408435072142	0.010821309655937847	0.0	0.017480577136514984	0.0	0.011098779134295227	0.017203107658157604	0.015815760266370698	0.000832408435072142	0.009711431742508323	0.02746947835738069	0.003329633740288568	0.0005549389567147614	0.003329633740288568	0.0330188679245283	0.034683684794672584	0.001942286348501665	0.022752497225305215
0.022475027746947835	0.02386237513873474	0.0011098779134295228	0.011376248612652608	0.03856825749167592	0.04078801331853496	0.000832408435072142	0.021642619311875694	0.0	0.012486126526082131	0.0	0.00804661487236404	0.05438401775804662	0.053551609322974474	0.0013873473917869034	0.032741398446170925	0.02413984461709212	0.019145394006659266	0.0013873473917869034	0.011653718091009988	0.020532741398446172	0.026082130965593784	0.000832408435072142	0.009988901220865706	0.007214206437291898	0.008324084350721421	0.0002774694783573807	0.0030521642619311877	0.06021087680355161	0.04661487236403995	0.001942286348501665	0.03218645948945616	0.02386237513873474	0.012763596004439512	0.0002774694783573807	0.005271920088790233	0.02358490566037736	0.029411764705882353	0.0005549389567147614	0.018312985571587125	0.021087680355160933	0.022197558268590455	0.0011098779134295228	0.008879023307436182	0.013596004439511655	0.011653718091009988	0.0005549389567147614	0.011376248612652608	0.0	0.018035516093229745	0.0	0.010543840177580466	0.016925638179800223	0.016370699223085462	0.000832408435072142	0.009433962264150943	0.02774694783573807	0.003329633740288568	0.0002774694783573807	0.003329633740288568	0.032741398446170925	0.034683684794672584	0.001664816870144284	0.022752497225305215
0.022197558268590455	0.02386237513873474	0.0013873473917869034	0.011376248612652608	0.03829078801331853	0.04134295227524972	0.000832408435072142	0.021365149833518313	0.0	0.01193118756936737	0.0	0.008601553829078802	0.05438401775804662	0.05327413984461709	0.0013873473917869034	0.0330188679245283	0.024694783573806882	0.019145394006659266	0.000832408435072142	0.011653718091009988	0.02025527192008879	0.026914539400665925	0.0013873473917869034	0.008879023307436182	0.007214206437291898	0.00776914539400666	0.0002774694783573807	0.003607103218645949	0.05993340732519423	0.04550499445061043	0.0022197558268590455	0.03357380688124306	0.02413984461709212	0.012486126526082131	0.0	0.005549389567147614	0.02386237513873474	0.029689234184239733	0.0005549389567147614	0.017758046614872364	0.020810210876803552	0.021920088790233074	0.0013873473917869034	0.009156492785793563	0.012763596004439512	0.012763596004439512	0.0011098779134295228	0.010543840177580466	0.0	0.018035516093229745	0.0	0.010543840177580466	0.016648168701442843	0.016370699223085462	0.0011098779134295228	0.009433962264150943	0.02802441731409545	0.003329633740288568	0.0	0.003329633740288568	0.032741398446170925	0.03412874583795782	0.0013873473917869034	0.023307436182019976
0.022197558268590455	0.0244173140954495	0.0013873473917869034	0.010821309655937847	0.03856825749167592	0.041065482796892344	0.0005549389567147614	0.021642619311875694	0.0	0.01220865704772475	0.0	0.008324084350721421	0.05438401775804662	0.05244173140954495	0.0013873473917869034	0.033851276359600446	0.024694783573806882	0.019422863485016647	0.000832408435072142	0.011376248612652608	0.01997780244173141	0.026914539400665925	0.001664816870144284	0.008879023307436182	0.0069367369589345175	0.007491675915649278	0.0002774694783573807	0.004162042175360711	0.058823529411764705	0.04661487236403995	0.0024972253052164264	0.03246392896781354	0.02386237513873474	0.01220865704772475	0.0002774694783573807	0.005826859045504994	0.02386237513873474	0.029134295227524972	0.0005549389567147614	0.018312985571587125	0.020810210876803552	0.021920088790233074	0.0013873473917869034	0.009156492785793563	0.012486126526082131	0.012763596004439512	0.000832408435072142	0.011098779134295227	0.0	0.018312985571587125	0.0	0.010266370699223086	0.016648168701442843	0.016648168701442843	0.0011098779134295228	0.009156492785793563	0.02774694783573807	0.00388457269700333	0.0002774694783573807	0.002774694783573807	0.03357380688124306	0.03412874583795782	0.0013873473917869034	0.023307436182019976
0.021920088790233074	0.024972253052164262	0.001664816870144284	0.010266370699223086	0.038845726970033294	0.04078801331853496	0.0005549389567147614	0.021642619311875694	0.0	0.01220865704772475	0.0	0.008324084350721421	0.054661487236403995	0.05160932297447281	0.0011098779134295228	0.034683684794672584	0.024694783573806882	0.019422863485016647	0.000832408435072142	0.011376248612652608	0.020532741398446172	0.026637069922308545	0.0013873473917869034	0.008879023307436182	0.007214206437291898	0.006659267480577136	0.0002774694783573807	0.0047169811320754715	0.05965593784683685	0.04716981132075472	0.0022197558268590455	0.03218645948945616	0.02386237513873474	0.01193118756936737	0.0002774694783573807	0.006104328523862375	0.02386237513873474	0.02857935627081021	0.0005549389567147614	0.018867924528301886	0.021087680355160933	0.022197558268590455	0.0011098779134295228	0.008879023307436182	0.012486126526082131	0.013318534961154272	0.000832408435072142	0.010543840177580466	0.0	0.017758046614872364	0.0	0.010821309655937847	0.016648168701442843	0.016370699223085462	0.0011098779134295228	0.009433962264150943	0.02774694783573807	0.00388457269700333	0.0002774694783573807	0.002774694783573807	0.03246392896781354	0.03496115427302997	0.001664816870144284	0.022475027746947835
0.022197558268590455	0.025249722530521643	0.0013873473917869034	0.009988901220865706	0.038845726970033294	0.0402330743618202	0.0002774694783573807	0.022475027746947835	0.0	0.01220865704772475	0.0	0.008324084350721421	0.054106548279689234	0.05216426193118757	0.001664816870144284	0.03412874583795782	0.024694783573806882	0.018867924528301886	0.000832408435072142	0.01193118756936737	0.021087680355160933	0.026082130965593784	0.000832408435072142	0.009433962264150943	0.0069367369589345175	0.006381798002219756	0.0005549389567147614	0.004994450610432853	0.06076581576026637	0.0474472807991121	0.001664816870144284	0.031631520532741396	0.02386237513873474	0.01220865704772475	0.0002774694783573807	0.005826859045504994	0.02358490566037736	0.029411764705882353	0.0005549389567147614	0.018312985571587125	0.020532741398446172	0.022475027746947835	0.0013873473917869034	0.008879023307436182	0.013041065482796892	0.012763596004439512	0.0005549389567147614	0.010821309655937847	0.0	0.017480577136514984	0.0	0.011098779134295227	0.016648168701442843	0.016370699223085462	0.0011098779134295228	0.009433962264150943	0.02774694783573807	0.00388457269700333	0.0002774694783573807	0.002774694783573807	0.03218645948945616	0.03551609322974473	0.001664816870144284	0.021920088790233074
0.022197558268590455	0.02413984461709212	0.0013873473917869034	0.011098779134295227	0.03718091009988901	0.03995560488346282	0.0013873473917869034	0.023307436182019976	0.0	0.01193118756936737	0.0	0.008601553829078802	0.054106548279689234	0.05188679245283019	0.001664816870144284	0.03440621531631521	0.024694783573806882	0.019422863485016647	0.000832408435072142	0.011376248612652608	0.02025527192008879	0.02746947835738069	0.0013873473917869034	0.008324084350721421	0.007214206437291898	0.006381798002219756	0.0005549389567147614	0.0047169811320754715	0.06132075471698113	0.04800221975582686	0.001664816870144284	0.03135405105438402	0.02386237513873474	0.012763596004439512	0.0002774694783573807	0.005271920088790233	0.02358490566037736	0.029411764705882353	0.0005549389567147614	0.018312985571587125	0.020810210876803552	0.022475027746947835	0.000832408435072142	0.009156492785793563	0.013041065482796892	0.012763596004439512	0.0005549389567147614	0.010821309655937847	0.0	0.018035516093229745	0.0	0.010543840177580466	0.017480577136514984	0.01553829078801332	0.000832408435072142	0.009711431742508323	0.02746947835738069	0.00388457269700333	0.0005549389567147614	0.002774694783573807	0.030799112097669258	0.03551609322974473	0.0022197558268590455	0.021920088790233074
0.022197558268590455	0.02413984461709212	0.0013873473917869034	0.011098779134295227	0.036348501664816874	0.03995560488346282	0.0022197558268590455	0.023307436182019976	0.0	0.012486126526082131	0.0	0.00804661487236404	0.053551609322974474	0.05133185349611543	0.0022197558268590455	0.03496115427302997	0.0244173140954495	0.019145394006659266	0.0011098779134295228	0.011653718091009988	0.020532741398446172	0.026359600443951164	0.000832408435072142	0.009711431742508323	0.007214206437291898	0.006381798002219756	0.000832408435072142	0.004439511653718091	0.059378468368479466	0.04772475027746948	0.0013873473917869034	0.03246392896781354	0.02386237513873474	0.012486126526082131	0.0002774694783573807	0.005549389567147614	0.02358490566037736	0.029689234184239733	0.0005549389567147614	0.018035516093229745	0.020532741398446172	0.022475027746947835	0.0011098779134295228	0.009156492785793563	0.012763596004439512	0.013041065482796892	0.0005549389567147614	0.010821309655937847	0.0	0.017480577136514984	0.0	0.011098779134295227	0.017203107658157604	0.016648168701442843	0.0011098779134295228	0.008601553829078802	0.02746947835738069	0.00388457269700333	0.0005549389567147614	0.002774694783573807	0.032741398446170925	0.035238623751387345	0.001664816870144284	0.022197558268590455
0.022197558268590455	0.02358490566037736	0.0013873473917869034	0.011653718091009988	0.036348501664816874	0.04078801331853496	0.001664816870144284	0.023029966703662596	0.0	0.013041065482796892	0.0	0.007491675915649278	0.053551609322974474	0.05133185349611543	0.0022197558268590455	0.03496115427302997	0.02358490566037736	0.018590455049944506	0.001942286348501665	0.01220865704772475	0.02025527192008879	0.025527192008879023	0.0011098779134295228	0.010543840177580466	0.0069367369589345175	0.006381798002219756	0.000832408435072142	0.0047169811320754715	0.05854605993340733	0.04827968923418424	0.001664816870144284	0.03190899001109878	0.02386237513873474	0.012763596004439512	0.0002774694783573807	0.005271920088790233	0.02386237513873474	0.029689234184239733	0.0002774694783573807	0.018035516093229745	0.019700332963374027	0.022197558268590455	0.001664816870144284	0.009711431742508323	0.012763596004439512	0.013041065482796892	0.0002774694783573807	0.011098779134295227	0.0	0.017758046614872364	0.0	0.010821309655937847	0.017203107658157604	0.016370699223085462	0.000832408435072142	0.009156492785793563	0.02746947835738069	0.00388457269700333	0.0005549389567147614	0.002774694783573807	0.03357380688124306	0.03412874583795782	0.0013873473917869034	0.023307436182019976
0.022197558268590455	0.02386237513873474	0.0013873473917869034	0.011376248612652608	0.03662597114317425	0.041065482796892344	0.000832408435072142	0.023307436182019976	0.0	0.013041065482796892	0.0	0.007491675915649278	0.05382907880133185	0.05160932297447281	0.001942286348501665	0.034683684794672584	0.023307436182019976	0.018312985571587125	0.0022197558268590455	0.012486126526082131	0.020532741398446172	0.025527192008879023	0.000832408435072142	0.010543840177580466	0.006659267480577136	0.006104328523862375	0.0011098779134295228	0.004994450610432853	0.05660377358490566	0.04800221975582686	0.001942286348501665	0.03218645948945616	0.02358490566037736	0.012763596004439512	0.0005549389567147614	0.005271920088790233	0.0244173140954495	0.030521642619311874	0.0	0.016925638179800223	0.01997780244173141	0.022197558268590455	0.0013873473917869034	0.009711431742508323	0.013041065482796892	0.013596004439511655	0.0005549389567147614	0.009988901220865706	0.0	0.018035516093229745	0.0	0.010543840177580466	0.017203107658157604	0.016370699223085462	0.000832408435072142	0.009156492785793563	0.02719200887902331	0.004162042175360711	0.000832408435072142	0.0024972253052164264	0.035793562708102106	0.03412874583795782	0.000832408435072142	0.023307436182019976
0.022197558268590455	0.024694783573806882	0.0013873473917869034	0.010543840177580466	0.036348501664816874	0.04078801331853496	0.0011098779134295228	0.02358490566037736	0.0	0.012763596004439512	0.0	0.00776914539400666	0.053551609322974474	0.05271920088790233	0.0022197558268590455	0.03357380688124306	0.02386237513873474	0.017480577136514984	0.001664816870144284	0.013318534961154272	0.020532741398446172	0.024972253052164262	0.000832408435072142	0.011098779134295227	0.0069367369589345175	0.006381798002219756	0.0005549389567147614	0.004994450610432853	0.05577136514983352	0.046337402885682576	0.0022197558268590455	0.03357380688124306	0.02358490566037736	0.012486126526082131	0.0005549389567147614	0.005549389567147614	0.024694783573806882	0.029966703662597113	0.0	0.017203107658157604	0.02025527192008879	0.022197558268590455	0.0013873473917869034	0.009433962264150943	0.013041065482796892	0.013596004439511655	0.0005549389567147614	0.009988901220865706	0.0	0.018035516093229745	0.0	0.010543840177580466	0.017480577136514984	0.016648168701442843	0.000832408435072142	0.008601553829078802	0.02746947835738069	0.004162042175360711	0.0005549389567147614	0.0024972253052164264	0.03607103218645949	0.03412874583795782	0.0013873473917869034	0.023307436182019976
0.022197558268590455	0.025804661487236404	0.0013873473917869034	0.009433962264150943	0.03662597114317425	0.03995560488346282	0.0013873473917869034	0.02386237513873474	0.0	0.012763596004439512	0.0	0.00776914539400666	0.05327413984461709	0.05382907880133185	0.0024972253052164264	0.03246392896781354	0.02413984461709212	0.017758046614872364	0.0013873473917869034	0.013041065482796892	0.02025527192008879	0.025249722530521643	0.0011098779134295228	0.010821309655937847	0.0069367369589345175	0.006659267480577136	0.0005549389567147614	0.0047169811320754715	0.054106548279689234	0.0474472807991121	0.0022197558268590455	0.03246392896781354	0.02413984461709212	0.01220865704772475	0.0	0.005826859045504994	0.02413984461709212	0.030521642619311874	0.0	0.017203107658157604	0.01997780244173141	0.021642619311875694	0.0011098779134295228	0.010543840177580466	0.013318534961154272	0.013873473917869035	0.0005549389567147614	0.009433962264150943	0.0	0.017203107658157604	0.0	0.011376248612652608	0.017480577136514984	0.016370699223085462	0.0011098779134295228	0.008601553829078802	0.02719200887902331	0.004162042175360711	0.000832408435072142	0.0024972253052164264	0.03718091009988901	0.03412874583795782	0.001942286348501665	0.023307436182019976
0.022475027746947835	0.0244173140954495	0.0011098779134295228	0.010821309655937847	0.036348501664816874	0.0402330743618202	0.0013873473917869034	0.02386237513873474	0.0	0.012763596004439512	0.0	0.00776914539400666	0.053551609322974474	0.05299667036625971	0.0022197558268590455	0.033296337402885685	0.0244173140954495	0.018035516093229745	0.0011098779134295228	0.012763596004439512	0.02025527192008879	0.024694783573806882	0.0011098779134295228	0.011376248612652608	0.006659267480577136	0.0069367369589345175	0.000832408435072142	0.004439511653718091	0.054106548279689234	0.04772475027746948	0.0022197558268590455	0.032741398446170925	0.02413984461709212	0.01193118756936737	0.0	0.006104328523862375	0.02386237513873474	0.029689234184239733	0.0	0.018312985571587125	0.01997780244173141	0.021365149833518313	0.0011098779134295228	0.010821309655937847	0.013596004439511655	0.014150943396226415	0.000832408435072142	0.008601553829078802	0.0	0.016925638179800223	0.0	0.011653718091009988	0.017480577136514984	0.016925638179800223	0.0005549389567147614	0.008601553829078802	0.02719200887902331	0.004162042175360711	0.000832408435072142	0.0024972253052164264	0.03662597114317425	0.035238623751387345	0.001942286348501665	0.022197558268590455
0.022475027746947835	0.02386237513873474	0.0011098779134295228	0.011376248612652608	0.03551609322974473	0.039400665926748055	0.001942286348501665	0.024972253052164262	0.0	0.012486126526082131	0.0	0.00804661487236404	0.05382907880133185	0.054661487236403995	0.001942286348501665	0.031631520532741396	0.02413984461709212	0.017758046614872364	0.0013873473917869034	0.013041065482796892	0.02025527192008879	0.0244173140954495	0.0011098779134295228	0.011653718091009988	0.006659267480577136	0.007214206437291898	0.000832408435072142	0.004162042175360711	0.05271920088790233	0.04911209766925638	0.002774694783573807	0.03190899001109878	0.02413984461709212	0.01193118756936737	0.0	0.006104328523862375	0.02386237513873474	0.029411764705882353	0.0	0.018590455049944506	0.01997780244173141	0.021642619311875694	0.0013873473917869034	0.010266370699223086	0.014150943396226415	0.014150943396226415	0.0002774694783573807	0.008601553829078802	0.0	0.016925638179800223	0.0	0.011653718091009988	0.017480577136514984	0.016925638179800223	0.0005549389567147614	0.008601553829078802	0.026637069922308545	0.004162042175360711	0.0013873473917869034	0.0024972253052164264	0.03773584905660377	0.03440621531631521	0.0011098779134295228	0.023029966703662596
0.022475027746947835	0.023307436182019976	0.0011098779134295228	0.01193118756936737	0.034683684794672584	0.04078801331853496	0.0024972253052164264	0.02386237513873474	0.0	0.012486126526082131	0.0	0.00804661487236404	0.053551609322974474	0.0560488346281909	0.0022197558268590455	0.030244173140954494	0.0244173140954495	0.018590455049944506	0.0011098779134295228	0.01220865704772475	0.01997780244173141	0.0244173140954495	0.0011098779134295228	0.01193118756936737	0.0069367369589345175	0.0069367369589345175	0.000832408435072142	0.004162042175360711	0.05244173140954495	0.04911209766925638	0.0030521642619311877	0.031631520532741396	0.02386237513873474	0.011098779134295227	0.0002774694783573807	0.0069367369589345175	0.02386237513873474	0.029411764705882353	0.0	0.018590455049944506	0.019700332963374027	0.021087680355160933	0.001664816870144284	0.010821309655937847	0.014428412874583796	0.013873473917869035	0.0005549389567147614	0.008324084350721421	0.0	0.017758046614872364	0.0	0.010821309655937847	0.017480577136514984	0.016925638179800223	0.0005549389567147614	0.008601553829078802	0.026359600443951164	0.0047169811320754715	0.001664816870144284	0.001942286348501665	0.03829078801331853	0.03496115427302997	0.000832408435072142	0.022475027746947835
0.022197558268590455	0.02358490566037736	0.0013873473917869034	0.011653718091009988	0.034683684794672584	0.04051054384017758	0.0022197558268590455	0.0244173140954495	0.0	0.012486126526082131	0.0	0.00804661487236404	0.053551609322974474	0.05688124306326304	0.0022197558268590455	0.029411764705882353	0.024694783573806882	0.018035516093229745	0.000832408435072142	0.012763596004439512	0.02025527192008879	0.024694783573806882	0.0013873473917869034	0.011098779134295227	0.007214206437291898	0.0069367369589345175	0.0005549389567147614	0.004162042175360711	0.05188679245283019	0.048834628190899	0.002774694783573807	0.03218645948945616	0.02386237513873474	0.011098779134295227	0.0002774694783573807	0.0069367369589345175	0.02386237513873474	0.02885682574916759	0.0	0.019145394006659266	0.019422863485016647	0.021365149833518313	0.001942286348501665	0.010543840177580466	0.014428412874583796	0.013041065482796892	0.000832408435072142	0.008879023307436182	0.0	0.017480577136514984	0.0	0.011098779134295227	0.017758046614872364	0.016370699223085462	0.0002774694783573807	0.009156492785793563	0.026082130965593784	0.0047169811320754715	0.001942286348501665	0.001942286348501665	0.03829078801331853	0.03496115427302997	0.0013873473917869034	0.022475027746947835
0.022475027746947835	0.023029966703662596	0.0011098779134295228	0.01220865704772475	0.035793562708102106	0.03995560488346282	0.0013873473917869034	0.024694783573806882	0.0	0.013041065482796892	0.0	0.007491675915649278	0.05382907880133185	0.05660377358490566	0.001942286348501665	0.029689234184239733	0.024972253052164262	0.017480577136514984	0.0005549389567147614	0.013318534961154272	0.020810210876803552	0.02358490566037736	0.0011098779134295228	0.01193118756936737	0.007491675915649278	0.006104328523862375	0.0005549389567147614	0.0047169811320754715	0.05216426193118757	0.049944506104328525	0.0022197558268590455	0.031631520532741396	0.02386237513873474	0.011376248612652608	0.0002774694783573807	0.006659267480577136	0.02358490566037736	0.029689234184239733	0.0002774694783573807	0.018312985571587125	0.020532741398446172	0.020810210876803552	0.000832408435072142	0.011098779134295227	0.014428412874583796	0.013041065482796892	0.000832408435072142	0.008879023307436182	0.0	0.018035516093229745	0.0	0.010543840177580466	0.016925638179800223	0.016370699223085462	0.0005549389567147614	0.009711431742508323	0.025804661487236404	0.004439511653718091	0.0022197558268590455	0.0022197558268590455	0.038013318534961156	0.034683684794672584	0.0013873473917869034	0.022752497225305215
0.022475027746947835	0.023029966703662596	0.0011098779134295228	0.01220865704772475	0.035793562708102106	0.03967813540510544	0.0022197558268590455	0.02413984461709212	0.0	0.012763596004439512	0.0	0.00776914539400666	0.05382907880133185	0.05632630410654828	0.001942286348501665	0.029966703662597113	0.024972253052164262	0.017203107658157604	0.0005549389567147614	0.013596004439511655	0.021365149833518313	0.023307436182019976	0.000832408435072142	0.01193118756936737	0.007491675915649278	0.006104328523862375	0.0005549389567147614	0.0047169811320754715	0.05188679245283019	0.049389567147613764	0.0024972253052164264	0.031631520532741396	0.023307436182019976	0.011098779134295227	0.000832408435072142	0.0069367369589345175	0.023029966703662596	0.029689234184239733	0.0002774694783573807	0.018867924528301886	0.021087680355160933	0.021087680355160933	0.0002774694783573807	0.010821309655937847	0.014428412874583796	0.013318534961154272	0.0011098779134295228	0.008324084350721421	0.0	0.017758046614872364	0.0	0.010821309655937847	0.016648168701442843	0.016370699223085462	0.000832408435072142	0.009711431742508323	0.026082130965593784	0.004439511653718091	0.001942286348501665	0.0022197558268590455	0.03856825749167592	0.034683684794672584	0.0013873473917869034	0.022752497225305215
0.022752497225305215	0.023307436182019976	0.000832408435072142	0.01193118756936737	0.035793562708102106	0.038845726970033294	0.0022197558268590455	0.024972253052164262	0.0	0.012486126526082131	0.0	0.00804661487236404	0.054106548279689234	0.055216426193118756	0.001664816870144284	0.03107658157602664	0.024972253052164262	0.018035516093229745	0.0005549389567147614	0.012763596004439512	0.020810210876803552	0.023029966703662596	0.000832408435072142	0.012763596004439512	0.007491675915649278	0.006104328523862375	0.0005549389567147614	0.0047169811320754715	0.05160932297447281	0.04911209766925638	0.001942286348501665	0.03246392896781354	0.023307436182019976	0.010543840177580466	0.000832408435072142	0.007491675915649278	0.023029966703662596	0.03107658157602664	0.0002774694783573807	0.017480577136514984	0.020810210876803552	0.020532741398446172	0.0002774694783573807	0.011653718091009988	0.014428412874583796	0.013041065482796892	0.0011098779134295228	0.008601553829078802	0.0	0.018035516093229745	0.0	0.010543840177580466	0.015815760266370698	0.015815760266370698	0.0011098779134295228	0.010821309655937847	0.026359600443951164	0.004162042175360711	0.001664816870144284	0.0024972253052164264	0.038845726970033294	0.034683684794672584	0.0013873473917869034	0.022752497225305215
0.022752497225305215	0.023029966703662596	0.000832408435072142	0.01220865704772475	0.03607103218645949	0.03856825749167592	0.001664816870144284	0.025527192008879023	0.0	0.01220865704772475	0.0	0.008324084350721421	0.054106548279689234	0.05577136514983352	0.001664816870144284	0.030521642619311874	0.025249722530521643	0.018035516093229745	0.0002774694783573807	0.012763596004439512	0.020810210876803552	0.022752497225305215	0.000832408435072142	0.013041065482796892	0.007214206437291898	0.006381798002219756	0.0005549389567147614	0.0047169811320754715	0.05216426193118757	0.048834628190899	0.0013873473917869034	0.033296337402885685	0.02358490566037736	0.010543840177580466	0.0005549389567147614	0.007491675915649278	0.023307436182019976	0.030799112097669258	0.0002774694783573807	0.017480577136514984	0.021087680355160933	0.020810210876803552	0.0002774694783573807	0.011098779134295227	0.014705882352941176	0.013041065482796892	0.0013873473917869034	0.00804661487236404	0.0	0.018312985571587125	0.0	0.010266370699223086	0.015815760266370698	0.01609322974472808	0.0011098779134295228	0.010543840177580466	0.02719200887902331	0.004162042175360711	0.000832408435072142	0.0024972253052164264	0.038013318534961156	0.03496115427302997	0.001664816870144284	0.022475027746947835
0.022475027746947835	0.023307436182019976	0.0011098779134295228	0.01193118756936737	0.036348501664816874	0.038845726970033294	0.0013873473917869034	0.025249722530521643	0.0	0.012486126526082131	0.0	0.00804661487236404	0.054106548279689234	0.055216426193118756	0.001664816870144284	0.03107658157602664	0.025249722530521643	0.018590455049944506	0.0002774694783573807	0.01220865704772475	0.020810210876803552	0.022197558268590455	0.000832408435072142	0.013596004439511655	0.007214206437291898	0.006659267480577136	0.0005549389567147614	0.004439511653718091	0.051054384017758046	0.049389567147613764	0.0013873473917869034	0.032741398446170925	0.023029966703662596	0.010821309655937847	0.0011098779134295228	0.007214206437291898	0.02358490566037736	0.03107658157602664	0.0005549389567147614	0.016648168701442843	0.021920088790233074	0.02025527192008879	0.0	0.011098779134295227	0.014983351831298557	0.013318534961154272	0.0011098779134295228	0.00776914539400666	0.0	0.017758046614872364	0.0	0.010821309655937847	0.01553829078801332	0.01553829078801332	0.0011098779134295228	0.011376248612652608	0.026914539400665925	0.004162042175360711	0.0011098779134295228	0.0024972253052164264	0.038845726970033294	0.03440621531631521	0.001942286348501665	0.023029966703662596
0.022475027746947835	0.023307436182019976	0.0011098779134295228	0.01193118756936737	0.03662597114317425	0.04051054384017758	0.0011098779134295228	0.02358490566037736	0.0	0.013041065482796892	0.0	0.007491675915649278	0.054106548279689234	0.055216426193118756	0.001664816870144284	0.03107658157602664	0.025249722530521643	0.018312985571587125	0.0002774694783573807	0.012486126526082131	0.020810210876803552	0.021920088790233074	0.000832408435072142	0.013873473917869035	0.007214206437291898	0.0069367369589345175	0.0005549389567147614	0.004162042175360711	0.051054384017758046	0.04911209766925638	0.001942286348501665	0.03246392896781354	0.02358490566037736	0.010543840177580466	0.0005549389567147614	0.007491675915649278	0.023029966703662596	0.03107658157602664	0.0005549389567147614	0.017203107658157604	0.021920088790233074	0.02025527192008879	0.0	0.011098779134295227	0.015260821309655937	0.013041065482796892	0.000832408435072142	0.00804661487236404	0.0	0.017758046614872364	0.0	0.010821309655937847	0.016370699223085462	0.014705882352941176	0.0005549389567147614	0.01193118756936737	0.026637069922308545	0.004162042175360711	0.0013873473917869034	0.0024972253052164264	0.039400665926748055	0.033851276359600446	0.0013873473917869034	0.02358490566037736
0.022197558268590455	0.022752497225305215	0.0013873473917869034	0.012486126526082131	0.035793562708102106	0.04078801331853496	0.0013873473917869034	0.02386237513873474	0.0	0.013318534961154272	0.0	0.007214206437291898	0.054106548279689234	0.05577136514983352	0.001664816870144284	0.030521642619311874	0.025249722530521643	0.018312985571587125	0.0002774694783573807	0.012486126526082131	0.021087680355160933	0.021365149833518313	0.000832408435072142	0.014150943396226415	0.00776914539400666	0.006659267480577136	0.0002774694783573807	0.004162042175360711	0.049389567147613764	0.05077691453940067	0.001942286348501665	0.03190899001109878	0.02358490566037736	0.010543840177580466	0.0005549389567147614	0.007491675915649278	0.023307436182019976	0.029966703662597113	0.0005549389567147614	0.018035516093229745	0.021642619311875694	0.021365149833518313	0.0002774694783573807	0.009988901220865706	0.014983351831298557	0.013041065482796892	0.0011098779134295228	0.00804661487236404	0.0	0.018590455049944506	0.0	0.009988901220865706	0.016370699223085462	0.015260821309655937	0.0005549389567147614	0.011376248612652608	0.026637069922308545	0.004162042175360711	0.0013873473917869034	0.0024972253052164264	0.04051054384017758	0.033851276359600446	0.000832408435072142	0.02358490566037736
0.021920088790233074	0.022475027746947835	0.001664816870144284	0.012763596004439512	0.03496115427302997	0.04051054384017758	0.001664816870144284	0.024694783573806882	0.0	0.013318534961154272	0.0	0.007214206437291898	0.053551609322974474	0.05493895671476138	0.0022197558268590455	0.03135405105438402	0.025249722530521643	0.018312985571587125	0.0002774694783573807	0.012486126526082131	0.021087680355160933	0.021365149833518313	0.000832408435072142	0.014150943396226415	0.00804661487236404	0.006381798002219756	0.0002774694783573807	0.004162042175360711	0.0474472807991121	0.050499445061043285	0.002774694783573807	0.033296337402885685	0.02386237513873474	0.010266370699223086	0.0002774694783573807	0.00776914539400666	0.023307436182019976	0.029134295227524972	0.000832408435072142	0.018590455049944506	0.021642619311875694	0.022197558268590455	0.0002774694783573807	0.009156492785793563	0.014983351831298557	0.013318534961154272	0.000832408435072142	0.00804661487236404	0.0	0.018867924528301886	0.0	0.009711431742508323	0.01609322974472808	0.014983351831298557	0.000832408435072142	0.011653718091009988	0.026914539400665925	0.00388457269700333	0.0011098779134295228	0.002774694783573807	0.04051054384017758	0.03412874583795782	0.000832408435072142	0.023307436182019976
0.021920088790233074	0.023029966703662596	0.001664816870144284	0.01220865704772475	0.03496115427302997	0.04078801331853496	0.0013873473917869034	0.024694783573806882	0.0	0.012763596004439512	0.0	0.00776914539400666	0.05299667036625971	0.055216426193118756	0.002774694783573807	0.03107658157602664	0.025249722530521643	0.018035516093229745	0.0002774694783573807	0.012763596004439512	0.021087680355160933	0.021087680355160933	0.000832408435072142	0.014428412874583796	0.008324084350721421	0.006104328523862375	0.0005549389567147614	0.00388457269700333	0.0474472807991121	0.05160932297447281	0.002774694783573807	0.031631520532741396	0.02413984461709212	0.010266370699223086	0.0	0.00776914539400666	0.02358490566037736	0.02857935627081021	0.0011098779134295228	0.018590455049944506	0.021920088790233074	0.021365149833518313	0.0002774694783573807	0.009711431742508323	0.015260821309655937	0.013318534961154272	0.0005549389567147614	0.00804661487236404	0.0	0.018867924528301886	0.0	0.009711431742508323	0.015815760266370698	0.015815760266370698	0.0005549389567147614	0.011376248612652608	0.026914539400665925	0.004439511653718091	0.0011098779134295228	0.0022197558268590455	0.0402330743618202	0.03357380688124306	0.001664816870144284	0.02386237513873474
0.021920088790233074	0.022475027746947835	0.001664816870144284	0.012763596004439512	0.03496115427302997	0.04134295227524972	0.0013873473917869034	0.02413984461709212	0.0	0.013041065482796892	0.0	0.007491675915649278	0.054106548279689234	0.055216426193118756	0.001664816870144284	0.03107658157602664	0.025527192008879023	0.017480577136514984	0.0	0.013318534961154272	0.021087680355160933	0.021087680355160933	0.0011098779134295228	0.014150943396226415	0.00804661487236404	0.006381798002219756	0.0005549389567147614	0.00388457269700333	0.04827968923418424	0.05188679245283019	0.0022197558268590455	0.03135405105438402	0.02413984461709212	0.010543840177580466	0.0	0.007491675915649278	0.02358490566037736	0.02802441731409545	0.0011098779134295228	0.019145394006659266	0.021920088790233074	0.021365149833518313	0.0002774694783573807	0.009711431742508323	0.014983351831298557	0.013596004439511655	0.000832408435072142	0.00776914539400666	0.0	0.019145394006659266	0.0	0.009433962264150943	0.015815760266370698	0.016370699223085462	0.0005549389567147614	0.010821309655937847	0.02719200887902331	0.004439511653718091	0.000832408435072142	0.0022197558268590455	0.039400665926748055	0.03357380688124306	0.0022197558268590455	0.02386237513873474
0.022197558268590455	0.021642619311875694	0.0013873473917869034	0.013596004439511655	0.03496115427302997	0.04078801331853496	0.001942286348501665	0.02413984461709212	0.0	0.013041065482796892	0.0	0.007491675915649278	0.05438401775804662	0.0560488346281909	0.0013873473917869034	0.030244173140954494	0.024972253052164262	0.017480577136514984	0.0005549389567147614	0.013318534961154272	0.021365149833518313	0.021642619311875694	0.000832408435072142	0.013596004439511655	0.00776914539400666	0.006659267480577136	0.0005549389567147614	0.00388457269700333	0.04772475027746948	0.05133185349611543	0.001942286348501665	0.03190899001109878	0.02413984461709212	0.009988901220865706	0.0	0.00804661487236404	0.02386237513873474	0.02830188679245283	0.0013873473917869034	0.018312985571587125	0.021642619311875694	0.021365149833518313	0.0002774694783573807	0.009988901220865706	0.014983351831298557	0.013318534961154272	0.000832408435072142	0.00804661487236404	0.0	0.019422863485016647	0.0	0.009156492785793563	0.014983351831298557	0.015815760266370698	0.0011098779134295228	0.011653718091009988	0.02746947835738069	0.004439511653718091	0.0005549389567147614	0.0022197558268590455	0.04051054384017758	0.03246392896781354	0.001942286348501665	0.024972253052164262
0.021920088790233074	0.020810210876803552	0.001664816870144284	0.014428412874583796	0.03357380688124306	0.041065482796892344	0.002774694783573807	0.0244173140954495	0.0	0.013318534961154272	0.0	0.007214206437291898	0.054106548279689234	0.0560488346281909	0.001664816870144284	0.030244173140954494	0.024972253052164262	0.017758046614872364	0.0005549389567147614	0.013041065482796892	0.021087680355160933	0.020532741398446172	0.000832408435072142	0.014983351831298557	0.00804661487236404	0.006659267480577136	0.0002774694783573807	0.00388457269700333	0.04966703662597114	0.05160932297447281	0.0011098779134295228	0.031631520532741396	0.02386237513873474	0.010821309655937847	0.0002774694783573807	0.007214206437291898	0.02358490566037736	0.02857935627081021	0.001664816870144284	0.018035516093229745	0.021642619311875694	0.022197558268590455	0.0002774694783573807	0.009156492785793563	0.014983351831298557	0.013873473917869035	0.0005549389567147614	0.00776914539400666	0.0	0.018867924528301886	0.0	0.009711431742508323	0.014983351831298557	0.015815760266370698	0.000832408435072142	0.01193118756936737	0.02719200887902331	0.004162042175360711	0.000832408435072142	0.0024972253052164264	0.03912319644839068	0.0330188679245283	0.0022197558268590455	0.0244173140954495
0.021087680355160933	0.021087680355160933	0.0024972253052164264	0.014150943396226415	0.03412874583795782	0.04051054384017758	0.001942286348501665	0.025249722530521643	0.0	0.013318534961154272	0.0	0.007214206437291898	0.05382907880133185	0.05715871254162042	0.001942286348501665	0.029134295227524972	0.024972253052164262	0.017480577136514984	0.0005549389567147614	0.013318534961154272	0.020810210876803552	0.022197558268590455	0.000832408435072142	0.013596004439511655	0.008324084350721421	0.006381798002219756	0.0002774694783573807	0.00388457269700333	0.0502219755826859	0.05216426193118757	0.0013873473917869034	0.03107658157602664	0.02358490566037736	0.010543840177580466	0.0005549389567147614	0.007491675915649278	0.02386237513873474	0.02830188679245283	0.0013873473917869034	0.018312985571587125	0.021087680355160933	0.021920088790233074	0.0002774694783573807	0.009988901220865706	0.015260821309655937	0.013873473917869035	0.0002774694783573807	0.00776914539400666	0.0	0.019145394006659266	0.0	0.009433962264150943	0.01553829078801332	0.01553829078801332	0.0002774694783573807	0.01220865704772475	0.02746947835738069	0.004162042175360711	0.0005549389567147614	0.0024972253052164264	0.03829078801331853	0.033296337402885685	0.0022197558268590455	0.02413984461709212
0.021087680355160933	0.022752497225305215	0.0024972253052164264	0.012486126526082131	0.03412874583795782	0.0402330743618202	0.001664816870144284	0.025804661487236404	0.0	0.013318534961154272	0.0	0.007214206437291898	0.05299667036625971	0.05660377358490566	0.002774694783573807	0.029689234184239733	0.024972253052164262	0.017203107658157604	0.0005549389567147614	0.013596004439511655	0.020532741398446172	0.022197558268590455	0.0011098779134295228	0.013596004439511655	0.008324084350721421	0.006381798002219756	0.0002774694783573807	0.00388457269700333	0.05327413984461709	0.05188679245283019	0.001664816870144284	0.030799112097669258	0.02358490566037736	0.010543840177580466	0.0005549389567147614	0.007491675915649278	0.02358490566037736	0.02802441731409545	0.0013873473917869034	0.018867924528301886	0.021087680355160933	0.022197558268590455	0.0002774694783573807	0.009711431742508323	0.015260821309655937	0.014150943396226415	0.0002774694783573807	0.007491675915649278	0.0	0.019700332963374027	0.0	0.008879023307436182	0.015815760266370698	0.016370699223085462	0.0	0.011376248612652608	0.02746947835738069	0.004439511653718091	0.0005549389567147614	0.0022197558268590455	0.03607103218645949	0.033296337402885685	0.001664816870144284	0.02413984461709212
0.021365149833518313	0.023029966703662596	0.0022197558268590455	0.01220865704772475	0.03357380688124306	0.04051054384017758	0.0022197558268590455	0.025527192008879023	0.0	0.013596004439511655	0.0	0.0069367369589345175	0.053551609322974474	0.0560488346281909	0.0022197558268590455	0.030244173140954494	0.024694783573806882	0.017758046614872364	0.000832408435072142	0.013041065482796892	0.021365149833518313	0.022197558268590455	0.0011098779134295228	0.012763596004439512	0.008324084350721421	0.006381798002219756	0.0002774694783573807	0.00388457269700333	0.05327413984461709	0.05216426193118757	0.0013873473917869034	0.030799112097669258	0.02358490566037736	0.009988901220865706	0.0005549389567147614	0.00804661487236404	0.02386237513873474	0.02830188679245283	0.0013873473917869034	0.018312985571587125	0.021087680355160933	0.021642619311875694	0.0002774694783573807	0.010266370699223086	0.015260821309655937	0.014428412874583796	0.0002774694783573807	0.007214206437291898	0.0	0.019422863485016647	0.0	0.009156492785793563	0.015815760266370698	0.016648168701442843	0.0	0.011098779134295227	0.02746947835738069	0.004439511653718091	0.0005549389567147614	0.0022197558268590455	0.03607103218645949	0.03357380688124306	0.001664816870144284	0.02386237513873474
0.021365149833518313	0.02386237513873474	0.0022197558268590455	0.011376248612652608	0.03357380688124306	0.039400665926748055	0.0022197558268590455	0.026637069922308545	0.0	0.013596004439511655	0.0	0.0069367369589345175	0.05382907880133185	0.055216426193118756	0.001942286348501665	0.03107658157602664	0.024972253052164262	0.017480577136514984	0.0005549389567147614	0.013318534961154272	0.022197558268590455	0.022197558268590455	0.000832408435072142	0.01220865704772475	0.008324084350721421	0.006104328523862375	0.0002774694783573807	0.004162042175360711	0.053551609322974474	0.05299667036625971	0.000832408435072142	0.029966703662597113	0.02386237513873474	0.009988901220865706	0.0002774694783573807	0.00804661487236404	0.02413984461709212	0.02830188679245283	0.0011098779134295228	0.018312985571587125	0.021087680355160933	0.022475027746947835	0.0005549389567147614	0.009156492785793563	0.014705882352941176	0.014983351831298557	0.0002774694783573807	0.007214206437291898	0.0	0.019145394006659266	0.0	0.009433962264150943	0.015815760266370698	0.01553829078801332	0.0	0.01220865704772475	0.026637069922308545	0.0047169811320754715	0.0013873473917869034	0.001942286348501665	0.03662597114317425	0.03357380688124306	0.0013873473917869034	0.02386237513873474
0.021642619311875694	0.023307436182019976	0.001942286348501665	0.01193118756936737	0.03440621531631521	0.0402330743618202	0.0013873473917869034	0.025804661487236404	0.0	0.013318534961154272	0.0	0.007214206437291898	0.054106548279689234	0.055216426193118756	0.001664816870144284	0.03107658157602664	0.0244173140954495	0.017480577136514984	0.0011098779134295228	0.013318534961154272	0.022197558268590455	0.021642619311875694	0.000832408435072142	0.012763596004439512	0.008324084350721421	0.006381798002219756	0.0002774694783573807	0.00388457269700333	0.054106548279689234	0.05188679245283019	0.000832408435072142	0.03107658157602664	0.02358490566037736	0.009988901220865706	0.0005549389567147614	0.00804661487236404	0.02358490566037736	0.029134295227524972	0.0011098779134295228	0.018035516093229745	0.021087680355160933	0.021642619311875694	0.0005549389567147614	0.009988901220865706	0.014705882352941176	0.014983351831298557	0.0002774694783573807	0.007214206437291898	0.0	0.018590455049944506	0.0	0.009988901220865706	0.015260821309655937	0.01553829078801332	0.0002774694783573807	0.012486126526082131	0.026637069922308545	0.0047169811320754715	0.0013873473917869034	0.001942286348501665	0.03551609322974473	0.033296337402885685	0.001942286348501665	0.02413984461709212
0.022197558268590455	0.023029966703662596	0.0013873473917869034	0.01220865704772475	0.03412874583795782	0.04189789123196448	0.0013873473917869034	0.0244173140954495	0.0	0.013318534961154272	0.0	0.007214206437291898	0.054106548279689234	0.053551609322974474	0.001664816870144284	0.032741398446170925	0.024694783573806882	0.017203107658157604	0.000832408435072142	0.013596004439511655	0.022752497225305215	0.021365149833518313	0.0005549389567147614	0.012763596004439512	0.00804661487236404	0.006381798002219756	0.0002774694783573807	0.004162042175360711	0.05299667036625971	0.05244173140954495	0.0005549389567147614	0.030521642619311874	0.023307436182019976	0.010543840177580466	0.000832408435072142	0.007491675915649278	0.022752497225305215	0.030244173140954494	0.001664816870144284	0.017203107658157604	0.020532741398446172	0.021920088790233074	0.000832408435072142	0.009988901220865706	0.014428412874583796	0.014150943396226415	0.0005549389567147614	0.00804661487236404	0.0	0.018590455049944506	0.0	0.009988901220865706	0.015260821309655937	0.016648168701442843	0.0002774694783573807	0.011376248612652608	0.026637069922308545	0.0047169811320754715	0.0013873473917869034	0.001942286348501665	0.03662597114317425	0.033296337402885685	0.0022197558268590455	0.02413984461709212
0.022475027746947835	0.023029966703662596	0.0011098779134295228	0.01220865704772475	0.03440621531631521	0.04134295227524972	0.0011098779134295228	0.024972253052164262	0.0	0.013873473917869035	0.0	0.006659267480577136	0.05327413984461709	0.053551609322974474	0.0024972253052164264	0.032741398446170925	0.024972253052164262	0.017203107658157604	0.0005549389567147614	0.013596004439511655	0.023029966703662596	0.020532741398446172	0.0005549389567147614	0.013318534961154272	0.00804661487236404	0.006381798002219756	0.0002774694783573807	0.004162042175360711	0.05160932297447281	0.05133185349611543	0.000832408435072142	0.03218645948945616	0.02358490566037736	0.010821309655937847	0.0005549389567147614	0.007214206437291898	0.021920088790233074	0.029689234184239733	0.001942286348501665	0.018312985571587125	0.02025527192008879	0.023029966703662596	0.000832408435072142	0.009156492785793563	0.014150943396226415	0.014150943396226415	0.000832408435072142	0.00804661487236404	0.0	0.018312985571587125	0.0	0.010266370699223086	0.014983351831298557	0.016370699223085462	0.0002774694783573807	0.01193118756936737	0.026637069922308545	0.0047169811320754715	0.0013873473917869034	0.001942286348501665	0.037458379578246395	0.032741398446170925	0.001942286348501665	0.024694783573806882
0.022475027746947835	0.02358490566037736	0.0011098779134295228	0.011653718091009988	0.03440621531631521	0.04134295227524972	0.000832408435072142	0.025249722530521643	0.0	0.013596004439511655	0.0	0.0069367369589345175	0.05327413984461709	0.05327413984461709	0.0024972253052164264	0.0330188679245283	0.024972253052164262	0.016648168701442843	0.0005549389567147614	0.014150943396226415	0.023029966703662596	0.01997780244173141	0.000832408435072142	0.013596004439511655	0.00804661487236404	0.006104328523862375	0.0002774694783573807	0.004439511653718091	0.05188679245283019	0.05077691453940067	0.000832408435072142	0.032741398446170925	0.023307436182019976	0.010821309655937847	0.000832408435072142	0.007214206437291898	0.023029966703662596	0.029966703662597113	0.000832408435072142	0.018035516093229745	0.01997780244173141	0.023029966703662596	0.000832408435072142	0.009433962264150943	0.013873473917869035	0.013873473917869035	0.0011098779134295228	0.008324084350721421	0.0	0.018035516093229745	0.0	0.010543840177580466	0.014983351831298557	0.01553829078801332	0.0002774694783573807	0.012763596004439512	0.026914539400665925	0.004439511653718091	0.0011098779134295228	0.0022197558268590455	0.037458379578246395	0.031631520532741396	0.001664816870144284	0.025804661487236404
0.022475027746947835	0.022752497225305215	0.0011098779134295228	0.012486126526082131	0.03412874583795782	0.04134295227524972	0.000832408435072142	0.025527192008879023	0.0	0.013596004439511655	0.0	0.0069367369589345175	0.05299667036625971	0.05188679245283019	0.002774694783573807	0.03440621531631521	0.024694783573806882	0.016925638179800223	0.000832408435072142	0.013873473917869035	0.023029966703662596	0.019700332963374027	0.0011098779134295228	0.013596004439511655	0.00804661487236404	0.006381798002219756	0.0002774694783573807	0.004162042175360711	0.05133185349611543	0.05188679245283019	0.0013873473917869034	0.03218645948945616	0.023307436182019976	0.010821309655937847	0.000832408435072142	0.007214206437291898	0.022197558268590455	0.029966703662597113	0.0011098779134295228	0.018590455049944506	0.02025527192008879	0.021920088790233074	0.0011098779134295228	0.009988901220865706	0.013596004439511655	0.014150943396226415	0.0011098779134295228	0.008324084350721421	0.0	0.016648168701442843	0.0	0.01193118756936737	0.01553829078801332	0.015815760266370698	0.0005549389567147614	0.011653718091009988	0.026914539400665925	0.004439511653718091	0.0011098779134295228	0.0022197558268590455	0.036903440621531634	0.03190899001109878	0.001664816870144284	0.025527192008879023
0.022475027746947835	0.022475027746947835	0.0011098779134295228	0.012763596004439512	0.03357380688124306	0.04134295227524972	0.000832408435072142	0.026082130965593784	0.0	0.013873473917869035	0.0	0.006659267480577136	0.05299667036625971	0.05077691453940067	0.002774694783573807	0.03551609322974473	0.025527192008879023	0.016370699223085462	0.0	0.014428412874583796	0.022475027746947835	0.019145394006659266	0.0013873473917869034	0.014428412874583796	0.00804661487236404	0.006104328523862375	0.0002774694783573807	0.004439511653718091	0.05133185349611543	0.05077691453940067	0.0013873473917869034	0.032741398446170925	0.023307436182019976	0.010821309655937847	0.000832408435072142	0.007214206437291898	0.022197558268590455	0.029689234184239733	0.001664816870144284	0.018312985571587125	0.01997780244173141	0.020532741398446172	0.0013873473917869034	0.011376248612652608	0.012763596004439512	0.014150943396226415	0.001664816870144284	0.008601553829078802	0.0	0.016648168701442843	0.0	0.01193118756936737	0.015815760266370698	0.016370699223085462	0.0005549389567147614	0.010821309655937847	0.02719200887902331	0.0047169811320754715	0.000832408435072142	0.001942286348501665	0.038013318534961156	0.0330188679245283	0.0011098779134295228	0.0244173140954495
0.023029966703662596	0.021920088790233074	0.0005549389567147614	0.013318534961154272	0.033851276359600446	0.04078801331853496	0.0005549389567147614	0.026637069922308545	0.0	0.013041065482796892	0.0	0.007491675915649278	0.05299667036625971	0.051054384017758046	0.002774694783573807	0.035238623751387345	0.025527192008879023	0.016648168701442843	0.0	0.014150943396226415	0.021920088790233074	0.02025527192008879	0.001664816870144284	0.013596004439511655	0.008324084350721421	0.005826859045504994	0.0	0.0047169811320754715	0.05133185349611543	0.04911209766925638	0.0011098779134295228	0.034683684794672584	0.023307436182019976	0.011098779134295227	0.000832408435072142	0.0069367369589345175	0.022752497225305215	0.030521642619311874	0.000832408435072142	0.017758046614872364	0.019700332963374027	0.020810210876803552	0.0013873473917869034	0.011376248612652608	0.012486126526082131	0.014150943396226415	0.001942286348501665	0.008601553829078802	0.0	0.016925638179800223	0.0	0.011653718091009988	0.015815760266370698	0.015815760266370698	0.0005549389567147614	0.011376248612652608	0.02719200887902331	0.0047169811320754715	0.000832408435072142	0.001942286348501665	0.037458379578246395	0.03218645948945616	0.001664816870144284	0.025249722530521643
0.023029966703662596	0.021087680355160933	0.0005549389567147614	0.014150943396226415	0.033296337402885685	0.04134295227524972	0.0011098779134295228	0.026082130965593784	0.0	0.01220865704772475	0.0	0.008324084350721421	0.053551609322974474	0.05188679245283019	0.0022197558268590455	0.03440621531631521	0.025527192008879023	0.016925638179800223	0.0	0.013873473917869035	0.021365149833518313	0.021087680355160933	0.0013873473917869034	0.013596004439511655	0.008324084350721421	0.005826859045504994	0.0	0.0047169811320754715	0.051054384017758046	0.049389567147613764	0.0011098779134295228	0.034683684794672584	0.023029966703662596	0.011098779134295227	0.0011098779134295228	0.0069367369589345175	0.022475027746947835	0.03135405105438402	0.000832408435072142	0.017203107658157604	0.02025527192008879	0.021087680355160933	0.0011098779134295228	0.010821309655937847	0.012763596004439512	0.014150943396226415	0.001942286348501665	0.008324084350721421	0.0	0.017203107658157604	0.0	0.011376248612652608	0.01553829078801332	0.016925638179800223	0.000832408435072142	0.010266370699223086	0.02719200887902331	0.004439511653718091	0.000832408435072142	0.0022197558268590455	0.03662597114317425	0.032741398446170925	0.0024972253052164264	0.024694783573806882
0.022752497225305215	0.022197558268590455	0.000832408435072142	0.013041065482796892	0.033296337402885685	0.042175360710321866	0.0013873473917869034	0.024972253052164262	0.0	0.01220865704772475	0.0	0.008324084350721421	0.05216426193118757	0.05244173140954495	0.003607103218645949	0.033851276359600446	0.024972253052164262	0.016925638179800223	0.0005549389567147614	0.013873473917869035	0.021365149833518313	0.021920088790233074	0.0013873473917869034	0.012763596004439512	0.00804661487236404	0.006104328523862375	0.0002774694783573807	0.004439511653718091	0.05133185349611543	0.04800221975582686	0.0013873473917869034	0.035793562708102106	0.023029966703662596	0.011376248612652608	0.0011098779134295228	0.006659267480577136	0.021920088790233074	0.030799112097669258	0.0011098779134295228	0.018035516093229745	0.020532741398446172	0.021087680355160933	0.000832408435072142	0.010821309655937847	0.012486126526082131	0.014150943396226415	0.001664816870144284	0.008879023307436182	0.0	0.018035516093229745	0.0	0.010543840177580466	0.01553829078801332	0.016370699223085462	0.000832408435072142	0.010821309655937847	0.02719200887902331	0.004994450610432853	0.000832408435072142	0.001664816870144284	0.036903440621531634	0.03246392896781354	0.001942286348501665	0.024972253052164262
0.023029966703662596	0.022197558268590455	0.0005549389567147614	0.013041065482796892	0.0330188679245283	0.042175360710321866	0.001664816870144284	0.024972253052164262	0.0	0.01193118756936737	0.0	0.008601553829078802	0.05299667036625971	0.05271920088790233	0.002774694783573807	0.03357380688124306	0.024972253052164262	0.017480577136514984	0.0005549389567147614	0.013318534961154272	0.021365149833518313	0.021920088790233074	0.0013873473917869034	0.012763596004439512	0.00804661487236404	0.006104328523862375	0.0002774694783573807	0.004439511653718091	0.05271920088790233	0.04855715871254162	0.000832408435072142	0.035793562708102106	0.022752497225305215	0.011098779134295227	0.0013873473917869034	0.0069367369589345175	0.022475027746947835	0.030521642619311874	0.000832408435072142	0.018035516093229745	0.02025527192008879	0.021087680355160933	0.0011098779134295228	0.010821309655937847	0.012763596004439512	0.013873473917869035	0.0013873473917869034	0.009156492785793563	0.0	0.018035516093229745	0.0	0.010543840177580466	0.01553829078801332	0.016370699223085462	0.000832408435072142	0.010821309655937847	0.02719200887902331	0.005271920088790233	0.000832408435072142	0.0013873473917869034	0.035793562708102106	0.032741398446170925	0.001664816870144284	0.024694783573806882
0.023307436182019976	0.022197558268590455	0.0002774694783573807	0.013041065482796892	0.0330188679245283	0.04273029966703663	0.001664816870144284	0.0244173140954495	0.0	0.01193118756936737	0.0	0.008601553829078802	0.05382907880133185	0.05271920088790233	0.001942286348501665	0.03357380688124306	0.024972253052164262	0.018312985571587125	0.0005549389567147614	0.012486126526082131	0.020810210876803552	0.022475027746947835	0.001664816870144284	0.012486126526082131	0.00804661487236404	0.006104328523862375	0.0002774694783573807	0.004439511653718091	0.05327413984461709	0.048834628190899	0.0002774694783573807	0.035793562708102106	0.022752497225305215	0.010821309655937847	0.0013873473917869034	0.007214206437291898	0.022475027746947835	0.030244173140954494	0.0005549389567147614	0.018590455049944506	0.020810210876803552	0.020810210876803552	0.000832408435072142	0.010821309655937847	0.013596004439511655	0.013596004439511655	0.000832408435072142	0.009156492785793563	0.0	0.018035516093229745	0.0	0.010543840177580466	0.01553829078801332	0.01609322974472808	0.000832408435072142	0.011098779134295227	0.026359600443951164	0.004994450610432853	0.001664816870144284	0.001664816870144284	0.035793562708102106	0.03357380688124306	0.0013873473917869034	0.02386237513873474
0.02358490566037736	0.021642619311875694	0.0	0.013596004439511655	0.03246392896781354	0.042175360710321866	0.001942286348501665	0.025249722530521643	0.0	0.010821309655937847	0.0	0.009711431742508323	0.054106548279689234	0.05271920088790233	0.001664816870144284	0.03357380688124306	0.024694783573806882	0.017480577136514984	0.000832408435072142	0.013318534961154272	0.020810210876803552	0.021642619311875694	0.0013873473917869034	0.013596004439511655	0.00804661487236404	0.006104328523862375	0.0	0.0047169811320754715	0.05299667036625971	0.05188679245283019	0.0005549389567147614	0.0330188679245283	0.022752497225305215	0.011376248612652608	0.0013873473917869034	0.006659267480577136	0.021365149833518313	0.030799112097669258	0.0013873473917869034	0.018312985571587125	0.021087680355160933	0.020810210876803552	0.0005549389567147614	0.010821309655937847	0.013873473917869035	0.013041065482796892	0.0005549389567147614	0.009711431742508323	0.0	0.017758046614872364	0.0	0.010821309655937847	0.01553829078801332	0.016648168701442843	0.0005549389567147614	0.010821309655937847	0.026637069922308545	0.004994450610432853	0.0013873473917869034	0.001664816870144284	0.03551609322974473	0.03357380688124306	0.0013873473917869034	0.02386237513873474
0.023029966703662596	0.021365149833518313	0.0005549389567147614	0.013873473917869035	0.032741398446170925	0.041620421753607105	0.001664816870144284	0.025804661487236404	0.0	0.010821309655937847	0.0	0.009711431742508323	0.053551609322974474	0.05438401775804662	0.0022197558268590455	0.03190899001109878	0.024694783573806882	0.016925638179800223	0.000832408435072142	0.013873473917869035	0.020810210876803552	0.021920088790233074	0.0013873473917869034	0.013318534961154272	0.00776914539400666	0.006381798002219756	0.0002774694783573807	0.004439511653718091	0.05188679245283019	0.05188679245283019	0.0011098779134295228	0.0330188679245283	0.022475027746947835	0.011098779134295227	0.001664816870144284	0.0069367369589345175	0.021365149833518313	0.030799112097669258	0.001664816870144284	0.018035516093229745	0.021087680355160933	0.020810210876803552	0.0005549389567147614	0.010821309655937847	0.013318534961154272	0.013318534961154272	0.0011098779134295228	0.009433962264150943	0.0	0.018035516093229745	0.0	0.010543840177580466	0.015815760266370698	0.01609322974472808	0.0005549389567147614	0.011098779134295227	0.026914539400665925	0.005271920088790233	0.0011098779134295228	0.0013873473917869034	0.03662597114317425	0.03357380688124306	0.000832408435072142	0.02386237513873474
0.022752497225305215	0.021920088790233074	0.000832408435072142	0.013318534961154272	0.0330188679245283	0.04273029966703663	0.0013873473917869034	0.024694783573806882	0.0	0.010821309655937847	0.0	0.009711431742508323	0.05327413984461709	0.054661487236403995	0.0024972253052164264	0.031631520532741396	0.0244173140954495	0.017480577136514984	0.0011098779134295228	0.013318534961154272	0.021087680355160933	0.021642619311875694	0.0011098779134295228	0.013596004439511655	0.007491675915649278	0.006104328523862375	0.0002774694783573807	0.004994450610432853	0.05188679245283019	0.05133185349611543	0.001664816870144284	0.033851276359600446	0.022752497225305215	0.011376248612652608	0.0013873473917869034	0.006659267480577136	0.021920088790233074	0.030799112097669258	0.0013873473917869034	0.017758046614872364	0.021365149833518313	0.020810210876803552	0.0002774694783573807	0.010821309655937847	0.013596004439511655	0.013873473917869035	0.000832408435072142	0.008879023307436182	0.0	0.017758046614872364	0.0	0.010821309655937847	0.01609322974472808	0.01609322974472808	0.000832408435072142	0.010543840177580466	0.02719200887902331	0.005271920088790233	0.000832408435072142	0.0013873473917869034	0.03551609322974473	0.03357380688124306	0.0011098779134295228	0.02386237513873474
0.023029966703662596	0.021642619311875694	0.0005549389567147614	0.013596004439511655	0.0330188679245283	0.04328523862375139	0.0013873473917869034	0.02413984461709212	0.0	0.011376248612652608	0.0	0.009156492785793563	0.053551609322974474	0.05549389567147614	0.0022197558268590455	0.030799112097669258	0.0244173140954495	0.017758046614872364	0.0011098779134295228	0.013041065482796892	0.021920088790233074	0.02025527192008879	0.0011098779134295228	0.014150943396226415	0.007491675915649278	0.006381798002219756	0.0002774694783573807	0.0047169811320754715	0.05244173140954495	0.050499445061043285	0.0013873473917869034	0.03496115427302997	0.022475027746947835	0.012486126526082131	0.001664816870144284	0.005549389567147614	0.021920088790233074	0.030799112097669258	0.001664816870144284	0.017480577136514984	0.021365149833518313	0.019700332963374027	0.0002774694783573807	0.01193118756936737	0.013041065482796892	0.014428412874583796	0.000832408435072142	0.008879023307436182	0.0	0.018035516093229745	0.0	0.010543840177580466	0.016648168701442843	0.015815760266370698	0.0002774694783573807	0.010821309655937847	0.026914539400665925	0.005271920088790233	0.0011098779134295228	0.0013873473917869034	0.03440621531631521	0.033296337402885685	0.001664816870144284	0.02413984461709212
0.022475027746947835	0.021365149833518313	0.0011098779134295228	0.013873473917869035	0.033296337402885685	0.04273029966703663	0.001664816870144284	0.02413984461709212	0.0	0.010266370699223086	0.0	0.010266370699223086	0.05382907880133185	0.05577136514983352	0.001942286348501665	0.030521642619311874	0.02413984461709212	0.017480577136514984	0.0013873473917869034	0.013318534961154272	0.021920088790233074	0.020532741398446172	0.0011098779134295228	0.013873473917869035	0.007491675915649278	0.006381798002219756	0.0002774694783573807	0.0047169811320754715	0.05133185349611543	0.05133185349611543	0.0013873473917869034	0.034683684794672584	0.023029966703662596	0.01220865704772475	0.0011098779134295228	0.005826859045504994	0.022197558268590455	0.03135405105438402	0.001664816870144284	0.016648168701442843	0.021365149833518313	0.019700332963374027	0.0002774694783573807	0.01193118756936737	0.012763596004439512	0.015260821309655937	0.000832408435072142	0.008324084350721421	0.0	0.018035516093229745	0.0	0.010543840177580466	0.016370699223085462	0.016648168701442843	0.0002774694783573807	0.010266370699223086	0.026914539400665925	0.005271920088790233	0.0011098779134295228	0.0013873473917869034	0.03496115427302997	0.03218645948945616	0.001664816870144284	0.025249722530521643
0.022197558268590455	0.021642619311875694	0.0013873473917869034	0.013596004439511655	0.033851276359600446	0.04245283018867924	0.001664816870144284	0.02386237513873474	0.0	0.010543840177580466	0.0	0.009988901220865706	0.054106548279689234	0.05577136514983352	0.001664816870144284	0.030521642619311874	0.02413984461709212	0.018312985571587125	0.0013873473917869034	0.012486126526082131	0.021365149833518313	0.021087680355160933	0.0011098779134295228	0.013873473917869035	0.007214206437291898	0.006659267480577136	0.0005549389567147614	0.004439511653718091	0.05160932297447281	0.05188679245283019	0.0013873473917869034	0.033851276359600446	0.022752497225305215	0.011653718091009988	0.0013873473917869034	0.006381798002219756	0.022475027746947835	0.030799112097669258	0.001664816870144284	0.016925638179800223	0.021087680355160933	0.019145394006659266	0.0002774694783573807	0.012763596004439512	0.013041065482796892	0.014428412874583796	0.0005549389567147614	0.009156492785793563	0.0	0.017480577136514984	0.0	0.011098779134295227	0.016370699223085462	0.017480577136514984	0.0002774694783573807	0.009433962264150943	0.026637069922308545	0.004994450610432853	0.0013873473917869034	0.001664816870144284	0.034683684794672584	0.03246392896781354	0.001942286348501665	0.024972253052164262
0.022197558268590455	0.021642619311875694	0.0013873473917869034	0.013596004439511655	0.03440621531631521	0.042175360710321866	0.001664816870144284	0.02358490566037736	0.0	0.010266370699223086	0.0	0.010266370699223086	0.05382907880133185	0.05577136514983352	0.001942286348501665	0.030521642619311874	0.024694783573806882	0.018312985571587125	0.000832408435072142	0.012486126526082131	0.020810210876803552	0.021920088790233074	0.0013873473917869034	0.013318534961154272	0.007491675915649278	0.006659267480577136	0.0002774694783573807	0.004439511653718091	0.05133185349611543	0.05299667036625971	0.001664816870144284	0.032741398446170925	0.022475027746947835	0.01193118756936737	0.001664816870144284	0.006104328523862375	0.02358490566037736	0.03135405105438402	0.0011098779134295228	0.015815760266370698	0.021087680355160933	0.017758046614872364	0.0002774694783573807	0.014150943396226415	0.012763596004439512	0.014428412874583796	0.0002774694783573807	0.009711431742508323	0.0	0.017203107658157604	0.0	0.011376248612652608	0.016370699223085462	0.017480577136514984	0.0002774694783573807	0.009433962264150943	0.026637069922308545	0.0047169811320754715	0.0013873473917869034	0.001942286348501665	0.034683684794672584	0.0330188679245283	0.001942286348501665	0.0244173140954495
0.023029966703662596	0.021642619311875694	0.0005549389567147614	0.013596004439511655	0.03412874583795782	0.04189789123196448	0.001942286348501665	0.02386237513873474	0.0	0.010821309655937847	0.0	0.009711431742508323	0.05438401775804662	0.05549389567147614	0.0013873473917869034	0.030799112097669258	0.024972253052164262	0.017480577136514984	0.0005549389567147614	0.013318534961154272	0.021087680355160933	0.022752497225305215	0.0011098779134295228	0.012486126526082131	0.007491675915649278	0.006104328523862375	0.0002774694783573807	0.004994450610432853	0.051054384017758046	0.055216426193118756	0.001664816870144284	0.03135405105438402	0.022475027746947835	0.011653718091009988	0.001664816870144284	0.006381798002219756	0.02413984461709212	0.03246392896781354	0.000832408435072142	0.014428412874583796	0.021642619311875694	0.019145394006659266	0.0002774694783573807	0.01220865704772475	0.013318534961154272	0.013596004439511655	0.0002774694783573807	0.009988901220865706	0.0	0.017203107658157604	0.0	0.011376248612652608	0.01609322974472808	0.016925638179800223	0.0002774694783573807	0.010266370699223086	0.026914539400665925	0.0047169811320754715	0.0011098779134295228	0.001942286348501665	0.03412874583795782	0.0330188679245283	0.001942286348501665	0.0244173140954495
0.023029966703662596	0.023029966703662596	0.0005549389567147614	0.01220865704772475	0.034683684794672584	0.041065482796892344	0.001942286348501665	0.02413984461709212	0.0	0.01193118756936737	0.0	0.008601553829078802	0.054106548279689234	0.054661487236403995	0.001664816870144284	0.031631520532741396	0.024972253052164262	0.017480577136514984	0.0005549389567147614	0.013318534961154272	0.021365149833518313	0.023307436182019976	0.000832408435072142	0.01193118756936737	0.007491675915649278	0.005549389567147614	0.0002774694783573807	0.005549389567147614	0.05077691453940067	0.05577136514983352	0.0011098779134295228	0.031631520532741396	0.022475027746947835	0.011376248612652608	0.001664816870144284	0.006659267480577136	0.02413984461709212	0.03190899001109878	0.0013873473917869034	0.014428412874583796	0.021920088790233074	0.018867924528301886	0.0002774694783573807	0.01220865704772475	0.013318534961154272	0.012763596004439512	0.0002774694783573807	0.010821309655937847	0.0	0.016648168701442843	0.0	0.01193118756936737	0.01609322974472808	0.016925638179800223	0.0005549389567147614	0.009988901220865706	0.026914539400665925	0.004162042175360711	0.0011098779134295228	0.0024972253052164264	0.03440621531631521	0.033851276359600446	0.001664816870144284	0.02358490566037736
0.023029966703662596	0.0244173140954495	0.0005549389567147614	0.010821309655937847	0.03496115427302997	0.041065482796892344	0.001942286348501665	0.02386237513873474	0.0	0.011653718091009988	0.0	0.008879023307436182	0.054106548279689234	0.0560488346281909	0.001664816870144284	0.030244173140954494	0.024972253052164262	0.016925638179800223	0.0005549389567147614	0.013873473917869035	0.021365149833518313	0.022752497225305215	0.0013873473917869034	0.01193118756936737	0.007491675915649278	0.005826859045504994	0.0002774694783573807	0.005271920088790233	0.05133185349611543	0.05549389567147614	0.0013873473917869034	0.031631520532741396	0.022475027746947835	0.011376248612652608	0.001664816870144284	0.006659267480577136	0.0244173140954495	0.031631520532741396	0.0013873473917869034	0.014428412874583796	0.021920088790233074	0.018590455049944506	0.0002774694783573807	0.012486126526082131	0.013318534961154272	0.012486126526082131	0.0002774694783573807	0.011098779134295227	0.0	0.017203107658157604	0.0	0.011376248612652608	0.01609322974472808	0.017203107658157604	0.0005549389567147614	0.009711431742508323	0.02746947835738069	0.004162042175360711	0.0005549389567147614	0.0024972253052164264	0.03412874583795782	0.03496115427302997	0.0013873473917869034	0.022475027746947835
0.023029966703662596	0.02386237513873474	0.0005549389567147614	0.011376248612652608	0.03496115427302997	0.04078801331853496	0.0022197558268590455	0.02386237513873474	0.0	0.011653718091009988	0.0	0.008879023307436182	0.054106548279689234	0.0560488346281909	0.001664816870144284	0.030244173140954494	0.024694783573806882	0.016648168701442843	0.000832408435072142	0.014150943396226415	0.021087680355160933	0.022752497225305215	0.001942286348501665	0.011653718091009988	0.007491675915649278	0.006104328523862375	0.0002774694783573807	0.004994450610432853	0.051054384017758046	0.05660377358490566	0.0013873473917869034	0.030521642619311874	0.021642619311875694	0.011653718091009988	0.0024972253052164264	0.006381798002219756	0.02413984461709212	0.03135405105438402	0.001664816870144284	0.014705882352941176	0.021920088790233074	0.019145394006659266	0.0005549389567147614	0.011653718091009988	0.013318534961154272	0.012486126526082131	0.0002774694783573807	0.011098779134295227	0.0	0.016925638179800223	0.0	0.011653718091009988	0.016370699223085462	0.017203107658157604	0.0005549389567147614	0.009433962264150943	0.02719200887902331	0.004162042175360711	0.000832408435072142	0.0024972253052164264	0.03440621531631521	0.034683684794672584	0.0013873473917869034	0.022752497225305215
0.023307436182019976	0.02358490566037736	0.0002774694783573807	0.011653718091009988	0.03607103218645949	0.03995560488346282	0.0011098779134295228	0.024694783573806882	0.0	0.01193118756936737	0.0	0.008601553829078802	0.05438401775804662	0.0560488346281909	0.0013873473917869034	0.030244173140954494	0.024694783573806882	0.016925638179800223	0.000832408435072142	0.013873473917869035	0.021365149833518313	0.022197558268590455	0.001942286348501665	0.01193118756936737	0.007214206437291898	0.006104328523862375	0.0002774694783573807	0.005271920088790233	0.05216426193118757	0.0560488346281909	0.0011098779134295228	0.03107658157602664	0.021642619311875694	0.011376248612652608	0.0024972253052164264	0.006659267480577136	0.0244173140954495	0.030799112097669258	0.0013873473917869034	0.015260821309655937	0.021365149833518313	0.019145394006659266	0.0005549389567147614	0.01220865704772475	0.013041065482796892	0.013596004439511655	0.0005549389567147614	0.009988901220865706	0.0	0.017480577136514984	0.0	0.011098779134295227	0.01609322974472808	0.016925638179800223	0.0005549389567147614	0.009988901220865706	0.026914539400665925	0.004162042175360711	0.0011098779134295228	0.0024972253052164264	0.03412874583795782	0.03496115427302997	0.000832408435072142	0.022475027746947835
0.023307436182019976	0.023307436182019976	0.0002774694783573807	0.01193118756936737	0.035793562708102106	0.03967813540510544	0.0013873473917869034	0.024972253052164262	0.0	0.011376248612652608	0.0	0.009156492785793563	0.054661487236403995	0.05632630410654828	0.0011098779134295228	0.029966703662597113	0.0244173140954495	0.017480577136514984	0.0011098779134295228	0.013318534961154272	0.021642619311875694	0.022475027746947835	0.0013873473917869034	0.01193118756936737	0.007491675915649278	0.006659267480577136	0.0	0.0047169811320754715	0.05160932297447281	0.05660377358490566	0.0011098779134295228	0.030799112097669258	0.022197558268590455	0.011376248612652608	0.001942286348501665	0.006659267480577136	0.02358490566037736	0.031631520532741396	0.001664816870144284	0.014983351831298557	0.021087680355160933	0.019700332963374027	0.000832408435072142	0.011653718091009988	0.013041065482796892	0.013318534961154272	0.0005549389567147614	0.010266370699223086	0.0	0.017480577136514984	0.0	0.011098779134295227	0.01609322974472808	0.018312985571587125	0.0002774694783573807	0.008879023307436182	0.02746947835738069	0.004162042175360711	0.0005549389567147614	0.0024972253052164264	0.03440621531631521	0.0330188679245283	0.000832408435072142	0.0244173140954495
0.02358490566037736	0.023029966703662596	0.0	0.01220865704772475	0.035793562708102106	0.0402330743618202	0.001664816870144284	0.02413984461709212	0.0	0.010821309655937847	0.0	0.009711431742508323	0.05438401775804662	0.05549389567147614	0.0013873473917869034	0.030799112097669258	0.0244173140954495	0.017480577136514984	0.0011098779134295228	0.013318534961154272	0.021920088790233074	0.023029966703662596	0.0011098779134295228	0.011376248612652608	0.007491675915649278	0.006659267480577136	0.0	0.0047169811320754715	0.05216426193118757	0.055216426193118756	0.0013873473917869034	0.03246392896781354	0.022475027746947835	0.011376248612652608	0.001664816870144284	0.006659267480577136	0.02358490566037736	0.03135405105438402	0.001942286348501665	0.014983351831298557	0.020810210876803552	0.019422863485016647	0.000832408435072142	0.01220865704772475	0.012763596004439512	0.01220865704772475	0.0005549389567147614	0.011653718091009988	0.0	0.018035516093229745	0.0	0.010543840177580466	0.01609322974472808	0.018590455049944506	0.0	0.008879023307436182	0.02746947835738069	0.004162042175360711	0.0005549389567147614	0.0024972253052164264	0.0330188679245283	0.03190899001109878	0.0011098779134295228	0.025527192008879023
0.023029966703662596	0.022752497225305215	0.0005549389567147614	0.012486126526082131	0.035793562708102106	0.03995560488346282	0.001664816870144284	0.0244173140954495	0.0	0.011376248612652608	0.0	0.009156492785793563	0.05438401775804662	0.055216426193118756	0.0013873473917869034	0.03107658157602664	0.0244173140954495	0.017203107658157604	0.0011098779134295228	0.013596004439511655	0.022475027746947835	0.022752497225305215	0.000832408435072142	0.011376248612652608	0.00776914539400666	0.006381798002219756	0.0	0.0047169811320754715	0.05327413984461709	0.05438401775804662	0.0011098779134295228	0.03357380688124306	0.022197558268590455	0.011098779134295227	0.001942286348501665	0.0069367369589345175	0.023029966703662596	0.031631520532741396	0.001942286348501665	0.015260821309655937	0.021087680355160933	0.018312985571587125	0.000832408435072142	0.013041065482796892	0.012763596004439512	0.01220865704772475	0.0005549389567147614	0.011653718091009988	0.0	0.017758046614872364	0.0	0.010821309655937847	0.01609322974472808	0.018312985571587125	0.0	0.009156492785793563	0.02774694783573807	0.004162042175360711	0.0002774694783573807	0.0024972253052164264	0.03190899001109878	0.03190899001109878	0.0011098779134295228	0.025527192008879023
0.023307436182019976	0.022475027746947835	0.0002774694783573807	0.012763596004439512	0.03662597114317425	0.0402330743618202	0.0013873473917869034	0.02358490566037736	0.0	0.011098779134295227	0.0	0.009433962264150943	0.054106548279689234	0.055216426193118756	0.001664816870144284	0.03107658157602664	0.0244173140954495	0.017480577136514984	0.0011098779134295228	0.013318534961154272	0.022475027746947835	0.022475027746947835	0.0011098779134295228	0.011376248612652608	0.00776914539400666	0.006381798002219756	0.0	0.0047169811320754715	0.05382907880133185	0.05438401775804662	0.0011098779134295228	0.033851276359600446	0.023029966703662596	0.011098779134295227	0.0011098779134295228	0.0069367369589345175	0.023029966703662596	0.03135405105438402	0.001942286348501665	0.01553829078801332	0.021365149833518313	0.018312985571587125	0.000832408435072142	0.012763596004439512	0.012763596004439512	0.01220865704772475	0.0002774694783573807	0.01193118756936737	0.0	0.017203107658157604	0.0	0.011376248612652608	0.01609322974472808	0.018312985571587125	0.0	0.009156492785793563	0.02746947835738069	0.004162042175360711	0.0005549389567147614	0.0024972253052164264	0.03135405105438402	0.03246392896781354	0.000832408435072142	0.024972253052164262
0.023307436182019976	0.022475027746947835	0.0002774694783573807	0.012763596004439512	0.036348501664816874	0.0402330743618202	0.001664816870144284	0.02358490566037736	0.0	0.011098779134295227	0.0	0.009433962264150943	0.054106548279689234	0.054661487236403995	0.001664816870144284	0.031631520532741396	0.0244173140954495	0.018312985571587125	0.0011098779134295228	0.012486126526082131	0.022475027746947835	0.021642619311875694	0.0011098779134295228	0.01220865704772475	0.00776914539400666	0.0069367369589345175	0.0	0.004162042175360711	0.05327413984461709	0.0560488346281909	0.0013873473917869034	0.03218645948945616	0.023029966703662596	0.010543840177580466	0.0011098779134295228	0.007491675915649278	0.023307436182019976	0.03135405105438402	0.001942286348501665	0.015260821309655937	0.021365149833518313	0.018312985571587125	0.0005549389567147614	0.013041065482796892	0.012763596004439512	0.01220865704772475	0.0002774694783573807	0.01193118756936737	0.0	0.016925638179800223	0.0	0.011653718091009988	0.01609322974472808	0.018312985571587125	0.0	0.009156492785793563	0.02746947835738069	0.004162042175360711	0.0005549389567147614	0.0024972253052164264	0.031631520532741396	0.0330188679245283	0.000832408435072142	0.0244173140954495
0.023307436182019976	0.022197558268590455	0.0002774694783573807	0.013041065482796892	0.03662597114317425	0.0402330743618202	0.0013873473917869034	0.02358490566037736	0.0	0.011376248612652608	0.0	0.009156492785793563	0.05438401775804662	0.055216426193118756	0.0013873473917869034	0.03107658157602664	0.024694783573806882	0.019422863485016647	0.000832408435072142	0.011376248612652608	0.022475027746947835	0.022752497225305215	0.000832408435072142	0.011376248612652608	0.00804661487236404	0.0069367369589345175	0.0	0.00388457269700333	0.05244173140954495	0.05771365149833518	0.001664816870144284	0.030799112097669258	0.023029966703662596	0.011098779134295227	0.0011098779134295228	0.0069367369589345175	0.023307436182019976	0.030521642619311874	0.001664816870144284	0.016370699223085462	0.021365149833518313	0.018590455049944506	0.0005549389567147614	0.012763596004439512	0.013041065482796892	0.011376248612652608	0.0002774694783573807	0.012486126526082131	0.0	0.016648168701442843	0.0	0.01193118756936737	0.01609322974472808	0.018867924528301886	0.0	0.008601553829078802	0.02746947835738069	0.003607103218645949	0.0005549389567147614	0.0030521642619311877	0.03190899001109878	0.03218645948945616	0.000832408435072142	0.025249722530521643
0.023307436182019976	0.021642619311875694	0.0002774694783573807	0.013596004439511655	0.036903440621531634	0.04051054384017758	0.0005549389567147614	0.02386237513873474	0.0	0.01193118756936737	0.0	0.008601553829078802	0.05438401775804662	0.0560488346281909	0.0013873473917869034	0.030244173140954494	0.0244173140954495	0.019422863485016647	0.0011098779134295228	0.011376248612652608	0.022475027746947835	0.022475027746947835	0.000832408435072142	0.011653718091009988	0.00804661487236404	0.0069367369589345175	0.0	0.00388457269700333	0.05133185349611543	0.05771365149833518	0.0022197558268590455	0.03135405105438402	0.02358490566037736	0.011098779134295227	0.0005549389567147614	0.0069367369589345175	0.02413984461709212	0.030799112097669258	0.0011098779134295228	0.015815760266370698	0.021365149833518313	0.017758046614872364	0.0005549389567147614	0.013596004439511655	0.013041065482796892	0.01193118756936737	0.0002774694783573807	0.01193118756936737	0.0	0.01609322974472808	0.0	0.012486126526082131	0.015815760266370698	0.018590455049944506	0.0002774694783573807	0.008879023307436182	0.02719200887902331	0.00388457269700333	0.000832408435072142	0.002774694783573807	0.03190899001109878	0.03190899001109878	0.000832408435072142	0.025527192008879023
0.023307436182019976	0.022197558268590455	0.0002774694783573807	0.013041065482796892	0.03662597114317425	0.04078801331853496	0.0005549389567147614	0.02386237513873474	0.0	0.01220865704772475	0.0	0.008324084350721421	0.05382907880133185	0.0560488346281909	0.001942286348501665	0.030244173140954494	0.02413984461709212	0.019422863485016647	0.0013873473917869034	0.011376248612652608	0.022752497225305215	0.022752497225305215	0.000832408435072142	0.011098779134295227	0.00776914539400666	0.0069367369589345175	0.0	0.004162042175360711	0.05077691453940067	0.05715871254162042	0.0022197558268590455	0.03190899001109878	0.02358490566037736	0.011098779134295227	0.0005549389567147614	0.0069367369589345175	0.024694783573806882	0.030799112097669258	0.000832408435072142	0.01553829078801332	0.021365149833518313	0.018590455049944506	0.0005549389567147614	0.012763596004439512	0.012763596004439512	0.012486126526082131	0.0005549389567147614	0.011376248612652608	0.0	0.016648168701442843	0.0	0.01193118756936737	0.01609322974472808	0.018590455049944506	0.0	0.008879023307436182	0.02746947835738069	0.004162042175360711	0.0005549389567147614	0.0024972253052164264	0.032741398446170925	0.03246392896781354	0.0005549389567147614	0.024972253052164262
0.023307436182019976	0.022197558268590455	0.0002774694783573807	0.013041065482796892	0.036348501664816874	0.03967813540510544	0.0011098779134295228	0.024694783573806882	0.0	0.01220865704772475	0.0	0.008324084350721421	0.054106548279689234	0.055216426193118756	0.001664816870144284	0.03107658157602664	0.02413984461709212	0.019700332963374027	0.0013873473917869034	0.011098779134295227	0.022475027746947835	0.022752497225305215	0.0011098779134295228	0.011098779134295227	0.00804661487236404	0.006381798002219756	0.0	0.004439511653718091	0.049944506104328525	0.05715871254162042	0.0024972253052164264	0.031631520532741396	0.02386237513873474	0.011098779134295227	0.0002774694783573807	0.0069367369589345175	0.024972253052164262	0.03107658157602664	0.0005549389567147614	0.015260821309655937	0.021087680355160933	0.018312985571587125	0.0005549389567147614	0.013318534961154272	0.012763596004439512	0.013041065482796892	0.0005549389567147614	0.010821309655937847	0.0	0.017203107658157604	0.0	0.011376248612652608	0.01553829078801332	0.017203107658157604	0.0002774694783573807	0.010543840177580466	0.02746947835738069	0.004162042175360711	0.0005549389567147614	0.0024972253052164264	0.0330188679245283	0.03246392896781354	0.0011098779134295228	0.024972253052164262
0.023029966703662596	0.022197558268590455	0.0005549389567147614	0.013041065482796892	0.03662597114317425	0.03773584905660377	0.0011098779134295228	0.026359600443951164	0.0	0.01220865704772475	0.0	0.008324084350721421	0.054106548279689234	0.053551609322974474	0.001664816870144284	0.032741398446170925	0.02413984461709212	0.019700332963374027	0.0013873473917869034	0.011098779134295227	0.022475027746947835	0.022752497225305215	0.000832408435072142	0.011376248612652608	0.00804661487236404	0.006104328523862375	0.0	0.0047169811320754715	0.04911209766925638	0.0560488346281909	0.0022197558268590455	0.0330188679245283	0.02413984461709212	0.010821309655937847	0.0	0.007214206437291898	0.024694783573806882	0.030799112097669258	0.000832408435072142	0.01553829078801332	0.020810210876803552	0.018590455049944506	0.000832408435072142	0.013041065482796892	0.013318534961154272	0.013318534961154272	0.0002774694783573807	0.010266370699223086	0.0	0.016925638179800223	0.0	0.011653718091009988	0.014705882352941176	0.017758046614872364	0.0005549389567147614	0.010543840177580466	0.02774694783573807	0.004162042175360711	0.0002774694783573807	0.0024972253052164264	0.03357380688124306	0.032741398446170925	0.0013873473917869034	0.024694783573806882
0.022752497225305215	0.021642619311875694	0.000832408435072142	0.013596004439511655	0.03551609322974473	0.03967813540510544	0.001664816870144284	0.024972253052164262	0.0	0.01220865704772475	0.0	0.008324084350721421	0.054106548279689234	0.05244173140954495	0.001664816870144284	0.033851276359600446	0.02413984461709212	0.019700332963374027	0.0013873473917869034	0.011098779134295227	0.022197558268590455	0.022475027746947835	0.000832408435072142	0.01193118756936737	0.00804661487236404	0.006381798002219756	0.0	0.004439511653718091	0.049389567147613764	0.0560488346281909	0.0024972253052164264	0.03246392896781354	0.02386237513873474	0.010543840177580466	0.0002774694783573807	0.007491675915649278	0.024972253052164262	0.03107658157602664	0.000832408435072142	0.014983351831298557	0.021087680355160933	0.019145394006659266	0.0005549389567147614	0.012486126526082131	0.013318534961154272	0.013041065482796892	0.0002774694783573807	0.010543840177580466	0.0	0.016925638179800223	0.0	0.011653718091009988	0.014705882352941176	0.017758046614872364	0.0002774694783573807	0.010821309655937847	0.02719200887902331	0.004439511653718091	0.000832408435072142	0.0022197558268590455	0.033296337402885685	0.03218645948945616	0.001664816870144284	0.025249722530521643
0.022752497225305215	0.020810210876803552	0.000832408435072142	0.014428412874583796	0.036348501664816874	0.03995560488346282	0.001942286348501665	0.02358490566037736	0.0	0.01220865704772475	0.0	0.008324084350721421	0.054106548279689234	0.053551609322974474	0.001664816870144284	0.032741398446170925	0.02413984461709212	0.019700332963374027	0.0013873473917869034	0.011098779134295227	0.021920088790233074	0.023029966703662596	0.000832408435072142	0.011653718091009988	0.008324084350721421	0.006104328523862375	0.0	0.004439511653718091	0.04966703662597114	0.05660377358490566	0.001942286348501665	0.0330188679245283	0.02358490566037736	0.010821309655937847	0.0005549389567147614	0.007214206437291898	0.02413984461709212	0.031631520532741396	0.001664816870144284	0.014428412874583796	0.020810210876803552	0.01997780244173141	0.000832408435072142	0.011653718091009988	0.013318534961154272	0.013041065482796892	0.0002774694783573807	0.010543840177580466	0.0	0.016925638179800223	0.0	0.011653718091009988	0.014705882352941176	0.017480577136514984	0.0002774694783573807	0.011098779134295227	0.02719200887902331	0.0047169811320754715	0.000832408435072142	0.001942286348501665	0.03246392896781354	0.032741398446170925	0.001664816870144284	0.024694783573806882
0.022752497225305215	0.021920088790233074	0.000832408435072142	0.013318534961154272	0.036903440621531634	0.0402330743618202	0.0011098779134295228	0.02358490566037736	0.0	0.013318534961154272	0.0	0.007214206437291898	0.054106548279689234	0.053551609322974474	0.001664816870144284	0.032741398446170925	0.024694783573806882	0.018590455049944506	0.000832408435072142	0.01220865704772475	0.021365149833518313	0.023307436182019976	0.0011098779134295228	0.011653718091009988	0.00804661487236404	0.006381798002219756	0.0002774694783573807	0.004162042175360711	0.051054384017758046	0.05632630410654828	0.001942286348501665	0.03357380688124306	0.02386237513873474	0.010821309655937847	0.0002774694783573807	0.007214206437291898	0.02413984461709212	0.03107658157602664	0.001942286348501665	0.014705882352941176	0.020532741398446172	0.01997780244173141	0.000832408435072142	0.01193118756936737	0.013318534961154272	0.013041065482796892	0.0005549389567147614	0.010266370699223086	0.0	0.016925638179800223	0.0	0.011653718091009988	0.014705882352941176	0.017480577136514984	0.0002774694783573807	0.011098779134295227	0.026914539400665925	0.0047169811320754715	0.0011098779134295228	0.001942286348501665	0.03135405105438402	0.033851276359600446	0.0011098779134295228	0.02358490566037736
0.022752497225305215	0.021365149833518313	0.000832408435072142	0.013873473917869035	0.03718091009988901	0.041065482796892344	0.000832408435072142	0.022752497225305215	0.0	0.013596004439511655	0.0	0.0069367369589345175	0.05327413984461709	0.054106548279689234	0.0024972253052164264	0.03218645948945616	0.024972253052164262	0.017758046614872364	0.0005549389567147614	0.013041065482796892	0.021087680355160933	0.02386237513873474	0.0011098779134295228	0.011376248612652608	0.008324084350721421	0.006381798002219756	0.0002774694783573807	0.00388457269700333	0.05271920088790233	0.05577136514983352	0.001942286348501665	0.03440621531631521	0.02413984461709212	0.011098779134295227	0.0	0.0069367369589345175	0.023307436182019976	0.030521642619311874	0.0024972253052164264	0.01553829078801332	0.020810210876803552	0.02025527192008879	0.0005549389567147614	0.011653718091009988	0.013873473917869035	0.013041065482796892	0.0005549389567147614	0.009711431742508323	0.0	0.01609322974472808	0.0	0.012486126526082131	0.014705882352941176	0.017758046614872364	0.0002774694783573807	0.010821309655937847	0.026914539400665925	0.0047169811320754715	0.0011098779134295228	0.001942286348501665	0.029411764705882353	0.03412874583795782	0.0011098779134295228	0.023307436182019976
0.022752497225305215	0.021642619311875694	0.000832408435072142	0.013596004439511655	0.037458379578246395	0.041065482796892344	0.0005549389567147614	0.022752497225305215	0.0	0.014428412874583796	0.0	0.006104328523862375	0.053551609322974474	0.055216426193118756	0.0022197558268590455	0.03107658157602664	0.024972253052164262	0.017480577136514984	0.0005549389567147614	0.013318534961154272	0.021365149833518313	0.023307436182019976	0.0011098779134295228	0.011653718091009988	0.008324084350721421	0.006104328523862375	0.0002774694783573807	0.004162042175360711	0.054106548279689234	0.054661487236403995	0.001942286348501665	0.03551609322974473	0.02386237513873474	0.011653718091009988	0.0002774694783573807	0.006381798002219756	0.02386237513873474	0.030244173140954494	0.0022197558268590455	0.01553829078801332	0.021087680355160933	0.020532741398446172	0.0005549389567147614	0.011098779134295227	0.014150943396226415	0.013318534961154272	0.0002774694783573807	0.009433962264150943	0.0	0.016370699223085462	0.0	0.01220865704772475	0.014150943396226415	0.017758046614872364	0.0002774694783573807	0.011376248612652608	0.026359600443951164	0.0047169811320754715	0.001664816870144284	0.001942286348501665	0.02830188679245283	0.03496115427302997	0.000832408435072142	0.022475027746947835
0.023029966703662596	0.021365149833518313	0.0005549389567147614	0.013873473917869035	0.038013318534961156	0.04134295227524972	0.0002774694783573807	0.022197558268590455	0.0	0.014705882352941176	0.0	0.005826859045504994	0.05382907880133185	0.054661487236403995	0.001942286348501665	0.031631520532741396	0.024972253052164262	0.017480577136514984	0.0005549389567147614	0.013318534961154272	0.021642619311875694	0.023307436182019976	0.000832408435072142	0.011653718091009988	0.008324084350721421	0.006381798002219756	0.0002774694783573807	0.00388457269700333	0.05188679245283019	0.054661487236403995	0.0024972253052164264	0.03551609322974473	0.02386237513873474	0.011653718091009988	0.0002774694783573807	0.006381798002219756	0.024972253052164262	0.030244173140954494	0.0013873473917869034	0.015260821309655937	0.020810210876803552	0.020532741398446172	0.0005549389567147614	0.011376248612652608	0.013873473917869035	0.013596004439511655	0.0002774694783573807	0.009433962264150943	0.0	0.01609322974472808	0.0	0.012486126526082131	0.014150943396226415	0.016925638179800223	0.0005549389567147614	0.01193118756936737	0.026359600443951164	0.004439511653718091	0.001664816870144284	0.0022197558268590455	0.029966703662597113	0.03440621531631521	0.000832408435072142	0.023029966703662596
0.022752497225305215	0.021920088790233074	0.000832408435072142	0.013318534961154272	0.037458379578246395	0.04051054384017758	0.000832408435072142	0.023029966703662596	0.0	0.014428412874583796	0.0	0.006104328523862375	0.05382907880133185	0.054106548279689234	0.001942286348501665	0.03218645948945616	0.024972253052164262	0.017758046614872364	0.0005549389567147614	0.013041065482796892	0.021642619311875694	0.02386237513873474	0.0005549389567147614	0.011376248612652608	0.008324084350721421	0.006381798002219756	0.0002774694783573807	0.00388457269700333	0.053551609322974474	0.054661487236403995	0.0024972253052164264	0.035238623751387345	0.02386237513873474	0.01193118756936737	0.0002774694783573807	0.006104328523862375	0.024972253052164262	0.03107658157602664	0.0005549389567147614	0.015260821309655937	0.020532741398446172	0.01997780244173141	0.000832408435072142	0.01193118756936737	0.014150943396226415	0.013596004439511655	0.0	0.009433962264150943	0.0	0.016648168701442843	0.0	0.01193118756936737	0.013596004439511655	0.016925638179800223	0.0005549389567147614	0.012486126526082131	0.026359600443951164	0.004162042175360711	0.001664816870144284	0.0024972253052164264	0.02830188679245283	0.035793562708102106	0.0011098779134295228	0.021642619311875694
0.022475027746947835	0.021920088790233074	0.0011098779134295228	0.013318534961154272	0.037458379578246395	0.0402330743618202	0.000832408435072142	0.023307436182019976	0.0	0.013873473917869035	0.0	0.006659267480577136	0.05327413984461709	0.053551609322974474	0.0024972253052164264	0.032741398446170925	0.024972253052164262	0.018035516093229745	0.0005549389567147614	0.012763596004439512	0.021642619311875694	0.02413984461709212	0.0005549389567147614	0.011098779134295227	0.008324084350721421	0.006659267480577136	0.0002774694783573807	0.003607103218645949	0.05382907880133185	0.054661487236403995	0.0022197558268590455	0.035238623751387345	0.02386237513873474	0.011653718091009988	0.0002774694783573807	0.006381798002219756	0.025249722530521643	0.030521642619311874	0.0005549389567147614	0.01553829078801332	0.020532741398446172	0.020532741398446172	0.000832408435072142	0.011376248612652608	0.014428412874583796	0.013596004439511655	0.0	0.009156492785793563	0.0	0.016370699223085462	0.0	0.01220865704772475	0.013318534961154272	0.016648168701442843	0.0013873473917869034	0.01220865704772475	0.026082130965593784	0.004162042175360711	0.001942286348501665	0.0024972253052164264	0.02830188679245283	0.035793562708102106	0.0011098779134295228	0.021642619311875694
0.022475027746947835	0.022197558268590455	0.0011098779134295228	0.013041065482796892	0.03773584905660377	0.0402330743618202	0.0005549389567147614	0.023307436182019976	0.0	0.014150943396226415	0.0	0.006381798002219756	0.053551609322974474	0.053551609322974474	0.0022197558268590455	0.032741398446170925	0.024972253052164262	0.018035516093229745	0.0005549389567147614	0.012763596004439512	0.022197558268590455	0.02413984461709212	0.0005549389567147614	0.010543840177580466	0.00776914539400666	0.006659267480577136	0.0005549389567147614	0.00388457269700333	0.05160932297447281	0.055216426193118756	0.0022197558268590455	0.03607103218645949	0.02386237513873474	0.011376248612652608	0.0002774694783573807	0.006659267480577136	0.024694783573806882	0.030521642619311874	0.0005549389567147614	0.01609322974472808	0.020810210876803552	0.020810210876803552	0.000832408435072142	0.010821309655937847	0.014705882352941176	0.013873473917869035	0.0	0.008601553829078802	0.0	0.017203107658157604	0.0	0.011376248612652608	0.013596004439511655	0.016648168701442843	0.0011098779134295228	0.01220865704772475	0.025804661487236404	0.004162042175360711	0.0022197558268590455	0.0024972253052164264	0.02885682574916759	0.03496115427302997	0.0013873473917869034	0.022475027746947835
0.022475027746947835	0.022752497225305215	0.0011098779134295228	0.012486126526082131	0.036903440621531634	0.0402330743618202	0.000832408435072142	0.02386237513873474	0.0	0.014150943396226415	0.0	0.006381798002219756	0.05382907880133185	0.05438401775804662	0.001942286348501665	0.03190899001109878	0.024972253052164262	0.018035516093229745	0.0005549389567147614	0.012763596004439512	0.021920088790233074	0.0244173140954495	0.0005549389567147614	0.010543840177580466	0.00776914539400666	0.006659267480577136	0.0005549389567147614	0.00388457269700333	0.05077691453940067	0.0560488346281909	0.001664816870144284	0.036348501664816874	0.02386237513873474	0.011376248612652608	0.0002774694783573807	0.006659267480577136	0.02413984461709212	0.029966703662597113	0.0011098779134295228	0.016648168701442843	0.021365149833518313	0.021087680355160933	0.0005549389567147614	0.010266370699223086	0.014705882352941176	0.013596004439511655	0.0	0.008879023307436182	0.0	0.016925638179800223	0.0	0.011653718091009988	0.013318534961154272	0.016648168701442843	0.0011098779134295228	0.012486126526082131	0.025527192008879023	0.004162042175360711	0.0024972253052164264	0.0024972253052164264	0.029134295227524972	0.03607103218645949	0.0013873473917869034	0.021365149833518313
0.022475027746947835	0.022475027746947835	0.0011098779134295228	0.012763596004439512	0.03662597114317425	0.041065482796892344	0.0011098779134295228	0.023029966703662596	0.0	0.013873473917869035	0.0	0.006659267480577136	0.054106548279689234	0.054661487236403995	0.001664816870144284	0.031631520532741396	0.024694783573806882	0.017758046614872364	0.000832408435072142	0.013041065482796892	0.022197558268590455	0.02386237513873474	0.0005549389567147614	0.010821309655937847	0.00804661487236404	0.0069367369589345175	0.0002774694783573807	0.003607103218645949	0.05244173140954495	0.05715871254162042	0.000832408435072142	0.035238623751387345	0.02386237513873474	0.011098779134295227	0.0002774694783573807	0.0069367369589345175	0.02413984461709212	0.029411764705882353	0.0013873473917869034	0.016925638179800223	0.020810210876803552	0.022197558268590455	0.000832408435072142	0.009433962264150943	0.014150943396226415	0.012763596004439512	0.0002774694783573807	0.009988901220865706	0.0	0.016925638179800223	0.0	0.011653718091009988	0.014150943396226415	0.016370699223085462	0.0005549389567147614	0.012486126526082131	0.025804661487236404	0.004162042175360711	0.0022197558268590455	0.0024972253052164264	0.02857935627081021	0.03607103218645949	0.0011098779134295228	0.021365149833518313
0.022475027746947835	0.022752497225305215	0.0011098779134295228	0.012486126526082131	0.03718091009988901	0.04189789123196448	0.000832408435072142	0.021920088790233074	0.0	0.014428412874583796	0.0	0.006104328523862375	0.05438401775804662	0.05382907880133185	0.0013873473917869034	0.03246392896781354	0.024972253052164262	0.017758046614872364	0.0005549389567147614	0.013041065482796892	0.023029966703662596	0.023029966703662596	0.0005549389567147614	0.010821309655937847	0.00804661487236404	0.0069367369589345175	0.0002774694783573807	0.003607103218645949	0.05188679245283019	0.05660377358490566	0.000832408435072142	0.035238623751387345	0.02386237513873474	0.010821309655937847	0.0002774694783573807	0.007214206437291898	0.02386237513873474	0.030799112097669258	0.0013873473917869034	0.015815760266370698	0.02025527192008879	0.021365149833518313	0.0011098779134295228	0.010543840177580466	0.014428412874583796	0.012486126526082131	0.0002774694783573807	0.009988901220865706	0.0	0.016648168701442843	0.0	0.01193118756936737	0.014428412874583796	0.016648168701442843	0.0005549389567147614	0.01193118756936737	0.025804661487236404	0.004162042175360711	0.0022197558268590455	0.0024972253052164264	0.029689234184239733	0.03607103218645949	0.0011098779134295228	0.021365149833518313
0.021920088790233074	0.022752497225305215	0.001664816870144284	0.012486126526082131	0.036903440621531634	0.041620421753607105	0.0005549389567147614	0.022752497225305215	0.0	0.014150943396226415	0.0	0.006381798002219756	0.054661487236403995	0.05327413984461709	0.0011098779134295228	0.0330188679245283	0.0244173140954495	0.017203107658157604	0.0011098779134295228	0.013596004439511655	0.022197558268590455	0.023307436182019976	0.0005549389567147614	0.011376248612652608	0.00776914539400666	0.0069367369589345175	0.0005549389567147614	0.003607103218645949	0.05133185349611543	0.05632630410654828	0.0013873473917869034	0.035238623751387345	0.02386237513873474	0.010821309655937847	0.0002774694783573807	0.007214206437291898	0.02386237513873474	0.031631520532741396	0.001664816870144284	0.014705882352941176	0.020532741398446172	0.01997780244173141	0.0011098779134295228	0.011653718091009988	0.014428412874583796	0.01193118756936737	0.0002774694783573807	0.010543840177580466	0.0	0.01609322974472808	0.0	0.012486126526082131	0.014705882352941176	0.01609322974472808	0.0005549389567147614	0.01220865704772475	0.026637069922308545	0.00388457269700333	0.0013873473917869034	0.002774694783573807	0.029966703662597113	0.035793562708102106	0.0011098779134295228	0.021642619311875694
0.021920088790233074	0.02358490566037736	0.001664816870144284	0.011653718091009988	0.036903440621531634	0.04134295227524972	0.0005549389567147614	0.023029966703662596	0.0	0.013596004439511655	0.0	0.0069367369589345175	0.054661487236403995	0.054106548279689234	0.0011098779134295228	0.03218645948945616	0.024972253052164262	0.017480577136514984	0.0005549389567147614	0.013318534961154272	0.021920088790233074	0.023307436182019976	0.0005549389567147614	0.011653718091009988	0.00804661487236404	0.0069367369589345175	0.0002774694783573807	0.003607103218645949	0.05160932297447281	0.05632630410654828	0.0013873473917869034	0.034683684794672584	0.02358490566037736	0.011098779134295227	0.0005549389567147614	0.0069367369589345175	0.02413984461709212	0.031631520532741396	0.0013873473917869034	0.014705882352941176	0.020810210876803552	0.019700332963374027	0.0011098779134295228	0.011653718091009988	0.014150943396226415	0.01220865704772475	0.0002774694783573807	0.010543840177580466	0.0	0.016648168701442843	0.0	0.01193118756936737	0.014428412874583796	0.015260821309655937	0.0005549389567147614	0.013318534961154272	0.026359600443951164	0.004162042175360711	0.001664816870144284	0.0024972253052164264	0.030244173140954494	0.03607103218645949	0.0011098779134295228	0.021365149833518313
0.021920088790233074	0.023307436182019976	0.001664816870144284	0.01193118756936737	0.036903440621531634	0.042175360710321866	0.0005549389567147614	0.022197558268590455	0.0	0.013596004439511655	0.0	0.0069367369589345175	0.05438401775804662	0.053551609322974474	0.0013873473917869034	0.032741398446170925	0.024972253052164262	0.017480577136514984	0.0005549389567147614	0.013318534961154272	0.021920088790233074	0.023029966703662596	0.0005549389567147614	0.01193118756936737	0.00804661487236404	0.006659267480577136	0.0002774694783573807	0.00388457269700333	0.05244173140954495	0.05715871254162042	0.001942286348501665	0.03440621531631521	0.02386237513873474	0.011098779134295227	0.0002774694783573807	0.0069367369589345175	0.02386237513873474	0.03107658157602664	0.000832408435072142	0.01609322974472808	0.020810210876803552	0.02025527192008879	0.0011098779134295228	0.011098779134295227	0.014150943396226415	0.012486126526082131	0.0002774694783573807	0.010266370699223086	0.0	0.017480577136514984	0.0	0.011098779134295227	0.014428412874583796	0.014983351831298557	0.0005549389567147614	0.013596004439511655	0.026914539400665925	0.00388457269700333	0.0011098779134295228	0.002774694783573807	0.02830188679245283	0.036348501664816874	0.0011098779134295228	0.021087680355160933
0.022197558268590455	0.02386237513873474	0.0013873473917869034	0.011376248612652608	0.03662597114317425	0.04273029966703663	0.0005549389567147614	0.021920088790233074	0.0	0.013596004439511655	0.0	0.0069367369589345175	0.05438401775804662	0.054661487236403995	0.0013873473917869034	0.031631520532741396	0.025249722530521643	0.017480577136514984	0.0002774694783573807	0.013318534961154272	0.022197558268590455	0.021920088790233074	0.0002774694783573807	0.013041065482796892	0.00776914539400666	0.006381798002219756	0.0002774694783573807	0.004439511653718091	0.05160932297447281	0.05799112097669257	0.001942286348501665	0.03357380688124306	0.02358490566037736	0.010266370699223086	0.0005549389567147614	0.00776914539400666	0.02413984461709212	0.030799112097669258	0.000832408435072142	0.01609322974472808	0.020810210876803552	0.01997780244173141	0.0005549389567147614	0.01193118756936737	0.014150943396226415	0.01220865704772475	0.0002774694783573807	0.010543840177580466	0.0	0.018035516093229745	0.0	0.010543840177580466	0.014428412874583796	0.015260821309655937	0.0005549389567147614	0.013318534961154272	0.026637069922308545	0.00388457269700333	0.0013873473917869034	0.002774694783573807	0.029411764705882353	0.036903440621531634	0.000832408435072142	0.020532741398446172
0.022475027746947835	0.023029966703662596	0.0011098779134295228	0.01220865704772475	0.035793562708102106	0.04273029966703663	0.0011098779134295228	0.022197558268590455	0.0	0.013318534961154272	0.0	0.007214206437291898	0.054661487236403995	0.05549389567147614	0.0011098779134295228	0.030799112097669258	0.024972253052164262	0.018035516093229745	0.0005549389567147614	0.012763596004439512	0.021920088790233074	0.020810210876803552	0.0002774694783573807	0.014428412874583796	0.00776914539400666	0.0069367369589345175	0.0002774694783573807	0.00388457269700333	0.05160932297447281	0.058823529411764705	0.001664816870144284	0.033296337402885685	0.02358490566037736	0.010266370699223086	0.0005549389567147614	0.00776914539400666	0.02386237513873474	0.031631520532741396	0.0011098779134295228	0.015260821309655937	0.020810210876803552	0.019145394006659266	0.0005549389567147614	0.012763596004439512	0.014150943396226415	0.01220865704772475	0.0002774694783573807	0.010543840177580466	0.0	0.018035516093229745	0.0	0.010543840177580466	0.014428412874583796	0.016370699223085462	0.0002774694783573807	0.012486126526082131	0.026359600443951164	0.003607103218645949	0.001664816870144284	0.0030521642619311877	0.02885682574916759	0.036348501664816874	0.0011098779134295228	0.021087680355160933
0.022475027746947835	0.02358490566037736	0.0011098779134295228	0.011653718091009988	0.035793562708102106	0.04328523862375139	0.0011098779134295228	0.021642619311875694	0.0	0.013596004439511655	0.0	0.0069367369589345175	0.054661487236403995	0.055216426193118756	0.0011098779134295228	0.03107658157602664	0.024694783573806882	0.017203107658157604	0.000832408435072142	0.013596004439511655	0.021642619311875694	0.021642619311875694	0.0005549389567147614	0.013596004439511655	0.007491675915649278	0.007214206437291898	0.0002774694783573807	0.00388457269700333	0.051054384017758046	0.05771365149833518	0.001942286348501665	0.033851276359600446	0.023307436182019976	0.009988901220865706	0.000832408435072142	0.00804661487236404	0.02413984461709212	0.03107658157602664	0.0011098779134295228	0.01553829078801332	0.021087680355160933	0.018867924528301886	0.0002774694783573807	0.013041065482796892	0.014150943396226415	0.012486126526082131	0.0002774694783573807	0.010266370699223086	0.0	0.017480577136514984	0.0	0.011098779134295227	0.014150943396226415	0.01609322974472808	0.0005549389567147614	0.012763596004439512	0.026359600443951164	0.00388457269700333	0.001664816870144284	0.002774694783573807	0.029966703662597113	0.03607103218645949	0.000832408435072142	0.021365149833518313
0.022475027746947835	0.022475027746947835	0.0011098779134295228	0.012763596004439512	0.03662597114317425	0.043007769145394004	0.0011098779134295228	0.021087680355160933	0.0	0.013596004439511655	0.0	0.0069367369589345175	0.05438401775804662	0.05438401775804662	0.0013873473917869034	0.03190899001109878	0.025249722530521643	0.018312985571587125	0.0002774694783573807	0.012486126526082131	0.021920088790233074	0.022197558268590455	0.0002774694783573807	0.013041065482796892	0.007214206437291898	0.00776914539400666	0.0002774694783573807	0.003607103218645949	0.050499445061043285	0.05854605993340733	0.001664816870144284	0.0330188679245283	0.023307436182019976	0.009988901220865706	0.000832408435072142	0.00804661487236404	0.02413984461709212	0.030244173140954494	0.000832408435072142	0.016648168701442843	0.021087680355160933	0.018867924528301886	0.0002774694783573807	0.013041065482796892	0.013596004439511655	0.013041065482796892	0.0002774694783573807	0.010266370699223086	0.0	0.01609322974472808	0.0	0.012486126526082131	0.013873473917869035	0.015815760266370698	0.0005549389567147614	0.013318534961154272	0.026082130965593784	0.00388457269700333	0.001942286348501665	0.002774694783573807	0.030521642619311874	0.03662597114317425	0.0011098779134295228	0.020810210876803552
0.022752497225305215	0.023029966703662596	0.000832408435072142	0.01220865704772475	0.037458379578246395	0.04134295227524972	0.0005549389567147614	0.022475027746947835	0.0	0.013873473917869035	0.0	0.006659267480577136	0.054661487236403995	0.053551609322974474	0.0011098779134295228	0.032741398446170925	0.025249722530521643	0.019422863485016647	0.0002774694783573807	0.011376248612652608	0.021365149833518313	0.022475027746947835	0.0005549389567147614	0.013041065482796892	0.0069367369589345175	0.0069367369589345175	0.0005549389567147614	0.004439511653718091	0.051054384017758046	0.058268590455049944	0.001664816870144284	0.032741398446170925	0.023307436182019976	0.010266370699223086	0.000832408435072142	0.00776914539400666	0.024972253052164262	0.029134295227524972	0.0002774694783573807	0.017480577136514984	0.021087680355160933	0.018590455049944506	0.0002774694783573807	0.013318534961154272	0.013596004439511655	0.013041065482796892	0.0002774694783573807	0.010266370699223086	0.0	0.01609322974472808	0.0	0.012486126526082131	0.013873473917869035	0.016370699223085462	0.0005549389567147614	0.012763596004439512	0.026359600443951164	0.003607103218645949	0.001664816870144284	0.0030521642619311877	0.030521642619311874	0.036348501664816874	0.0011098779134295228	0.021087680355160933
0.022752497225305215	0.022752497225305215	0.000832408435072142	0.012486126526082131	0.03829078801331853	0.0402330743618202	0.0011098779134295228	0.022197558268590455	0.0	0.013596004439511655	0.0	0.0069367369589345175	0.05438401775804662	0.05188679245283019	0.0013873473917869034	0.03440621531631521	0.025249722530521643	0.019422863485016647	0.0002774694783573807	0.011376248612652608	0.021642619311875694	0.022197558268590455	0.0005549389567147614	0.013041065482796892	0.007214206437291898	0.0069367369589345175	0.0002774694783573807	0.004439511653718091	0.0502219755826859	0.058823529411764705	0.0022197558268590455	0.031631520532741396	0.02358490566037736	0.010266370699223086	0.0005549389567147614	0.00776914539400666	0.024694783573806882	0.02802441731409545	0.0002774694783573807	0.018867924528301886	0.021365149833518313	0.019145394006659266	0.0	0.012763596004439512	0.013318534961154272	0.014150943396226415	0.0002774694783573807	0.009433962264150943	0.0	0.016370699223085462	0.0	0.01220865704772475	0.013873473917869035	0.016370699223085462	0.0005549389567147614	0.012763596004439512	0.026359600443951164	0.004162042175360711	0.001664816870144284	0.0024972253052164264	0.03135405105438402	0.03607103218645949	0.0011098779134295228	0.021365149833518313
0.022752497225305215	0.022475027746947835	0.000832408435072142	0.012763596004439512	0.03829078801331853	0.0402330743618202	0.0005549389567147614	0.022752497225305215	0.0	0.013318534961154272	0.0	0.007214206437291898	0.05438401775804662	0.053551609322974474	0.0013873473917869034	0.032741398446170925	0.024972253052164262	0.018590455049944506	0.0005549389567147614	0.01220865704772475	0.021365149833518313	0.022752497225305215	0.0005549389567147614	0.012763596004439512	0.007214206437291898	0.0069367369589345175	0.0002774694783573807	0.004439511653718091	0.05160932297447281	0.058268590455049944	0.001942286348501665	0.03246392896781354	0.02358490566037736	0.010821309655937847	0.0005549389567147614	0.007214206437291898	0.025249722530521643	0.02719200887902331	0.0005549389567147614	0.018867924528301886	0.021087680355160933	0.019145394006659266	0.0002774694783573807	0.012763596004439512	0.013318534961154272	0.014428412874583796	0.0002774694783573807	0.009156492785793563	0.0	0.01609322974472808	0.0	0.012486126526082131	0.013596004439511655	0.016648168701442843	0.0005549389567147614	0.012763596004439512	0.026637069922308545	0.004162042175360711	0.0013873473917869034	0.0024972253052164264	0.030244173140954494	0.03607103218645949	0.000832408435072142	0.021365149833518313
0.022752497225305215	0.022197558268590455	0.000832408435072142	0.013041065482796892	0.03829078801331853	0.03967813540510544	0.0011098779134295228	0.022752497225305215	0.0	0.013596004439511655	0.0	0.0069367369589345175	0.054661487236403995	0.05493895671476138	0.0011098779134295228	0.03135405105438402	0.024972253052164262	0.018312985571587125	0.0005549389567147614	0.012486126526082131	0.021087680355160933	0.022752497225305215	0.0011098779134295228	0.012486126526082131	0.007214206437291898	0.007214206437291898	0.0002774694783573807	0.004162042175360711	0.05244173140954495	0.05688124306326304	0.0013873473917869034	0.033851276359600446	0.02386237513873474	0.011376248612652608	0.0002774694783573807	0.006659267480577136	0.025527192008879023	0.026914539400665925	0.0005549389567147614	0.018867924528301886	0.020810210876803552	0.019145394006659266	0.0002774694783573807	0.013041065482796892	0.013318534961154272	0.014428412874583796	0.0002774694783573807	0.009156492785793563	0.0	0.016648168701442843	0.0	0.01193118756936737	0.013596004439511655	0.016925638179800223	0.0005549389567147614	0.012486126526082131	0.026082130965593784	0.00388457269700333	0.001942286348501665	0.002774694783573807	0.029689234184239733	0.035793562708102106	0.0011098779134295228	0.021642619311875694
0.022475027746947835	0.022475027746947835	0.0011098779134295228	0.012763596004439512	0.03773584905660377	0.03967813540510544	0.0011098779134295228	0.023307436182019976	0.0	0.012763596004439512	0.0	0.00776914539400666	0.054661487236403995	0.05632630410654828	0.0011098779134295228	0.029966703662597113	0.024972253052164262	0.018867924528301886	0.0005549389567147614	0.01193118756936737	0.022197558268590455	0.023029966703662596	0.0002774694783573807	0.01193118756936737	0.007214206437291898	0.007491675915649278	0.0002774694783573807	0.00388457269700333	0.05382907880133185	0.05632630410654828	0.0011098779134295228	0.03357380688124306	0.02358490566037736	0.011376248612652608	0.0005549389567147614	0.006659267480577136	0.025249722530521643	0.026914539400665925	0.000832408435072142	0.018867924528301886	0.020532741398446172	0.018590455049944506	0.0002774694783573807	0.013873473917869035	0.012763596004439512	0.014705882352941176	0.0002774694783573807	0.009433962264150943	0.0	0.01609322974472808	0.0	0.012486126526082131	0.013873473917869035	0.016925638179800223	0.0005549389567147614	0.01220865704772475	0.026637069922308545	0.00388457269700333	0.0013873473917869034	0.002774694783573807	0.029411764705882353	0.035238623751387345	0.0011098779134295228	0.022197558268590455
0.022752497225305215	0.023029966703662596	0.000832408435072142	0.01220865704772475	0.03829078801331853	0.03967813540510544	0.000832408435072142	0.023029966703662596	0.0	0.013041065482796892	0.0	0.007491675915649278	0.05493895671476138	0.05549389567147614	0.000832408435072142	0.030799112097669258	0.024972253052164262	0.018590455049944506	0.0005549389567147614	0.01220865704772475	0.022475027746947835	0.023029966703662596	0.0	0.01193118756936737	0.007491675915649278	0.007214206437291898	0.0002774694783573807	0.00388457269700333	0.053551609322974474	0.0560488346281909	0.000832408435072142	0.03440621531631521	0.02386237513873474	0.011098779134295227	0.0002774694783573807	0.0069367369589345175	0.024972253052164262	0.026637069922308545	0.0005549389567147614	0.019700332963374027	0.020532741398446172	0.019145394006659266	0.0002774694783573807	0.013318534961154272	0.013041065482796892	0.013596004439511655	0.0002774694783573807	0.010266370699223086	0.0	0.016925638179800223	0.0	0.011653718091009988	0.013318534961154272	0.01609322974472808	0.0011098779134295228	0.013041065482796892	0.026914539400665925	0.00388457269700333	0.0011098779134295228	0.002774694783573807	0.029411764705882353	0.03551609322974473	0.0011098779134295228	0.021920088790233074
0.023029966703662596	0.023029966703662596	0.0005549389567147614	0.01220865704772475	0.03856825749167592	0.039400665926748055	0.0011098779134295228	0.022752497225305215	0.0	0.012763596004439512	0.0	0.00776914539400666	0.05493895671476138	0.05632630410654828	0.000832408435072142	0.029966703662597113	0.024972253052164262	0.017758046614872364	0.0005549389567147614	0.013041065482796892	0.022752497225305215	0.022475027746947835	0.0	0.01220865704772475	0.007214206437291898	0.007491675915649278	0.0002774694783573807	0.00388457269700333	0.05160932297447281	0.055216426193118756	0.000832408435072142	0.03551609322974473	0.02358490566037736	0.011376248612652608	0.0005549389567147614	0.006659267480577136	0.024972253052164262	0.026359600443951164	0.0005549389567147614	0.01997780244173141	0.02025527192008879	0.018867924528301886	0.0002774694783573807	0.013873473917869035	0.013041065482796892	0.013873473917869035	0.0002774694783573807	0.009988901220865706	0.0	0.017203107658157604	0.0	0.011376248612652608	0.013318534961154272	0.01609322974472808	0.0011098779134295228	0.013041065482796892	0.026914539400665925	0.004162042175360711	0.0011098779134295228	0.0024972253052164264	0.03135405105438402	0.03607103218645949	0.000832408435072142	0.021365149833518313
0.023029966703662596	0.022475027746947835	0.0005549389567147614	0.012763596004439512	0.038845726970033294	0.039400665926748055	0.0005549389567147614	0.023029966703662596	0.0	0.012763596004439512	0.0	0.00776914539400666	0.05493895671476138	0.05632630410654828	0.000832408435072142	0.029966703662597113	0.024972253052164262	0.017758046614872364	0.0005549389567147614	0.013041065482796892	0.022475027746947835	0.021920088790233074	0.0	0.013041065482796892	0.0069367369589345175	0.00776914539400666	0.0005549389567147614	0.003607103218645949	0.05327413984461709	0.05438401775804662	0.000832408435072142	0.035793562708102106	0.023029966703662596	0.011376248612652608	0.0011098779134295228	0.006659267480577136	0.024972253052164262	0.02719200887902331	0.0005549389567147614	0.019145394006659266	0.01997780244173141	0.018867924528301886	0.0005549389567147614	0.013873473917869035	0.013041065482796892	0.014150943396226415	0.0	0.009988901220865706	0.0	0.016648168701442843	0.0	0.01193118756936737	0.013596004439511655	0.01553829078801332	0.000832408435072142	0.013596004439511655	0.02746947835738069	0.004162042175360711	0.0005549389567147614	0.0024972253052164264	0.029966703662597113	0.03607103218645949	0.0011098779134295228	0.021365149833518313
0.023029966703662596	0.023029966703662596	0.0005549389567147614	0.01220865704772475	0.03829078801331853	0.03967813540510544	0.000832408435072142	0.023029966703662596	0.0	0.012486126526082131	0.0	0.00804661487236404	0.05493895671476138	0.05632630410654828	0.000832408435072142	0.029966703662597113	0.024972253052164262	0.018312985571587125	0.0005549389567147614	0.012486126526082131	0.022752497225305215	0.021920088790233074	0.0002774694783573807	0.012486126526082131	0.0069367369589345175	0.00776914539400666	0.0005549389567147614	0.003607103218645949	0.054106548279689234	0.054106548279689234	0.0005549389567147614	0.03607103218645949	0.022752497225305215	0.010821309655937847	0.0013873473917869034	0.007214206437291898	0.024972253052164262	0.026914539400665925	0.000832408435072142	0.019145394006659266	0.019700332963374027	0.019422863485016647	0.0005549389567147614	0.013596004439511655	0.013318534961154272	0.015260821309655937	0.0	0.008601553829078802	0.0	0.016925638179800223	0.0	0.011653718091009988	0.013873473917869035	0.014705882352941176	0.000832408435072142	0.014150943396226415	0.02746947835738069	0.004162042175360711	0.0005549389567147614	0.0024972253052164264	0.02885682574916759	0.03607103218645949	0.001664816870144284	0.021365149833518313
0.023307436182019976	0.022752497225305215	0.0002774694783573807	0.012486126526082131	0.038013318534961156	0.04078801331853496	0.000832408435072142	0.022197558268590455	0.0	0.011653718091009988	0.0	0.008879023307436182	0.054661487236403995	0.055216426193118756	0.0011098779134295228	0.03107658157602664	0.024694783573806882	0.018867924528301886	0.000832408435072142	0.01193118756936737	0.023307436182019976	0.020810210876803552	0.0002774694783573807	0.013041065482796892	0.007214206437291898	0.007491675915649278	0.0002774694783573807	0.00388457269700333	0.05188679245283019	0.055216426193118756	0.0011098779134295228	0.034683684794672584	0.022752497225305215	0.010821309655937847	0.0013873473917869034	0.007214206437291898	0.025249722530521643	0.02719200887902331	0.000832408435072142	0.018590455049944506	0.019700332963374027	0.019700332963374027	0.0005549389567147614	0.013318534961154272	0.013041065482796892	0.014705882352941176	0.0	0.009433962264150943	0.0	0.017203107658157604	0.0	0.011376248612652608	0.014428412874583796	0.015815760266370698	0.0002774694783573807	0.013041065482796892	0.02746947835738069	0.004162042175360711	0.0005549389567147614	0.0024972253052164264	0.030799112097669258	0.036348501664816874	0.001664816870144284	0.021087680355160933
0.023307436182019976	0.022475027746947835	0.0002774694783573807	0.012763596004439512	0.03856825749167592	0.03856825749167592	0.0011098779134295228	0.02358490566037736	0.0	0.011653718091009988	0.0	0.008879023307436182	0.054661487236403995	0.05493895671476138	0.0011098779134295228	0.03135405105438402	0.024694783573806882	0.018867924528301886	0.000832408435072142	0.01193118756936737	0.02358490566037736	0.020810210876803552	0.0002774694783573807	0.012763596004439512	0.007214206437291898	0.007214206437291898	0.0005549389567147614	0.00388457269700333	0.05216426193118757	0.054106548279689234	0.000832408435072142	0.035238623751387345	0.022475027746947835	0.011376248612652608	0.001664816870144284	0.006659267480577136	0.025527192008879023	0.02774694783573807	0.0011098779134295228	0.017480577136514984	0.019700332963374027	0.019700332963374027	0.0005549389567147614	0.013318534961154272	0.013318534961154272	0.014983351831298557	0.0002774694783573807	0.008601553829078802	0.0	0.017480577136514984	0.0	0.011098779134295227	0.014150943396226415	0.01553829078801332	0.000832408435072142	0.013041065482796892	0.02719200887902331	0.004162042175360711	0.000832408435072142	0.0024972253052164264	0.03135405105438402	0.03551609322974473	0.001664816870144284	0.021920088790233074
0.023029966703662596	0.022475027746947835	0.0005549389567147614	0.012763596004439512	0.039400665926748055	0.03829078801331853	0.000832408435072142	0.023307436182019976	0.0	0.011098779134295227	0.0	0.009433962264150943	0.05493895671476138	0.05438401775804662	0.000832408435072142	0.03190899001109878	0.024972253052164262	0.018590455049944506	0.0005549389567147614	0.01220865704772475	0.02358490566037736	0.021087680355160933	0.0005549389567147614	0.01220865704772475	0.007214206437291898	0.007491675915649278	0.0005549389567147614	0.003607103218645949	0.051054384017758046	0.05438401775804662	0.000832408435072142	0.03496115427302997	0.022475027746947835	0.011653718091009988	0.001664816870144284	0.006381798002219756	0.025527192008879023	0.02746947835738069	0.0011098779134295228	0.017758046614872364	0.01997780244173141	0.019422863485016647	0.0005549389567147614	0.013318534961154272	0.013318534961154272	0.014428412874583796	0.0002774694783573807	0.009156492785793563	0.0	0.017758046614872364	0.0	0.010821309655937847	0.014428412874583796	0.016370699223085462	0.0005549389567147614	0.01220865704772475	0.02719200887902331	0.004162042175360711	0.000832408435072142	0.0024972253052164264	0.03190899001109878	0.035793562708102106	0.0022197558268590455	0.021642619311875694
0.023029966703662596	0.023029966703662596	0.0005549389567147614	0.01220865704772475	0.03967813540510544	0.03912319644839068	0.000832408435072142	0.022197558268590455	0.0	0.011653718091009988	0.0	0.008879023307436182	0.05493895671476138	0.054106548279689234	0.000832408435072142	0.03218645948945616	0.024972253052164262	0.018590455049944506	0.0005549389567147614	0.01220865704772475	0.023029966703662596	0.021365149833518313	0.0005549389567147614	0.012486126526082131	0.007214206437291898	0.007491675915649278	0.0005549389567147614	0.003607103218645949	0.051054384017758046	0.0560488346281909	0.0005549389567147614	0.0330188679245283	0.022197558268590455	0.011376248612652608	0.001942286348501665	0.006659267480577136	0.025249722530521643	0.026914539400665925	0.000832408435072142	0.018867924528301886	0.01997780244173141	0.019422863485016647	0.0005549389567147614	0.013318534961154272	0.013318534961154272	0.014428412874583796	0.0002774694783573807	0.009156492785793563	0.0	0.016925638179800223	0.0	0.011653718091009988	0.014150943396226415	0.016648168701442843	0.000832408435072142	0.01193118756936737	0.02719200887902331	0.0047169811320754715	0.000832408435072142	0.001942286348501665	0.03218645948945616	0.035238623751387345	0.0024972253052164264	0.022197558268590455
0.023029966703662596	0.021920088790233074	0.0005549389567147614	0.013318534961154272	0.03912319644839068	0.03967813540510544	0.001664816870144284	0.021365149833518313	0.0	0.01220865704772475	0.0	0.008324084350721421	0.05438401775804662	0.05382907880133185	0.0013873473917869034	0.03246392896781354	0.024694783573806882	0.018867924528301886	0.000832408435072142	0.01193118756936737	0.022752497225305215	0.021087680355160933	0.0011098779134295228	0.012486126526082131	0.0069367369589345175	0.006659267480577136	0.0005549389567147614	0.0047169811320754715	0.04966703662597114	0.05660377358490566	0.000832408435072142	0.03246392896781354	0.022475027746947835	0.011653718091009988	0.001664816870144284	0.006381798002219756	0.025249722530521643	0.026637069922308545	0.0005549389567147614	0.019422863485016647	0.019700332963374027	0.019700332963374027	0.0005549389567147614	0.013318534961154272	0.013041065482796892	0.014428412874583796	0.0005549389567147614	0.009156492785793563	0.0	0.016370699223085462	0.0	0.01220865704772475	0.014428412874583796	0.016925638179800223	0.000832408435072142	0.011376248612652608	0.02719200887902331	0.0047169811320754715	0.000832408435072142	0.001942286348501665	0.0330188679245283	0.035238623751387345	0.002774694783573807	0.022197558268590455
0.022752497225305215	0.022197558268590455	0.000832408435072142	0.013041065482796892	0.038845726970033294	0.03856825749167592	0.001664816870144284	0.022752497225305215	0.0	0.012486126526082131	0.0	0.00804661487236404	0.05438401775804662	0.05382907880133185	0.0013873473917869034	0.03246392896781354	0.025527192008879023	0.018590455049944506	0.0	0.01220865704772475	0.022752497225305215	0.020810210876803552	0.0011098779134295228	0.012763596004439512	0.0069367369589345175	0.0069367369589345175	0.0005549389567147614	0.004439511653718091	0.050499445061043285	0.05632630410654828	0.000832408435072142	0.03218645948945616	0.022752497225305215	0.011376248612652608	0.0013873473917869034	0.006659267480577136	0.024972253052164262	0.02802441731409545	0.0005549389567147614	0.018312985571587125	0.019422863485016647	0.019422863485016647	0.000832408435072142	0.013596004439511655	0.013041065482796892	0.014705882352941176	0.0005549389567147614	0.008879023307436182	0.0	0.016648168701442843	0.0	0.01193118756936737	0.014428412874583796	0.016925638179800223	0.000832408435072142	0.011376248612652608	0.02746947835738069	0.004162042175360711	0.0005549389567147614	0.0024972253052164264	0.032741398446170925	0.03440621531631521	0.002774694783573807	0.023029966703662596
0.023029966703662596	0.022475027746947835	0.0005549389567147614	0.012763596004439512	0.03829078801331853	0.03856825749167592	0.0022197558268590455	0.022752497225305215	0.0	0.012486126526082131	0.0	0.00804661487236404	0.054106548279689234	0.05493895671476138	0.001664816870144284	0.03135405105438402	0.025527192008879023	0.018312985571587125	0.0	0.012486126526082131	0.023029966703662596	0.020532741398446172	0.0013873473917869034	0.012486126526082131	0.007214206437291898	0.007214206437291898	0.0002774694783573807	0.004162042175360711	0.050499445061043285	0.0560488346281909	0.0013873473917869034	0.03246392896781354	0.022752497225305215	0.010821309655937847	0.0013873473917869034	0.007214206437291898	0.0244173140954495	0.02802441731409545	0.0011098779134295228	0.018312985571587125	0.018867924528301886	0.019700332963374027	0.0011098779134295228	0.013596004439511655	0.013318534961154272	0.014150943396226415	0.0005549389567147614	0.009156492785793563	0.0	0.016925638179800223	0.0	0.011653718091009988	0.014428412874583796	0.017203107658157604	0.000832408435072142	0.011098779134295227	0.02746947835738069	0.004439511653718091	0.0005549389567147614	0.0022197558268590455	0.032741398446170925	0.034683684794672584	0.0022197558268590455	0.022752497225305215
0.022475027746947835	0.022752497225305215	0.0011098779134295228	0.012486126526082131	0.03829078801331853	0.038845726970033294	0.002774694783573807	0.021920088790233074	0.0	0.013041065482796892	0.0	0.007491675915649278	0.05382907880133185	0.05577136514983352	0.001942286348501665	0.030521642619311874	0.025527192008879023	0.018590455049944506	0.0	0.01220865704772475	0.023307436182019976	0.02025527192008879	0.0011098779134295228	0.012763596004439512	0.007214206437291898	0.0069367369589345175	0.0002774694783573807	0.004439511653718091	0.050499445061043285	0.05660377358490566	0.0013873473917869034	0.03190899001109878	0.022475027746947835	0.010821309655937847	0.001664816870144284	0.007214206437291898	0.0244173140954495	0.02830188679245283	0.0011098779134295228	0.018035516093229745	0.019145394006659266	0.01997780244173141	0.000832408435072142	0.013318534961154272	0.013318534961154272	0.014428412874583796	0.0005549389567147614	0.008879023307436182	0.0	0.017758046614872364	0.0	0.010821309655937847	0.014428412874583796	0.017758046614872364	0.0005549389567147614	0.010821309655937847	0.02746947835738069	0.004439511653718091	0.0005549389567147614	0.0022197558268590455	0.03357380688124306	0.034683684794672584	0.0013873473917869034	0.022752497225305215
0.022752497225305215	0.022197558268590455	0.000832408435072142	0.013041065482796892	0.038013318534961156	0.03773584905660377	0.002774694783573807	0.023307436182019976	0.0	0.013041065482796892	0.0	0.007491675915649278	0.054106548279689234	0.05577136514983352	0.001664816870144284	0.030521642619311874	0.025527192008879023	0.018867924528301886	0.0	0.01193118756936737	0.02358490566037736	0.02025527192008879	0.0011098779134295228	0.012486126526082131	0.0069367369589345175	0.0069367369589345175	0.0005549389567147614	0.004439511653718091	0.050499445061043285	0.05577136514983352	0.001664816870144284	0.032741398446170925	0.023029966703662596	0.011376248612652608	0.0011098779134295228	0.006659267480577136	0.0244173140954495	0.02830188679245283	0.000832408435072142	0.018312985571587125	0.018590455049944506	0.01997780244173141	0.0002774694783573807	0.014428412874583796	0.013596004439511655	0.014428412874583796	0.0	0.009156492785793563	0.0	0.017758046614872364	0.0	0.010821309655937847	0.014428412874583796	0.017203107658157604	0.0005549389567147614	0.011376248612652608	0.02746947835738069	0.004439511653718091	0.0005549389567147614	0.0022197558268590455	0.03357380688124306	0.03496115427302997	0.0011098779134295228	0.022475027746947835
0.023029966703662596	0.02358490566037736	0.0005549389567147614	0.011653718091009988	0.03856825749167592	0.037458379578246395	0.0024972253052164264	0.023307436182019976	0.0	0.013041065482796892	0.0	0.007491675915649278	0.054106548279689234	0.0560488346281909	0.001664816870144284	0.030244173140954494	0.024972253052164262	0.017480577136514984	0.0005549389567147614	0.013318534961154272	0.02386237513873474	0.02025527192008879	0.000832408435072142	0.012486126526082131	0.007214206437291898	0.007214206437291898	0.0002774694783573807	0.004162042175360711	0.0502219755826859	0.05715871254162042	0.001942286348501665	0.03190899001109878	0.023307436182019976	0.011376248612652608	0.000832408435072142	0.006659267480577136	0.0244173140954495	0.02885682574916759	0.0011098779134295228	0.017480577136514984	0.018867924528301886	0.020810210876803552	0.0002774694783573807	0.013318534961154272	0.013318534961154272	0.014428412874583796	0.0	0.009433962264150943	0.0	0.017758046614872364	0.0	0.010821309655937847	0.014428412874583796	0.016925638179800223	0.0005549389567147614	0.011653718091009988	0.026637069922308545	0.004439511653718091	0.0013873473917869034	0.0022197558268590455	0.0330188679245283	0.03440621531631521	0.0011098779134295228	0.023029966703662596
0.022752497225305215	0.023307436182019976	0.000832408435072142	0.01193118756936737	0.03829078801331853	0.037458379578246395	0.002774694783573807	0.023307436182019976	0.0	0.012763596004439512	0.0	0.00776914539400666	0.053551609322974474	0.05493895671476138	0.0022197558268590455	0.03135405105438402	0.024972253052164262	0.017480577136514984	0.0005549389567147614	0.013318534961154272	0.02386237513873474	0.020810210876803552	0.000832408435072142	0.01193118756936737	0.007491675915649278	0.0069367369589345175	0.0002774694783573807	0.004162042175360711	0.051054384017758046	0.058268590455049944	0.0013873473917869034	0.030521642619311874	0.023307436182019976	0.010821309655937847	0.000832408435072142	0.007214206437291898	0.024972253052164262	0.02885682574916759	0.0011098779134295228	0.016925638179800223	0.018867924528301886	0.02025527192008879	0.0002774694783573807	0.013873473917869035	0.013041065482796892	0.014983351831298557	0.0002774694783573807	0.008879023307436182	0.0	0.018035516093229745	0.0	0.010543840177580466	0.014428412874583796	0.01609322974472808	0.0005549389567147614	0.012486126526082131	0.02719200887902331	0.004439511653718091	0.000832408435072142	0.0022197558268590455	0.033296337402885685	0.03412874583795782	0.000832408435072142	0.023307436182019976
0.022475027746947835	0.021920088790233074	0.0011098779134295228	0.013318534961154272	0.03829078801331853	0.038013318534961156	0.002774694783573807	0.022752497225305215	0.0	0.011653718091009988	0.0	0.008879023307436182	0.05327413984461709	0.054661487236403995	0.0024972253052164264	0.031631520532741396	0.024972253052164262	0.018312985571587125	0.0005549389567147614	0.012486126526082131	0.02386237513873474	0.020810210876803552	0.000832408435072142	0.01193118756936737	0.007491675915649278	0.0069367369589345175	0.0002774694783573807	0.004162042175360711	0.05299667036625971	0.05688124306326304	0.000832408435072142	0.03107658157602664	0.023307436182019976	0.011653718091009988	0.000832408435072142	0.006381798002219756	0.024972253052164262	0.029689234184239733	0.000832408435072142	0.016370699223085462	0.018590455049944506	0.021087680355160933	0.0002774694783573807	0.013318534961154272	0.013041065482796892	0.014983351831298557	0.0002774694783573807	0.008879023307436182	0.0	0.018035516093229745	0.0	0.010543840177580466	0.014705882352941176	0.016370699223085462	0.0002774694783573807	0.01220865704772475	0.026637069922308545	0.004439511653718091	0.0013873473917869034	0.0022197558268590455	0.03246392896781354	0.03496115427302997	0.0011098779134295228	0.022475027746947835
0.022752497225305215	0.021087680355160933	0.000832408435072142	0.014150943396226415	0.03829078801331853	0.03912319644839068	0.002774694783573807	0.021642619311875694	0.0	0.01193118756936737	0.0	0.008601553829078802	0.053551609322974474	0.054106548279689234	0.0022197558268590455	0.03218645948945616	0.024972253052164262	0.018312985571587125	0.0005549389567147614	0.012486126526082131	0.02386237513873474	0.020810210876803552	0.0011098779134295228	0.011653718091009988	0.007491675915649278	0.0069367369589345175	0.0002774694783573807	0.004162042175360711	0.05299667036625971	0.05577136514983352	0.000832408435072142	0.033296337402885685	0.02358490566037736	0.01193118756936737	0.0005549389567147614	0.006104328523862375	0.024972253052164262	0.029134295227524972	0.0005549389567147614	0.017203107658157604	0.018867924528301886	0.021642619311875694	0.0002774694783573807	0.012486126526082131	0.013041065482796892	0.015260821309655937	0.0002774694783573807	0.008601553829078802	0.0	0.018035516093229745	0.0	0.010543840177580466	0.014705882352941176	0.01609322974472808	0.0005549389567147614	0.01220865704772475	0.02719200887902331	0.004162042175360711	0.000832408435072142	0.0024972253052164264	0.031631520532741396	0.034683684794672584	0.000832408435072142	0.022752497225305215
0.022475027746947835	0.020810210876803552	0.0011098779134295228	0.014428412874583796	0.038013318534961156	0.038845726970033294	0.003329633740288568	0.021642619311875694	0.0	0.01193118756936737	0.0	0.008601553829078802	0.054106548279689234	0.0560488346281909	0.001664816870144284	0.030244173140954494	0.024972253052164262	0.019145394006659266	0.0005549389567147614	0.011653718091009988	0.023307436182019976	0.02025527192008879	0.0013873473917869034	0.012486126526082131	0.007491675915649278	0.006381798002219756	0.0002774694783573807	0.0047169811320754715	0.05188679245283019	0.05493895671476138	0.0013873473917869034	0.03412874583795782	0.02358490566037736	0.01220865704772475	0.0005549389567147614	0.005826859045504994	0.0244173140954495	0.029966703662597113	0.0011098779134295228	0.016370699223085462	0.019145394006659266	0.021365149833518313	0.0	0.012763596004439512	0.013041065482796892	0.015260821309655937	0.0005549389567147614	0.008324084350721421	0.0	0.018035516093229745	0.0	0.010543840177580466	0.014705882352941176	0.015815760266370698	0.0005549389567147614	0.012486126526082131	0.02719200887902331	0.004162042175360711	0.000832408435072142	0.0024972253052164264	0.03218645948945616	0.03412874583795782	0.000832408435072142	0.023307436182019976
0.022752497225305215	0.020810210876803552	0.000832408435072142	0.014428412874583796	0.03829078801331853	0.03829078801331853	0.0022197558268590455	0.023029966703662596	0.0	0.01220865704772475	0.0	0.008324084350721421	0.054106548279689234	0.05688124306326304	0.001664816870144284	0.029411764705882353	0.024972253052164262	0.019422863485016647	0.0005549389567147614	0.011376248612652608	0.02358490566037736	0.019700332963374027	0.0013873473917869034	0.012763596004439512	0.007491675915649278	0.006381798002219756	0.0002774694783573807	0.0047169811320754715	0.05271920088790233	0.05438401775804662	0.000832408435072142	0.03440621531631521	0.02358490566037736	0.01220865704772475	0.0005549389567147614	0.005826859045504994	0.02413984461709212	0.030244173140954494	0.0013873473917869034	0.01609322974472808	0.019422863485016647	0.020532741398446172	0.0	0.013318534961154272	0.013041065482796892	0.015815760266370698	0.0005549389567147614	0.00776914539400666	0.0	0.018312985571587125	0.0	0.010266370699223086	0.014983351831298557	0.015815760266370698	0.0005549389567147614	0.01220865704772475	0.026914539400665925	0.00388457269700333	0.0011098779134295228	0.002774694783573807	0.03218645948945616	0.03412874583795782	0.000832408435072142	0.023307436182019976
0.022752497225305215	0.021642619311875694	0.000832408435072142	0.013596004439511655	0.03856825749167592	0.03967813540510544	0.001664816870144284	0.021920088790233074	0.0	0.012486126526082131	0.0	0.00804661487236404	0.054106548279689234	0.05632630410654828	0.001664816870144284	0.029966703662597113	0.024972253052164262	0.019422863485016647	0.0005549389567147614	0.011376248612652608	0.02413984461709212	0.019700332963374027	0.0011098779134295228	0.012486126526082131	0.0069367369589345175	0.006381798002219756	0.0002774694783573807	0.005271920088790233	0.05327413984461709	0.054661487236403995	0.0011098779134295228	0.03412874583795782	0.02358490566037736	0.012763596004439512	0.0005549389567147614	0.005271920088790233	0.02413984461709212	0.029411764705882353	0.0013873473917869034	0.016925638179800223	0.019145394006659266	0.021087680355160933	0.0	0.013041065482796892	0.013041065482796892	0.01609322974472808	0.0005549389567147614	0.007491675915649278	0.0	0.018035516093229745	0.0	0.010543840177580466	0.014705882352941176	0.01609322974472808	0.0005549389567147614	0.01220865704772475	0.026914539400665925	0.00388457269700333	0.0011098779134295228	0.002774694783573807	0.03135405105438402	0.03607103218645949	0.000832408435072142	0.021365149833518313
0.023029966703662596	0.022197558268590455	0.0005549389567147614	0.013041065482796892	0.038013318534961156	0.0402330743618202	0.0022197558268590455	0.021365149833518313	0.0	0.012486126526082131	0.0	0.00804661487236404	0.054661487236403995	0.05688124306326304	0.0011098779134295228	0.029411764705882353	0.024972253052164262	0.02025527192008879	0.0005549389567147614	0.010543840177580466	0.02413984461709212	0.019700332963374027	0.0011098779134295228	0.012486126526082131	0.0069367369589345175	0.006381798002219756	0.0002774694783573807	0.005271920088790233	0.053551609322974474	0.054106548279689234	0.0013873473917869034	0.034683684794672584	0.02358490566037736	0.012486126526082131	0.0005549389567147614	0.005549389567147614	0.0244173140954495	0.03107658157602664	0.0011098779134295228	0.015260821309655937	0.018590455049944506	0.021087680355160933	0.0002774694783573807	0.013318534961154272	0.013596004439511655	0.016370699223085462	0.0002774694783573807	0.0069367369589345175	0.0	0.018312985571587125	0.0	0.010266370699223086	0.014983351831298557	0.015260821309655937	0.0005549389567147614	0.012763596004439512	0.02719200887902331	0.003607103218645949	0.000832408435072142	0.0030521642619311877	0.030799112097669258	0.036348501664816874	0.000832408435072142	0.021087680355160933
0.023307436182019976	0.022475027746947835	0.0002774694783573807	0.012763596004439512	0.03856825749167592	0.039400665926748055	0.0024972253052164264	0.021365149833518313	0.0	0.012763596004439512	0.0	0.00776914539400666	0.05438401775804662	0.05771365149833518	0.0013873473917869034	0.02857935627081021	0.024694783573806882	0.01997780244173141	0.000832408435072142	0.010821309655937847	0.02386237513873474	0.019700332963374027	0.0011098779134295228	0.012763596004439512	0.0069367369589345175	0.006381798002219756	0.0002774694783573807	0.005271920088790233	0.05216426193118757	0.05438401775804662	0.001942286348501665	0.033851276359600446	0.02358490566037736	0.01193118756936737	0.0005549389567147614	0.006104328523862375	0.02413984461709212	0.029966703662597113	0.000832408435072142	0.016925638179800223	0.018312985571587125	0.021365149833518313	0.0005549389567147614	0.013041065482796892	0.013318534961154272	0.015815760266370698	0.0005549389567147614	0.007491675915649278	0.0	0.018035516093229745	0.0	0.010543840177580466	0.014428412874583796	0.01609322974472808	0.0005549389567147614	0.012486126526082131	0.02719200887902331	0.003607103218645949	0.000832408435072142	0.0030521642619311877	0.03218645948945616	0.03718091009988901	0.000832408435072142	0.02025527192008879
0.023307436182019976	0.022475027746947835	0.0002774694783573807	0.012763596004439512	0.03856825749167592	0.039400665926748055	0.002774694783573807	0.021087680355160933	0.0	0.01193118756936737	0.0	0.008601553829078802	0.054106548279689234	0.05715871254162042	0.001664816870144284	0.029134295227524972	0.024972253052164262	0.01997780244173141	0.0005549389567147614	0.010821309655937847	0.02358490566037736	0.019422863485016647	0.0011098779134295228	0.013318534961154272	0.007491675915649278	0.005826859045504994	0.0002774694783573807	0.005271920088790233	0.05244173140954495	0.054106548279689234	0.0022197558268590455	0.03412874583795782	0.02358490566037736	0.011653718091009988	0.0005549389567147614	0.006381798002219756	0.0244173140954495	0.02885682574916759	0.000832408435072142	0.017758046614872364	0.018867924528301886	0.021087680355160933	0.0005549389567147614	0.012763596004439512	0.013041065482796892	0.015260821309655937	0.0011098779134295228	0.00776914539400666	0.0	0.017758046614872364	0.0	0.010821309655937847	0.014150943396226415	0.015260821309655937	0.000832408435072142	0.013318534961154272	0.02719200887902331	0.003607103218645949	0.000832408435072142	0.0030521642619311877	0.031631520532741396	0.03662597114317425	0.000832408435072142	0.020810210876803552
0.023307436182019976	0.022475027746947835	0.0002774694783573807	0.012763596004439512	0.03856825749167592	0.038845726970033294	0.0030521642619311877	0.021365149833518313	0.0	0.01220865704772475	0.0	0.008324084350721421	0.05382907880133185	0.05799112097669257	0.001942286348501665	0.02830188679245283	0.024972253052164262	0.019700332963374027	0.0005549389567147614	0.011098779134295227	0.02386237513873474	0.019422863485016647	0.000832408435072142	0.013318534961154272	0.00776914539400666	0.006104328523862375	0.0	0.004994450610432853	0.05216426193118757	0.05271920088790233	0.00388457269700333	0.03496115427302997	0.023307436182019976	0.011376248612652608	0.000832408435072142	0.006659267480577136	0.02413984461709212	0.02857935627081021	0.0011098779134295228	0.018035516093229745	0.017758046614872364	0.021365149833518313	0.0005549389567147614	0.013596004439511655	0.012763596004439512	0.014983351831298557	0.0013873473917869034	0.00804661487236404	0.0	0.017480577136514984	0.0	0.011098779134295227	0.014428412874583796	0.014983351831298557	0.0005549389567147614	0.013596004439511655	0.026914539400665925	0.003607103218645949	0.0011098779134295228	0.0030521642619311877	0.030799112097669258	0.036348501664816874	0.000832408435072142	0.021087680355160933
0.023029966703662596	0.022475027746947835	0.0005549389567147614	0.012763596004439512	0.03829078801331853	0.03995560488346282	0.002774694783573807	0.020810210876803552	0.0	0.012763596004439512	0.0	0.00776914539400666	0.05382907880133185	0.05688124306326304	0.001942286348501665	0.029411764705882353	0.025249722530521643	0.019422863485016647	0.0002774694783573807	0.011376248612652608	0.02386237513873474	0.019422863485016647	0.000832408435072142	0.013318534961154272	0.00776914539400666	0.006381798002219756	0.0	0.0047169811320754715	0.05327413984461709	0.05299667036625971	0.002774694783573807	0.03440621531631521	0.023029966703662596	0.011376248612652608	0.0011098779134295228	0.006659267480577136	0.02413984461709212	0.02857935627081021	0.0011098779134295228	0.018035516093229745	0.017758046614872364	0.021087680355160933	0.0002774694783573807	0.014150943396226415	0.012763596004439512	0.014705882352941176	0.0011098779134295228	0.008601553829078802	0.0	0.017203107658157604	0.0	0.011376248612652608	0.014705882352941176	0.014705882352941176	0.0005549389567147614	0.013596004439511655	0.02719200887902331	0.00388457269700333	0.000832408435072142	0.002774694783573807	0.03107658157602664	0.03662597114317425	0.000832408435072142	0.020810210876803552
0.023029966703662596	0.022752497225305215	0.0005549389567147614	0.012486126526082131	0.038845726970033294	0.03967813540510544	0.001942286348501665	0.021365149833518313	0.0	0.012763596004439512	0.0	0.00776914539400666	0.05382907880133185	0.05632630410654828	0.001942286348501665	0.029966703662597113	0.025249722530521643	0.018867924528301886	0.0002774694783573807	0.01193118756936737	0.02358490566037736	0.019422863485016647	0.0013873473917869034	0.013041065482796892	0.007491675915649278	0.006659267480577136	0.0	0.0047169811320754715	0.05271920088790233	0.05438401775804662	0.0022197558268590455	0.032741398446170925	0.023307436182019976	0.011098779134295227	0.000832408435072142	0.0069367369589345175	0.0244173140954495	0.02857935627081021	0.0011098779134295228	0.017758046614872364	0.018035516093229745	0.021365149833518313	0.0	0.013873473917869035	0.012763596004439512	0.015260821309655937	0.000832408435072142	0.008324084350721421	0.0	0.016925638179800223	0.0	0.011653718091009988	0.014983351831298557	0.014983351831298557	0.0002774694783573807	0.013318534961154272	0.02719200887902331	0.004162042175360711	0.000832408435072142	0.0024972253052164264	0.03190899001109878	0.035793562708102106	0.0013873473917869034	0.021642619311875694
