AAA	AAC	AAG	AAT	ACA	ACC	ACG	ACT	AGA	AGC	AGG	AGT	ATA	ATC	ATG	ATT	CAA	CAC	CAG	CAT	CCA	CCC	CCG	CCT	CGA	CGC	CGG	CGT	CTA	CTC	CTG	CTT	GAA	GAC	GAG	GAT	GCA	GCC	GCG	GCT	GGA	GGC	GGG	GGT	GTA	GTC	GTG	GTT	TAA	TAC	TAG	TAT	TCA	TCC	TCG	TCT	TGA	TGC	TGG	TGT	TTA	TTC	TTG	TTT
32	56	45	60	84	90	76	63	0	39	0	44	83	136	73	156	44	49	56	58	57	45	56	54	15	23	12	20	96	123	108	94	40	38	56	31	87	77	84	64	60	35	67	50	37	40	45	33	0	44	0	56	38	31	40	43	60	9	52	15	113	126	104	106
38	56	39	60	91	90	69	63	0	41	0	42	92	137	64	155	52	49	48	58	61	45	52	54	16	23	11	20	108	125	102	92	45	39	51	30	91	79	80	62	65	34	62	51	40	40	42	33	0	44	0	56	42	31	36	43	62	9	50	15	117	125	94	107
40	57	37	59	94	90	66	63	0	41	0	42	96	137	60	155	55	50	45	57	67	45	47	53	16	23	11	20	116	126	97	91	50	37	46	32	100	80	71	61	70	36	57	49	44	40	39	32	0	46	0	54	46	30	32	44	66	9	46	15	128	125	80	107
44	57	33	59	103	92	56	62	0	41	0	42	101	138	55	154	55	50	45	57	73	46	41	52	17	24	10	19	123	128	92	89	57	37	39	32	110	80	61	61	78	36	49	49	43	40	40	32	0	46	0	54	51	30	27	44	71	9	41	15	136	125	70	107
49	58	28	58	109	93	51	60	0	41	0	42	102	139	54	153	59	50	41	57	79	48	35	50	19	24	8	19	139	128	80	89	59	38	37	31	113	79	58	62	86	36	42	48	45	41	37	32	0	47	0	53	50	32	27	43	76	10	36	14	139	127	63	105
52	58	25	58	117	94	43	59	0	41	0	42	107	140	49	152	63	51	37	56	85	50	29	48	21	25	6	18	150	129	71	88	62	38	34	31	119	81	51	61	90	37	37	48	51	41	31	32	0	48	0	52	51	35	25	41	81	10	31	14	143	128	57	104
58	58	19	58	121	97	39	56	0	42	0	41	113	141	43	151	70	52	30	55	87	50	27	48	21	25	6	18	154	132	66	86	66	39	30	30	120	82	49	61	93	41	33	45	53	41	29	32	0	49	0	51	55	34	21	42	85	11	27	13	150	129	50	103
61	59	16	57	124	97	36	56	0	42	0	41	121	141	35	151	75	52	25	55	89	50	25	48	23	26	4	17	159	132	64	86	70	42	26	27	124	81	46	61	95	44	29	44	54	41	28	32	0	49	0	51	60	35	16	41	91	11	21	13	155	130	42	102
63	61	14	55	132	100	28	53	0	42	0	41	126	144	30	148	78	52	22	55	92	50	22	48	24	25	4	17	170	135	58	84	74	42	22	27	135	80	35	62	97	45	27	43	57	41	26	31	0	51	0	49	61	35	15	41	92	11	20	13	150	135	41	97
65	62	12	54	136	99	24	54	0	42	0	41	133	146	23	146	80	54	20	53	98	51	16	47	24	25	4	17	179	139	48	81	78	44	18	25	135	84	34	59	97	49	26	40	60	40	23	32	0	52	0	48	61	38	14	39	94	10	18	14	153	136	38	96
67	63	10	53	138	100	21	54	0	44	0	39	138	142	18	150	82	55	18	52	98	51	16	47	24	25	4	17	187	140	38	81	79	45	17	24	141	81	29	61	103	50	20	39	64	40	19	32	0	53	0	47	61	41	13	37	97	9	15	15	156	139	36	93
70	63	7	53	140	104	18	51	0	44	0	39	140	144	16	148	87	55	13	52	100	52	13	47	23	26	4	17	190	141	35	80	84	46	12	23	146	81	24	61	105	53	18	36	67	40	16	32	0	54	0	46	64	42	10	36	101	11	11	13	163	142	29	90
73	64	4	52	142	105	16	50	0	44	0	39	143	149	13	143	89	56	11	51	104	52	9	47	23	27	4	16	199	142	32	79	87	46	9	23	152	79	18	63	109	54	14	35	70	42	13	30	0	55	0	45	64	43	10	35	102	11	10	13	164	146	22	86
73	64	4	52	140	106	18	49	0	43	0	40	146	152	10	140	95	58	5	49	105	57	8	42	23	26	4	17	210	144	28	75	90	49	6	20	159	80	11	62	113	54	10	35	74	42	9	30	0	54	0	46	66	44	8	34	102	11	10	13	160	151	21	81
75	68	2	48	144	105	15	49	0	43	0	40	147	156	9	136	96	62	4	45	105	57	8	42	24	26	3	17	222	148	19	72	93	50	3	19	162	84	8	58	115	55	8	34	77	43	6	29	0	55	0	45	67	45	7	33	104	12	8	12	161	150	16	82
76	68	1	48	146	105	13	49	0	44	0	39	150	157	6	135	96	61	4	46	105	59	7	41	26	23	1	20	233	147	16	73	93	52	3	17	163	86	7	56	116	58	7	31	76	46	6	27	0	54	0	46	70	45	4	33	103	14	9	10	155	150	14	82
77	68	0	48	142	108	15	48	0	44	0	39	147	167	9	125	96	62	4	45	107	61	6	38	25	23	2	20	243	149	12	71	92	52	4	17	164	90	5	53	116	58	6	32	78	48	5	24	0	52	0	48	73	47	2	30	102	14	10	10	154	153	9	79
77	70	0	46	146	112	10	45	0	45	0	38	150	172	6	120	97	64	3	43	108	62	5	37	24	22	3	21	246	154	9	70	94	55	2	14	163	91	6	52	116	59	6	31	79	48	4	24	0	52	0	48	72	47	2	31	107	14	5	10	153	155	6	77
77	70	0	46	147	112	10	44	0	48	0	35	151	180	5	112	100	67	0	40	111	67	2	32	24	21	3	22	249	155	6	72	94	56	2	13	164	91	6	51	114	62	7	29	78	50	4	23	0	54	0	46	74	47	1	30	107	14	5	10	148	157	8	75
77	70	0	46	150	112	9	42	0	50	0	33	151	182	5	110	98	67	2	40	111	69	2	30	26	22	1	21	249	160	3	72	94	57	2	12	164	92	6	50	115	61	6	30	78	51	4	22	0	56	0	44	73	46	2	31	107	15	5	9	146	161	8	71
77	73	0	43	151	114	6	42	0	52	0	31	151	188	5	104	97	68	3	39	112	69	2	29	25	24	2	19	252	162	6	69	95	57	1	12	164	94	6	48	117	59	5	31	79	51	3	22	0	56	0	44	73	43	3	33	107	15	5	9	141	163	8	69
77	70	0	46	150	117	5	41	0	56	0	27	147	190	9	102	99	71	1	36	110	72	1	29	27	24	1	18	258	162	5	70	94	57	2	12	164	98	6	44	116	61	6	29	80	52	2	21	0	56	0	44	75	45	1	31	110	15	2	9	138	169	5	63
77	68	0	48	149	119	4	41	0	56	0	27	149	193	7	99	98	73	2	34	110	74	0	28	26	28	1	15	260	162	5	68	95	57	1	12	165	96	5	46	116	65	2	29	79	53	3	20	0	57	0	43	78	44	1	29	110	16	2	8	138	172	5	60
76	65	1	51	148	121	5	39	0	57	0	26	148	197	8	95	97	75	3	32	106	77	2	27	26	28	1	15	265	161	3	68	93	57	3	12	165	101	5	41	115	69	2	26	79	54	2	20	0	60	0	40	77	46	1	28	110	17	2	7	137	170	4	62
77	71	0	45	145	122	7	39	0	58	0	25	149	199	7	93	97	77	3	30	104	79	2	27	26	28	1	15	266	161	4	67	94	57	2	12	165	101	4	42	116	68	2	26	80	54	2	19	0	61	0	39	77	49	1	25	109	17	3	7	138	170	2	62
77	73	0	43	150	122	5	36	0	58	0	25	149	197	7	95	93	79	7	28	104	79	2	27	26	28	1	15	273	163	2	64	94	56	2	13	164	98	4	46	113	71	3	25	80	55	2	18	0	65	0	35	75	50	2	25	107	17	5	7	136	171	0	61
77	77	0	39	146	128	7	32	0	60	0	23	149	201	7	91	96	82	4	25	103	80	2	27	26	31	1	12	277	166	6	61	95	55	1	14	162	100	4	46	113	73	3	23	80	53	2	20	0	65	0	35	76	50	2	24	107	17	5	7	126	172	2	60
77	79	0	37	145	131	7	30	0	60	0	23	148	206	8	86	95	81	5	26	103	83	2	24	28	29	1	12	277	168	5	61	94	56	2	13	162	102	3	45	115	73	1	23	80	54	2	19	0	65	0	35	76	52	2	22	108	17	4	7	126	174	1	58
76	80	1	36	144	133	7	29	0	60	0	23	148	209	8	83	94	82	6	25	103	85	2	22	28	29	1	12	275	171	8	57	95	57	1	12	160	105	3	44	113	74	1	24	79	56	2	18	0	64	0	36	77	52	2	21	109	17	3	7	125	174	2	58
75	81	2	35	145	134	6	28	0	62	0	21	152	208	4	84	97	82	3	25	103	85	3	21	28	29	1	12	283	172	5	58	93	57	3	12	161	105	2	44	111	75	2	24	77	60	2	16	0	67	0	33	76	54	2	20	110	16	2	8	118	172	2	60
73	79	4	37	147	133	4	29	0	61	0	22	153	215	3	77	97	80	3	27	102	86	3	21	28	29	1	12	282	171	7	62	93	57	3	12	162	106	1	43	115	74	0	23	75	62	3	15	0	67	0	33	79	53	0	20	111	17	1	7	113	170	3	62
73	82	4	34	142	136	5	30	0	64	0	19	154	219	2	73	97	79	3	28	102	88	3	19	28	28	1	13	286	172	4	60	93	56	3	13	160	106	2	44	114	72	2	24	75	64	3	13	0	71	0	29	78	55	0	19	110	17	2	7	112	171	4	61
73	83	4	33	142	134	5	32	0	66	0	17	152	219	4	73	92	79	8	28	102	88	3	19	28	28	1	13	293	176	3	56	96	58	0	11	162	104	2	44	114	72	2	24	75	64	4	12	0	74	0	26	78	55	0	19	109	18	3	6	107	174	3	58
73	81	4	35	141	138	4	30	0	66	0	17	151	220	5	72	97	76	3	31	104	86	3	19	29	27	0	14	298	171	5	60	96	58	0	11	159	105	5	43	114	73	2	23	73	64	3	15	0	74	0	26	79	55	0	18	110	18	2	6	99	175	5	57
74	82	3	34	140	136	5	32	0	66	0	17	148	221	8	71	98	75	2	32	99	90	4	19	29	29	0	12	292	175	7	58	93	59	3	10	157	106	6	43	113	73	2	24	73	64	3	15	0	75	0	25	79	55	1	17	109	18	3	6	103	178	3	54
76	84	1	32	140	136	6	31	0	68	0	15	150	220	6	72	97	76	3	31	98	89	5	20	29	30	0	11	297	174	7	58	91	58	5	11	159	106	3	44	113	77	1	21	74	64	2	15	0	74	0	26	79	56	0	17	108	18	4	6	100	177	2	55
76	86	1	30	142	137	4	30	0	67	0	16	154	216	2	76	97	75	3	32	100	90	3	19	29	30	0	11	294	176	9	57	91	58	5	11	156	107	6	43	112	76	1	23	74	63	2	16	0	73	0	27	79	55	1	17	106	18	6	6	100	176	2	56
74	87	3	29	142	139	4	28	0	66	0	17	153	220	3	72	98	74	2	33	100	91	2	19	29	31	0	10	294	181	8	54	92	56	4	13	157	108	5	42	111	77	1	23	71	64	5	15	0	74	0	26	79	57	0	16	103	18	9	6	99	172	2	60
74	87	3	29	139	141	6	27	0	66	0	17	152	224	4	68	96	76	4	31	100	89	2	21	29	32	0	9	297	185	9	50	95	55	1	14	155	107	6	44	108	78	3	23	71	63	5	16	0	75	0	25	76	58	1	17	108	18	4	6	96	176	1	56
76	91	1	25	142	143	3	25	0	67	0	16	155	221	1	71	95	75	5	32	97	90	4	21	30	30	0	10	295	180	8	57	93	54	3	15	157	107	3	45	108	81	2	21	72	62	4	17	0	76	0	24	77	57	1	17	108	18	4	6	97	176	1	56
76	88	1	28	144	141	2	26	0	69	0	14	155	224	1	68	97	75	3	32	96	90	5	21	30	31	0	9	303	178	5	57	92	52	4	17	157	110	2	43	106	82	3	21	71	65	3	16	0	76	0	24	73	58	4	17	109	18	3	6	94	179	1	53
75	89	2	27	140	143	4	26	0	69	0	14	155	222	1	70	96	76	4	31	98	90	3	21	29	30	1	10	305	181	4	55	90	51	6	18	158	112	3	39	105	84	3	20	72	66	2	15	0	78	0	22	74	58	3	17	108	20	4	4	92	177	1	55
75	90	2	26	139	145	4	25	0	67	0	16	155	224	1	68	95	78	5	29	97	91	3	21	29	30	1	10	307	180	5	55	93	52	3	17	157	113	3	39	106	82	3	21	70	65	3	17	0	78	0	22	75	58	2	17	109	19	3	5	90	176	1	56
77	91	0	25	139	145	3	26	0	64	0	19	155	229	1	63	96	76	4	31	95	94	3	20	29	30	1	10	305	184	7	51	93	52	3	17	158	117	2	35	105	81	4	22	71	64	2	18	0	76	0	24	74	59	2	17	109	19	3	5	90	178	1	54
77	91	0	25	140	143	2	28	0	65	0	18	154	230	2	62	95	76	5	31	94	94	4	20	29	31	1	9	310	180	9	53	92	53	4	16	155	119	4	34	102	83	7	20	72	63	2	18	0	74	0	26	73	55	3	21	108	19	4	5	85	180	1	52
77	90	0	26	140	145	1	27	0	65	0	18	153	227	3	65	94	77	6	30	95	96	3	18	29	32	1	8	308	177	9	56	91	54	5	15	148	124	7	33	101	83	8	20	71	63	1	20	0	72	0	28	73	55	3	21	110	19	2	5	85	183	3	49
74	91	3	25	140	143	2	28	0	65	0	18	150	227	6	65	98	78	2	29	95	97	3	17	29	31	1	9	308	177	2	56	93	53	3	16	148	122	6	36	104	81	6	21	71	62	1	21	0	73	0	27	72	57	3	20	108	19	4	5	91	183	4	49
76	93	1	23	140	141	1	31	0	66	0	17	151	228	5	64	95	76	5	31	95	96	3	18	29	31	1	9	305	177	2	55	94	53	2	16	150	127	3	32	104	80	6	22	70	65	0	20	0	71	0	29	71	55	5	21	107	20	5	4	97	179	2	53
73	93	4	23	140	140	2	31	0	67	0	16	151	228	5	64	97	79	3	28	96	97	2	17	29	31	1	9	296	184	7	51	92	55	4	14	150	128	3	31	105	81	5	21	69	66	1	19	0	71	0	29	72	56	4	20	109	20	3	4	98	178	2	54
74	93	3	23	139	142	2	30	0	67	0	16	149	229	7	63	95	80	5	27	99	98	2	13	29	31	1	9	295	186	11	49	92	56	4	13	150	126	4	32	107	79	5	21	67	65	2	21	0	71	0	29	72	58	4	18	110	21	2	3	94	178	3	54
74	89	3	27	137	142	4	30	0	67	0	16	152	232	4	60	97	81	3	26	99	95	3	15	29	31	1	9	297	195	9	45	93	56	3	13	154	122	2	34	105	80	6	21	66	68	1	20	0	73	0	27	71	61	4	16	108	21	4	3	89	181	3	51
73	91	4	25	135	143	4	31	0	68	0	15	150	231	6	61	98	81	2	26	101	93	3	15	30	30	0	10	295	196	6	47	94	55	2	14	152	125	2	33	107	81	4	20	67	66	0	22	0	74	0	26	71	65	2	14	109	21	3	3	92	182	2	50
74	90	3	26	135	142	4	32	0	68	0	15	153	232	3	60	98	79	2	28	101	93	3	15	30	31	0	9	288	198	10	48	91	56	5	13	149	125	6	32	107	84	2	19	67	67	0	21	0	75	0	25	72	67	1	12	108	21	4	3	89	180	5	52
74	88	3	28	136	142	4	31	0	68	0	15	153	230	3	62	98	81	2	26	103	91	3	15	30	32	0	8	287	201	13	46	90	57	6	12	151	125	7	29	106	84	2	20	68	67	0	20	0	75	0	25	74	65	1	12	108	21	4	3	87	180	4	52
74	89	3	27	133	148	4	28	0	66	0	17	153	232	3	60	97	81	3	26	102	90	4	16	30	32	0	8	293	202	9	44	92	59	4	10	155	128	3	26	106	83	1	22	64	69	3	19	0	75	0	25	75	64	1	12	109	21	3	3	87	183	3	49
75	89	2	27	132	151	3	27	0	66	0	17	152	233	4	59	98	81	2	26	103	92	3	14	30	33	0	7	296	203	10	45	94	58	2	11	157	123	4	28	107	85	0	20	66	70	2	17	0	75	0	25	75	64	2	11	110	21	2	3	81	185	3	47
76	84	1	32	133	148	4	28	0	66	0	17	152	233	4	59	97	83	3	24	103	90	4	15	30	34	0	6	295	207	8	45	93	57	3	12	154	122	6	30	102	85	2	23	67	70	2	16	0	74	0	26	74	66	1	11	110	21	2	3	82	186	1	46
77	86	0	30	135	147	2	29	0	68	0	15	153	232	3	60	98	82	2	25	102	94	3	13	29	34	0	7	290	208	8	49	93	57	3	12	154	123	5	30	101	86	2	23	69	70	2	14	0	75	0	25	72	66	3	11	110	21	2	3	82	188	1	44
76	83	1	33	136	146	2	29	0	69	0	14	151	230	5	62	98	82	2	25	102	94	3	13	29	34	0	7	282	215	9	46	95	56	1	13	155	123	4	30	101	87	1	23	69	72	1	13	0	75	0	25	72	68	2	10	110	21	2	3	84	188	2	44
74	85	3	31	136	144	2	31	0	70	0	13	152	231	4	61	96	81	4	26	102	92	3	15	29	33	0	8	280	219	11	44	95	56	1	13	153	123	5	31	96	88	3	25	69	72	0	14	0	74	0	26	70	71	4	7	111	21	1	3	84	189	0	43
76	87	1	29	136	148	3	26	0	69	0	14	152	226	4	66	96	79	4	28	104	91	3	14	27	32	2	9	282	216	12	46	94	58	2	11	150	123	7	32	95	86	4	27	68	72	1	14	0	74	0	26	72	71	2	7	112	21	0	3	81	189	1	43
76	87	1	29	137	147	3	26	0	69	0	14	152	230	4	62	98	76	2	31	103	93	2	14	26	31	3	10	286	218	12	42	94	58	2	11	149	122	8	33	96	87	3	26	68	73	0	14	0	75	0	25	69	70	4	9	110	21	2	3	78	187	2	45
75	85	2	31	140	147	2	24	0	70	0	13	151	230	5	62	99	76	1	31	102	94	2	14	28	31	1	10	283	223	10	41	93	57	3	12	152	121	7	32	92	89	5	26	67	74	0	14	0	78	0	22	69	69	4	10	108	22	4	2	79	193	2	39
76	86	1	30	137	147	3	26	0	70	0	13	150	231	6	61	99	80	1	27	103	90	3	16	29	30	0	11	288	227	7	38	94	55	2	14	152	119	7	34	92	90	5	25	66	75	0	14	0	79	0	21	70	70	2	10	108	22	4	2	75	193	3	39
75	85	2	31	138	143	3	29	0	70	0	13	151	234	5	58	98	83	2	24	104	92	2	14	25	32	2	11	286	232	10	34	94	55	2	14	149	123	6	34	90	92	6	24	65	78	0	12	0	78	0	22	69	70	2	11	107	22	5	2	74	192	2	40
75	88	2	28	138	144	3	28	0	69	0	14	152	239	4	53	98	84	2	23	100	97	3	12	25	34	2	9	283	234	12	34	94	55	2	14	149	122	7	34	93	92	3	24	63	77	1	14	0	77	0	23	70	69	2	11	107	22	5	2	74	185	1	47
74	90	3	26	135	144	5	29	0	71	0	12	153	240	3	52	98	83	2	24	98	98	4	12	25	36	2	7	286	232	10	36	94	56	2	13	146	125	9	32	94	93	2	23	63	78	1	13	0	78	0	22	70	67	3	12	106	22	6	2	71	188	3	44
74	91	3	25	132	145	6	30	0	72	0	11	153	238	3	54	98	85	2	22	99	98	3	12	26	35	2	7	284	235	10	35	93	57	3	12	143	129	10	30	93	91	4	24	63	76	2	14	0	80	0	20	69	68	4	11	106	21	6	3	70	187	4	45
75	90	2	26	132	146	5	30	0	71	0	12	155	237	1	55	96	86	4	21	98	99	3	12	26	34	2	8	282	237	11	34	92	57	4	12	145	130	8	29	94	91	3	24	65	76	1	13	0	79	0	21	71	69	2	10	105	21	7	3	71	187	3	45
76	90	1	26	133	145	4	31	0	68	0	15	155	237	1	55	100	87	0	20	99	99	4	10	26	34	2	8	283	231	9	38	94	56	2	13	147	129	6	30	96	89	1	26	64	76	2	13	0	78	0	22	69	68	3	12	104	21	8	3	72	185	5	47
74	90	3	26	130	145	8	30	0	68	0	15	155	235	1	57	100	88	0	19	98	104	3	7	27	33	2	8	283	230	10	39	93	57	3	12	149	129	5	29	97	91	1	23	64	75	2	14	0	78	0	22	69	66	3	14	105	22	7	2	72	183	4	49
76	94	1	22	132	145	7	29	0	69	0	14	154	236	2	56	100	87	0	20	99	106	1	6	28	32	1	9	281	225	11	44	93	55	3	14	151	128	4	29	98	91	0	23	64	73	3	15	0	74	0	26	68	70	2	12	106	22	6	2	75	185	2	47
76	94	1	22	129	145	10	29	0	69	0	14	154	237	2	55	100	86	0	21	96	104	4	8	30	31	0	9	275	227	15	44	94	55	2	14	151	126	5	30	100	90	0	22	64	72	3	16	0	74	0	26	70	68	1	13	107	22	5	2	75	185	2	47
76	94	1	22	126	148	11	28	0	68	0	15	155	234	1	58	100	87	0	20	98	99	4	11	30	31	0	9	277	228	13	44	92	53	4	16	148	125	9	30	97	95	0	20	64	71	2	18	0	76	0	24	69	69	2	12	104	22	8	2	74	185	2	47
76	93	1	23	129	149	5	30	0	69	0	14	156	234	0	58	100	88	0	19	100	97	3	12	30	30	1	9	276	233	12	42	91	52	5	17	152	123	7	30	96	94	1	21	68	69	0	18	0	76	0	24	70	66	2	14	107	22	5	2	73	186	2	46
76	93	1	23	131	149	2	31	0	69	0	14	154	233	2	59	99	87	1	20	100	96	3	13	30	30	1	9	275	237	8	41	90	51	6	18	153	127	6	26	97	93	1	21	69	66	0	20	0	77	0	23	72	67	0	13	107	21	5	3	75	187	2	45
75	91	2	25	133	150	1	29	0	69	0	14	154	229	2	63	96	87	4	20	100	95	3	14	32	28	0	10	281	239	6	40	93	50	3	19	150	131	7	24	95	93	3	21	70	65	0	20	0	77	0	23	70	68	2	12	109	21	3	3	71	192	1	40
76	91	1	25	134	148	2	29	0	68	0	15	151	228	5	64	95	87	5	20	104	95	1	12	32	27	0	11	280	238	6	42	93	52	3	17	150	129	8	25	95	93	3	21	67	64	2	22	0	76	0	24	72	67	1	12	109	21	3	3	71	195	1	37
76	91	1	25	133	148	1	31	0	68	0	15	153	231	3	61	95	85	5	22	104	95	1	12	31	28	0	11	282	238	5	42	95	54	1	15	149	129	9	25	96	94	1	21	67	66	1	21	0	77	0	23	71	66	1	14	111	21	1	3	70	191	1	41
75	92	2	24	135	147	2	29	0	68	0	15	154	233	2	59	99	86	1	21	103	94	1	14	32	29	0	9	285	240	5	40	94	55	2	14	147	129	12	24	92	94	4	22	68	66	0	21	0	76	0	24	71	66	1	14	110	21	2	3	67	193	1	39
75	93	2	23	132	147	4	30	0	67	0	16	153	231	3	61	99	86	1	21	104	92	0	16	31	28	1	10	282	232	8	47	94	55	2	14	152	125	8	27	94	94	3	21	67	68	0	20	0	77	0	23	71	66	1	14	108	20	4	4	68	190	1	42
77	95	0	21	129	147	3	34	0	67	0	16	154	230	2	62	98	86	2	21	102	95	0	15	31	29	1	9	283	226	11	50	95	56	1	13	150	127	8	27	96	94	1	21	65	70	1	19	0	78	0	22	70	67	2	13	109	20	3	4	66	192	2	40
77	95	0	21	128	150	3	32	0	68	0	15	153	230	3	62	98	86	2	21	102	92	0	18	31	29	1	9	284	225	10	49	93	56	3	13	154	127	6	25	94	95	2	21	65	70	1	19	0	80	0	20	68	70	3	11	110	19	2	5	68	192	2	40
75	95	2	21	126	153	4	30	0	67	0	16	152	231	4	61	100	87	0	20	102	91	1	18	32	28	1	9	285	223	12	51	94	57	2	12	153	130	5	24	93	92	3	24	64	70	2	19	0	81	0	19	65	74	4	9	109	20	3	4	66	190	1	42
75	95	2	21	125	155	5	28	0	68	0	15	151	232	5	60	100	87	0	20	99	90	4	19	32	28	1	9	287	223	9	50	92	57	4	12	148	130	9	25	92	93	3	24	64	70	2	19	0	82	0	18	65	75	4	8	109	19	3	5	69	190	0	42
73	95	4	21	127	156	2	28	0	68	0	15	153	233	3	59	97	86	3	21	103	87	2	20	31	28	2	9	288	226	6	50	93	57	3	12	150	127	8	27	93	94	2	23	64	69	3	19	0	82	0	18	66	76	3	7	109	19	3	5	66	187	2	45
73	97	4	19	127	154	3	29	0	69	0	14	154	232	2	60	97	87	3	20	100	88	2	22	31	29	2	8	289	224	5	53	92	56	4	13	153	127	5	27	94	93	2	23	67	66	2	20	0	81	0	19	66	77	1	8	110	19	2	5	65	187	2	45
73	97	4	19	128	154	2	29	0	68	0	15	154	233	2	59	97	88	3	19	101	87	3	21	33	29	0	8	288	231	4	48	93	57	3	12	151	132	4	25	94	92	2	24	68	70	1	16	0	82	0	18	65	77	2	8	110	19	2	5	65	185	2	47
74	97	3	19	127	153	2	31	0	68	0	15	154	231	2	61	97	88	3	19	101	87	2	22	34	27	0	9	283	233	3	47	95	55	1	14	150	132	6	24	92	93	3	24	68	69	1	17	0	83	0	17	65	74	2	11	107	19	5	5	70	184	2	48
76	97	1	19	124	154	3	32	0	69	0	14	151	230	5	62	99	87	1	20	101	88	2	21	35	26	0	9	274	233	5	49	94	55	2	14	146	131	9	26	92	94	5	21	66	68	2	19	0	82	0	18	66	73	1	12	108	19	4	5	74	184	3	48
75	98	2	18	124	155	2	32	0	69	0	14	152	231	4	61	98	87	2	20	99	90	2	21	36	26	0	8	268	237	9	45	94	51	2	18	145	132	9	26	95	97	3	17	67	69	2	17	0	82	0	18	65	73	2	12	107	19	5	5	75	185	4	47
75	98	2	18	121	156	5	31	0	68	0	15	152	231	4	61	99	89	1	18	96	90	4	22	35	26	1	8	269	236	10	47	94	53	2	16	148	132	6	26	93	99	4	16	66	68	3	18	0	80	0	20	63	73	4	12	107	18	5	6	74	188	2	44
75	98	2	18	121	155	5	32	0	68	0	15	148	233	8	59	97	88	3	19	98	88	3	23	35	26	1	8	264	234	10	49	93	53	3	16	149	132	5	26	92	98	4	18	66	67	3	19	0	80	0	20	64	74	2	12	106	18	6	6	78	189	3	43
74	97	3	19	119	156	5	33	0	71	0	12	151	233	5	59	99	88	1	19	101	86	2	23	34	26	2	8	267	237	10	48	94	54	2	15	148	133	4	27	91	99	4	18	66	69	3	17	0	78	0	22	65	75	1	11	108	20	4	4	74	188	2	44
76	96	1	20	120	156	4	33	0	72	0	11	150	235	6	57	99	87	1	20	99	85	4	24	33	26	2	9	264	242	11	47	94	51	2	18	150	129	2	31	93	100	2	17	66	71	3	15	0	78	0	22	68	73	0	11	109	20	3	4	73	189	1	43
76	96	1	20	119	155	7	32	0	70	0	13	154	235	2	57	97	87	3	20	98	85	4	25	33	26	2	9	260	247	10	46	92	51	4	18	149	128	1	34	94	100	1	17	66	71	3	15	0	77	0	23	66	72	2	12	110	21	2	3	74	191	1	41
74	95	3	21	119	155	7	32	0	69	0	14	154	237	2	55	96	87	4	20	98	88	2	24	33	26	2	9	260	248	10	47	94	50	2	19	142	131	5	34	91	103	1	17	68	70	2	15	0	75	0	25	64	73	3	12	111	21	1	3	70	190	3	42
74	95	3	21	119	153	7	34	0	69	0	14	154	236	2	56	98	85	2	22	99	86	1	26	36	25	0	9	263	249	9	46	95	50	1	19	144	129	4	35	90	104	2	16	67	70	1	17	0	76	0	24	64	74	3	11	110	20	2	4	69	189	2	43
76	98	1	18	123	153	5	32	0	70	0	13	151	238	5	54	98	85	2	22	100	86	1	25	34	28	0	8	259	252	11	43	94	51	2	18	144	130	4	34	89	102	3	18	68	71	0	16	0	76	0	24	67	73	1	11	109	20	3	4	71	190	2	42
75	96	2	20	122	154	5	32	0	71	0	12	151	241	5	51	99	85	1	22	100	88	2	22	34	28	0	8	254	257	12	41	93	53	3	16	144	132	3	33	89	103	3	17	68	71	0	16	0	75	0	25	68	70	2	12	108	19	4	5	73	190	1	42
74	96	3	20	122	155	4	32	0	71	0	12	151	242	5	50	97	87	3	20	99	88	2	23	32	29	1	8	253	259	9	42	93	53	3	16	146	131	2	33	89	99	4	20	69	70	0	16	0	76	0	24	69	69	2	12	108	21	4	3	74	188	1	44
74	97	3	19	117	157	6	33	0	71	0	12	151	247	5	45	97	88	3	19	98	86	4	24	32	28	1	9	256	254	10	44	93	53	3	16	148	130	1	33	92	96	4	20	67	70	1	17	0	78	0	22	70	69	1	12	112	21	0	3	74	187	0	45
75	99	2	17	116	153	8	36	0	71	0	12	152	244	4	48	98	89	2	18	100	86	2	24	33	29	0	8	265	253	7	45	93	52	3	17	147	126	1	38	92	97	3	20	68	70	0	17	0	75	0	25	71	66	2	13	111	21	1	3	66	188	2	44
76	99	1	17	119	153	6	35	0	70	0	13	151	248	5	44	98	91	2	16	99	87	2	24	32	28	1	9	267	253	7	46	93	51	3	18	145	131	1	35	90	99	4	19	68	67	0	20	0	77	0	23	71	68	1	12	111	21	1	3	64	185	1	47
74	97	3	19	123	147	4	39	0	69	0	14	149	251	7	41	98	91	2	16	97	89	4	22	32	30	1	7	263	257	11	46	92	54	4	15	147	131	0	34	89	99	4	20	68	66	1	20	0	76	0	24	72	67	1	12	111	21	1	3	60	184	1	48
74	94	3	22	122	148	4	39	0	71	0	12	149	247	7	45	99	91	1	16	95	92	5	20	32	29	1	8	262	254	10	47	95	55	1	14	144	132	3	33	90	96	4	22	68	65	1	21	0	77	0	23	72	64	2	14	112	22	0	2	64	185	1	47
73	93	4	23	123	147	5	38	0	70	0	13	148	243	8	49	99	93	1	14	95	89	4	24	34	28	0	8	266	253	11	45	95	58	1	11	142	133	5	32	87	99	5	21	67	66	2	20	0	77	0	23	74	63	1	14	111	22	1	2	62	186	1	46
76	93	1	23	125	152	4	32	0	71	0	12	150	241	6	51	99	91	1	16	96	91	3	22	34	28	0	8	268	252	12	42	96	59	0	10	139	136	6	31	90	100	2	20	65	67	4	19	0	78	0	22	77	62	0	13	110	22	2	2	64	186	0	46
77	94	0	22	125	153	2	33	0	71	0	12	152	240	4	52	97	92	3	15	98	91	2	21	34	29	0	7	271	248	8	46	95	58	1	11	138	138	7	29	83	102	7	20	66	66	4	19	0	79	0	21	77	63	0	12	110	23	2	1	62	185	3	47
76	93	1	23	124	152	3	34	0	70	0	13	151	237	5	55	97	94	3	13	99	91	1	21	34	30	0	6	269	252	5	43	94	58	2	11	137	137	7	31	86	102	5	19	64	67	5	19	0	80	0	20	75	63	1	13	110	22	2	2	66	182	3	50
76	91	1	25	125	150	2	36	0	73	0	10	148	236	8	56	98	92	2	15	98	92	1	21	34	29	0	7	267	252	4	45	95	58	1	11	139	138	5	30	85	100	5	22	67	65	3	20	0	81	0	19	78	62	0	12	110	22	2	2	68	185	2	47
76	88	1	28	125	151	2	35	0	73	0	10	147	235	9	57	100	90	0	17	97	92	2	21	33	29	1	7	266	256	5	41	92	58	4	11	138	136	3	35	87	101	3	21	67	68	2	18	0	82	0	18	79	61	0	12	111	22	1	2	68	183	2	49
76	89	1	27	126	153	1	33	0	74	0	9	146	236	10	56	99	90	1	17	96	89	4	23	34	29	0	7	265	252	6	43	92	58	4	11	141	133	2	36	86	99	5	22	69	65	2	19	0	83	0	17	78	61	1	12	110	22	2	2	69	183	3	49
76	90	1	26	125	153	2	33	0	73	0	10	147	234	9	58	100	90	0	17	95	91	3	23	34	29	0	7	264	253	6	43	94	58	2	11	140	134	3	35	88	102	2	20	70	65	1	19	0	85	0	15	74	66	1	11	111	22	1	2	69	183	3	49
75	88	2	28	124	153	1	35	0	72	0	11	147	234	9	58	99	90	1	17	93	92	4	23	34	28	0	8	261	252	7	43	95	58	1	11	140	136	1	35	87	105	2	18	68	67	2	18	0	86	0	14	74	65	1	12	109	22	3	2	72	184	3	48
75	86	2	30	127	151	0	35	0	73	0	10	149	234	7	58	99	88	1	19	92	91	5	24	34	29	0	7	256	253	4	45	94	59	2	10	136	139	2	35	85	108	2	17	69	70	0	16	0	86	0	14	75	65	2	10	108	22	4	2	77	184	3	48
75	91	2	25	123	152	4	34	0	72	0	11	151	230	5	62	100	88	0	19	92	91	4	25	33	30	0	7	250	261	5	42	92	59	4	10	135	138	4	35	86	110	2	14	70	70	0	15	0	86	0	14	75	62	2	13	107	21	5	3	75	183	5	49
75	92	2	24	121	151	6	35	0	72	0	11	152	228	4	64	99	87	1	20	88	95	5	24	33	29	0	8	252	257	8	47	93	59	3	10	137	139	2	34	86	110	2	14	70	71	1	13	0	85	0	15	76	62	1	13	110	21	2	3	71	184	3	48
74	95	3	21	123	153	3	34	0	72	0	11	152	232	4	60	99	86	1	21	92	97	2	21	33	29	0	8	249	256	11	48	94	58	2	11	135	140	3	34	87	109	2	14	69	72	2	12	0	86	0	14	76	62	1	13	111	21	1	3	72	187	2	45
75	95	2	21	122	151	3	37	0	74	0	9	150	236	6	56	99	85	1	22	93	96	2	21	32	29	1	8	249	260	9	46	91	58	5	11	135	140	3	34	87	108	1	16	70	73	2	10	0	85	0	15	74	63	1	14	111	21	1	3	72	185	2	47
75	95	2	21	121	151	4	37	0	75	0	8	153	235	3	57	97	85	3	22	93	94	2	23	33	30	0	7	246	261	12	46	89	58	7	11	135	138	4	35	86	108	2	16	71	70	3	11	0	85	0	15	71	63	3	15	109	20	3	4	70	184	3	48
77	93	0	23	120	156	4	33	0	75	0	8	148	235	8	57	96	85	4	22	93	97	1	21	33	31	0	6	244	263	13	44	90	59	6	10	134	137	5	36	82	107	5	18	72	70	2	11	0	84	0	16	70	64	4	14	110	20	2	4	71	185	3	47
76	92	1	24	117	158	4	34	0	73	0	10	150	239	6	53	97	85	3	22	92	98	1	21	32	31	1	6	242	263	13	44	90	59	6	10	134	139	4	35	87	104	2	19	71	67	4	13	0	84	0	16	70	64	4	14	110	20	2	4	73	184	3	48
77	92	0	24	118	157	3	35	0	72	0	11	150	239	6	53	95	84	5	23	96	93	2	21	32	32	1	5	244	265	14	41	92	59	4	10	138	137	2	35	88	103	1	20	72	67	3	13	0	83	0	17	70	64	4	14	111	20	1	4	71	186	3	46
77	91	0	25	115	157	5	36	0	72	0	11	150	239	6	53	96	85	4	22	97	92	2	21	32	33	1	4	255	255	11	46	92	57	4	12	140	134	1	37	87	105	3	17	72	67	3	13	0	83	0	17	71	65	3	13	108	20	4	4	67	187	4	45
75	93	2	23	117	158	3	35	0	70	0	13	152	241	4	51	95	88	5	19	98	91	2	21	31	34	1	4	257	258	8	44	95	56	1	13	140	135	1	36	86	107	3	16	74	67	1	13	0	84	0	16	74	62	2	14	107	20	5	4	68	188	3	44
75	93	2	23	115	159	4	35	0	71	0	12	155	244	1	48	98	87	2	20	99	91	2	20	33	33	0	4	255	252	10	48	96	54	0	15	140	137	1	34	86	104	4	18	73	67	2	13	0	82	0	18	74	61	4	13	107	20	5	4	72	184	1	48
74	90	3	26	115	157	3	38	0	72	0	11	153	244	3	48	99	88	1	19	100	91	2	19	32	33	0	5	258	251	8	49	93	52	3	17	138	137	2	35	87	105	3	17	74	70	1	10	0	81	0	19	75	60	3	14	108	21	4	3	70	186	2	46
73	91	4	25	116	153	3	41	0	72	0	11	154	244	2	48	99	87	1	20	99	91	5	17	31	32	1	6	260	247	5	52	93	51	3	18	134	140	2	36	88	105	2	17	73	69	2	11	0	79	0	21	75	59	3	15	105	21	7	3	70	185	4	47
71	91	6	25	115	155	4	39	0	73	0	10	151	245	5	47	98	87	2	20	99	90	5	18	32	32	0	6	258	253	6	48	93	52	3	17	135	140	2	35	88	105	2	17	71	69	3	12	0	76	0	24	74	61	3	14	105	22	7	2	70	181	3	51
74	92	3	24	115	155	4	39	0	72	0	11	152	244	4	48	98	88	2	19	99	87	5	21	31	32	0	7	255	253	8	50	94	52	2	17	137	138	2	35	87	104	3	18	73	70	2	10	0	78	0	22	72	64	3	13	106	22	6	2	69	182	3	50
74	90	3	26	115	153	4	41	0	72	0	11	153	248	3	44	99	88	1	19	103	87	2	20	30	31	1	8	261	254	7	49	95	52	1	17	136	139	3	34	85	105	4	18	74	72	0	9	0	78	0	22	73	63	3	13	105	22	7	2	65	184	2	48
76	91	1	25	116	152	3	42	0	73	0	10	154	247	2	45	99	85	1	22	102	90	3	17	30	31	1	8	257	254	9	50	94	52	2	17	138	139	2	33	84	105	5	18	74	70	0	11	0	78	0	22	73	62	4	13	105	21	7	3	67	185	1	47
75	94	2	22	114	155	5	39	0	73	0	10	154	244	2	48	97	85	3	22	102	92	3	15	28	32	3	7	257	253	9	52	93	51	3	18	138	139	2	33	88	103	1	20	74	69	0	12	0	78	0	22	72	64	5	11	107	21	5	3	65	187	2	45
75	94	2	22	118	156	1	38	0	69	0	14	151	247	5	45	96	85	4	22	101	94	3	14	28	33	3	6	259	257	6	50	92	50	4	19	137	136	4	35	88	104	0	20	72	69	1	13	0	79	0	21	76	60	2	14	107	21	5	3	64	188	2	44
76	92	1	24	116	154	3	40	0	69	0	14	153	247	3	45	98	84	2	23	100	93	4	15	30	34	1	5	257	254	9	53	94	51	2	18	136	133	5	38	86	106	1	19	72	70	1	12	0	80	0	20	78	59	1	14	108	20	4	4	64	187	1	45
75	92	2	24	115	154	4	40	0	68	0	15	152	248	4	44	98	83	2	24	101	91	4	16	31	35	0	4	256	254	6	52	93	52	3	17	133	136	6	37	87	102	2	21	71	70	2	12	0	83	0	17	77	57	2	16	108	20	4	4	70	184	0	48
76	94	1	22	115	156	2	40	0	67	0	16	150	250	6	42	98	83	2	24	102	91	4	15	31	36	0	3	258	255	6	52	93	52	3	17	134	137	5	36	85	104	2	21	73	71	1	10	0	85	0	15	78	58	1	15	107	19	5	5	66	186	1	46
77	93	0	23	111	157	7	38	0	66	0	17	147	247	9	45	96	84	4	23	102	91	4	15	30	36	0	4	260	256	4	51	93	52	3	17	136	137	3	36	84	106	2	20	73	70	1	11	0	84	0	16	79	59	0	14	106	19	6	5	66	184	1	48
77	93	0	23	113	157	6	37	0	66	0	17	151	244	5	48	97	86	3	21	101	95	2	14	29	36	0	5	263	255	4	52	92	50	4	19	137	139	3	33	87	105	1	19	69	72	2	12	0	84	0	16	78	60	0	14	110	19	2	5	62	185	2	47
76	92	1	24	112	158	7	36	0	67	0	16	151	242	5	50	95	86	5	21	104	94	1	13	28	37	1	4	259	256	3	51	93	51	3	18	139	139	2	32	89	102	0	21	71	69	0	15	0	81	0	19	77	59	0	16	111	19	1	5	67	184	2	48
75	92	2	24	118	152	4	39	0	70	0	13	149	242	7	50	97	86	3	21	104	94	1	13	27	37	1	5	258	253	4	55	94	53	2	16	138	139	3	32	90	102	0	20	68	71	1	15	0	80	0	20	76	61	0	15	110	19	2	5	66	181	2	51
73	91	4	25	119	150	3	41	0	71	0	12	150	241	6	51	98	85	2	22	105	93	0	14	28	37	0	5	253	255	6	54	94	57	2	12	138	139	2	33	90	100	0	22	65	73	3	14	0	78	0	22	75	63	0	14	110	20	2	4	68	179	2	53
75	94	2	22	117	154	4	38	0	70	0	13	155	236	1	56	96	85	4	22	102	94	1	15	27	35	1	7	241	261	9	50	94	59	2	10	134	140	5	33	90	99	0	23	64	74	4	13	0	80	0	20	77	59	0	16	110	20	2	4	75	180	2	52
74	95	3	21	116	153	3	41	0	69	0	14	156	239	0	53	96	86	4	21	99	93	4	16	28	34	1	7	247	262	10	49	94	57	2	12	132	139	6	35	90	99	0	23	67	72	2	14	0	79	0	21	75	59	3	15	107	20	5	4	67	176	3	56
74	96	3	20	113	153	6	41	0	68	0	15	156	238	0	54	96	85	4	22	100	94	3	15	28	34	1	7	252	260	9	49	94	54	2	15	127	143	9	33	89	101	2	20	68	71	2	14	0	77	0	23	76	59	3	14	107	21	5	3	65	180	3	52
71	96	6	20	114	158	5	36	0	69	0	14	156	237	0	55	96	85	4	22	99	96	3	14	30	33	0	7	249	261	8	51	94	54	2	15	130	145	5	32	90	103	2	17	67	74	1	13	0	75	0	25	77	58	2	15	107	21	5	3	67	183	2	49
71	96	6	20	115	153	6	39	0	69	0	14	154	241	2	51	95	85	5	22	105	90	0	17	29	32	1	8	248	261	9	54	94	56	2	13	129	147	4	32	91	102	1	18	65	74	2	14	0	77	0	23	75	61	1	15	106	21	6	3	64	186	2	46
73	95	4	21	116	155	6	36	0	70	0	13	154	242	2	50	95	86	5	21	103	88	1	20	29	32	1	8	244	262	8	56	94	56	2	13	128	146	4	34	94	99	1	18	66	72	3	14	0	75	0	25	75	61	1	15	107	21	5	3	67	188	1	44
74	96	3	20	116	160	3	34	0	71	0	12	154	240	2	52	97	87	3	20	104	86	1	21	28	31	2	9	238	255	8	65	95	54	1	15	125	148	6	33	95	101	1	15	67	74	2	12	0	76	0	24	75	60	1	16	107	21	5	3	71	187	1	45
73	96	4	20	115	162	4	32	0	72	0	11	153	236	3	56	99	86	1	21	103	87	0	22	30	32	0	8	242	253	9	66	92	55	4	14	123	149	7	33	96	101	1	14	68	72	2	13	0	74	0	26	74	62	1	15	108	20	4	4	67	188	1	44
73	97	4	19	117	160	3	33	0	72	0	11	150	236	6	56	99	89	1	18	102	87	2	21	28	32	2	8	242	257	10	63	94	56	2	13	126	147	4	35	95	102	3	12	67	72	3	13	0	76	0	24	73	64	2	13	108	20	4	4	65	190	1	42
74	98	3	18	118	159	3	33	0	72	0	11	151	239	5	53	99	92	1	15	103	87	0	22	29	30	1	10	239	259	9	60	96	57	0	12	126	149	3	34	96	97	3	16	65	74	4	12	0	76	0	24	72	65	3	12	111	20	1	4	69	191	2	41
76	96	1	20	119	162	1	31	0	72	0	11	152	242	4	50	100	92	0	15	103	86	0	23	28	30	1	11	241	258	5	59	95	57	1	12	127	146	2	37	96	97	2	17	68	70	2	15	0	77	0	23	72	65	4	11	108	20	4	4	73	192	2	40
77	95	0	21	119	163	3	28	0	74	0	9	151	240	5	52	99	92	1	15	98	89	5	20	29	30	0	11	244	262	4	54	94	56	2	13	124	144	3	41	96	97	1	18	69	69	2	15	0	78	0	22	71	63	5	13	108	20	4	4	71	192	3	40
73	96	4	20	116	163	4	30	0	73	0	10	152	240	4	52	99	92	1	15	98	90	5	19	29	30	0	11	243	262	4	54	96	56	0	13	123	146	4	39	96	96	0	20	69	68	1	17	0	80	0	20	73	61	3	15	108	20	4	4	72	191	3	41
72	97	5	19	119	163	2	29	0	74	0	9	153	243	3	49	99	92	1	15	102	87	2	21	28	31	1	10	239	260	10	55	95	56	1	13	127	143	4	38	98	94	0	20	67	70	1	17	0	81	0	19	74	60	3	15	106	20	6	4	72	192	2	40
72	95	5	21	118	157	3	35	0	73	0	10	153	247	3	45	99	91	1	16	100	89	2	21	29	31	0	10	244	258	11	57	95	57	1	12	123	145	7	37	98	94	0	20	68	69	0	18	0	82	0	18	74	60	3	15	108	20	4	4	66	192	2	40
72	95	5	21	117	160	3	33	0	73	0	10	154	248	2	44	99	91	1	16	100	92	2	18	29	31	0	10	250	259	10	56	95	57	1	12	125	146	3	38	97	94	1	20	68	72	0	15	0	82	0	18	75	58	3	16	110	20	2	4	60	193	3	39
72	96	5	20	116	158	3	36	0	73	0	10	152	244	4	48	100	89	0	18	101	91	2	18	28	32	1	9	252	255	12	60	95	57	1	12	123	145	6	38	98	95	0	19	67	71	1	16	0	82	0	18	77	58	2	15	109	20	3	4	57	189	2	43
74	96	3	20	113	157	5	38	0	73	0	10	151	244	5	48	100	89	0	18	100	93	2	17	29	33	0	8	263	252	7	62	95	57	1	12	125	146	6	35	97	92	1	22	65	74	2	14	0	82	0	18	76	58	3	15	111	19	1	5	53	194	1	38
75	94	2	22	113	155	5	40	0	73	0	10	150	245	6	47	99	88	1	19	99	89	3	21	28	34	0	8	263	253	5	63	96	56	0	13	126	142	6	38	93	96	1	22	63	76	2	14	0	83	0	17	77	57	2	16	111	19	1	5	53	195	1	37
74	92	3	24	115	154	3	41	0	74	0	9	150	246	6	46	99	88	1	19	98	92	1	21	28	33	1	8	261	263	7	54	95	57	1	12	128	142	4	38	92	97	2	21	65	75	1	14	0	81	0	19	77	60	1	14	109	19	3	5	52	195	1	37
74	93	3	23	117	151	2	43	0	75	0	8	153	245	3	47	98	87	2	20	98	92	1	21	28	33	1	8	259	266	6	52	95	58	1	11	127	144	4	37	90	95	6	21	67	73	0	15	0	80	0	20	77	60	1	14	108	19	4	5	53	196	2	36
74	94	3	22	115	154	4	40	0	74	0	9	153	240	3	52	100	88	0	19	100	92	0	20	29	33	0	8	259	266	5	54	94	56	2	13	128	140	6	38	92	96	4	20	66	75	0	14	0	80	0	20	76	61	1	14	108	19	4	5	52	198	2	34
72	93	5	23	119	151	1	42	0	73	0	10	153	243	3	49	100	89	0	18	97	94	0	21	29	35	0	6	255	269	8	54	94	55	2	14	127	141	5	39	94	98	2	18	66	74	0	15	0	83	0	17	75	61	1	15	106	20	6	4	52	196	0	36
75	94	2	22	114	151	5	43	0	73	0	10	154	241	2	51	99	86	1	21	96	96	1	19	29	35	0	6	252	270	9	53	96	55	0	14	126	143	5	38	95	99	1	17	66	74	0	15	0	85	0	15	73	65	2	12	108	21	4	3	54	198	0	34
74	96	3	20	114	152	5	42	0	72	0	11	152	242	4	50	98	86	2	21	95	94	3	20	28	36	0	6	254	271	6	51	95	55	1	14	121	144	9	38	96	97	2	17	62	75	3	15	0	82	0	18	76	64	0	12	108	20	4	4	56	200	0	32
74	97	3	19	113	155	4	41	0	73	0	10	151	243	5	49	98	85	2	22	96	93	2	21	27	37	1	5	260	268	4	51	96	56	0	13	123	144	6	39	98	93	2	19	60	77	4	14	0	82	0	18	76	64	0	12	110	20	2	4	55	201	0	31
76	99	1	17	113	153	4	43	0	71	0	12	150	241	6	51	98	85	2	22	95	93	3	21	27	37	1	5	251	268	9	52	96	59	0	10	126	143	4	39	97	92	4	19	58	81	4	12	0	81	0	19	74	63	1	14	110	20	2	4	56	203	2	29
74	100	3	16	111	158	5	39	0	70	0	13	147	241	9	51	97	87	3	20	97	94	1	20	28	35	0	7	251	264	9	57	94	56	2	13	126	141	3	42	95	92	5	20	59	81	3	12	0	80	0	20	73	65	1	13	112	20	0	4	55	203	2	29
75	102	2	14	113	157	3	40	0	71	0	12	150	243	6	49	97	87	3	20	96	95	1	20	28	34	0	8	251	263	10	56	95	54	1	15	127	138	3	44	94	94	5	19	63	77	1	14	0	80	0	20	72	64	2	14	110	20	2	4	53	201	5	31
76	102	1	14	111	160	5	37	0	69	0	14	153	244	3	48	98	87	2	20	96	92	1	23	27	33	1	9	263	258	2	59	94	51	2	18	127	138	3	44	95	95	4	18	61	77	2	15	0	81	0	19	73	65	2	12	110	20	2	4	50	202	6	30
76	103	1	13	111	161	3	38	0	70	0	13	151	241	5	51	98	87	2	20	97	91	1	23	26	33	2	9	260	254	5	63	93	52	3	17	129	136	3	44	94	97	4	17	63	74	1	17	0	78	0	22	71	67	3	11	112	21	0	3	54	198	2	34
75	102	2	14	112	163	3	35	0	69	0	14	150	241	6	51	98	87	2	20	96	95	2	19	27	32	2	9	263	247	8	69	94	52	2	17	124	140	6	42	93	97	4	18	64	73	0	18	0	80	0	20	70	67	3	12	111	20	1	4	49	199	2	33
74	103	3	13	111	161	4	37	0	69	0	14	149	242	7	50	97	86	3	21	92	98	5	17	27	33	2	8	259	251	9	66	95	51	1	18	124	139	7	42	93	95	4	20	63	74	1	17	0	79	0	21	71	67	1	13	111	20	1	4	50	198	3	34
75	104	2	12	110	160	3	40	0	69	0	14	151	239	5	53	97	84	3	23	92	99	3	18	29	32	1	8	263	250	5	68	95	51	1	18	126	138	5	43	92	94	5	21	62	76	1	16	0	80	0	20	70	68	0	14	109	20	3	4	50	195	2	37
75	104	2	12	109	158	5	41	0	67	0	16	152	240	4	52	97	87	3	20	91	101	4	16	30	32	0	8	265	247	6	71	95	52	1	17	129	137	3	43	95	93	4	20	61	77	3	14	0	83	0	17	69	67	3	13	107	20	5	4	47	193	2	39
76	105	1	11	108	160	5	40	0	67	0	16	152	245	4	47	96	90	4	17	93	101	2	16	29	31	1	9	263	245	7	73	94	51	2	18	128	138	3	43	95	94	3	20	61	77	3	14	0	84	0	16	70	67	2	13	110	20	2	4	47	197	3	35
77	105	0	11	109	157	5	42	0	69	0	14	155	244	1	48	98	90	2	17	92	101	3	16	28	31	2	9	260	248	6	73	95	52	1	17	125	139	5	43	93	93	5	21	63	79	1	12	0	85	0	15	70	67	2	13	111	19	1	5	49	198	2	34
76	104	1	12	112	159	2	40	0	71	0	12	153	243	3	49	98	92	2	15	91	102	3	16	28	31	2	9	256	246	7	74	95	52	1	17	128	140	2	42	96	92	2	22	62	79	2	12	0	85	0	15	68	69	3	12	107	20	5	4	54	198	1	34
76	104	1	12	112	157	3	41	0	70	0	13	151	243	5	49	98	91	2	16	91	102	3	16	27	32	3	8	254	245	10	72	95	53	1	16	127	139	3	43	96	91	2	23	60	78	4	13	0	82	0	18	68	69	3	12	109	20	3	4	55	196	2	36
76	102	1	14	111	156	4	42	0	70	0	13	153	244	3	48	99	90	1	17	93	102	2	15	27	34	3	6	261	252	5	66	95	52	1	17	126	142	2	42	97	91	1	23	62	77	2	14	0	83	0	17	68	68	3	13	109	21	3	3	52	197	2	35
76	101	1	15	112	152	5	44	0	70	0	13	153	244	3	48	99	89	1	18	91	102	3	16	28	34	2	6	257	250	5	67	96	51	0	18	124	141	3	44	96	91	2	23	60	78	3	14	0	85	0	15	71	66	1	14	110	22	2	2	58	189	1	43
76	101	1	15	112	154	5	42	0	69	0	14	153	244	3	48	95	87	5	20	92	103	2	15	29	35	1	5	255	255	5	62	96	51	0	18	123	141	4	44	96	90	2	24	59	79	3	14	0	82	0	18	70	68	1	13	110	23	2	1	59	191	2	41
75	100	2	16	114	157	4	38	0	69	0	14	152	244	4	48	94	84	6	23	90	104	3	15	29	35	0	6	252	257	5	62	95	52	1	17	128	140	2	42	96	90	2	24	59	78	3	15	0	83	0	17	69	70	1	12	109	23	3	1	60	194	2	38
74	100	3	16	116	158	1	38	0	70	0	13	153	248	3	44	94	87	6	20	90	103	1	18	29	35	0	6	254	255	5	63	94	54	2	15	131	141	0	40	96	92	2	22	59	80	3	13	0	83	0	17	70	70	0	12	109	23	3	1	61	195	0	37
76	100	1	16	117	155	2	39	0	69	0	14	154	247	2	45	96	89	4	18	89	104	1	18	29	35	0	6	258	256	6	60	94	52	2	17	132	142	1	37	96	93	1	22	59	80	3	13	0	83	0	17	68	69	0	15	111	23	1	1	58	199	0	33
76	102	1	14	119	154	2	38	0	70	0	13	155	246	1	46	97	89	3	18	89	104	1	18	27	34	2	7	261	251	4	64	94	52	2	17	132	138	3	39	96	93	0	23	62	77	2	14	0	83	0	17	67	70	1	14	112	24	0	0	58	197	0	35
76	102	1	14	119	157	1	36	0	67	0	16	155	247	1	45	97	90	3	17	91	101	1	19	28	35	1	6	260	252	8	60	94	53	2	16	130	137	6	39	95	91	2	24	61	77	3	14	0	82	0	18	68	68	1	15	111	24	1	0	58	196	0	36
76	102	1	14	118	158	3	34	0	71	0	12	153	249	3	43	98	91	2	16	91	103	1	17	29	35	0	6	267	249	8	60	94	55	2	14	131	138	6	37	95	89	2	26	61	79	3	12	0	80	0	20	70	69	0	13	109	22	3	2	52	198	2	34
75	102	2	14	116	158	4	35	0	70	0	13	152	249	4	43	98	92	2	15	91	103	0	18	29	35	0	6	272	247	6	58	94	56	2	13	135	141	3	33	96	91	1	24	64	75	3	13	0	81	0	19	69	69	1	13	109	22	3	2	53	197	2	35
75	102	2	14	116	156	4	37	0	68	0	15	150	253	6	39	98	94	2	13	91	103	1	17	29	36	0	5	271	248	7	58	94	55	2	14	135	142	3	32	96	91	3	22	66	74	3	12	0	82	0	18	65	72	3	12	111	22	1	2	51	196	3	36
76	102	1	14	118	157	2	36	0	68	0	15	153	254	3	38	96	94	4	13	90	104	1	17	28	37	0	5	273	247	3	60	93	59	3	10	137	143	2	30	96	91	4	21	65	75	2	13	0	81	0	19	66	72	2	12	110	22	2	2	54	193	1	39
75	104	2	12	120	155	1	37	0	70	0	13	154	254	2	38	96	94	4	13	89	107	1	15	28	37	0	5	266	246	7	61	93	59	3	10	139	143	2	28	98	91	2	21	66	74	1	14	0	79	0	21	67	74	1	10	110	22	2	2	57	194	1	38
74	104	3	12	118	157	3	35	0	71	0	12	153	254	3	38	96	93	4	14	90	106	1	15	29	36	0	5	263	245	11	60	93	60	3	9	137	141	3	31	96	94	3	19	65	76	1	13	0	83	0	17	66	73	2	11	111	20	1	4	58	193	1	39
74	101	3	15	118	156	2	37	0	69	0	14	153	258	3	34	98	91	2	16	90	104	1	17	28	36	1	5	261	244	13	60	92	58	4	11	137	141	3	31	97	95	2	18	66	73	2	14	0	83	0	17	66	73	2	11	109	20	3	4	59	194	1	38
73	102	4	14	116	156	3	38	0	70	0	13	150	258	6	34	97	90	3	17	90	101	2	19	28	36	1	5	262	245	13	61	91	57	5	12	136	144	3	29	97	96	1	18	67	72	1	15	0	82	0	18	66	73	2	11	110	20	2	4	56	190	1	42
72	103	5	13	117	154	2	40	0	71	0	12	150	259	6	33	97	87	3	20	91	100	2	19	28	37	1	4	268	248	12	58	93	57	3	12	137	143	1	31	95	101	0	16	68	71	1	15	0	83	0	17	66	69	2	15	112	20	0	4	52	191	0	41
76	104	1	12	116	154	3	40	0	71	0	12	151	257	5	35	95	88	5	19	92	98	2	20	30	37	0	3	271	254	8	52	93	56	3	13	138	137	1	36	95	99	0	18	67	70	2	16	0	83	0	17	67	70	1	14	112	20	0	4	52	193	1	39
74	101	3	15	116	154	3	40	0	71	0	12	151	254	5	38	95	86	5	21	94	95	1	22	31	36	0	3	270	249	8	55	93	55	3	14	134	140	5	33	95	97	1	19	65	73	3	14	0	85	0	15	66	72	1	13	111	19	1	5	53	193	3	39
74	101	3	15	118	153	2	40	0	71	0	12	151	250	5	42	95	85	5	22	93	94	2	23	32	35	0	3	274	251	4	55	92	55	4	14	131	141	6	34	96	95	1	20	66	71	3	15	0	86	0	14	67	70	0	15	110	19	2	5	52	194	2	38
75	101	2	15	121	153	1	38	0	71	0	12	151	248	5	44	97	86	3	21	91	95	2	24	32	33	0	5	271	250	3	57	92	54	4	15	129	143	6	34	94	100	1	17	68	71	2	14	0	85	0	15	63	74	1	14	110	18	2	6	56	194	1	38
74	99	3	17	121	152	3	37	0	72	0	11	151	249	5	43	96	85	4	22	91	96	1	24	32	33	0	5	271	246	5	59	95	54	1	15	131	142	6	33	94	101	1	16	70	68	2	15	0	84	0	16	62	73	2	15	109	18	3	6	56	192	1	40
74	99	3	17	125	149	2	37	0	73	0	10	150	247	6	45	96	87	4	20	91	94	1	26	33	32	0	5	266	247	9	58	93	54	3	15	133	143	4	32	92	101	2	17	70	65	3	17	0	82	0	18	62	73	2	15	112	17	0	7	57	193	1	39
73	98	4	18	123	150	3	37	0	74	0	9	150	249	6	43	99	85	1	22	90	97	2	23	33	31	0	6	264	246	7	59	93	53	3	16	133	144	5	30	93	101	2	16	70	67	2	16	0	80	0	20	61	73	2	16	110	17	2	7	60	194	2	38
77	100	0	16	122	146	5	40	0	74	0	9	151	249	5	43	98	86	2	21	94	96	0	22	33	31	0	6	266	243	6	61	94	53	2	16	135	147	3	27	91	102	4	15	67	67	5	16	0	80	0	20	59	75	2	16	109	17	3	7	61	196	1	36
77	101	0	15	126	148	1	38	0	74	0	9	150	248	6	44	99	86	1	21	92	94	2	24	33	30	1	6	267	244	5	59	93	55	3	14	138	145	1	28	92	101	4	15	67	66	5	17	0	81	0	19	57	75	3	17	108	18	4	6	61	193	2	39
77	100	0	16	126	147	2	38	0	72	0	11	150	250	6	42	100	86	0	21	90	94	4	24	34	30	0	6	267	242	5	60	94	56	2	13	142	138	2	30	91	101	4	16	69	67	3	16	0	85	0	15	58	77	1	16	108	18	4	6	63	195	1	37
77	100	0	16	126	148	2	37	0	73	0	10	152	246	4	46	95	86	5	21	91	93	3	25	34	29	0	7	269	239	4	59	96	56	0	13	142	134	2	34	91	102	3	16	68	67	3	17	0	85	0	15	56	74	3	19	108	18	4	6	66	191	1	41
75	100	2	16	124	149	3	37	0	72	0	11	152	249	4	43	95	84	5	23	93	92	1	26	34	29	0	7	266	236	8	62	94	58	2	11	142	133	2	35	89	102	5	16	67	68	3	17	0	83	0	17	58	74	2	18	107	18	5	6	64	189	2	43
74	101	3	15	123	150	2	38	0	71	0	12	152	251	4	41	97	83	3	24	92	91	2	27	35	28	0	7	262	239	11	60	94	58	2	11	141	133	3	35	91	101	4	16	68	68	2	17	0	82	0	18	57	77	1	17	108	18	4	6	65	189	1	43
75	101	2	15	123	148	3	39	0	69	0	14	151	251	5	41	99	80	1	27	91	89	2	30	35	27	0	8	257	246	10	55	94	58	2	11	137	135	4	36	90	101	5	16	67	67	3	18	0	82	0	18	58	76	0	18	107	18	5	6	70	188	0	44
74	102	3	14	122	149	5	37	0	69	0	14	152	250	4	42	97	79	3	28	92	88	1	31	34	29	0	7	258	246	9	56	96	61	0	8	136	132	5	39	89	100	6	17	66	68	2	19	0	82	0	18	59	75	0	18	106	18	6	6	68	188	1	44
71	102	6	14	121	149	7	36	0	67	0	16	152	251	4	41	97	77	3	30	92	87	1	32	35	27	0	8	262	246	6	58	96	62	0	7	136	129	5	42	88	101	5	18	68	66	2	19	0	85	0	15	56	78	1	17	105	19	7	5	65	188	1	44
73	103	4	13	118	149	9	37	0	67	0	16	152	252	4	40	96	77	4	30	90	85	1	36	34	26	1	9	264	247	6	56	94	62	2	7	136	128	6	42	88	101	5	18	69	69	1	16	0	85	0	15	56	76	2	18	105	18	7	6	65	192	0	40
72	101	5	15	118	152	7	36	0	67	0	16	152	247	4	45	98	76	2	31	86	87	3	36	33	25	2	10	264	244	6	59	93	61	3	8	138	128	4	42	88	103	4	17	69	70	1	15	0	86	0	14	54	77	4	17	108	17	4	7	65	193	0	39
74	101	3	15	124	150	3	36	0	66	0	17	152	248	4	44	97	78	3	29	87	86	2	37	32	26	2	10	263	237	9	66	93	60	3	9	138	125	4	45	88	102	5	17	70	68	1	16	0	85	0	15	55	73	4	20	108	18	4	6	63	195	0	37
74	101	3	15	122	150	5	36	0	68	0	15	152	246	4	46	99	76	1	31	86	87	3	36	33	26	2	9	267	243	6	60	91	60	5	9	138	128	4	42	90	99	3	20	69	67	3	16	0	84	0	16	56	72	3	21	108	18	4	6	60	195	2	37
76	101	1	15	122	152	5	34	0	67	0	16	152	243	4	49	97	76	3	31	84	89	5	34	32	27	2	9	263	250	6	57	92	57	4	12	140	128	3	41	89	100	3	20	70	67	2	16	0	85	0	15	53	73	6	20	105	20	7	4	62	192	0	40
75	102	2	14	122	155	4	32	0	67	0	16	154	242	2	50	97	78	3	29	84	92	4	32	33	29	1	7	262	247	7	59	94	57	2	12	141	130	1	40	88	100	4	20	69	69	2	15	0	86	0	14	56	75	3	18	106	20	6	4	63	193	0	39
74	101	3	15	124	154	2	33	0	67	0	16	153	243	3	49	95	79	5	28	85	90	4	33	33	29	1	7	266	244	6	61	92	56	4	13	142	131	1	38	90	96	2	24	71	71	1	12	0	87	0	13	56	74	3	19	109	20	3	4	60	192	1	40
73	101	4	15	126	151	1	35	0	68	0	15	155	246	1	46	96	77	4	30	84	89	5	34	32	30	1	7	268	248	2	60	92	57	4	12	140	134	3	35	92	95	1	24	70	72	1	12	0	86	0	14	56	73	4	19	110	20	2	4	60	192	0	40
72	100	5	16	124	152	2	35	0	68	0	15	152	243	4	49	95	77	5	30	85	93	3	31	32	31	1	6	270	248	2	58	94	58	2	11	140	134	2	36	92	95	1	24	69	71	1	14	0	84	0	16	58	73	3	18	111	21	1	3	60	192	0	40
73	100	4	16	123	155	2	33	0	68	0	15	152	238	4	54	97	77	3	30	85	95	2	30	32	31	1	6	275	254	0	52	95	59	1	10	134	136	5	37	93	95	0	24	70	70	1	14	0	83	0	17	62	73	0	17	111	21	1	3	56	189	1	43
