AAA	AAC	AAG	AAT	ACA	ACC	ACG	ACT	AGA	AGC	AGG	AGT	ATA	ATC	ATG	ATT	CAA	CAC	CAG	CAT	CCA	CCC	CCG	CCT	CGA	CGC	CGG	CGT	CTA	CTC	CTG	CTT	GAA	GAC	GAG	GAT	GCA	GCC	GCG	GCT	GGA	GGC	GGG	GGT	GTA	GTC	GTG	GTT	TAA	TAC	TAG	TAT	TCA	TCC	TCG	TCT	TGA	TGC	TGG	TGT	TTA	TTC	TTG	TTT
53	86	45	73	74	74	66	76	0	38	0	52	106	172	113	193	48	46	36	54	68	44	35	47	17	23	10	11	102	98	101	86	45	34	40	32	56	51	64	48	44	40	47	53	38	35	40	34	0	60	0	59	55	48	55	48	54	20	46	6	91	114	98	116
56	84	42	75	80	74	60	76	0	37	0	53	112	171	107	194	53	47	31	53	74	45	29	46	17	23	10	11	114	96	86	88	48	34	37	32	62	51	58	48	45	40	46	53	38	34	40	35	0	59	0	60	57	48	54	47	56	19	44	7	105	113	87	117
59	83	39	76	86	74	54	76	0	37	0	53	123	172	96	193	60	48	24	52	75	46	28	45	18	23	9	11	125	96	77	87	48	34	37	32	72	51	48	48	49	40	42	53	46	34	33	34	0	59	0	60	62	47	49	48	58	19	42	7	111	111	80	119
62	82	36	77	91	74	49	76	0	37	0	53	134	170	85	195	64	49	20	51	79	46	24	45	19	23	8	11	132	95	68	88	51	34	34	32	77	49	44	49	52	41	39	52	51	34	28	34	0	59	0	60	67	47	44	48	68	19	32	7	123	110	70	120
65	82	33	77	96	73	45	76	0	36	0	54	140	167	79	198	65	48	19	52	82	46	21	45	19	22	8	12	142	93	57	89	53	34	32	32	82	50	39	48	55	41	36	52	55	34	24	34	0	61	0	58	76	46	37	47	71	19	29	7	132	111	63	119
66	80	32	79	96	73	45	76	0	36	0	54	150	168	69	197	64	49	20	51	88	43	17	46	20	20	7	14	148	91	50	91	58	34	27	32	86	50	35	48	63	40	29	52	58	33	21	35	0	61	0	58	82	46	31	47	75	19	25	7	139	112	57	118
74	79	24	80	102	73	39	76	0	36	0	54	152	172	67	193	66	48	18	52	87	43	18	46	22	20	5	14	157	90	42	91	58	31	27	35	90	49	31	49	65	42	27	50	59	33	20	35	0	61	0	58	86	46	28	46	77	19	23	7	147	110	49	120
78	79	20	80	106	73	35	76	0	34	0	56	156	178	63	187	69	49	15	51	88	43	17	46	22	19	5	15	164	89	35	92	63	30	22	36	93	52	27	47	67	42	25	50	65	32	14	36	0	59	0	60	93	47	21	45	80	19	20	7	149	111	47	119
80	80	18	79	110	67	33	80	0	38	0	52	164	174	55	191	68	48	16	52	89	43	17	45	22	19	5	15	167	87	32	93	66	28	19	38	96	52	24	47	75	41	17	51	67	30	13	37	0	58	0	61	94	46	20	46	83	19	17	7	158	112	39	118
83	82	15	77	111	66	32	81	0	38	0	52	173	175	46	190	69	45	15	55	90	40	16	48	22	19	5	15	179	88	26	90	66	26	19	40	101	51	20	47	75	40	17	52	69	29	11	38	0	60	0	59	98	43	16	49	84	19	16	7	157	111	36	119
87	82	11	77	117	65	27	81	0	38	0	52	182	175	37	190	70	44	14	56	90	40	16	48	22	19	5	15	179	86	23	92	67	26	18	40	107	51	14	47	78	40	14	52	72	28	8	39	0	62	0	57	98	43	16	49	87	19	13	7	170	109	26	121
86	82	12	77	118	65	26	81	0	37	0	53	183	175	36	190	72	43	12	57	95	39	13	47	25	19	3	14	180	86	18	92	69	27	16	39	106	50	16	47	79	42	14	49	72	30	8	37	0	62	0	57	98	45	16	47	88	18	12	8	176	105	24	125
88	83	10	76	123	67	20	80	0	40	0	50	188	171	31	194	73	44	11	56	97	39	11	47	25	19	3	14	182	86	14	92	70	26	15	40	107	53	13	46	80	42	14	48	74	31	6	36	0	62	0	57	97	43	17	49	88	18	12	8	178	101	24	129
86	80	12	79	124	66	19	81	0	39	0	51	191	170	28	195	75	41	9	59	98	39	10	47	25	19	3	14	187	85	12	92	74	27	11	39	112	52	10	45	80	41	15	48	76	31	4	36	0	60	0	59	100	42	15	49	87	18	13	8	178	103	22	127
90	79	8	80	127	64	17	82	0	37	0	53	200	171	19	194	75	38	9	62	98	37	10	49	25	19	3	14	186	83	12	93	74	26	11	40	113	50	10	46	83	41	13	47	76	33	5	33	0	60	0	59	99	44	16	47	89	18	11	8	182	103	20	127
90	80	8	79	127	65	17	81	0	36	0	54	203	179	16	186	74	39	10	61	97	38	10	49	27	18	2	14	188	82	10	93	76	25	9	41	114	47	10	48	87	41	10	46	78	35	3	31	0	61	0	58	103	44	14	45	92	18	8	8	185	101	18	129
92	77	6	82	132	65	14	79	0	37	0	53	203	180	16	185	75	40	9	60	101	36	6	51	25	18	4	14	183	87	12	88	74	24	11	42	117	47	7	48	90	41	7	46	78	34	3	32	0	64	0	55	106	45	12	43	92	17	8	9	195	105	11	125
92	79	6	80	134	67	11	78	0	39	0	51	207	177	12	188	76	42	8	58	102	36	5	51	25	18	4	14	183	83	12	92	75	25	10	41	116	46	8	49	93	40	4	47	77	34	4	32	0	65	0	54	108	40	11	47	92	16	8	10	197	105	9	125
93	81	5	78	135	65	11	79	0	40	0	50	207	176	12	189	76	42	8	58	100	37	6	51	25	18	4	14	187	80	9	95	76	23	9	43	117	45	8	49	89	38	8	49	78	33	4	32	0	64	0	55	107	42	11	46	91	16	9	10	196	104	9	126
92	82	6	77	137	66	9	78	0	39	0	51	207	173	12	192	80	44	4	56	97	38	8	51	25	18	4	14	187	80	9	94	75	21	10	45	119	45	6	49	89	38	8	49	78	31	4	34	0	61	0	58	108	43	11	44	88	16	12	10	198	105	8	125
93	82	5	77	138	67	11	74	0	35	0	55	208	175	11	190	80	45	4	55	97	39	7	51	25	18	4	14	188	76	8	95	76	21	9	45	121	44	6	48	92	40	5	47	79	30	4	34	0	61	0	58	110	42	9	45	86	16	14	10	199	106	10	124
93	83	5	76	140	64	10	76	0	35	0	55	209	177	10	188	81	45	3	55	99	39	5	51	27	17	2	15	189	77	6	94	75	21	10	45	121	42	7	49	91	38	6	49	82	29	2	34	0	62	0	57	114	41	7	44	89	16	11	10	201	105	9	125
91	85	7	74	142	65	8	75	0	36	0	54	209	177	10	188	80	44	4	56	99	38	6	51	27	17	2	15	186	75	7	94	77	21	8	45	124	43	5	47	92	37	5	50	84	27	1	35	0	59	0	60	112	41	9	44	88	16	12	10	205	106	9	124
89	84	9	75	143	62	8	77	0	36	0	54	208	173	11	192	78	44	6	56	100	39	5	50	27	16	2	16	188	76	7	92	80	21	5	45	124	43	5	47	93	38	4	49	84	25	2	36	0	58	0	61	112	41	9	44	91	16	9	10	207	109	6	121
90	83	8	76	142	62	8	78	0	36	0	54	213	175	6	190	78	45	6	55	100	39	5	50	26	16	3	16	189	75	7	92	81	21	4	45	127	44	3	45	95	37	3	49	84	25	4	34	0	58	0	61	116	41	6	43	93	16	7	10	204	110	9	120
93	83	5	76	144	61	7	78	0	36	0	54	213	171	6	194	81	46	3	54	104	39	2	49	27	16	2	16	191	78	9	89	80	22	5	44	124	43	6	46	94	37	4	49	84	24	5	34	0	55	0	64	117	39	5	45	90	16	10	10	202	107	7	123
91	82	7	77	143	63	8	76	0	37	0	53	215	167	4	198	79	46	5	54	105	39	3	47	29	17	0	15	190	76	8	89	81	22	4	44	123	41	7	48	93	39	5	47	85	23	4	35	0	56	0	63	117	37	5	47	92	15	8	11	207	105	6	125
90	80	8	79	144	62	8	76	0	38	0	52	213	168	6	197	79	48	5	52	105	40	3	46	29	18	0	14	187	73	9	91	82	23	3	43	125	41	6	47	96	40	3	45	86	23	4	34	0	58	0	61	118	35	7	46	91	15	9	11	208	105	8	125
92	79	6	80	145	64	7	74	0	41	0	49	214	165	5	200	80	46	4	54	107	40	1	46	28	18	1	14	187	72	11	92	82	22	3	44	125	41	6	47	97	40	3	44	87	23	4	33	0	57	0	62	120	36	5	45	89	15	11	11	205	107	9	123
93	80	5	79	149	63	5	73	0	40	0	50	212	167	7	198	81	45	3	55	107	39	1	47	28	17	1	15	189	71	7	93	80	23	5	43	126	38	6	49	97	41	3	43	88	25	3	31	0	52	0	67	120	35	6	45	89	14	11	12	204	107	12	123
94	80	4	79	146	63	9	72	0	42	0	48	212	170	7	195	82	44	2	56	108	39	1	46	27	18	2	14	192	70	7	93	83	22	2	44	125	39	7	48	97	40	4	43	86	23	7	31	0	51	0	68	117	34	10	45	89	14	11	12	202	105	12	125
92	80	6	79	142	64	12	72	0	41	0	49	210	171	9	194	82	44	2	56	108	40	1	45	29	17	1	14	191	69	10	94	84	24	1	42	127	38	6	48	97	40	4	43	88	22	5	32	0	51	0	68	121	32	8	45	90	16	10	10	203	106	9	124
92	82	6	77	144	62	11	73	0	39	0	51	208	169	11	196	81	44	3	56	109	41	2	42	31	12	1	17	190	64	12	98	82	23	3	43	125	38	8	48	94	40	6	44	92	23	1	31	0	53	0	66	123	32	7	44	90	16	10	10	203	107	9	123
90	82	8	77	146	59	10	75	0	39	0	51	210	178	9	187	82	46	2	54	108	42	3	41	32	12	0	17	190	67	7	94	81	23	4	43	127	34	9	49	95	41	5	43	91	23	2	31	0	52	0	67	124	33	7	42	93	14	7	12	205	104	13	126
92	83	6	76	150	58	7	75	0	36	0	54	210	177	9	188	81	46	3	54	108	42	3	41	33	12	0	16	189	67	8	93	82	23	3	43	130	33	6	50	96	41	5	42	91	23	4	29	0	51	0	68	126	31	6	43	95	15	5	11	206	104	13	126
93	84	5	75	152	59	7	72	0	37	0	53	209	176	10	189	81	44	3	56	110	41	1	42	33	12	0	16	194	66	7	93	82	22	3	44	131	33	5	50	97	41	5	41	91	24	5	27	0	52	0	67	126	29	8	43	95	15	5	11	204	106	12	124
92	81	6	78	155	56	4	75	0	36	0	54	205	175	14	190	80	44	4	56	110	39	2	43	33	12	0	16	196	71	5	88	81	23	4	43	130	33	6	50	99	40	4	41	90	23	6	28	0	51	0	68	126	31	8	41	95	15	5	11	205	106	11	124
92	81	6	78	152	57	7	74	0	35	0	55	206	173	13	192	81	46	3	54	110	42	2	40	33	13	0	15	199	69	6	89	81	24	4	42	131	32	6	50	98	38	8	40	92	22	4	29	0	53	0	66	128	34	7	37	95	15	5	11	203	106	10	124
91	79	7	80	149	57	9	75	0	35	0	55	207	172	12	193	81	46	3	54	111	37	1	45	34	12	0	15	199	70	10	88	81	24	4	42	133	30	6	50	103	37	3	41	91	23	5	28	0	54	0	65	128	36	6	36	95	15	5	11	201	107	8	123
91	76	7	83	149	55	10	76	0	35	0	55	211	171	8	194	83	48	1	52	111	37	1	45	34	12	1	14	192	68	12	89	83	24	2	42	136	30	3	50	100	40	6	38	92	20	5	30	0	54	0	65	132	36	3	35	97	14	3	12	203	104	12	126
90	74	8	85	151	57	9	73	0	34	0	56	209	164	10	201	82	48	2	52	112	36	1	45	34	11	1	15	199	68	11	88	82	24	3	42	136	30	3	50	101	39	6	38	94	19	5	29	0	54	0	65	131	35	4	36	98	12	2	14	199	102	11	128
94	74	4	85	154	57	7	72	0	34	0	56	212	161	7	204	82	47	2	53	109	34	4	47	34	12	1	14	199	67	10	89	82	23	3	43	135	33	4	47	99	40	7	38	92	19	7	29	0	53	0	66	132	35	4	35	97	12	3	14	204	100	7	130
95	73	3	86	154	55	8	73	0	34	0	56	215	164	4	201	82	48	2	52	112	34	3	45	36	11	0	14	190	66	12	90	82	23	3	43	139	32	1	47	97	39	9	39	91	19	9	28	0	52	0	67	132	33	4	37	99	13	1	13	212	97	6	133
96	73	2	86	153	54	9	74	0	34	0	56	215	167	4	198	83	49	1	51	112	34	4	44	36	12	0	13	190	67	11	88	82	21	3	45	139	33	1	46	97	41	9	37	90	18	10	29	0	52	0	67	129	33	7	37	98	13	2	13	211	95	9	135
94	73	4	86	151	54	10	75	0	32	0	58	215	163	4	202	83	47	1	53	114	33	3	44	36	12	0	13	189	66	11	87	80	21	5	45	136	35	3	45	100	41	6	37	92	20	8	27	0	53	0	66	126	33	10	37	96	13	4	13	214	96	9	134
92	71	6	88	151	54	11	74	0	32	0	58	215	166	4	199	80	47	4	53	114	36	2	42	36	10	0	15	194	65	8	87	80	22	5	44	136	31	3	49	101	40	6	37	91	19	9	28	0	54	0	65	126	37	9	34	96	14	4	12	210	94	12	136
92	71	6	88	155	52	8	75	0	34	0	56	213	166	6	199	79	46	5	54	117	36	0	41	36	9	0	16	202	64	5	86	80	22	5	44	139	29	3	48	100	38	8	38	94	17	7	29	0	55	0	64	126	37	9	34	97	14	3	12	206	98	13	132
92	69	6	90	154	53	9	74	0	33	0	57	213	167	6	198	80	43	4	57	114	36	3	41	36	9	0	16	201	63	7	86	80	20	5	46	137	28	5	49	99	37	10	38	95	18	6	28	0	55	0	64	127	36	8	35	96	14	4	12	209	99	10	131
93	71	5	88	156	53	7	74	0	31	0	59	214	165	5	200	81	43	3	57	115	35	2	42	35	9	1	16	199	63	10	85	79	22	6	44	136	28	6	49	99	38	10	37	94	17	7	29	0	57	0	62	130	36	7	33	96	14	4	12	208	99	11	131
93	69	5	90	158	51	5	76	0	31	0	59	210	164	9	201	81	43	3	57	113	36	3	42	36	9	0	16	199	61	11	86	77	21	8	45	135	28	8	48	97	36	12	39	95	18	6	28	0	55	0	64	132	34	6	34	97	14	3	12	209	100	10	130
93	69	5	90	158	52	6	74	0	31	0	59	211	165	8	200	82	43	2	57	110	34	6	44	36	9	0	16	200	60	12	86	79	21	6	45	136	29	7	47	100	36	9	39	96	18	5	28	0	60	0	59	129	35	9	33	98	15	2	11	207	97	11	133
94	69	4	90	154	53	10	73	0	33	0	57	209	166	10	199	82	43	2	57	111	34	5	44	36	9	0	16	195	61	14	84	78	22	7	44	136	30	7	46	101	34	8	41	95	18	6	28	0	58	0	61	129	33	9	35	97	15	3	11	210	97	12	133
93	69	5	90	156	49	8	77	0	32	0	58	207	166	12	199	81	43	3	57	112	35	4	43	36	9	0	16	197	62	12	83	79	20	6	46	139	32	5	43	103	34	7	40	96	17	5	29	0	55	0	64	131	36	7	32	95	15	5	11	210	97	12	133
94	68	4	91	151	50	13	76	0	30	0	60	207	160	12	205	81	44	3	56	112	36	5	41	35	9	1	16	201	65	11	81	80	21	5	45	139	32	6	42	103	36	7	38	99	17	2	29	0	56	0	63	131	33	8	34	96	12	4	14	208	96	10	134
93	67	5	92	155	50	11	74	0	30	0	60	206	162	13	203	81	43	3	57	115	36	3	40	35	10	1	15	201	68	13	78	81	20	4	46	136	33	9	41	106	37	4	37	97	16	4	30	0	59	0	60	132	32	7	35	97	12	3	14	206	96	10	134
93	67	5	92	154	52	12	72	0	32	0	58	208	161	11	204	80	44	4	56	117	37	1	39	34	10	2	15	197	69	14	76	81	19	4	47	136	32	9	42	106	38	5	35	98	17	3	29	0	57	0	62	132	32	7	35	99	12	1	14	209	94	11	136
92	64	6	95	159	49	9	73	0	32	0	58	208	158	11	207	82	45	2	55	115	37	3	39	34	9	2	16	201	68	13	75	81	22	4	44	138	31	8	42	105	37	6	36	96	18	4	29	0	56	0	63	133	29	8	36	97	12	3	14	208	95	11	135
92	65	6	94	161	47	7	75	0	33	0	57	207	157	12	208	83	45	1	55	116	35	4	39	36	7	1	17	201	68	11	75	80	22	5	44	142	29	4	44	105	39	6	34	96	17	4	30	0	57	0	62	136	31	6	33	97	12	3	14	208	97	13	133
90	65	8	94	162	46	6	76	0	32	0	58	207	161	12	204	80	43	4	57	115	34	5	40	37	7	0	17	204	69	11	74	81	24	4	42	141	30	5	43	107	37	6	34	97	16	4	30	0	57	0	62	134	31	8	33	96	12	4	14	203	97	15	133
94	64	4	95	160	47	8	75	0	33	0	57	205	163	14	202	78	46	6	54	116	30	6	42	37	9	0	15	203	67	11	75	81	24	4	42	142	29	5	43	108	37	5	34	93	16	8	30	0	58	0	61	132	30	10	34	98	11	2	15	210	96	10	134
95	65	3	94	161	44	8	77	0	33	0	57	207	162	12	203	78	45	6	55	115	31	7	41	37	9	0	15	204	64	10	76	79	24	6	42	142	30	5	42	106	39	8	31	93	15	8	31	0	58	0	61	132	29	10	35	96	10	4	16	210	97	12	133
94	65	4	94	160	42	10	78	0	30	0	60	206	158	13	207	78	45	6	55	117	32	6	39	36	8	1	16	211	63	6	74	78	24	7	42	142	27	6	44	104	39	10	31	93	15	8	31	0	59	0	60	132	31	10	33	96	9	4	17	210	97	12	133
93	63	5	96	163	44	8	75	0	30	0	60	205	157	14	208	78	41	6	59	120	32	3	39	36	8	1	16	212	63	5	74	79	25	6	41	144	27	4	44	105	36	9	34	93	15	8	31	0	58	0	61	131	33	11	31	96	8	4	18	213	99	9	131
93	61	5	98	164	47	8	71	0	30	0	60	204	157	15	208	79	40	5	60	119	29	5	41	36	8	1	16	207	60	8	75	79	24	6	42	142	27	6	44	107	37	7	33	95	16	6	30	0	61	0	58	132	33	10	31	96	8	4	18	217	97	9	133
94	60	4	99	163	48	9	70	0	30	0	60	201	156	18	209	78	38	6	62	117	32	7	38	36	8	1	16	203	60	10	75	79	25	6	41	140	28	7	44	107	35	7	35	93	19	8	27	0	59	0	60	129	34	12	31	95	8	5	18	218	98	10	132
93	60	5	99	163	48	9	70	0	30	0	60	201	155	18	210	76	37	8	63	115	33	10	36	36	8	1	16	197	57	11	77	80	24	5	42	142	29	5	43	107	37	7	33	94	18	7	28	0	56	0	63	133	33	9	31	96	8	4	18	223	99	11	131
93	59	5	100	164	47	8	71	0	30	0	60	203	157	16	208	76	36	8	64	119	30	7	38	36	8	1	16	197	58	11	77	78	25	7	41	140	28	7	44	108	33	6	37	96	17	5	29	0	55	0	64	132	32	10	32	97	7	3	19	218	102	15	128
93	59	5	100	166	45	6	73	0	30	0	60	207	157	12	208	81	36	3	64	118	32	8	36	37	8	0	16	197	58	9	77	77	25	8	41	140	28	7	44	109	32	6	37	97	16	4	30	0	56	0	63	133	31	10	32	98	8	2	18	218	102	17	128
93	59	5	100	168	46	5	71	0	31	0	59	209	155	10	210	83	36	1	64	119	32	8	35	39	9	0	13	198	58	8	76	76	25	9	41	140	30	7	42	111	31	5	37	99	14	3	31	0	56	0	63	135	29	8	34	97	8	3	18	221	100	15	130
92	61	6	98	165	46	8	71	0	31	0	59	207	155	12	210	83	38	1	62	120	33	7	34	39	9	0	13	200	56	7	77	76	23	9	43	139	32	8	40	114	29	2	39	98	14	4	31	0	54	0	65	135	27	8	36	92	10	8	16	222	99	14	131
91	61	7	98	166	47	7	70	0	31	0	59	207	157	12	208	83	39	1	61	121	32	6	35	39	8	0	14	204	59	5	74	76	24	9	42	137	31	9	42	113	31	4	36	100	13	3	31	0	55	0	64	134	26	9	37	93	9	7	17	218	104	16	126
91	65	7	94	168	49	6	67	0	30	0	60	209	150	10	215	81	39	3	61	121	31	6	36	37	8	2	14	197	60	8	73	75	26	10	40	139	30	7	43	110	31	7	36	98	14	4	31	0	55	0	64	133	28	10	35	96	9	4	17	224	104	14	126
92	61	6	98	163	49	12	66	0	33	0	57	211	151	8	214	82	42	2	58	123	33	4	34	36	9	3	13	197	62	10	71	75	26	10	40	140	31	6	42	108	29	9	38	99	14	3	31	0	54	0	65	132	27	11	36	93	9	7	17	227	105	9	125
94	65	4	94	160	47	15	68	0	34	0	56	212	153	7	212	83	42	1	58	122	32	6	34	36	9	3	13	200	62	9	71	75	25	10	41	137	30	9	43	105	27	12	40	101	14	1	31	0	50	0	69	136	28	7	35	92	9	8	17	225	100	9	130
94	65	4	94	159	49	16	66	0	34	0	56	212	146	7	219	84	44	0	56	122	32	6	34	39	7	2	13	199	63	10	70	73	26	12	40	140	32	6	41	106	30	9	39	101	13	2	31	0	50	0	69	134	26	9	37	93	10	7	16	226	102	8	128
93	64	5	95	157	49	18	66	0	31	0	59	209	147	10	218	84	45	0	55	118	32	10	34	40	7	1	13	200	66	14	67	75	26	10	40	141	30	6	42	105	29	10	40	101	14	2	30	0	49	0	70	138	26	5	37	93	10	7	16	222	102	7	128
92	64	6	95	159	51	15	65	0	31	0	59	208	145	11	220	84	46	0	54	117	32	11	34	40	6	1	14	200	65	15	69	77	25	8	41	143	32	3	41	103	31	12	38	99	15	3	30	0	47	0	72	136	25	8	37	90	9	10	17	220	102	7	128
92	62	6	97	163	50	10	67	0	33	0	57	206	142	13	223	83	46	1	54	119	32	8	35	41	6	0	14	204	63	15	69	77	24	8	42	144	30	3	42	105	31	10	38	100	13	3	31	0	47	0	72	135	25	9	37	91	9	9	17	220	103	5	127
90	60	8	99	163	50	11	66	0	33	0	57	201	142	18	223	83	46	1	54	124	34	3	33	40	8	1	12	202	64	15	69	77	22	8	44	142	31	4	42	103	31	12	38	100	11	3	33	0	47	0	72	134	26	9	37	91	9	9	17	220	104	6	126
94	60	4	99	164	47	11	68	0	35	0	55	203	142	16	223	82	45	2	55	124	33	3	34	41	8	0	12	198	64	16	69	77	23	8	43	142	33	5	39	102	31	13	38	101	12	2	32	0	48	0	71	133	27	10	36	91	9	9	17	223	98	6	132
94	59	4	100	162	47	13	68	0	36	0	54	202	144	17	221	81	45	3	55	125	32	3	34	40	8	1	12	197	66	17	67	77	24	8	42	140	34	7	38	103	29	12	40	102	12	1	32	0	48	0	71	135	28	8	35	92	8	8	18	220	99	9	131
92	60	6	99	163	45	11	71	0	36	0	54	201	148	18	217	80	46	4	54	126	30	2	36	39	8	2	12	195	67	13	66	78	25	7	41	141	34	6	38	106	26	10	42	102	15	1	29	0	47	0	72	138	25	6	37	92	8	8	18	227	100	8	130
91	55	7	104	165	46	10	69	0	37	0	53	204	153	15	212	81	46	3	54	127	32	1	34	39	8	2	12	198	63	11	69	77	23	8	43	139	35	8	37	108	27	8	41	101	15	2	29	0	48	0	71	136	25	8	37	94	8	6	18	224	100	11	130
88	57	10	102	169	48	7	66	0	38	0	52	204	148	15	217	81	45	3	55	127	33	1	33	39	8	2	12	199	64	12	68	77	25	8	41	138	33	9	39	107	27	9	41	104	15	0	28	0	48	0	71	135	25	9	37	94	8	6	18	223	101	10	129
91	55	7	104	168	46	8	68	0	39	0	51	204	146	15	219	79	43	5	57	127	32	2	33	38	8	3	12	195	65	12	67	78	24	7	42	137	32	10	40	109	26	8	41	103	14	1	29	0	49	0	70	135	26	9	36	97	8	3	18	227	104	10	126
90	52	8	107	172	47	6	65	0	39	0	51	206	144	13	221	78	43	6	57	129	31	1	33	38	8	3	12	191	65	16	66	80	25	5	41	138	31	9	41	111	26	7	40	101	14	3	29	0	48	0	71	134	24	10	38	96	7	4	19	227	105	11	125
91	53	7	106	174	45	5	66	0	37	0	53	206	142	13	223	80	44	4	56	127	30	4	33	36	8	5	12	188	66	15	66	84	25	1	41	138	28	9	44	113	27	5	39	101	14	3	29	0	48	0	71	133	25	10	38	96	7	4	19	229	104	12	126
92	53	6	106	175	42	6	67	0	36	0	54	206	144	13	221	80	44	4	56	128	28	4	34	37	8	4	12	186	67	13	64	83	26	2	40	140	26	8	45	110	27	8	39	102	16	2	27	0	49	0	70	138	24	8	36	95	7	5	19	232	101	14	129
93	56	5	103	175	44	6	65	0	34	0	56	206	145	13	220	81	45	3	55	127	28	5	34	37	8	4	12	189	69	12	61	83	26	2	40	137	22	12	48	113	30	6	35	101	16	2	28	0	50	0	69	139	23	7	37	95	6	5	20	231	96	14	134
94	56	4	103	179	46	2	63	0	34	0	56	206	148	13	217	80	44	4	56	125	27	7	35	38	9	3	11	190	66	13	62	82	26	3	40	140	20	12	47	115	28	5	36	101	17	2	27	0	49	0	70	139	24	8	35	97	6	3	20	228	94	17	136
95	58	3	101	175	44	7	64	0	32	0	58	205	146	14	219	81	45	3	55	125	28	7	34	38	9	3	11	189	64	14	63	83	26	2	40	141	19	11	48	112	28	8	36	101	16	2	28	0	49	0	70	142	25	5	34	95	6	5	20	230	96	16	134
95	59	3	100	172	44	10	64	0	32	0	58	201	152	18	213	83	45	1	55	127	28	5	34	40	8	1	12	192	63	14	62	83	26	2	40	143	18	10	48	111	28	9	36	99	17	4	27	0	48	0	71	142	25	6	33	95	6	5	20	228	102	17	128
94	56	4	103	173	44	9	64	0	31	0	59	203	152	16	213	83	44	1	56	127	26	6	35	39	8	2	12	197	61	9	64	80	26	5	40	145	18	8	48	112	29	8	35	99	17	5	26	0	49	0	70	142	23	6	35	94	7	6	19	231	99	14	131
95	58	3	101	173	44	10	63	0	31	0	59	206	157	13	208	83	43	1	57	125	25	8	36	39	8	2	12	197	60	10	63	80	26	5	40	144	20	9	46	111	29	9	35	98	17	6	26	0	48	0	71	143	22	6	35	95	8	5	18	237	102	9	128
94	60	4	99	174	43	11	62	0	32	0	58	203	157	16	208	82	41	2	59	127	24	6	37	39	8	2	12	199	60	8	63	79	26	6	40	146	24	7	42	111	29	9	35	97	17	7	26	0	49	0	70	145	22	4	35	94	9	6	17	235	99	11	131
96	63	2	96	175	44	11	60	0	29	0	61	204	156	15	209	80	39	4	61	128	23	5	38	38	9	2	12	191	59	8	63	78	28	7	38	146	26	7	40	110	30	10	34	100	17	3	27	0	48	0	71	141	24	7	34	94	8	6	18	244	102	11	128
96	63	2	96	177	43	9	61	0	28	0	62	204	155	15	210	80	39	4	61	128	21	6	39	37	10	3	11	194	59	8	63	78	27	7	39	146	27	7	39	113	29	9	33	99	16	4	28	0	46	0	73	140	24	8	34	96	9	4	17	239	103	13	127
94	64	4	95	174	41	13	62	0	28	0	62	201	155	18	210	78	40	6	60	128	21	5	40	36	10	4	11	191	57	11	65	80	27	5	39	146	27	7	39	118	29	4	33	97	16	6	28	0	47	0	72	142	23	6	35	96	7	4	19	242	104	10	126
92	62	6	97	178	41	9	62	0	28	0	62	201	153	18	212	78	38	6	62	125	20	8	41	36	10	4	11	187	59	17	62	81	26	4	40	146	28	7	38	120	27	3	34	97	17	5	28	0	45	0	74	141	21	8	36	94	7	6	19	239	102	12	128
93	64	5	95	178	41	9	62	0	28	0	62	202	152	17	213	77	38	7	62	128	21	5	40	37	11	3	10	194	58	11	64	81	27	4	39	147	28	6	38	119	28	3	34	96	16	6	29	0	45	0	74	142	24	7	33	94	7	6	19	235	99	14	131
92	64	6	95	178	40	10	62	0	28	0	62	201	153	18	212	78	37	6	63	126	22	7	39	36	11	4	10	189	59	10	63	81	26	4	40	149	28	7	35	118	28	4	34	96	18	7	26	0	45	0	74	144	24	6	32	93	7	7	19	240	100	15	130
91	65	7	94	181	41	8	60	0	28	0	62	202	155	17	210	79	38	5	62	123	22	10	39	37	11	3	10	196	59	9	63	80	25	5	41	149	27	8	35	116	28	6	34	95	17	8	27	0	47	0	72	145	26	5	30	93	7	7	19	233	100	16	130
92	66	6	93	181	39	8	62	0	28	0	62	203	151	16	214	82	36	2	64	124	22	9	39	36	10	4	11	199	61	9	61	82	24	3	42	149	27	9	34	117	28	5	34	97	15	6	29	0	50	0	69	144	25	6	31	95	7	5	19	235	99	11	131
93	64	5	95	182	39	7	62	0	28	0	62	204	148	15	217	83	37	1	63	125	21	8	40	37	10	3	11	201	59	12	63	82	25	3	41	150	29	10	30	117	26	5	36	99	15	4	29	0	50	0	69	144	25	6	31	95	9	5	17	226	100	15	130
93	63	5	96	184	39	6	61	0	28	0	62	207	147	12	218	83	38	1	62	124	22	9	39	37	10	3	11	200	58	11	62	82	27	3	39	146	29	13	31	116	28	5	35	99	18	3	27	0	51	0	68	143	25	7	31	96	9	4	17	234	102	11	128
92	59	6	100	182	41	7	60	0	28	0	62	207	147	12	218	80	36	4	64	126	22	7	39	37	10	3	11	196	56	11	64	82	26	3	40	146	29	13	31	117	30	4	33	101	17	1	28	0	55	0	64	142	25	8	31	96	10	4	16	240	104	9	126
91	58	7	101	184	41	6	59	0	29	0	61	209	147	10	218	80	38	4	62	128	21	5	40	38	10	2	11	201	56	7	64	84	25	1	41	149	28	10	32	118	30	3	33	98	15	4	30	0	53	0	66	143	25	7	31	96	11	4	15	240	103	8	127
94	62	4	97	181	40	9	60	0	30	0	60	207	146	12	219	80	37	4	63	128	20	5	41	38	11	1	11	201	54	7	66	83	25	2	41	150	27	9	33	120	29	1	34	99	15	3	30	0	55	0	64	143	25	8	30	97	10	3	16	238	100	10	130
94	62	4	97	181	36	9	64	0	30	0	60	208	145	11	220	81	38	3	62	127	20	6	41	37	9	3	12	205	53	5	65	83	25	2	41	150	27	9	33	121	31	0	32	92	17	9	29	0	54	0	65	143	25	8	30	96	11	4	15	238	99	10	131
96	63	2	96	183	35	8	64	0	30	0	60	210	148	9	217	81	39	3	61	126	20	8	40	37	11	3	10	205	53	7	65	84	25	1	41	150	25	9	35	119	32	2	31	96	15	6	30	0	55	0	64	143	24	9	30	94	11	6	15	234	99	12	131
97	61	1	98	183	36	9	62	0	30	0	60	211	150	8	215	84	38	0	62	126	21	8	39	39	10	1	11	206	50	5	68	84	25	1	41	147	27	10	35	118	31	3	32	100	15	2	30	0	57	0	62	142	25	9	30	92	11	8	15	236	101	11	129
95	60	3	99	185	38	6	61	0	29	0	61	211	152	8	213	83	38	1	62	126	21	8	39	40	8	2	11	198	51	10	66	84	25	1	41	147	27	10	35	119	31	2	32	100	15	2	30	0	56	0	63	144	23	7	32	96	11	4	15	241	100	10	130
92	63	6	96	185	38	6	61	0	28	0	62	209	154	10	211	82	39	2	61	127	22	8	37	40	8	2	11	200	49	10	66	83	26	2	40	144	31	11	33	120	31	2	31	102	17	1	27	0	55	0	64	145	22	7	32	97	11	3	15	239	101	12	129
93	63	5	96	188	38	4	60	0	30	0	60	210	154	9	211	82	37	2	63	127	22	8	37	40	8	2	11	196	47	11	68	83	23	2	43	145	31	10	33	118	32	4	30	102	16	2	27	0	58	0	61	143	24	8	31	97	10	3	16	244	102	10	128
95	60	3	99	188	39	4	59	0	29	0	61	209	155	10	210	84	37	0	63	127	22	7	38	41	8	2	10	193	44	9	71	80	25	5	41	146	28	9	36	117	30	5	32	102	16	2	27	0	55	0	64	147	24	4	31	96	10	4	16	251	107	8	123
96	57	2	102	187	39	5	59	0	30	0	60	206	155	13	210	82	35	2	65	123	23	11	37	42	7	2	10	189	48	9	67	80	24	5	42	147	28	8	36	116	27	7	34	103	17	1	26	0	52	0	67	147	25	4	30	95	11	5	15	255	113	8	117
95	57	3	102	186	38	6	60	0	29	0	61	206	156	13	209	81	37	3	63	122	22	12	38	42	7	2	10	184	48	12	67	80	25	5	41	143	29	11	36	115	29	8	32	103	17	1	26	0	51	0	68	144	25	7	30	93	10	7	16	257	115	8	115
94	58	4	101	188	36	5	61	0	31	0	59	206	156	13	209	81	38	3	62	122	21	12	39	43	7	1	10	184	48	13	67	81	26	4	40	145	30	9	35	117	30	6	31	104	18	0	25	0	50	0	69	143	26	8	29	95	9	5	17	254	117	10	113
93	59	5	100	187	38	6	59	0	30	0	60	208	154	11	211	81	35	3	65	125	22	9	38	43	7	1	10	187	45	12	70	79	25	6	41	145	31	9	34	116	30	7	31	102	18	2	25	0	50	0	69	143	27	7	29	96	9	4	17	247	116	15	114
90	58	8	101	189	38	4	59	0	31	0	59	206	151	13	214	80	34	4	66	126	22	7	39	43	7	1	10	194	43	9	72	80	27	5	39	147	31	8	33	118	31	5	30	101	18	3	25	0	52	0	67	146	27	4	29	95	9	5	17	242	115	16	115
93	60	5	99	186	34	9	61	0	31	0	59	208	151	11	214	79	32	5	68	124	21	9	40	41	8	3	9	194	41	10	74	78	26	7	40	147	33	7	32	120	30	4	30	101	19	3	24	0	53	0	66	145	27	4	30	95	9	5	17	240	113	17	117
95	61	3	98	183	34	13	60	0	32	0	58	209	151	10	214	78	32	6	68	126	21	7	40	42	8	2	9	200	39	8	75	81	26	4	40	147	32	8	32	118	30	6	30	102	19	2	24	0	53	0	66	145	28	5	28	95	9	5	17	239	116	15	114
95	61	3	98	186	33	10	61	0	31	0	59	211	152	8	213	79	31	5	69	124	19	9	42	41	8	3	9	204	36	7	77	81	25	4	41	150	33	5	31	118	31	5	30	102	19	2	24	0	54	0	65	144	28	5	29	95	9	5	17	237	114	15	116
95	60	3	99	187	35	9	59	0	33	0	57	213	151	6	214	82	31	2	69	126	18	9	41	41	8	3	9	201	41	7	74	82	26	3	40	147	33	8	31	118	29	5	32	101	19	3	24	0	53	0	66	143	28	6	29	94	9	6	17	241	117	12	113
97	58	1	101	189	35	8	58	0	33	0	57	215	148	4	217	81	31	3	69	129	16	6	43	40	8	4	9	203	42	6	71	83	26	2	40	149	30	7	33	116	29	7	32	100	19	4	24	0	55	0	64	142	28	7	29	96	10	4	16	244	112	10	118
96	61	2	98	189	37	8	56	0	34	0	56	213	149	6	216	81	30	3	70	129	16	6	43	42	7	2	10	202	41	7	69	82	26	3	40	150	29	6	34	118	27	5	34	97	18	8	24	0	55	0	64	144	27	5	30	96	10	4	16	248	109	9	121
94	62	4	97	190	38	8	54	0	33	0	57	209	149	10	216	82	32	2	68	131	16	4	43	43	7	2	9	195	42	8	68	81	27	4	39	151	24	6	38	117	27	5	35	101	19	4	23	0	55	0	64	143	26	7	30	95	10	5	16	252	110	11	120
90	60	8	99	190	39	9	52	0	33	0	57	207	148	12	217	83	32	1	68	132	15	5	42	43	7	2	9	197	41	7	67	81	26	4	40	153	25	4	37	117	27	5	35	103	19	2	23	0	54	0	65	143	27	7	29	96	10	4	16	251	109	13	121
91	61	7	98	192	40	7	51	0	32	0	58	208	146	11	219	82	29	2	71	132	15	5	42	43	6	2	10	189	41	5	66	81	27	4	39	153	28	4	34	118	28	5	33	102	17	4	24	0	53	0	66	142	26	8	30	95	10	5	16	263	110	12	120
92	60	6	99	190	41	9	50	0	31	0	59	208	150	11	215	81	32	3	68	128	16	9	41	44	6	1	10	185	39	3	67	82	25	3	41	155	27	4	33	119	27	5	33	101	19	5	22	0	52	0	67	141	26	9	30	95	10	5	16	273	112	9	118
90	61	8	98	192	40	7	51	0	33	0	57	211	152	8	213	80	32	4	68	126	16	11	41	45	5	0	11	177	43	3	64	82	25	3	41	155	26	4	34	119	26	6	33	102	19	4	22	0	49	0	70	144	24	7	31	95	10	5	16	280	114	9	116
90	57	8	102	190	39	9	52	0	32	0	58	211	156	8	209	80	33	4	67	127	16	10	41	44	5	1	11	175	42	4	65	79	25	6	41	156	26	3	34	118	28	7	31	101	20	4	22	0	50	0	69	143	25	8	30	94	11	6	15	278	110	12	120
91	60	7	99	188	39	12	51	0	31	0	59	212	157	7	208	79	35	5	65	127	16	10	41	44	6	1	10	176	40	6	66	79	26	6	40	154	29	4	32	117	26	9	32	102	19	3	23	0	52	0	67	145	22	7	32	96	12	4	14	273	107	15	123
90	63	8	96	187	42	14	47	0	32	0	58	211	161	8	204	79	34	5	66	130	19	7	38	43	6	2	10	173	40	9	65	81	25	4	41	149	29	8	33	120	27	6	31	103	19	2	23	0	52	0	67	147	19	5	35	97	12	3	14	274	105	15	125
88	64	10	95	192	41	10	47	0	32	0	58	210	161	9	204	76	34	8	66	132	19	6	37	42	6	3	10	174	37	8	68	81	28	4	38	150	27	9	33	122	28	4	30	102	19	3	23	0	51	0	68	148	21	4	33	96	12	4	14	270	106	19	124
88	66	10	93	192	38	11	49	0	27	0	63	208	162	11	203	74	35	10	65	132	20	7	35	42	6	3	10	175	36	7	69	81	28	4	38	150	29	9	31	123	28	4	29	103	19	2	23	0	50	0	69	144	24	7	31	96	11	4	15	277	107	12	123
89	62	9	97	190	37	13	50	0	27	0	63	209	161	10	204	77	35	7	65	132	21	7	34	40	5	5	11	177	34	7	72	81	28	4	38	154	27	5	33	123	28	4	29	102	18	3	24	0	49	0	70	144	23	7	32	94	10	6	16	269	107	17	123
91	63	7	96	189	41	11	49	0	27	0	63	210	162	9	203	78	36	6	64	132	23	7	32	41	5	4	11	177	35	6	71	82	29	3	37	152	27	7	33	121	29	6	28	100	18	5	24	0	51	0	68	147	20	6	33	94	10	6	16	273	110	14	120
92	64	6	95	194	40	6	50	0	26	0	64	209	158	10	207	78	37	6	63	131	23	7	33	42	5	3	11	181	34	4	72	81	29	4	37	152	24	7	36	120	29	8	27	101	18	4	24	0	51	0	68	149	20	4	33	95	11	5	15	269	107	16	123
92	66	6	93	194	39	6	51	0	27	0	63	206	156	13	209	80	36	4	64	133	23	6	32	44	5	1	11	182	36	5	70	81	29	4	37	149	24	9	37	120	27	8	29	101	17	5	24	0	50	0	69	147	19	6	34	97	11	3	15	269	106	14	124
92	63	6	96	195	41	6	48	0	27	0	63	206	154	13	211	80	39	4	61	133	23	6	32	42	5	3	11	177	38	5	69	80	31	5	35	151	24	7	37	122	28	6	28	102	16	5	24	0	52	0	67	148	20	5	33	98	11	2	15	276	107	11	123
91	64	7	95	193	42	7	48	0	27	0	63	208	150	11	215	82	38	2	62	130	23	9	32	44	5	1	11	175	41	8	67	80	31	5	35	152	26	5	36	123	27	5	29	103	16	5	23	0	51	0	68	146	20	7	33	96	12	4	14	271	106	14	124
91	66	7	93	194	43	6	47	0	28	0	62	209	150	10	215	83	40	1	60	135	23	4	32	43	6	2	10	177	39	7	68	80	30	5	36	152	27	6	34	126	25	3	30	103	16	5	23	0	53	0	66	147	20	6	33	96	12	4	14	267	106	18	124
92	67	6	92	197	41	4	48	0	25	0	65	213	153	6	212	82	40	2	60	134	22	6	32	42	6	2	11	182	36	8	69	82	29	3	37	151	25	7	36	126	26	2	30	103	16	5	23	0	55	0	64	143	21	11	31	97	11	3	15	265	104	16	126
92	68	6	91	197	40	5	48	0	25	0	65	210	152	9	213	84	39	0	61	133	24	6	31	42	6	2	11	187	34	6	70	82	28	3	38	153	28	5	33	127	24	2	31	103	16	6	22	0	51	0	68	147	22	7	30	97	12	3	14	263	108	16	122
94	65	4	94	196	40	6	48	0	24	0	66	208	157	11	208	84	38	0	62	133	23	7	31	43	6	1	11	179	32	10	72	80	28	5	38	150	28	8	33	125	24	4	31	101	17	7	22	0	54	0	65	147	24	7	28	96	13	4	13	269	105	14	125
94	66	4	93	195	37	7	51	0	25	0	65	205	159	14	206	84	41	0	59	135	23	6	30	45	6	1	9	179	34	8	70	82	29	3	37	148	26	11	34	127	22	3	32	101	17	7	22	0	56	0	63	145	25	9	27	96	13	4	13	274	104	11	126
95	64	3	95	195	35	6	54	0	24	0	66	207	152	12	213	84	42	0	58	133	23	8	30	46	6	0	9	175	33	13	70	82	30	3	36	152	24	9	34	127	21	4	32	102	19	6	20	0	58	0	61	145	24	9	28	96	13	4	13	278	105	7	125
96	66	2	93	192	35	8	55	0	24	0	66	209	156	10	209	82	41	2	59	133	22	8	31	47	5	0	9	180	30	12	73	82	28	3	38	150	23	11	35	123	22	8	31	103	18	5	21	0	59	0	60	148	23	6	29	96	12	4	14	270	103	11	127
96	69	2	90	193	33	7	57	0	24	0	66	210	158	9	207	80	39	4	61	132	23	9	30	46	5	1	9	181	32	9	71	82	27	3	39	148	22	13	36	123	23	8	30	102	18	6	21	0	58	0	61	148	23	6	29	96	13	4	13	272	102	11	128
96	70	2	89	192	34	8	56	0	25	0	65	211	157	8	208	80	35	4	65	132	24	8	30	45	7	2	7	185	33	12	68	80	26	5	40	148	22	14	35	126	23	5	30	101	17	6	23	0	60	0	59	148	23	6	29	94	12	6	14	268	102	10	128
95	71	3	88	191	33	9	57	0	25	0	65	213	155	6	210	80	36	4	64	128	23	12	31	45	7	2	7	190	32	9	67	81	24	4	42	154	23	8	34	127	24	4	29	103	16	5	23	0	58	0	61	148	23	6	29	96	12	4	14	265	101	13	129
92	72	6	87	193	30	9	58	0	27	0	63	210	157	9	208	82	35	2	65	127	22	13	32	46	6	1	8	197	34	4	64	82	26	3	40	155	22	8	34	127	26	2	29	104	16	4	23	0	58	0	61	148	21	7	30	97	12	3	14	267	98	10	132
93	74	5	85	192	30	11	57	0	27	0	63	210	156	9	209	82	37	2	63	128	22	13	31	47	6	0	8	199	37	8	61	81	25	4	41	157	22	6	34	125	26	4	29	105	16	3	23	0	59	0	60	147	22	9	28	97	12	3	14	262	100	9	130
93	73	5	86	192	30	11	57	0	32	0	58	209	157	10	208	80	39	4	61	128	21	13	32	46	7	0	8	201	34	7	63	81	26	4	40	158	22	5	34	125	26	5	28	104	15	4	24	0	58	0	61	148	20	9	29	97	12	3	14	262	97	9	133
95	73	3	86	195	28	10	57	0	31	0	59	210	156	9	209	79	40	5	60	131	22	9	32	45	7	1	8	203	35	5	62	82	28	3	38	156	20	7	36	123	27	6	28	103	15	5	24	0	56	0	63	149	22	8	27	97	13	3	13	260	97	11	133
94	71	4	88	197	28	8	57	0	31	0	59	212	164	7	201	79	40	5	60	132	22	8	32	44	7	2	8	203	36	5	61	83	29	2	37	156	20	8	35	124	26	5	29	101	14	7	25	0	58	0	61	150	22	7	27	97	12	3	14	260	98	11	132
95	72	3	87	198	30	8	54	0	32	0	58	212	164	7	201	78	41	6	59	133	21	7	33	44	8	2	7	204	35	7	61	81	29	4	37	155	21	9	34	126	25	4	29	101	15	6	25	0	60	0	59	150	22	7	27	97	12	3	14	259	101	10	129
93	72	5	87	198	30	9	53	0	32	0	58	212	165	7	200	80	40	4	60	131	20	9	34	46	7	1	7	198	35	10	62	79	31	6	35	154	23	9	33	127	25	3	29	100	13	8	26	0	57	0	62	148	24	9	25	94	12	6	14	263	103	8	127
94	74	4	85	196	30	11	53	0	31	0	59	209	166	10	199	79	40	5	60	130	21	10	33	47	7	0	7	192	34	13	64	78	31	7	35	156	22	8	33	127	26	3	28	101	14	7	25	0	56	0	63	147	25	10	24	91	12	9	14	266	102	7	128
95	76	3	83	197	31	11	51	0	33	0	57	209	165	10	200	80	41	4	59	134	22	6	32	47	7	0	7	195	32	15	65	78	30	7	36	156	23	9	31	127	27	3	27	102	14	6	25	0	56	0	63	144	24	13	25	92	12	8	14	259	99	10	131
94	76	4	83	196	32	12	50	0	34	0	56	212	159	7	206	79	41	5	59	133	20	7	34	47	7	0	7	198	32	11	64	80	32	5	34	160	26	5	28	126	28	3	27	105	14	3	25	0	55	0	64	144	23	14	25	90	12	10	14	262	101	9	129
95	75	3	84	197	28	11	54	0	36	0	54	210	159	9	206	79	41	5	59	132	21	8	33	47	6	0	8	201	31	8	64	79	33	6	33	158	26	7	28	124	28	5	27	101	14	6	26	0	57	0	62	153	22	7	24	92	12	8	14	260	100	12	130
93	74	5	85	203	29	5	53	0	36	0	54	207	158	12	207	81	41	3	59	130	21	10	33	47	6	0	8	200	32	9	63	81	31	4	35	155	26	9	29	127	27	5	25	101	14	6	26	0	55	0	64	154	22	6	24	92	11	8	15	261	99	11	131
91	76	7	83	202	30	5	53	0	34	0	56	204	160	15	205	81	40	3	60	132	18	8	36	47	6	0	8	201	30	8	65	79	31	6	35	157	27	8	27	127	25	5	27	103	13	5	26	0	53	0	66	151	22	8	25	92	11	8	15	262	102	10	128
89	74	9	85	202	31	6	51	0	34	0	56	207	162	12	203	82	40	2	60	132	18	8	36	47	5	0	9	204	30	9	65	79	27	6	39	163	24	4	28	126	24	6	28	102	13	7	25	0	52	0	67	150	23	8	25	92	10	8	16	261	104	7	126
90	74	8	85	203	31	5	51	0	34	0	56	208	164	11	201	83	41	1	59	132	19	8	35	46	4	1	10	206	30	6	65	82	25	3	41	161	27	4	27	126	21	7	30	104	15	5	23	0	52	0	67	155	23	2	26	94	10	6	16	260	100	9	130
91	70	7	89	202	33	6	49	0	33	0	57	207	167	12	198	81	42	3	58	131	20	9	34	46	4	1	10	208	31	8	64	81	25	4	41	161	29	3	26	128	20	5	31	104	15	5	23	0	51	0	68	152	22	5	27	92	10	8	16	254	97	11	133
92	72	6	87	204	33	4	49	0	34	0	56	212	166	7	199	82	42	2	58	131	21	9	33	46	4	1	10	210	30	5	65	83	26	2	40	160	29	4	26	128	20	5	31	105	15	5	22	0	50	0	69	151	23	5	27	92	11	8	15	253	102	13	128
93	70	5	89	205	32	3	50	0	36	0	54	213	164	6	201	83	42	1	58	132	20	8	34	45	4	2	10	211	30	5	65	82	26	3	40	156	28	8	27	125	22	8	29	107	13	3	24	0	51	0	68	151	23	5	27	94	11	6	15	248	99	17	131
91	73	7	86	204	33	4	49	0	36	0	54	214	167	5	198	82	40	2	60	134	21	6	33	44	5	2	10	205	30	6	65	81	24	4	42	157	27	7	28	127	23	6	28	104	13	7	23	0	51	0	68	153	23	3	27	94	11	6	15	259	100	11	130
92	72	6	87	203	35	5	47	0	36	0	54	211	166	8	199	78	41	6	59	136	20	4	34	42	5	4	10	201	29	5	67	79	24	6	42	158	27	6	28	130	24	5	25	107	12	4	24	0	52	0	67	155	22	1	28	95	11	5	15	262	103	12	127
93	73	5	86	203	35	5	47	0	35	0	55	213	167	6	198	76	41	8	59	138	18	3	35	43	5	3	10	194	30	6	66	81	25	4	41	156	25	8	30	132	24	4	24	107	13	4	23	0	51	0	68	158	20	0	28	94	11	6	15	267	100	13	130
92	71	6	88	204	34	4	48	0	33	0	57	213	166	6	199	79	40	5	60	138	17	4	35	45	5	1	10	195	28	7	67	79	25	6	41	155	23	9	32	133	23	3	25	107	13	4	23	0	52	0	67	156	20	2	28	91	11	9	15	265	98	14	132
93	72	5	87	204	34	5	47	0	32	0	58	210	170	9	195	81	39	3	61	137	15	6	36	46	5	0	10	192	28	12	66	77	25	8	41	153	23	11	32	133	24	3	24	109	13	2	23	0	52	0	67	156	21	2	27	92	11	8	15	266	97	12	133
94	72	4	87	203	36	6	45	0	32	0	58	211	170	8	195	81	37	3	63	136	15	8	35	45	5	1	10	189	29	12	65	79	25	6	41	152	23	12	32	133	22	3	26	108	13	3	23	0	56	0	63	156	20	3	27	97	11	3	15	270	97	11	133
94	73	4	86	201	37	7	45	0	31	0	59	209	168	10	197	81	39	3	61	138	15	6	35	45	6	2	8	193	29	9	62	77	23	8	43	156	21	8	34	132	20	4	28	106	13	5	23	0	55	0	64	157	22	3	24	95	11	5	15	272	99	11	131
95	71	3	88	198	36	10	46	0	32	0	58	208	171	11	194	81	38	3	62	134	16	9	35	44	6	3	8	196	30	8	61	77	23	8	43	158	23	5	33	132	19	4	29	104	14	7	22	0	55	0	64	157	20	4	25	94	11	6	15	267	99	14	131
95	71	3	88	200	35	8	47	0	34	0	56	214	173	5	192	83	40	1	60	134	17	8	35	44	7	3	7	197	31	8	60	78	23	7	43	157	24	6	32	132	20	5	27	104	14	7	22	0	52	0	67	159	19	2	26	94	9	6	17	262	105	18	125
91	71	7	88	196	35	11	48	0	34	0	56	213	170	6	195	80	42	4	58	131	18	10	35	45	7	2	7	196	31	9	61	77	25	8	41	158	24	5	32	131	20	5	28	103	13	8	23	0	51	0	68	156	21	5	24	95	9	5	17	262	102	17	128
90	73	8	86	202	35	5	48	0	34	0	56	213	170	6	195	80	43	4	57	132	21	8	33	46	7	1	7	200	32	3	60	77	26	8	40	161	20	6	32	130	20	6	28	104	12	7	24	0	52	0	67	156	21	5	24	93	9	7	17	266	99	15	131
91	73	7	86	205	31	3	51	0	34	0	56	214	171	5	194	78	42	6	58	130	21	11	32	46	6	1	8	195	33	7	59	80	27	5	39	161	20	7	31	132	20	5	27	102	13	9	23	0	51	0	68	158	21	3	24	94	11	6	15	268	97	14	133
92	73	6	86	205	32	3	50	0	35	0	55	211	165	8	200	80	43	4	57	130	19	12	33	46	6	1	8	196	32	8	61	83	28	2	38	160	22	8	29	133	22	4	25	103	12	9	23	0	54	0	65	156	22	4	24	95	10	5	16	263	97	16	133
93	75	5	84	202	30	6	52	0	36	0	54	212	162	7	203	79	44	5	56	133	19	9	33	48	5	0	8	199	30	5	63	83	28	2	38	162	21	8	28	130	23	6	25	100	14	12	21	0	56	0	63	156	21	4	25	94	11	6	15	267	99	12	131
96	76	2	83	198	29	10	53	0	38	0	52	213	160	6	205	78	44	6	56	130	19	12	33	48	4	0	9	192	31	6	63	84	26	1	40	162	22	8	27	131	24	5	24	104	12	8	23	0	54	0	65	155	21	5	25	93	11	7	15	272	93	12	137
95	72	3	87	199	29	10	52	0	39	0	51	209	152	10	213	75	44	9	56	131	19	11	33	47	4	1	9	191	32	9	62	81	24	4	42	159	20	11	29	126	24	10	24	105	15	7	20	0	52	0	67	153	21	7	25	92	12	8	14	270	95	12	135
94	74	4	85	197	29	13	51	0	37	0	53	210	151	9	214	79	44	5	56	130	19	12	33	47	4	1	9	191	33	11	61	78	23	7	43	160	21	10	28	130	22	8	24	104	16	7	20	0	48	0	71	152	20	8	26	93	12	7	14	265	97	15	133
93	75	5	84	198	27	13	52	0	37	0	53	208	148	11	217	81	42	3	58	133	18	11	32	47	4	1	9	193	34	12	60	76	23	9	43	160	23	9	27	130	22	8	24	104	17	7	19	0	48	0	71	149	23	9	25	94	12	6	14	259	97	18	133
92	75	6	84	202	27	9	52	0	38	0	52	207	150	12	215	82	41	2	59	137	18	7	32	46	4	2	9	199	34	10	60	77	23	8	43	162	23	7	27	128	22	11	23	106	16	5	20	0	49	0	70	145	21	13	27	94	12	6	14	258	97	15	133
93	75	5	84	205	25	6	54	0	40	0	50	205	152	14	213	81	41	3	59	140	16	4	34	46	4	2	9	201	33	8	61	77	24	8	42	164	23	5	27	125	22	14	23	108	16	3	20	0	49	0	70	147	21	11	27	96	10	4	16	258	94	15	136
93	75	5	84	202	25	9	54	0	39	0	51	206	150	13	215	81	41	3	59	137	16	6	35	46	4	2	9	197	33	11	60	77	24	8	42	161	23	8	27	126	22	13	23	109	14	4	20	0	49	0	70	149	22	9	26	96	10	4	16	265	97	10	133
91	76	7	83	198	27	13	52	0	37	0	53	207	152	12	213	82	43	2	57	135	16	8	35	45	4	3	9	198	33	11	59	80	26	5	40	160	23	9	27	126	22	13	23	109	15	4	19	0	47	0	72	149	20	9	28	96	9	4	17	263	97	12	133
93	74	5	85	200	29	10	51	0	36	0	54	208	149	11	216	82	43	2	57	134	16	9	35	46	4	2	9	201	33	11	59	81	25	4	41	160	24	8	27	124	22	15	23	111	14	4	18	0	47	0	72	148	21	10	27	94	9	6	17	258	97	14	133
95	73	3	86	203	31	7	49	0	34	0	56	207	152	12	213	82	40	2	60	135	16	8	35	46	4	2	9	198	33	10	59	81	26	4	40	162	24	6	27	127	21	12	24	110	14	5	18	0	48	0	71	147	23	9	27	93	9	7	17	262	97	14	133
95	71	3	88	201	32	9	48	0	33	0	57	205	156	14	209	81	41	3	59	139	17	4	34	47	5	1	8	207	33	10	59	83	25	2	41	163	25	4	27	128	21	11	24	110	13	5	19	0	48	0	71	147	23	9	27	95	9	5	17	252	96	15	134
92	69	6	90	204	30	8	48	0	35	0	55	207	158	12	207	80	42	4	58	137	18	6	33	45	5	3	8	203	32	14	60	83	26	2	40	159	27	7	26	129	22	10	23	111	14	4	18	0	49	0	70	149	22	9	26	94	9	6	17	248	94	19	136
93	65	5	94	204	27	8	51	0	34	0	56	205	154	14	211	80	43	4	57	136	18	8	32	45	5	3	8	198	35	12	58	83	25	2	41	158	27	8	26	128	23	11	22	112	14	3	18	0	48	0	71	149	21	9	27	93	10	7	16	249	91	24	139
93	66	5	93	200	29	12	49	0	32	0	58	203	149	16	216	80	43	4	57	135	18	10	31	46	5	2	8	201	36	10	56	84	26	1	40	160	24	7	28	126	23	14	21	112	15	3	17	0	46	0	73	152	21	6	27	94	10	6	16	253	92	20	138
92	67	6	92	198	29	14	49	0	33	0	57	203	151	16	214	79	43	5	57	135	18	10	31	47	5	1	8	199	35	13	57	84	25	1	41	161	23	6	29	130	22	10	22	111	15	4	17	0	47	0	72	153	19	4	30	94	11	6	15	251	92	21	138
92	67	6	92	194	30	17	49	0	34	0	56	206	153	13	212	80	44	4	56	132	19	12	31	45	5	3	8	202	34	13	57	83	26	2	40	161	21	6	31	131	23	9	21	108	16	6	17	0	47	0	72	155	19	2	30	96	11	4	15	249	95	21	135
93	67	5	92	198	31	13	48	0	34	0	56	207	153	12	212	80	44	4	56	135	21	9	29	45	4	3	9	207	33	12	57	81	25	4	41	161	21	6	31	135	25	5	19	107	16	7	17	0	47	0	72	157	19	1	29	96	11	4	15	247	97	20	133
95	66	3	93	192	32	19	47	0	34	0	56	207	156	12	209	80	45	4	55	137	19	8	30	44	4	4	9	210	30	12	57	81	25	4	41	163	23	4	29	137	24	3	20	105	18	9	15	0	48	0	71	156	19	2	29	97	10	3	16	254	96	13	134
94	70	4	89	195	32	16	47	0	33	0	57	208	154	11	211	83	41	1	59	138	19	7	30	44	4	4	9	216	27	10	58	81	23	4	43	159	24	8	28	135	23	5	21	106	18	8	15	0	46	0	73	156	18	2	30	98	10	2	16	249	95	16	135
93	70	5	89	199	31	13	47	0	33	0	57	210	150	9	215	82	43	2	57	139	18	6	31	45	4	3	9	211	29	10	56	82	23	3	43	159	23	8	29	133	23	7	21	106	17	8	16	0	46	0	73	156	17	3	30	97	12	3	14	259	97	11	133
94	72	4	87	198	31	14	47	0	31	0	59	210	154	9	211	80	44	4	56	137	17	8	32	47	3	1	10	208	28	13	58	84	23	1	43	161	22	7	29	134	23	7	20	109	17	5	16	0	49	0	70	155	16	4	31	96	12	4	14	258	95	11	135
91	72	7	87	201	31	11	47	0	30	0	60	211	156	8	209	81	44	3	56	140	18	6	30	48	2	1	10	221	31	10	57	84	23	1	43	158	22	10	29	132	24	9	19	108	17	6	16	0	49	0	70	155	16	4	31	95	11	5	15	246	94	11	136
92	70	6	89	199	32	13	46	0	32	0	58	214	157	5	208	79	41	5	59	142	19	4	29	49	2	1	9	229	31	7	56	82	22	3	44	162	22	7	28	135	24	6	19	108	18	6	15	0	47	0	72	152	14	7	33	96	11	4	15	239	93	14	137
91	72	7	87	199	32	12	47	0	33	0	57	213	159	6	206	79	39	5	61	142	18	5	29	48	3	2	8	223	32	5	56	84	22	1	44	162	23	7	27	134	25	6	19	109	18	5	15	0	48	0	71	151	15	8	32	97	11	3	15	247	93	13	137
92	75	6	84	199	33	12	46	0	36	0	54	212	158	7	207	80	40	4	60	141	19	7	27	49	3	1	8	227	32	8	55	83	22	2	44	162	24	7	26	137	26	3	18	106	17	8	16	0	48	0	71	151	15	8	32	98	11	2	15	242	94	12	136
90	74	8	85	202	33	10	45	0	35	0	55	213	161	6	204	82	39	2	61	140	20	8	26	48	2	2	9	218	32	7	54	83	24	2	42	161	21	9	28	136	24	4	20	108	16	6	17	0	47	0	72	150	14	9	33	97	10	3	16	251	95	14	135
92	71	6	88	200	37	11	42	0	37	0	53	213	158	6	207	82	40	2	60	140	19	8	27	49	2	1	9	209	36	10	51	84	24	1	42	161	22	8	28	138	25	3	18	109	16	5	17	0	48	0	71	150	16	9	31	98	10	2	16	257	95	13	135
93	71	5	88	201	33	11	45	0	37	0	53	211	159	8	206	83	41	1	59	140	18	9	27	47	2	3	9	212	36	10	50	85	22	0	44	160	23	9	27	139	24	3	18	108	15	7	17	0	49	0	70	153	14	7	32	97	10	3	16	252	94	16	136
91	69	7	90	202	33	11	44	0	36	0	54	207	152	12	213	82	40	2	60	140	18	9	27	47	2	3	9	209	37	11	49	84	24	1	42	162	24	7	26	138	24	5	17	108	16	6	17	0	49	0	70	152	14	8	32	97	10	3	16	256	94	14	136
95	67	3	92	198	34	15	43	0	37	0	53	209	157	10	208	79	38	5	62	141	19	7	27	48	2	2	9	208	40	13	46	82	26	3	40	163	24	6	26	137	23	7	17	107	16	6	18	0	47	0	72	152	14	8	32	97	10	3	16	258	93	11	137
91	67	7	92	199	35	13	43	0	34	0	56	209	154	10	211	78	40	6	60	139	19	9	27	49	3	1	8	204	40	13	46	82	26	3	40	165	24	4	26	136	23	8	17	110	16	3	18	0	47	0	72	153	14	8	31	98	9	2	17	263	94	10	136
91	64	7	95	201	35	10	44	0	33	0	57	210	156	9	209	79	37	5	63	138	19	10	27	47	3	3	8	205	40	9	46	83	25	2	41	164	23	5	27	136	22	8	18	110	15	3	19	0	47	0	72	155	14	6	31	96	8	4	18	265	90	11	140
96	61	2	98	198	37	12	43	0	35	0	55	210	155	9	210	79	38	5	62	138	18	10	28	47	3	3	8	207	40	10	44	83	25	2	41	165	22	5	27	135	22	9	18	111	14	2	20	0	48	0	71	154	15	7	30	97	8	3	18	266	91	9	139
95	62	3	97	197	38	13	42	0	37	0	53	211	160	8	205	79	37	5	63	139	20	7	28	47	3	3	8	205	42	4	43	83	25	2	41	164	21	7	27	135	22	10	17	110	13	3	21	0	48	0	71	154	16	7	29	98	8	2	18	268	96	14	134
95	60	3	99	196	39	15	40	0	37	0	53	209	155	10	210	79	37	5	63	139	20	7	28	47	3	3	8	208	42	3	43	82	25	3	41	165	22	5	27	136	21	11	16	107	12	6	22	0	50	0	69	152	20	9	25	96	10	4	16	263	95	17	135
96	56	2	103	199	39	12	40	0	39	0	51	210	155	9	210	79	35	5	65	135	19	11	29	48	3	2	8	203	40	4	45	83	27	2	39	163	22	7	27	137	19	10	18	109	14	4	20	0	49	0	70	153	21	8	24	96	10	4	16	266	99	18	131
96	56	2	103	201	39	10	40	0	37	0	53	208	152	11	213	77	34	7	66	135	20	11	28	49	2	1	9	200	40	2	44	82	26	3	40	165	22	5	27	140	18	7	19	107	15	6	19	0	50	0	69	153	22	8	23	97	9	3	17	271	104	19	126
96	55	2	104	201	39	11	39	0	38	0	52	209	152	10	213	80	36	4	64	136	19	10	29	49	2	1	9	200	39	2	44	82	27	3	39	168	25	1	25	142	18	6	18	106	14	7	20	0	48	0	71	153	22	8	23	95	9	5	17	273	102	18	128
97	57	1	102	201	38	12	39	0	35	0	55	209	152	10	213	80	35	4	65	140	20	7	27	49	3	1	8	191	40	4	42	81	26	4	40	164	26	4	25	144	17	5	18	107	14	6	20	0	46	0	73	155	22	6	23	97	9	3	17	282	99	17	131
94	57	4	102	207	38	8	37	0	35	0	55	206	154	13	211	82	36	2	64	138	19	9	28	49	4	1	7	201	38	2	43	80	26	5	40	164	25	6	24	146	17	3	18	106	14	7	20	0	48	0	71	155	21	6	24	98	9	2	17	280	100	12	130
94	58	4	101	205	37	10	38	0	37	0	53	205	153	14	212	82	35	2	65	138	20	9	27	49	4	1	7	198	35	3	45	81	25	4	41	161	25	8	25	145	18	3	18	109	14	4	20	0	50	0	69	158	21	3	24	95	9	5	17	284	100	11	130
