AAA	AAC	AAG	AAT	ACA	ACC	ACG	ACT	AGA	AGC	AGG	AGT	ATA	ATC	ATG	ATT	CAA	CAC	CAG	CAT	CCA	CCC	CCG	CCT	CGA	CGC	CGG	CGT	CTA	CTC	CTG	CTT	GAA	GAC	GAG	GAT	GCA	GCC	GCG	GCT	GGA	GGC	GGG	GGT	GTA	GTC	GTG	GTT	TAA	TAC	TAG	TAT	TCA	TCC	TCG	TCT	TGA	TGC	TGG	TGT	TTA	TTC	TTG	TTT
39	72	54	85	68	81	69	79	0	42	0	45	122	173	108	151	51	47	40	47	41	56	43	46	18	18	13	14	87	97	98	93	42	27	44	36	62	48	74	61	61	40	45	44	34	46	45	45	0	70	0	60	43	42	52	43	46	11	54	10	96	112	111	115
44	70	49	87	72	83	63	79	0	43	0	44	131	177	99	147	51	49	40	45	42	57	40	47	18	18	13	14	94	97	94	94	45	28	41	35	69	45	67	64	63	41	43	43	37	49	41	43	0	70	0	60	45	42	49	44	50	11	50	10	102	111	101	116
48	70	45	87	75	81	57	84	0	44	0	43	135	180	95	144	52	48	39	46	43	58	37	48	19	20	9	15	101	95	85	96	47	28	39	35	73	46	62	64	66	43	37	44	41	49	35	45	0	71	0	59	50	41	44	45	52	11	48	10	108	110	97	117
49	70	44	87	79	82	52	84	0	43	0	44	143	178	87	146	55	48	36	46	47	57	33	49	20	20	8	15	110	97	79	95	48	29	38	34	79	47	57	62	74	42	31	43	45	49	31	45	0	72	0	58	55	42	37	46	55	10	45	11	111	111	90	116
52	73	41	84	83	82	47	85	0	44	0	43	152	173	78	151	57	49	34	45	47	56	33	50	21	19	7	16	113	100	74	93	52	29	34	34	81	50	54	60	76	42	28	44	48	50	26	46	0	73	0	57	56	43	36	45	57	10	43	11	117	112	85	115
54	76	39	81	87	85	40	85	0	44	0	43	162	172	68	152	59	49	32	45	50	56	29	51	23	19	4	17	124	102	64	91	54	29	32	34	85	48	50	62	77	43	25	45	50	52	23	45	0	73	0	57	58	43	33	46	58	9	42	12	120	113	81	114
57	77	36	80	89	85	36	87	0	44	0	43	171	172	59	152	63	49	28	45	55	56	24	51	23	18	4	18	126	102	60	92	57	31	29	32	90	49	47	59	80	44	22	44	52	53	21	44	0	75	0	55	61	45	27	47	63	8	37	13	127	113	75	114
59	80	34	77	93	86	32	86	0	44	0	43	175	171	55	153	63	51	28	43	58	57	19	52	24	17	4	18	128	102	55	93	60	30	26	33	93	51	42	59	81	44	19	46	55	54	19	42	0	76	0	54	63	45	25	47	67	8	33	13	136	113	68	114
62	81	31	76	95	86	29	87	0	44	0	43	179	168	51	156	65	50	26	44	61	59	16	50	24	17	4	18	133	104	46	94	63	29	23	34	98	48	39	60	83	45	17	45	57	55	16	42	0	78	0	52	63	45	25	47	73	9	27	12	146	112	59	115
66	81	27	76	101	86	23	87	0	44	0	43	181	168	49	156	70	51	21	43	66	59	13	48	24	16	4	19	141	105	39	94	62	29	24	34	101	49	36	59	90	44	11	45	58	55	13	44	0	79	0	51	64	46	23	47	74	10	26	11	147	112	56	115
69	78	24	79	104	86	21	86	0	45	0	42	186	169	44	155	71	50	20	44	65	60	15	46	26	15	3	19	153	105	32	93	64	31	22	32	104	49	32	60	91	45	9	45	58	57	11	44	0	79	0	51	64	48	22	46	77	10	23	11	150	112	49	115
73	78	20	79	102	86	22	87	0	47	0	40	189	169	41	155	72	50	19	44	65	60	14	47	26	17	2	18	157	106	30	91	65	31	21	32	108	49	28	60	93	44	7	46	62	58	7	43	0	79	0	51	66	48	20	46	80	10	20	11	157	112	41	115
74	79	19	78	106	85	18	88	0	47	0	40	194	172	36	152	72	47	19	47	65	61	12	48	26	16	2	19	160	104	27	93	70	34	16	29	111	51	24	59	91	43	7	49	65	54	5	46	0	80	0	50	65	48	20	47	82	10	18	11	164	109	34	118
74	81	19	76	110	82	17	88	0	48	0	39	199	173	31	151	75	47	16	47	66	61	10	49	26	17	2	18	162	105	24	94	72	36	14	27	114	50	20	61	90	44	8	48	67	52	3	48	0	81	0	49	68	50	17	45	86	11	14	10	168	107	29	120
74	83	19	74	115	82	14	86	0	48	0	39	202	176	28	148	78	48	13	46	68	61	8	49	27	17	1	18	164	108	20	92	72	34	14	29	114	50	18	63	90	44	8	48	67	51	3	49	0	79	0	51	70	50	15	45	86	11	14	10	171	108	27	119
74	86	19	71	118	85	11	83	0	47	0	40	205	174	25	150	77	48	14	46	70	60	7	49	27	17	1	18	169	110	18	89	73	33	13	30	116	52	13	64	91	46	8	45	67	53	1	49	0	78	0	52	72	50	12	46	87	11	13	10	173	111	23	116
75	87	18	70	120	84	10	83	0	48	0	39	211	174	19	150	77	49	14	45	70	60	7	49	27	17	1	18	171	110	15	91	75	34	11	29	118	53	11	63	93	46	7	44	67	52	1	50	0	79	0	51	74	52	10	44	87	11	13	10	171	113	24	114
75	85	18	72	120	85	10	82	0	48	0	39	215	173	15	151	78	47	13	47	70	62	8	46	28	16	0	19	171	108	14	92	76	36	10	27	122	53	11	59	95	47	6	42	65	54	2	49	0	81	0	49	77	52	7	44	88	11	12	10	177	114	20	113
76	84	17	73	121	87	9	80	0	48	0	39	219	172	11	152	79	46	12	48	70	61	7	48	28	16	0	19	165	107	16	91	78	36	8	27	124	54	10	57	97	42	5	46	66	52	2	50	0	79	0	51	77	52	5	46	91	10	9	11	184	116	19	111
81	83	12	74	124	90	7	76	0	50	0	37	220	172	10	152	80	47	11	47	70	61	7	48	28	16	0	19	174	105	14	91	78	35	8	28	126	53	6	60	96	43	6	45	65	52	3	50	0	76	0	54	76	51	5	48	93	8	7	13	180	114	18	113
83	81	10	76	125	89	7	76	0	47	0	40	220	172	10	152	83	48	8	46	69	63	7	47	28	15	0	20	176	106	11	91	77	33	9	30	126	52	6	61	96	43	4	47	67	52	2	49	0	76	0	54	78	50	5	47	94	8	6	13	184	113	14	114
85	83	8	74	126	87	7	77	0	45	0	42	222	176	8	148	83	49	8	45	69	62	5	50	28	15	0	20	181	102	10	95	80	33	6	30	127	54	4	60	95	46	4	45	67	52	2	49	0	73	0	57	79	53	4	44	94	9	6	12	180	117	14	110
88	80	5	77	128	89	5	75	0	42	0	45	224	180	6	144	84	50	7	44	68	62	5	51	28	15	0	20	181	104	9	92	80	32	6	31	125	54	5	61	96	44	3	47	67	50	2	51	0	69	0	61	82	54	3	41	94	9	6	12	183	118	13	109
89	80	4	77	128	90	5	74	0	40	0	47	223	177	7	147	84	49	7	45	70	64	3	49	28	15	0	20	187	104	6	93	81	32	5	31	126	53	5	61	95	45	4	46	69	49	2	50	0	69	0	61	82	52	2	44	94	9	6	12	175	116	17	111
91	82	2	75	126	92	5	74	0	42	0	45	225	176	5	148	84	50	7	44	75	64	1	46	27	15	1	20	191	104	5	92	82	32	4	31	130	55	3	57	97	45	4	44	70	47	2	51	0	70	0	60	82	53	2	43	95	10	5	11	176	115	14	112
92	81	1	76	125	91	6	75	0	41	0	46	225	179	5	145	83	49	8	45	74	65	2	45	26	14	2	21	182	108	4	93	83	34	3	29	133	57	1	54	98	44	4	44	73	47	1	49	0	70	0	60	83	53	2	42	96	10	4	11	183	121	12	106
92	82	1	75	128	90	4	75	0	41	0	46	225	181	5	143	83	49	8	45	76	63	2	45	27	15	1	20	179	111	4	93	83	34	3	29	134	54	1	56	102	45	2	41	75	45	1	49	0	68	0	62	81	52	2	45	97	12	3	9	184	122	11	105
92	81	1	76	127	91	5	74	0	44	0	43	225	177	5	147	83	48	8	46	77	59	2	48	29	15	0	19	180	109	5	93	84	35	2	28	136	53	2	54	103	44	1	42	74	44	1	51	0	68	0	62	81	52	2	45	97	12	3	9	188	123	7	104
92	80	1	77	128	90	4	75	0	44	0	43	225	174	5	150	85	48	6	46	77	57	2	50	29	17	0	17	184	109	4	94	82	35	4	28	135	51	5	54	101	43	1	45	73	43	2	52	0	69	0	61	81	53	3	43	96	12	4	9	185	127	6	100
92	82	1	75	127	91	2	77	0	46	0	41	226	169	4	155	87	49	4	45	77	58	2	49	29	15	0	19	188	103	5	97	83	37	3	26	132	52	8	53	101	44	1	44	73	43	2	52	0	69	0	61	80	51	3	46	98	12	2	9	183	124	6	103
91	81	2	76	129	89	1	78	0	46	0	41	227	167	3	157	88	47	3	47	78	55	3	50	28	18	0	17	186	106	7	94	82	34	4	29	133	54	6	52	99	48	2	41	75	44	2	49	0	70	0	60	80	51	3	46	99	12	1	9	183	124	6	103
92	81	1	76	129	91	2	75	0	45	0	42	226	165	4	159	87	47	4	47	78	55	3	50	27	18	0	18	188	104	8	93	83	33	3	30	133	55	6	51	99	47	2	42	74	43	2	51	0	71	0	59	81	52	1	46	99	11	1	10	183	125	6	102
92	82	1	75	132	90	2	73	0	44	0	43	224	169	6	155	87	50	4	44	79	56	2	49	27	16	0	20	191	104	8	92	83	33	3	30	134	53	6	52	96	48	5	41	75	44	2	49	0	71	0	59	79	50	3	48	98	11	2	10	182	125	5	102
93	80	0	77	131	87	2	77	0	43	0	44	226	168	4	156	88	49	3	45	79	56	2	49	27	16	0	20	190	105	8	88	83	35	3	28	132	57	6	50	94	48	7	41	74	46	2	48	0	72	0	58	79	54	3	44	99	12	1	9	185	125	6	102
93	81	0	76	131	89	3	74	0	42	0	45	226	167	4	157	88	48	3	46	85	55	2	44	26	16	1	20	194	105	5	87	83	36	3	27	133	55	6	51	96	49	5	40	75	44	2	49	0	71	0	59	81	53	2	44	99	12	1	9	184	123	7	104
93	81	0	76	131	87	3	76	0	42	0	45	227	168	3	156	88	46	3	48	87	55	1	43	26	17	2	18	188	101	5	90	84	35	2	28	135	56	5	49	99	48	2	41	74	44	3	49	0	70	0	60	81	55	4	40	100	12	0	9	192	123	6	104
92	79	1	78	134	86	2	75	0	40	0	47	228	174	2	150	88	47	3	47	89	56	1	40	26	16	2	19	189	99	5	91	85	35	1	28	138	56	4	47	100	51	2	37	78	46	1	45	0	71	0	59	79	57	5	39	100	12	0	9	194	123	4	104
92	79	1	78	134	83	2	78	0	40	0	47	229	174	1	150	87	49	4	45	91	55	1	39	26	16	2	19	196	98	3	89	86	35	0	28	139	56	3	47	101	50	2	37	77	46	2	45	0	72	0	58	79	57	4	40	99	12	1	9	190	121	6	106
91	78	2	79	132	84	2	79	0	38	0	49	227	178	3	146	88	49	3	45	91	54	1	40	26	17	2	18	195	96	6	91	86	33	0	30	139	54	2	50	104	49	2	35	79	47	2	42	0	69	0	61	81	57	3	39	98	12	2	9	188	115	6	112
91	78	2	79	133	84	3	77	0	39	0	48	227	179	3	145	87	47	4	47	90	54	3	39	27	17	1	18	195	92	9	91	86	34	0	29	141	53	2	49	104	50	2	34	81	45	2	42	0	73	0	57	82	57	3	38	98	13	2	8	189	119	6	108
90	76	3	81	132	87	5	73	0	42	0	45	226	181	4	143	86	47	5	47	92	52	3	39	28	18	0	17	201	87	11	94	86	34	0	29	142	53	2	48	106	47	2	35	83	44	2	41	0	76	0	54	83	56	2	39	98	13	2	8	183	123	6	104
88	82	5	75	132	91	5	69	0	41	0	46	223	180	7	144	86	49	5	45	94	52	2	38	29	16	0	18	205	84	8	98	86	36	0	27	141	55	3	46	105	46	2	37	86	45	2	37	0	74	0	56	84	55	2	39	98	12	2	9	180	123	7	104
89	85	4	72	134	91	4	68	0	41	0	46	224	178	6	146	87	51	4	43	94	52	2	38	29	16	0	18	200	87	10	95	86	38	0	25	142	54	3	46	104	47	2	37	85	42	3	40	0	73	0	57	85	56	2	37	99	11	1	10	184	124	6	103
90	84	3	73	134	92	4	67	0	42	0	45	224	174	6	150	87	49	4	45	95	52	2	37	29	17	0	17	199	86	8	95	86	36	0	27	142	52	3	48	103	47	3	37	87	41	3	39	0	74	0	56	84	54	3	39	99	12	1	9	186	124	8	103
89	85	4	72	135	86	4	72	0	42	0	45	225	176	5	148	88	50	3	44	94	54	2	36	29	17	0	17	200	84	7	95	85	36	1	27	140	51	4	50	102	45	5	38	87	38	3	42	0	76	0	54	85	54	2	39	99	11	1	10	189	125	7	102
91	86	2	71	135	84	5	73	0	43	0	44	224	173	6	151	89	52	2	42	94	55	2	35	28	17	0	18	197	85	7	94	85	37	1	26	138	49	4	54	102	44	4	40	86	38	3	43	0	76	0	54	84	56	1	39	98	11	2	10	190	125	9	102
91	85	2	72	139	83	3	72	0	42	0	45	223	171	7	153	89	50	2	44	95	52	2	37	29	17	0	17	201	81	7	95	84	35	2	28	139	51	5	50	103	42	4	41	87	42	2	39	0	72	0	58	86	53	2	39	99	11	1	10	190	122	8	105
91	84	2	73	138	85	5	69	0	42	0	45	226	170	4	154	89	49	2	45	98	47	1	40	30	17	0	16	196	82	7	95	84	38	2	25	140	54	6	45	105	40	2	43	87	42	2	39	0	74	0	56	85	53	3	39	98	11	2	10	196	128	6	99
91	87	2	70	140	85	4	68	0	44	0	43	226	170	4	154	89	52	2	42	97	46	2	41	30	18	0	15	199	81	5	95	84	40	2	23	144	49	3	49	104	44	3	39	87	41	2	40	0	70	0	60	85	55	3	37	98	12	2	9	197	127	5	100
92	85	1	72	141	87	4	65	0	45	0	42	227	168	3	156	90	51	1	43	96	49	2	39	31	17	0	15	202	85	4	91	84	38	2	25	143	48	3	51	103	45	2	40	87	42	2	39	0	71	0	59	87	53	2	38	98	12	2	9	195	125	5	102
91	83	2	74	142	85	4	66	0	47	0	40	227	169	3	155	90	49	1	45	97	49	2	38	31	17	0	15	205	82	3	93	85	38	1	25	141	46	5	53	101	43	2	44	89	40	2	39	0	73	0	57	87	49	3	41	99	11	1	10	196	126	3	101
91	79	2	78	145	88	3	61	0	46	0	41	228	169	2	155	90	53	1	41	95	51	2	38	31	18	0	14	208	81	2	91	85	37	1	26	141	46	5	53	99	46	1	44	90	39	0	41	0	74	0	56	87	50	2	41	98	11	2	10	194	127	6	100
91	82	2	75	145	91	4	57	0	46	0	41	225	170	5	154	90	55	1	39	96	50	1	39	31	20	0	12	201	80	3	92	86	36	0	27	141	50	4	50	99	46	1	44	90	38	0	42	0	69	0	61	87	49	2	42	98	10	2	11	201	126	5	101
91	82	2	75	146	91	3	57	0	48	0	39	226	171	4	153	90	56	1	38	96	48	0	42	31	20	1	11	198	86	4	86	86	36	0	27	141	49	5	50	99	48	2	41	90	37	0	43	0	69	0	61	86	50	2	42	98	11	2	10	203	129	5	98
91	84	2	73	148	88	1	60	0	48	0	39	225	173	5	151	90	55	1	39	94	49	1	42	33	19	1	10	198	89	4	81	84	36	2	27	143	46	5	51	97	47	3	43	89	36	0	45	0	70	0	60	86	51	2	41	97	11	3	10	204	128	6	99
90	84	3	73	148	85	2	62	0	48	0	39	225	173	5	151	89	56	2	38	93	50	2	41	33	20	1	9	199	90	4	81	85	37	1	26	144	46	4	51	98	46	2	44	89	36	0	45	0	72	0	58	87	52	2	39	97	11	3	10	203	126	5	101
90	84	3	73	147	86	2	62	0	47	0	40	224	177	6	147	90	57	1	37	93	50	2	41	35	19	0	9	201	96	5	74	85	37	1	26	143	42	4	56	94	49	4	43	92	37	0	41	0	72	0	58	87	56	1	36	98	11	2	10	199	127	7	100
90	82	3	75	147	85	2	63	0	44	0	43	224	175	6	149	89	57	2	37	93	50	2	41	35	19	0	9	204	100	6	70	83	37	3	26	143	42	4	56	97	50	1	42	91	37	1	41	0	70	0	60	86	56	2	36	96	11	4	10	196	132	6	95
91	82	2	75	151	81	1	64	0	45	0	42	224	172	6	152	89	58	2	36	94	50	1	41	35	19	0	9	201	97	5	72	83	37	3	26	142	42	7	54	97	50	1	42	91	38	1	40	0	69	0	61	85	56	1	38	95	11	5	10	198	136	9	91
91	82	2	75	153	78	1	65	0	47	0	40	225	168	5	156	89	60	2	34	92	51	1	42	34	19	1	9	204	99	4	70	83	38	3	25	142	43	7	53	98	49	1	42	90	39	1	40	0	70	0	60	86	56	0	38	95	11	5	10	196	134	9	93
92	86	1	71	153	76	2	66	0	47	0	40	224	176	6	148	88	57	3	37	90	55	2	39	34	20	1	8	198	103	4	66	84	38	2	25	144	44	4	53	100	46	2	42	92	38	1	39	0	69	0	61	85	54	1	40	94	11	6	10	201	131	10	96
92	84	1	73	150	82	3	62	0	45	0	42	223	171	7	153	88	56	3	38	88	56	4	38	34	19	1	9	195	97	3	72	85	36	1	27	144	44	4	53	101	46	2	41	94	40	0	36	0	70	0	60	86	55	1	38	93	11	7	10	203	130	12	97
91	86	2	71	147	82	6	62	0	45	0	42	225	166	5	158	89	55	2	39	89	55	5	37	35	19	0	9	196	96	4	75	85	36	1	27	145	44	3	53	100	47	2	41	94	40	0	36	0	74	0	56	88	54	1	37	93	12	7	9	200	131	11	96
91	84	2	73	149	82	3	63	0	45	0	42	227	169	3	155	89	55	2	39	90	53	4	39	35	21	0	7	193	98	5	71	85	35	1	28	145	45	4	51	98	46	3	43	95	39	0	36	0	70	0	60	88	57	1	34	94	11	6	10	206	129	9	98
91	84	2	73	150	82	3	62	0	45	0	42	226	166	4	158	89	54	2	40	93	51	2	40	35	21	0	7	198	97	5	69	85	33	1	30	146	46	2	51	99	45	1	45	94	38	0	38	0	73	0	57	88	57	1	34	94	12	6	9	203	133	10	94
92	81	1	76	151	82	2	62	0	46	0	41	226	162	4	162	89	52	2	42	94	53	2	37	35	19	0	9	203	97	8	68	85	33	1	30	142	45	4	54	99	44	1	46	95	40	0	35	0	75	0	55	88	56	1	35	94	12	6	9	197	129	9	98
92	81	1	76	150	81	2	64	0	50	0	37	225	162	5	162	89	52	2	42	94	52	3	37	35	18	0	10	203	93	13	71	86	33	0	30	144	45	2	54	101	41	1	47	95	40	0	35	0	71	0	59	89	55	0	36	95	13	5	8	193	129	9	98
92	83	1	74	151	82	2	62	0	50	0	37	225	166	5	158	89	52	2	42	93	51	2	40	35	19	0	9	207	92	11	69	86	33	0	30	145	44	1	55	99	42	2	47	94	38	0	38	0	74	0	56	88	55	1	36	95	14	5	7	195	128	8	99
92	85	1	72	155	83	2	57	0	50	0	37	227	170	3	154	89	54	2	40	95	50	2	39	35	19	0	9	209	91	10	71	85	34	1	29	144	44	2	55	98	44	2	46	93	38	1	38	0	73	0	57	85	58	2	35	96	14	4	7	194	128	7	99
92	86	1	71	152	86	3	56	0	50	0	37	228	164	2	160	88	53	3	41	95	49	2	40	35	18	1	9	209	89	9	73	85	34	1	29	145	47	2	51	99	44	2	45	92	38	3	37	0	72	0	58	84	59	3	34	97	14	3	7	193	131	9	96
93	86	0	71	153	90	4	50	0	53	0	34	228	166	2	158	89	53	2	41	96	50	1	39	36	17	1	9	207	90	6	72	85	34	1	29	147	46	2	50	98	46	2	44	93	39	1	37	0	73	0	57	83	60	3	34	98	14	2	7	199	133	8	94
92	87	1	70	152	92	5	48	0	53	0	34	227	167	3	157	90	58	1	36	96	51	0	39	35	17	2	9	206	89	5	73	85	35	1	28	146	46	2	51	98	43	2	47	91	42	3	34	0	71	0	59	85	57	3	35	98	14	2	7	202	133	7	94
91	83	2	74	152	94	5	46	0	52	0	35	226	170	4	154	90	56	1	38	96	50	1	39	36	16	1	10	212	89	4	74	85	37	1	26	146	47	2	50	97	45	1	47	90	44	3	33	0	72	0	58	85	54	3	38	98	15	2	6	196	130	7	97
92	81	1	76	151	96	6	44	0	49	0	38	225	169	5	155	90	58	1	36	96	50	2	38	36	15	1	11	210	86	4	76	85	37	1	26	147	47	1	50	96	47	1	46	90	43	1	36	0	74	0	56	86	53	1	40	98	16	2	5	199	129	7	98
92	80	1	77	150	95	8	44	0	49	0	38	226	167	4	157	88	58	3	36	94	53	2	37	34	16	2	11	211	85	3	76	85	35	1	28	148	48	2	47	96	46	3	45	91	42	0	37	0	75	0	55	87	51	1	41	97	16	3	5	203	133	4	94
92	82	1	75	149	95	9	44	0	50	0	37	226	168	4	156	88	57	3	37	95	54	2	35	35	16	2	10	214	85	4	73	85	35	1	28	147	49	2	47	97	47	2	44	90	45	0	35	0	72	0	58	89	47	1	43	97	15	3	6	203	134	3	93
92	85	1	72	151	96	7	43	0	51	0	36	225	162	5	162	89	57	2	37	95	52	2	37	36	15	1	11	217	84	3	72	85	35	1	28	145	51	2	47	97	48	2	43	89	47	0	34	0	73	0	57	87	51	1	41	97	13	3	8	202	136	4	91
92	88	1	69	152	94	5	46	0	53	0	34	226	167	4	157	90	57	1	37	95	51	2	38	36	15	1	11	221	84	4	72	85	35	1	28	147	48	1	49	101	46	0	43	89	48	0	33	0	70	0	60	89	51	1	39	97	12	3	9	198	135	3	92
91	89	2	68	154	92	3	48	0	54	0	33	224	166	6	158	90	53	1	41	92	52	2	40	36	15	0	12	221	84	2	74	85	37	1	26	148	48	1	48	98	47	2	43	91	48	0	31	0	71	0	59	87	51	1	41	96	11	4	10	198	134	3	93
93	90	0	67	153	89	3	52	0	53	0	34	224	168	6	156	90	54	1	40	93	53	2	38	36	14	0	13	222	85	4	71	84	39	2	24	148	47	1	49	99	43	3	45	90	48	0	32	0	70	0	60	87	51	1	41	96	11	4	10	198	134	2	93
93	93	0	64	153	88	2	54	0	53	0	34	222	172	8	152	89	53	2	41	91	54	3	38	36	14	1	12	226	82	4	74	84	38	2	25	145	48	2	50	101	43	3	43	90	48	0	32	0	66	0	64	86	51	3	40	96	11	4	10	194	136	2	91
92	94	1	63	155	83	1	58	0	50	0	37	219	171	11	153	88	51	3	43	90	51	2	43	36	13	1	13	220	81	4	76	84	35	2	28	145	49	3	48	100	42	4	44	90	49	0	31	0	68	0	62	86	50	3	41	96	11	4	10	198	137	3	90
91	89	2	68	154	84	2	57	0	48	0	39	221	168	9	156	87	51	4	43	91	51	2	42	35	14	1	13	223	83	7	72	84	36	2	27	144	50	4	47	99	43	4	44	88	48	0	34	0	70	0	60	86	47	3	44	97	11	3	10	194	137	3	90
91	89	2	68	152	82	2	61	0	46	0	41	219	169	11	155	87	53	4	41	91	53	3	39	35	14	1	13	222	82	8	73	84	37	2	26	143	53	4	45	100	41	4	45	88	49	0	33	0	68	0	62	87	45	2	46	98	12	2	9	194	134	3	93
91	87	2	70	153	82	4	58	0	45	0	42	221	166	9	158	87	53	4	41	92	52	2	40	35	14	1	13	221	83	9	72	84	37	2	26	145	54	4	42	102	42	3	43	85	51	2	32	0	68	0	62	86	42	3	49	99	12	1	9	193	132	4	95
91	88	2	69	154	83	3	57	0	46	0	41	220	167	10	157	87	56	4	38	93	53	2	38	35	14	1	13	216	82	10	74	83	36	3	27	147	53	3	42	102	45	4	39	82	53	4	31	0	70	0	60	88	43	3	46	99	11	1	10	196	131	4	96
91	89	2	68	153	83	3	58	0	45	0	42	222	172	8	152	88	58	3	36	93	53	2	38	35	14	1	13	217	84	10	73	84	37	2	26	146	52	4	43	102	46	3	39	82	54	5	29	0	70	0	60	87	44	4	45	98	11	2	10	194	130	4	97
92	88	1	69	153	82	2	60	0	47	0	40	221	169	9	155	88	58	3	36	93	52	2	39	35	15	1	12	219	81	8	76	84	35	2	28	147	51	2	45	102	46	4	38	83	54	3	30	0	68	0	62	91	44	2	43	99	10	1	11	193	128	5	99
92	87	1	70	154	77	2	64	0	47	0	40	223	170	7	154	88	56	3	38	93	53	2	38	35	15	1	12	218	79	10	80	84	36	2	27	148	50	1	46	104	45	4	37	84	55	3	28	0	68	0	62	90	41	3	46	99	10	1	11	191	126	4	101
92	87	1	70	153	78	2	64	0	49	0	38	224	169	6	155	90	54	1	40	93	50	2	41	35	15	1	12	217	80	9	79	84	36	2	27	146	53	1	45	101	48	5	36	80	57	5	28	0	67	0	63	89	37	3	51	97	11	3	10	191	124	6	103
92	86	1	71	153	76	1	67	0	52	0	35	225	174	5	150	89	55	2	39	93	51	1	41	35	15	1	12	212	83	8	79	83	37	3	26	146	53	0	46	101	49	4	36	80	56	3	31	0	68	0	62	90	39	2	49	99	12	1	9	195	123	5	104
91	85	2	72	154	76	0	67	0	55	0	32	227	174	3	150	88	55	3	39	93	54	0	39	35	15	1	12	210	83	10	79	83	39	3	24	145	52	0	48	103	46	3	38	79	55	4	32	0	70	0	60	90	41	2	47	99	13	1	8	195	130	5	97
91	85	2	72	154	74	1	68	0	53	0	34	227	173	3	151	88	56	3	38	92	52	0	42	36	15	0	12	206	83	7	79	85	39	1	24	146	51	0	48	103	47	4	36	79	52	4	35	0	68	0	62	90	43	2	45	99	13	1	8	201	124	6	103
90	85	3	72	154	75	2	66	0	55	0	32	228	173	2	151	89	56	2	38	91	51	0	44	35	14	0	14	211	85	7	78	84	41	2	22	144	52	1	48	102	47	3	38	80	51	3	36	0	69	0	61	91	42	1	46	99	13	1	8	197	121	4	106
90	85	3	72	153	74	4	66	0	53	0	34	229	176	1	148	89	55	2	39	92	55	1	38	34	14	1	14	213	88	7	73	84	42	2	21	145	51	1	48	103	50	1	36	82	51	2	35	0	70	0	60	90	42	1	47	99	13	1	8	198	119	3	108
92	86	1	71	153	75	4	65	0	51	0	36	228	179	2	145	88	54	3	40	91	55	1	39	34	13	1	15	208	88	7	74	84	41	2	22	143	54	4	44	102	49	2	37	78	56	1	35	0	70	0	60	90	43	2	45	99	12	1	9	203	116	2	111
92	88	1	69	157	75	3	62	0	51	0	36	229	178	1	146	88	56	3	38	89	58	3	36	33	14	1	15	202	90	6	73	85	39	1	24	143	55	4	43	104	46	2	38	78	56	1	35	0	73	0	57	90	43	2	45	98	12	2	9	209	118	2	109
91	89	2	68	154	79	2	62	0	52	0	35	229	181	1	143	88	55	3	39	89	57	3	37	33	14	1	15	201	95	6	70	85	38	1	25	142	58	3	42	104	48	1	37	78	55	1	36	0	74	0	56	95	40	2	43	99	12	1	9	208	120	2	107
92	92	1	65	150	80	2	65	0	50	0	37	228	181	2	143	86	55	5	39	89	58	4	35	33	16	1	13	206	90	5	72	85	37	1	26	138	59	2	46	103	47	2	38	76	55	1	38	0	74	0	56	94	40	3	43	99	12	1	9	207	121	2	106
91	91	2	66	151	79	1	66	0	52	0	35	227	177	3	147	88	53	3	41	90	59	3	34	34	15	1	13	205	91	4	72	84	37	2	26	140	58	1	46	104	46	0	40	75	55	2	38	0	73	0	57	97	36	2	45	99	13	1	8	207	119	3	108
90	92	3	65	151	79	0	67	0	51	0	36	227	175	3	149	88	53	3	41	90	58	3	35	34	17	1	11	212	97	2	66	83	35	3	28	138	57	4	46	103	47	1	39	75	53	2	40	0	73	0	57	96	37	3	44	99	13	1	8	203	120	2	107
90	86	3	71	153	78	0	66	0	47	0	40	226	171	4	153	89	52	2	42	90	57	3	36	34	16	1	12	213	99	1	64	84	36	2	27	139	58	4	44	102	44	1	43	75	56	2	37	0	77	0	53	96	39	3	42	99	13	1	8	202	124	3	103
90	84	3	73	154	77	0	66	0	47	0	40	225	173	5	151	89	51	2	43	91	53	3	39	36	13	1	13	216	92	2	69	84	37	2	26	140	56	5	44	101	45	2	42	75	56	2	37	0	75	0	55	93	42	4	41	98	13	2	8	199	126	4	101
89	85	4	72	154	77	0	66	0	48	0	39	225	169	5	155	89	51	2	43	90	55	3	38	36	11	1	15	211	90	2	71	83	38	3	25	137	57	6	45	104	46	0	40	73	55	3	39	0	73	0	57	91	43	5	41	99	13	1	8	204	126	4	101
90	84	3	73	154	78	0	65	0	49	0	38	224	170	6	154	91	51	0	43	90	54	2	40	37	10	1	15	207	88	1	71	82	38	4	25	138	57	5	45	103	45	0	42	73	55	2	40	0	75	0	55	91	42	5	42	99	13	1	8	209	129	6	98
89	81	4	76	154	76	0	67	0	49	0	38	223	165	7	159	91	52	0	42	91	53	1	41	38	11	0	14	211	88	0	72	83	37	3	26	142	57	3	43	101	43	1	45	76	58	1	35	0	77	0	53	90	44	4	42	99	13	1	8	205	126	6	101
89	81	4	76	154	78	1	64	0	45	0	42	224	158	6	166	89	51	2	43	90	54	3	39	38	14	1	10	204	85	2	74	84	37	2	26	140	59	3	43	103	45	1	41	76	56	1	37	0	77	0	53	92	43	3	42	99	13	1	8	214	127	3	100
90	80	3	77	153	75	3	66	0	45	0	42	224	161	6	163	89	53	2	41	92	52	3	39	39	13	1	10	207	83	3	75	83	37	3	26	142	59	2	42	101	48	1	40	77	56	2	35	0	79	0	51	92	46	3	39	100	14	0	7	212	126	2	101
91	82	2	75	154	73	2	68	0	45	0	42	224	160	6	164	89	56	2	38	95	50	1	40	40	11	1	11	214	83	2	74	83	37	3	26	141	59	3	42	101	46	1	42	78	56	2	34	0	78	0	52	92	43	3	42	99	13	1	8	208	125	1	102
92	80	1	77	155	69	2	71	0	44	0	43	224	166	6	158	88	57	3	37	94	53	2	37	40	11	2	10	216	81	1	74	83	38	3	25	143	60	2	40	102	44	2	42	76	53	2	39	0	80	0	50	92	46	3	39	99	13	1	8	205	125	5	102
93	82	0	75	155	65	2	75	0	46	0	41	222	167	8	157	88	55	3	39	92	56	2	36	40	10	2	11	212	82	3	73	83	38	3	25	143	58	3	41	101	46	2	41	77	55	1	37	0	79	0	51	93	47	3	37	99	13	1	8	210	127	2	100
93	80	0	77	151	65	3	78	0	45	0	42	222	176	8	148	87	54	4	40	90	60	3	33	40	11	2	10	212	81	2	73	83	40	3	23	145	56	3	41	102	46	2	40	77	53	2	38	0	77	0	53	92	46	4	38	99	13	1	8	209	130	5	97
92	84	1	73	150	65	4	78	0	45	0	42	220	177	10	147	86	53	5	41	95	56	3	32	40	12	2	9	210	80	3	75	83	40	3	23	147	53	3	42	102	48	3	37	75	53	3	39	0	80	0	50	95	43	4	38	99	13	1	8	210	130	4	97
92	84	1	73	150	67	4	76	0	44	0	43	222	178	8	146	88	53	3	41	95	58	2	31	40	12	2	9	207	84	3	74	85	40	1	23	146	53	4	42	101	47	5	37	76	53	2	39	0	79	0	51	98	43	3	36	100	13	0	8	211	125	3	102
92	80	1	77	149	65	4	79	0	44	0	43	222	184	8	140	88	54	3	40	92	58	3	33	40	12	2	9	204	85	3	74	86	39	0	24	148	53	3	41	101	49	4	36	76	52	2	40	0	77	0	53	97	46	3	34	100	13	0	8	211	128	5	99
92	81	1	76	149	69	4	75	0	45	0	42	219	188	11	136	88	53	3	41	92	60	3	31	40	12	2	9	202	88	3	70	86	41	0	22	145	58	4	38	102	50	4	34	78	51	2	39	0	77	0	53	97	45	3	35	99	14	1	7	215	125	4	102
92	82	1	75	150	71	4	72	0	45	0	42	220	191	10	133	90	55	1	39	93	60	3	30	40	14	1	8	210	92	2	67	86	41	0	22	145	53	4	43	105	49	1	35	77	52	3	38	0	78	0	52	97	45	3	35	99	14	1	7	207	129	4	98
92	84	1	73	150	73	5	69	0	46	0	41	219	192	11	132	88	56	3	38	92	58	3	33	39	16	1	7	216	91	2	67	85	42	1	21	145	53	4	43	104	48	0	38	75	54	3	38	0	74	0	56	97	45	2	36	99	14	1	7	201	121	5	106
92	85	1	72	148	75	4	70	0	49	0	38	217	187	13	137	90	58	1	36	94	54	3	35	39	14	1	9	220	94	2	63	84	42	2	21	144	53	4	44	105	51	1	33	78	53	3	36	0	75	0	55	98	44	2	36	99	14	1	7	198	118	5	109
92	89	1	68	149	75	3	70	0	51	0	36	220	190	10	134	89	56	2	38	95	53	3	35	39	14	1	9	221	94	2	62	83	43	3	20	145	52	3	45	103	52	1	34	78	56	2	34	0	75	0	55	100	43	1	36	99	13	1	8	197	115	6	112
91	88	2	69	150	74	4	69	0	51	0	36	222	190	8	134	89	56	2	38	94	50	3	39	40	14	0	9	221	93	2	62	84	42	2	21	145	52	3	45	104	48	1	37	78	56	1	35	0	73	0	57	99	44	1	36	98	13	2	8	197	118	7	109
91	87	2	70	150	75	4	68	0	51	0	36	223	189	7	135	87	58	4	36	93	46	3	44	40	14	0	9	231	87	2	64	85	42	1	21	146	49	3	47	104	48	1	37	77	53	2	38	0	70	0	60	101	45	2	32	99	13	1	8	190	116	8	111
91	88	2	69	150	76	5	66	0	51	0	36	227	192	3	132	87	59	4	35	92	44	4	46	41	14	0	8	232	83	3	70	85	43	1	20	146	48	3	48	103	46	2	39	77	55	1	37	0	71	0	59	105	42	2	31	98	13	2	8	189	116	5	111
91	89	2	68	150	75	6	66	0	51	0	36	226	193	4	131	87	58	4	36	93	46	4	43	41	15	0	7	228	86	4	64	85	41	1	22	146	46	3	50	103	47	2	38	75	56	1	38	0	72	0	58	107	40	0	33	99	13	1	8	194	119	6	108
91	89	2	68	150	76	6	65	0	49	0	38	225	194	5	130	88	60	3	34	95	45	2	44	40	15	1	7	226	86	3	67	83	41	3	22	145	48	5	47	103	46	2	39	77	56	1	36	0	72	0	58	108	38	0	34	98	12	2	9	192	120	8	107
92	91	1	66	150	69	6	72	0	50	0	37	226	192	4	132	88	57	3	37	98	44	0	44	38	16	1	8	230	86	2	69	84	40	2	23	145	50	4	46	101	48	3	38	76	57	1	36	0	74	0	56	109	42	0	29	98	12	2	9	186	118	9	109
92	94	1	63	150	68	5	74	0	50	0	37	226	194	4	130	88	59	3	35	96	46	1	43	38	16	1	8	227	82	3	75	85	40	1	23	144	51	4	46	100	47	5	38	77	54	1	38	0	74	0	56	110	40	0	30	100	12	0	9	188	117	7	110
93	96	0	61	151	68	4	74	0	48	0	39	225	195	5	129	88	58	3	36	97	47	1	41	38	15	1	9	228	79	3	77	85	41	1	22	142	55	3	45	102	49	3	36	77	55	1	37	0	74	0	56	110	40	0	30	100	12	0	9	189	120	6	107
93	94	0	63	150	67	4	76	0	45	0	42	226	195	4	129	88	57	3	37	95	49	1	41	38	15	1	9	229	73	1	82	85	40	1	23	143	55	3	44	104	45	3	38	77	55	1	37	0	76	0	54	110	38	0	32	98	12	2	9	188	118	9	109
93	94	0	63	151	69	4	73	0	45	0	42	228	196	2	128	89	55	2	39	96	45	1	44	39	14	0	10	223	74	4	81	85	39	1	24	141	57	2	45	105	44	2	39	77	52	1	40	0	75	0	55	111	37	0	32	99	11	1	10	192	116	8	111
93	96	0	61	150	71	4	72	0	44	0	43	228	197	2	127	89	56	2	38	94	46	2	44	39	15	0	9	217	76	3	81	84	40	2	23	139	60	4	42	103	46	4	37	78	52	0	40	0	77	0	53	111	37	1	31	97	12	3	9	198	116	7	111
92	94	1	63	147	71	7	72	0	45	0	42	226	191	4	133	89	55	2	39	96	43	1	46	39	15	0	9	218	74	5	82	84	40	2	23	139	61	3	42	104	48	4	34	78	52	0	40	0	76	0	54	110	36	2	32	97	11	3	10	197	119	6	108
92	93	1	64	148	75	6	68	0	45	0	42	226	191	4	133	88	55	3	39	96	45	1	44	38	15	1	9	218	78	5	81	86	39	0	24	139	61	3	42	105	49	3	33	77	53	1	39	0	79	0	51	110	36	2	32	98	12	2	9	197	121	3	106
92	92	1	65	149	74	6	68	0	44	0	43	226	192	4	132	88	55	3	39	100	46	1	39	38	15	1	9	215	77	7	82	85	37	1	26	139	58	3	45	106	49	1	34	78	52	1	39	0	76	0	54	113	35	0	32	98	12	2	9	198	125	3	102
92	90	1	67	151	73	5	68	0	43	0	44	225	194	5	130	88	54	3	40	100	47	1	38	38	15	1	9	218	76	6	84	85	35	1	28	138	59	5	43	108	47	1	34	77	53	1	39	0	74	0	56	112	37	0	31	98	13	2	8	192	125	6	102
92	90	1	67	152	73	5	67	0	41	0	46	226	191	4	133	88	54	3	40	101	48	0	37	36	14	2	11	214	75	7	85	84	35	2	28	142	53	2	48	108	45	2	35	77	53	1	39	0	76	0	54	110	39	1	30	98	13	2	8	196	121	5	106
91	90	2	67	153	74	6	64	0	41	0	46	225	188	5	136	88	53	3	41	102	46	1	37	35	14	3	11	217	74	6	84	85	34	1	29	142	54	2	47	110	44	1	35	79	53	0	38	0	74	0	56	109	41	2	28	98	11	2	10	199	122	2	105
91	92	2	65	152	73	6	66	0	41	0	46	227	187	3	137	88	52	3	42	101	51	1	33	36	14	3	10	223	73	2	85	85	33	1	30	142	55	2	46	109	45	1	35	77	51	0	42	0	70	0	60	107	39	3	31	98	11	2	10	197	122	2	105
91	93	2	64	157	72	3	65	0	42	0	45	226	190	4	134	86	52	5	42	101	53	1	31	36	14	3	10	225	76	1	81	85	33	1	30	144	52	1	48	107	46	4	33	78	49	0	43	0	72	0	58	106	37	3	34	98	11	2	10	198	123	1	104
91	91	2	66	157	74	4	62	0	43	0	44	224	187	6	137	86	54	5	40	102	51	1	32	37	12	2	12	224	79	2	80	84	35	2	28	143	51	1	50	108	43	4	35	78	50	0	42	0	72	0	58	109	38	1	32	99	11	1	10	195	125	2	102
91	88	2	69	157	73	5	62	0	42	0	45	222	186	8	138	86	55	5	39	102	51	1	32	35	12	4	12	227	79	1	78	84	34	2	29	143	53	1	48	109	42	3	36	78	49	0	43	0	74	0	56	108	36	2	34	98	9	2	12	194	127	3	100
92	89	1	68	153	78	6	60	0	41	0	46	222	182	8	142	86	55	5	39	103	50	2	31	35	12	4	12	228	79	4	78	83	34	3	29	144	53	0	48	109	41	3	37	76	51	1	42	0	76	0	54	110	38	1	31	99	9	1	12	189	128	4	99
91	89	2	68	151	76	7	63	0	43	0	44	221	178	9	146	85	56	6	38	102	50	2	32	38	12	2	11	223	80	3	77	83	34	3	29	141	56	2	46	111	42	3	34	76	51	1	42	0	76	0	54	108	36	2	34	99	9	1	12	195	127	4	100
91	90	2	67	152	75	5	65	0	42	0	45	223	179	7	145	87	58	4	36	102	52	2	30	38	12	2	11	225	81	4	75	83	34	3	29	141	56	2	46	111	42	3	34	74	53	3	40	0	71	0	59	109	35	2	34	99	10	1	11	194	126	3	101
91	87	2	70	151	73	6	67	0	43	0	44	224	181	6	143	86	59	5	35	104	50	0	32	38	13	2	10	218	86	5	73	84	34	2	29	142	57	1	45	111	45	3	31	74	54	4	38	0	72	0	58	107	37	2	34	99	10	1	11	197	126	3	101
89	87	4	70	148	73	6	70	0	45	0	42	223	183	7	141	86	58	5	36	104	50	0	32	38	14	2	9	214	86	5	73	85	33	1	30	141	55	1	48	112	42	3	33	77	52	2	39	0	72	0	58	105	38	3	34	98	9	2	12	198	120	6	107
89	82	4	75	149	73	5	70	0	45	0	42	221	180	9	144	86	57	5	37	105	47	0	34	38	14	2	9	214	88	5	70	86	35	0	28	139	55	3	48	111	45	3	31	79	52	1	38	0	68	0	62	103	40	3	34	99	8	1	13	197	120	8	107
89	85	4	72	151	72	3	71	0	46	0	41	221	178	9	146	86	57	5	37	101	45	3	37	37	14	3	9	209	87	4	71	86	36	0	27	139	53	3	50	110	46	3	31	80	53	1	36	0	68	0	62	101	40	4	35	99	8	1	13	202	125	9	102
89	81	4	76	151	72	4	70	0	45	0	42	221	178	9	146	86	54	5	40	103	44	1	38	37	16	3	7	205	88	4	68	86	34	0	29	139	54	2	50	111	44	2	33	82	53	0	35	0	68	0	62	102	37	3	38	99	8	1	13	208	123	9	104
89	77	4	80	150	71	4	72	0	43	0	44	218	179	12	145	86	51	5	43	102	45	0	39	37	16	2	8	203	87	6	68	86	35	0	28	137	56	4	48	112	45	1	32	80	54	2	34	0	68	0	62	100	39	4	37	99	8	1	13	211	122	7	105
89	78	4	79	152	73	3	69	0	47	0	40	217	183	13	141	86	50	5	44	104	43	0	39	36	15	3	9	207	88	4	69	84	36	2	27	137	56	4	48	116	42	0	32	80	56	2	32	0	66	0	64	100	40	5	35	100	9	0	12	207	124	7	103
88	80	5	77	151	78	4	64	0	46	0	41	217	187	13	137	86	48	5	46	103	42	1	40	36	16	2	9	205	86	7	71	84	37	2	26	139	57	3	46	116	41	0	33	81	52	2	35	0	67	0	63	98	36	6	40	100	10	0	11	209	124	4	103
88	81	5	76	152	79	4	62	0	42	0	45	218	184	12	140	86	48	5	46	104	41	2	39	38	13	2	10	214	85	6	72	84	38	2	25	140	57	2	46	115	39	1	35	83	47	2	38	0	65	0	65	97	35	7	41	100	10	0	11	201	124	4	103
88	83	5	74	152	76	3	66	0	41	0	46	221	184	9	140	87	47	4	47	102	45	1	38	38	14	2	9	209	84	6	75	84	36	2	27	138	57	4	46	113	41	2	34	82	48	1	39	0	62	0	68	100	37	4	39	100	12	0	9	205	123	3	104
88	82	5	75	153	76	2	66	0	43	0	44	221	180	9	144	86	48	5	46	101	46	2	37	36	15	3	9	207	87	5	73	85	36	1	27	139	54	6	46	112	45	2	31	81	46	1	42	0	63	0	67	99	37	3	41	99	12	1	9	206	122	4	105
88	81	5	76	155	78	1	63	0	41	0	46	220	180	10	144	86	47	5	47	103	43	2	38	37	16	2	8	208	87	2	70	85	36	1	27	138	53	7	47	109	45	5	31	81	48	1	40	0	60	0	70	97	36	4	43	98	12	2	9	208	124	7	103
89	86	4	71	155	76	2	64	0	41	0	46	223	179	7	145	87	48	4	46	103	43	2	38	38	16	1	8	206	86	3	72	86	38	0	25	137	54	5	49	111	46	3	30	83	49	0	38	0	59	0	71	97	38	3	42	98	12	2	9	208	124	7	103
90	86	3	71	153	76	3	65	0	43	0	44	224	177	6	147	87	46	4	48	104	45	2	35	38	17	1	7	208	84	2	74	84	39	2	24	138	52	5	50	110	47	2	31	85	50	0	35	0	60	0	70	97	36	3	44	99	12	1	9	208	126	6	101
89	88	4	69	153	74	2	68	0	44	0	43	224	177	6	147	87	45	4	49	105	46	2	33	37	17	1	8	201	86	2	75	84	39	2	24	138	51	3	53	112	46	1	31	85	50	0	35	0	59	0	71	98	38	4	40	98	13	2	8	215	123	3	104
89	88	4	69	153	73	2	69	0	42	0	45	223	177	7	147	88	45	3	49	107	44	0	35	36	16	1	10	204	88	0	73	85	40	1	23	137	51	2	55	114	46	1	29	85	49	0	36	0	60	0	70	100	40	3	37	97	14	3	7	214	124	3	103
90	89	3	68	152	75	2	68	0	43	0	44	223	177	7	147	88	42	3	52	108	40	0	38	36	16	1	10	204	88	1	72	84	40	2	23	136	52	4	53	113	46	1	30	87	46	0	37	0	59	0	71	100	40	3	37	97	14	3	7	214	128	3	99
91	89	2	68	153	75	0	69	0	45	0	42	226	174	4	150	87	42	4	52	106	41	2	37	36	17	0	10	200	85	3	74	84	39	2	24	138	52	4	51	115	47	1	27	85	46	2	37	0	57	0	73	97	40	5	38	97	14	3	7	217	127	3	100
91	87	2	70	153	76	1	67	0	44	0	43	226	172	4	152	88	43	3	51	105	42	1	38	36	16	0	11	197	85	3	74	83	35	3	28	140	51	4	50	114	48	2	26	87	44	2	37	0	55	0	75	96	41	6	37	97	15	3	6	216	129	7	98
90	88	3	69	156	75	1	65	0	44	0	43	223	174	7	150	89	44	2	50	106	42	1	37	36	16	0	11	199	85	3	72	82	35	4	28	141	52	3	49	112	48	2	28	88	44	2	36	0	54	0	76	96	42	5	37	97	14	3	7	217	131	6	96
93	89	0	68	156	77	1	63	0	43	0	44	224	170	6	154	89	44	2	50	105	40	2	39	34	17	1	11	200	89	1	71	82	34	4	29	141	53	2	49	111	48	3	28	88	41	2	39	0	54	0	76	98	45	4	33	96	15	4	6	215	134	6	93
93	86	0	71	160	74	1	62	0	42	0	45	226	168	4	156	87	44	4	50	107	39	2	38	34	17	1	11	205	89	1	68	84	35	2	28	138	52	4	51	110	49	4	27	87	40	2	41	0	55	0	75	99	46	4	31	96	15	4	6	212	127	7	100
93	88	0	69	159	72	2	64	0	40	0	47	223	167	7	157	87	44	4	50	106	40	3	37	34	15	1	13	210	87	2	70	84	37	2	26	139	52	4	50	113	48	2	27	88	41	1	40	0	58	0	72	98	45	5	32	96	13	4	8	206	120	7	107
93	90	0	67	157	71	2	67	0	41	0	46	224	170	6	154	86	44	5	50	106	38	3	39	35	15	1	12	208	83	0	73	83	38	3	25	137	51	6	51	111	48	4	27	87	42	2	39	0	58	0	72	99	45	3	33	96	10	4	11	209	120	9	107
93	89	0	68	156	72	2	67	0	40	0	47	228	173	2	151	87	46	4	48	106	39	3	38	35	15	1	12	209	83	1	71	83	38	3	25	138	53	4	50	112	45	5	28	88	43	1	38	0	59	0	71	98	45	2	35	96	9	4	12	212	114	6	113
93	91	0	66	155	73	2	67	0	39	0	48	226	170	4	154	88	46	3	48	106	39	3	38	35	15	1	12	213	81	1	70	81	40	5	23	136	57	3	49	110	46	5	29	86	43	2	39	0	58	0	72	99	44	2	35	96	9	4	12	211	117	6	110
93	84	0	73	156	69	2	70	0	41	0	46	224	175	6	149	88	46	3	48	105	39	4	38	35	16	1	11	218	79	1	72	81	41	5	22	138	56	3	48	108	42	7	33	87	40	2	41	0	60	0	70	99	43	2	36	97	9	3	12	205	114	7	113
92	85	1	72	153	75	2	67	0	40	0	47	224	176	6	148	89	44	2	50	107	38	2	39	35	16	1	11	225	76	1	73	80	40	6	23	138	56	3	48	107	42	8	33	85	40	3	42	0	63	0	67	101	42	2	35	98	8	2	13	199	117	8	110
92	88	1	69	153	76	1	67	0	42	0	45	224	181	6	143	89	44	2	50	106	42	3	35	35	16	1	11	226	80	0	71	82	40	4	23	137	59	2	47	108	46	5	31	85	37	2	46	0	65	0	65	101	43	1	35	99	8	1	13	196	118	9	109
92	89	1	68	155	74	0	68	0	42	0	45	225	183	5	141	89	45	2	49	106	43	3	34	36	16	0	11	225	82	1	68	84	39	2	24	137	58	1	49	107	46	4	33	86	38	1	45	0	64	0	66	99	38	3	40	99	7	1	14	196	119	10	108
91	89	2	68	155	76	1	65	0	44	0	43	224	187	6	137	90	48	1	46	104	45	3	34	36	16	0	11	227	82	2	66	84	39	2	24	137	62	2	44	104	43	6	37	84	37	1	48	0	64	0	66	98	38	4	40	99	7	1	14	197	119	8	108
92	90	1	67	155	71	1	70	0	45	0	42	224	189	6	135	90	47	1	47	104	44	3	35	34	17	1	11	230	80	3	66	84	38	2	25	137	60	1	47	106	42	4	38	83	37	1	49	0	65	0	65	99	38	3	40	100	7	0	14	195	117	8	110
92	89	1	68	152	75	3	67	0	47	0	40	224	184	6	140	89	46	2	48	104	46	3	33	34	17	1	11	229	80	4	66	82	36	4	27	139	60	0	46	108	40	4	38	85	37	0	48	0	65	0	65	102	34	3	41	100	7	0	14	196	120	7	107
93	92	0	65	152	75	3	67	0	46	0	41	224	181	6	143	89	48	2	46	106	45	2	33	36	15	0	12	224	80	5	66	83	35	3	28	138	60	0	47	107	39	5	39	87	37	1	45	0	67	0	63	102	35	3	40	100	7	0	14	202	120	5	107
92	91	1	66	151	75	3	68	0	46	0	41	224	180	6	144	89	49	2	45	108	45	1	32	36	14	0	13	219	77	5	68	84	35	2	28	137	59	0	49	105	41	4	40	88	39	0	43	0	70	0	60	101	34	3	42	100	8	0	13	209	118	4	109
90	86	3	71	152	73	3	69	0	47	0	40	225	177	5	147	91	49	0	45	109	45	1	31	37	15	0	11	221	79	3	67	84	35	2	28	139	56	1	49	104	42	5	39	88	43	0	39	0	72	0	58	100	38	3	39	100	8	0	13	209	119	3	108
90	86	3	71	152	74	3	68	0	48	0	39	226	177	4	147	91	47	0	47	108	47	1	30	36	15	1	11	224	81	4	64	84	35	2	28	139	59	1	46	103	43	4	40	87	42	1	40	0	68	0	62	97	40	3	40	100	7	0	14	206	119	3	108
90	85	3	72	154	74	4	65	0	48	0	39	225	178	5	146	91	48	0	46	108	44	2	32	37	15	0	11	221	78	7	67	84	36	2	27	139	58	1	47	104	42	3	41	86	42	0	42	0	67	0	63	98	44	1	37	100	7	0	14	206	120	3	107
90	85	3	72	152	74	4	67	0	50	0	37	224	179	6	145	91	48	0	46	107	43	2	34	39	13	0	11	228	78	6	69	85	37	1	26	138	60	1	46	105	43	1	41	85	43	0	42	0	66	0	64	95	43	2	40	99	8	1	13	199	119	2	108
91	84	2	73	153	72	6	66	0	48	0	39	225	177	5	147	90	48	1	46	108	44	2	32	39	14	0	10	230	79	4	70	85	37	1	26	137	62	1	45	105	47	1	37	85	43	0	42	0	65	0	65	95	43	2	40	97	8	3	13	197	116	2	111
92	84	1	73	155	73	3	66	0	48	0	39	227	182	3	142	90	47	1	47	109	46	1	30	39	14	0	10	237	79	2	71	85	37	1	26	137	59	1	48	105	47	1	37	84	44	0	42	0	65	0	65	94	45	2	39	97	8	3	13	190	113	3	114
91	83	2	74	153	71	3	70	0	48	0	39	224	181	6	143	90	46	1	48	109	47	1	29	39	13	0	11	230	79	2	72	85	40	1	23	136	60	1	48	104	47	1	38	86	42	0	42	0	63	0	67	95	45	1	39	97	8	3	13	196	109	3	118
90	86	3	71	156	72	2	67	0	50	0	37	226	181	4	143	90	47	1	47	109	46	1	30	39	14	1	9	236	75	3	75	85	40	1	23	137	62	1	45	103	46	1	40	87	43	0	40	0	63	0	67	94	44	2	40	97	8	3	13	190	106	3	121
91	88	2	69	156	73	2	66	0	49	0	38	225	182	5	142	90	46	1	48	111	44	2	29	38	14	2	9	226	77	4	76	85	40	1	23	136	60	2	47	103	49	2	36	85	43	1	41	0	62	0	68	94	43	2	41	97	8	3	13	195	111	4	116
92	89	1	68	154	68	3	72	0	48	0	39	223	183	7	141	86	46	5	48	112	43	1	30	37	14	3	9	227	78	5	75	86	38	0	25	135	64	2	44	102	52	1	35	84	44	1	41	0	62	0	68	93	42	3	42	97	7	3	14	194	111	3	116
93	88	0	69	153	68	5	71	0	47	0	40	222	179	8	145	86	44	5	50	111	45	1	29	37	14	3	9	230	77	3	75	86	38	0	25	136	66	2	41	105	55	0	30	84	46	1	39	0	63	0	67	94	42	3	41	98	7	2	14	194	112	3	115
92	84	1	73	154	68	5	70	0	45	0	42	223	178	7	146	88	45	3	49	112	44	2	28	40	14	0	9	231	79	1	73	86	39	0	24	134	65	3	43	103	55	1	31	84	46	0	40	0	61	0	69	94	43	2	41	98	10	2	11	193	114	5	113
92	82	1	75	151	69	6	71	0	44	0	43	223	178	7	146	88	48	3	46	112	43	2	29	40	14	0	9	231	80	1	71	84	40	2	23	132	61	5	47	104	54	0	32	83	46	0	41	0	61	0	69	96	44	1	39	98	10	2	11	193	114	6	113
91	81	2	76	150	70	7	70	0	44	0	43	222	175	8	149	88	48	3	46	111	46	2	27	40	15	0	8	233	82	1	67	85	40	1	23	134	60	3	48	102	56	2	30	84	46	0	40	0	62	0	68	95	42	1	42	98	10	2	11	193	113	6	114
91	81	2	76	150	70	5	72	0	44	0	43	221	171	9	153	87	42	4	52	109	45	3	29	39	16	0	8	235	80	2	68	85	40	1	23	133	61	4	47	101	51	3	35	84	46	0	40	0	59	0	71	96	40	1	43	98	11	2	10	192	116	5	111
92	83	1	74	148	71	5	73	0	43	0	44	222	168	8	156	88	44	3	50	106	46	5	29	39	15	0	9	230	77	3	70	85	39	1	24	135	56	4	50	102	53	2	33	83	46	1	40	0	62	0	68	98	39	1	42	99	11	1	10	200	117	2	110
92	81	1	76	147	73	3	74	0	42	0	45	223	169	7	155	87	44	4	50	109	45	4	28	40	14	0	9	232	79	2	69	83	39	3	24	136	57	3	49	101	51	2	36	83	46	1	40	0	61	0	69	98	38	1	43	98	12	2	9	198	118	2	109
92	79	1	78	149	77	1	70	0	42	0	45	222	168	8	156	87	48	4	46	110	42	3	31	40	14	0	9	227	80	1	69	83	39	3	24	137	59	3	46	100	50	2	38	84	42	1	43	0	56	0	74	98	39	1	42	98	12	2	9	201	115	4	112
92	80	1	77	150	78	1	68	0	41	0	46	219	169	11	155	86	49	5	45	111	44	2	29	40	15	0	8	230	78	0	70	81	40	5	23	134	61	5	45	98	53	2	37	84	42	1	43	0	57	0	73	98	41	1	40	98	11	2	10	200	118	4	109
91	80	2	77	152	75	2	68	0	43	0	44	221	175	9	149	86	52	5	42	111	46	3	26	40	14	0	9	222	79	2	72	82	42	4	21	132	59	5	49	98	53	2	37	85	43	0	42	0	60	0	70	100	41	1	38	98	10	2	11	204	120	3	107
92	81	1	76	154	76	1	66	0	42	0	45	222	177	8	147	86	49	5	45	111	43	3	29	41	12	0	10	220	78	5	72	82	40	4	23	134	58	5	48	99	54	2	35	86	42	0	42	0	60	0	70	101	42	1	36	98	11	2	10	203	119	4	108
93	83	0	74	155	78	0	64	0	40	0	47	220	174	10	150	88	51	3	43	112	47	3	24	40	12	1	10	222	82	4	69	83	39	3	24	133	59	6	47	98	54	3	35	85	41	0	44	0	60	0	70	100	41	1	38	98	11	2	10	202	119	3	108
93	87	0	70	153	77	1	66	0	41	0	46	221	175	9	149	87	51	4	43	112	47	3	24	41	11	1	10	227	83	2	68	83	38	3	25	135	60	3	47	97	54	3	36	86	39	0	45	0	61	0	69	100	39	1	40	98	11	2	10	200	120	2	107
92	84	1	73	153	73	1	70	0	42	0	45	222	176	8	148	87	50	4	44	112	44	4	26	40	11	1	11	228	86	3	67	84	38	2	25	135	60	3	47	97	50	4	39	85	40	0	45	0	61	0	69	101	38	0	41	98	11	2	10	196	123	2	104
92	85	1	72	153	74	2	68	0	40	0	47	223	174	7	150	87	51	4	43	111	41	4	30	40	11	1	11	231	86	2	64	84	37	2	26	138	58	2	47	98	52	3	37	85	40	1	44	0	60	0	70	100	39	1	40	98	10	2	11	197	122	2	105
91	86	2	71	152	71	2	72	0	41	0	46	223	173	7	151	87	51	4	43	109	43	2	32	40	13	1	9	235	89	1	62	84	36	2	27	138	57	3	47	99	52	2	37	86	37	2	45	0	60	0	70	101	41	1	37	96	10	4	11	192	122	3	105
92	90	1	67	150	72	4	71	0	40	0	47	222	173	8	151	89	48	2	46	109	42	2	33	39	15	2	7	234	88	1	63	85	36	1	27	140	55	3	47	99	53	2	36	87	34	2	47	0	62	0	68	100	40	2	38	96	10	4	11	192	120	4	107
92	95	1	62	148	73	7	69	0	44	0	43	225	171	5	153	89	51	2	43	109	42	3	32	39	15	2	7	232	88	1	65	85	37	1	26	141	53	2	49	101	54	2	33	87	33	3	47	0	61	0	69	99	42	2	37	94	9	6	12	194	120	2	107
92	91	1	66	148	74	6	69	0	42	0	45	227	174	3	150	88	51	3	43	109	44	3	30	38	15	3	7	235	89	1	66	85	37	1	26	142	53	2	48	103	50	0	37	89	33	3	45	0	58	0	72	97	43	4	36	94	8	6	13	189	120	2	107
91	91	2	66	149	77	4	67	0	45	0	42	224	172	6	152	87	52	4	42	110	42	3	31	40	15	1	7	239	87	2	65	84	36	2	27	140	54	3	48	102	50	0	38	88	34	4	44	0	58	0	72	99	46	1	34	95	10	5	11	185	117	4	110
92	88	1	69	151	75	4	67	0	44	0	43	226	166	4	158	87	51	4	43	108	43	3	32	40	15	2	6	235	87	5	65	84	36	2	27	139	54	4	48	102	49	0	39	89	34	4	43	0	60	0	70	99	46	1	34	96	10	4	11	184	117	6	110
92	88	1	69	151	74	3	69	0	43	0	44	225	172	5	152	88	53	3	41	107	42	4	33	39	15	2	7	234	90	3	64	83	36	3	27	137	56	3	49	100	49	0	41	90	31	3	46	0	59	0	71	99	46	1	34	98	10	2	11	185	116	6	111
93	89	0	68	151	74	3	69	0	45	0	42	227	171	3	153	90	52	1	42	106	39	5	36	38	15	3	7	236	93	4	63	83	35	3	28	137	60	1	47	100	48	1	41	88	32	3	47	0	61	0	69	100	47	1	32	98	8	2	13	180	119	6	108
93	89	0	68	152	73	2	70	0	47	0	40	226	169	4	155	89	52	2	42	108	38	4	36	37	15	4	7	234	92	5	64	83	35	3	28	140	56	1	48	98	50	2	40	89	32	2	47	0	63	0	67	101	45	1	33	96	9	4	12	183	119	4	108
93	85	0	72	153	72	3	69	0	48	0	39	226	169	4	155	89	53	2	41	110	38	2	36	35	14	5	9	233	90	3	67	84	35	2	28	139	58	2	46	98	50	2	40	90	32	1	47	0	67	0	63	102	45	1	32	96	9	4	12	184	114	5	113
91	86	2	71	156	70	2	69	0	48	0	39	225	173	5	151	89	54	2	40	111	39	1	35	37	15	5	6	224	90	6	68	84	35	2	28	140	56	1	48	99	51	2	38	90	30	1	49	0	69	0	61	102	42	1	35	97	9	3	12	191	116	3	111
91	86	2	71	159	70	1	67	0	48	0	39	224	171	6	153	88	56	3	38	110	41	2	33	36	15	2	10	221	90	7	66	83	33	3	30	140	57	2	46	99	50	2	39	90	32	1	47	0	67	0	63	104	43	0	33	97	10	3	11	195	117	3	110
90	85	3	72	162	70	0	65	0	48	0	39	223	170	7	154	87	56	4	38	110	42	2	32	36	15	2	10	213	88	8	69	83	34	3	29	137	56	4	48	98	50	2	40	91	32	0	47	0	67	0	63	103	43	0	34	97	9	3	12	197	117	7	110
91	84	2	73	163	65	0	69	0	48	0	39	225	178	5	146	88	56	3	38	111	40	1	34	37	15	1	10	214	90	5	68	81	35	5	28	134	54	5	52	98	53	2	37	91	34	0	45	0	68	0	62	102	43	0	35	98	8	2	13	200	114	5	113
91	85	2	72	164	68	2	63	0	46	0	41	226	182	4	142	88	57	3	37	112	41	1	32	37	15	1	10	214	85	6	71	82	36	4	27	134	52	5	54	99	51	2	38	89	32	1	48	0	69	0	61	103	44	0	33	99	9	1	12	200	113	6	114
91	83	2	74	165	72	2	58	0	46	0	41	225	175	5	149	88	53	3	41	111	41	1	33	37	15	1	10	209	88	6	70	82	36	4	27	135	51	5	54	97	51	4	38	87	31	1	51	0	68	0	62	104	43	0	33	99	9	1	12	201	114	8	113
91	83	2	74	165	69	2	61	0	46	0	41	224	179	6	145	86	51	5	43	110	40	2	34	38	16	0	9	203	96	7	63	84	37	2	26	134	56	5	50	95	52	5	38	87	33	0	50	0	69	0	61	104	43	0	33	99	8	1	13	206	114	7	113
90	82	3	75	166	70	2	59	0	48	0	39	222	175	8	149	85	52	6	42	109	42	3	32	38	17	0	8	211	95	8	61	84	37	2	26	134	58	5	48	98	52	3	37	86	35	1	48	0	69	0	61	106	43	0	31	99	8	1	13	200	117	7	110
90	83	3	74	166	69	3	59	0	48	0	39	221	175	9	149	85	53	6	41	109	42	3	32	37	17	0	9	211	95	7	62	84	36	2	27	136	50	5	54	99	54	2	35	86	39	1	44	0	71	0	59	105	40	1	34	99	7	1	14	200	115	7	112
91	86	2	71	163	72	4	58	0	48	0	39	222	174	8	150	85	54	6	40	109	40	3	34	37	17	0	9	214	96	3	60	83	37	3	26	136	52	5	52	99	55	2	34	86	41	1	42	0	69	0	61	104	38	1	37	99	7	1	14	203	115	6	112
91	88	2	69	162	74	3	58	0	49	0	38	222	173	8	151	88	56	3	38	109	40	2	35	36	17	1	9	210	98	2	60	83	39	3	24	135	50	6	54	99	53	2	36	85	41	2	42	0	67	0	63	105	37	1	37	99	8	1	13	203	117	9	110
