AAA	AAC	AAG	AAT	ACA	ACC	ACG	ACT	AGA	AGC	AGG	AGT	ATA	ATC	ATG	ATT	CAA	CAC	CAG	CAT	CCA	CCC	CCG	CCT	CGA	CGC	CGG	CGT	CTA	CTC	CTG	CTT	GAA	GAC	GAG	GAT	GCA	GCC	GCG	GCT	GGA	GGC	GGG	GGT	GTA	GTC	GTG	GTT	TAA	TAC	TAG	TAT	TCA	TCC	TCG	TCT	TGA	TGC	TGG	TGT	TTA	TTC	TTG	TTT
46	80	43	71	71	73	81	65	0	53	0	31	106	170	113	168	41	48	48	49	52	57	45	41	14	14	19	18	113	91	102	82	40	25	47	39	59	66	61	61	52	45	51	44	35	47	47	31	0	65	0	53	47	46	39	60	54	13	46	8	90	110	105	119
49	79	40	72	74	72	75	69	0	53	0	31	115	167	104	171	45	48	44	49	54	56	43	42	16	15	16	18	117	93	94	84	44	25	43	39	63	68	55	61	56	46	46	44	36	50	41	33	0	64	0	54	50	47	35	60	54	12	46	9	99	108	96	121
53	77	36	74	80	74	68	68	0	53	0	31	125	165	94	173	49	48	40	49	55	58	41	41	17	15	15	18	120	98	83	84	45	25	42	39	66	68	52	61	58	46	44	44	39	51	37	33	0	65	0	53	54	44	31	63	56	11	44	10	106	107	92	122
58	76	31	75	86	78	58	68	0	51	0	33	130	163	89	175	54	48	35	49	58	57	38	42	17	16	14	18	124	99	73	88	48	25	39	39	67	68	50	62	65	46	37	44	42	53	32	33	0	67	0	51	59	43	26	64	59	11	41	10	114	107	85	122
59	73	30	78	87	80	55	68	0	51	0	33	136	161	83	177	57	48	32	49	61	55	35	44	18	14	13	20	129	96	64	91	53	25	34	39	72	69	44	62	65	44	37	46	45	55	28	32	0	68	0	50	59	43	25	65	61	11	39	10	119	106	84	123
61	73	28	78	91	81	48	70	0	51	0	33	138	160	81	178	59	44	30	53	68	55	26	46	18	16	11	20	133	95	58	95	54	24	33	40	76	69	41	61	69	44	33	46	48	55	25	32	0	68	0	50	64	45	18	65	64	11	36	10	126	106	76	123
67	70	22	81	89	83	44	74	0	49	0	35	142	158	77	180	65	43	24	54	70	55	24	46	19	15	11	20	132	89	52	102	58	25	29	39	81	69	36	61	72	44	30	46	49	54	23	34	0	66	0	52	64	43	18	67	67	11	33	10	133	106	75	123
69	70	20	81	92	82	42	74	0	48	0	36	146	158	73	180	66	42	23	55	70	56	22	47	20	15	10	20	133	91	45	103	61	25	26	39	82	69	32	64	71	47	28	46	52	55	18	35	0	64	0	54	68	40	14	70	71	11	29	10	141	106	70	123
71	68	18	83	96	83	36	75	0	48	0	36	152	157	67	181	66	43	23	54	72	55	18	50	22	15	8	20	141	85	38	110	61	25	26	39	85	70	27	65	74	47	24	47	55	55	15	35	0	65	0	53	69	42	12	69	77	11	23	10	145	106	64	123
71	67	18	84	100	85	31	74	0	48	0	36	157	157	62	181	68	42	21	55	76	52	14	53	22	15	8	20	138	82	35	114	63	25	24	39	89	69	23	66	72	48	24	48	56	55	13	36	0	65	0	53	68	42	12	70	81	11	19	10	154	105	60	124
71	66	18	85	105	87	25	73	0	47	0	37	162	153	57	185	68	44	21	53	76	52	13	54	23	15	6	21	142	86	29	113	69	26	18	38	93	68	18	68	75	46	21	50	59	54	8	39	0	63	0	55	69	43	10	70	83	11	17	10	155	103	58	126
75	65	14	86	109	85	21	75	0	48	0	36	168	152	51	186	70	43	19	54	76	53	12	54	23	15	6	21	143	82	29	117	71	25	16	39	92	67	17	71	78	42	18	54	60	54	7	39	0	61	0	57	70	42	9	71	84	11	16	10	161	102	51	127
76	64	13	87	112	84	18	76	0	47	0	37	173	150	46	188	72	42	17	55	78	51	10	56	24	14	5	22	148	85	22	115	71	25	16	39	94	66	16	71	82	41	14	55	60	53	7	40	0	60	0	58	70	40	9	73	87	12	13	9	170	102	43	127
78	59	11	92	114	83	17	76	0	45	0	39	177	144	42	194	74	40	15	57	80	50	7	58	24	14	5	22	150	87	18	112	73	24	14	40	95	66	15	71	85	40	13	54	57	52	9	42	0	58	0	60	73	35	7	77	86	11	14	10	174	97	42	132
81	61	8	90	115	82	15	78	0	45	0	39	178	140	41	198	75	40	14	57	80	48	7	60	24	14	5	22	147	84	15	116	74	26	13	38	95	69	9	74	83	41	13	55	56	52	9	43	0	57	0	61	73	36	8	75	87	11	13	10	185	97	36	132
81	60	8	91	117	77	12	84	0	44	0	40	185	138	34	200	76	39	13	58	81	45	8	61	24	14	4	23	145	81	12	120	74	24	13	40	95	70	9	73	85	40	11	56	57	51	9	43	0	58	0	60	75	37	7	73	89	11	11	10	195	94	30	135
81	59	8	92	120	74	10	86	0	42	0	42	187	139	32	199	77	38	12	59	80	46	9	60	25	14	3	23	149	82	9	119	74	24	13	40	92	70	9	76	84	40	11	57	56	46	9	49	0	52	0	66	74	35	8	75	88	11	12	10	196	90	28	139
83	58	6	93	118	74	11	87	0	43	0	41	189	136	30	202	81	38	8	59	78	49	9	59	27	14	1	23	141	82	10	120	78	24	9	40	94	67	8	78	86	39	9	58	60	43	6	51	0	51	0	67	73	38	8	73	89	10	11	11	202	82	28	147
82	55	7	96	123	69	9	89	0	43	0	41	193	136	26	202	81	37	8	60	76	51	9	59	27	15	1	22	147	83	6	118	78	24	9	40	95	66	8	78	87	40	8	57	61	42	5	52	0	50	0	68	72	35	9	76	88	10	12	11	205	82	24	147
81	53	8	98	119	68	10	93	0	38	0	46	199	131	20	207	84	34	5	63	77	48	9	61	27	15	1	22	143	81	7	122	78	24	9	40	92	66	10	79	86	39	8	59	61	42	5	52	0	48	0	70	71	35	8	78	88	10	12	11	208	81	22	148
80	54	9	97	120	65	7	98	0	37	0	47	203	133	16	205	84	33	5	64	77	47	8	63	26	15	1	23	138	80	8	125	79	23	8	41	91	67	10	79	83	39	8	62	61	41	4	54	0	50	0	68	70	33	8	81	91	10	9	11	209	80	23	149
80	52	9	99	120	61	7	102	0	35	0	49	203	129	16	209	83	36	6	61	77	44	8	66	25	14	2	24	138	77	5	129	79	23	8	41	89	69	11	78	82	38	9	63	59	42	5	54	0	52	0	66	73	32	5	82	91	10	9	11	214	79	20	150
81	50	8	101	121	61	8	100	0	37	0	47	200	125	19	213	84	37	5	60	75	45	8	67	24	15	2	24	140	75	4	131	80	22	7	42	91	70	9	77	83	36	8	65	59	44	4	53	0	49	0	69	72	33	6	81	92	10	8	11	215	79	18	150
83	52	6	99	116	62	9	103	0	37	0	47	199	125	20	213	85	36	4	61	78	45	5	67	24	15	2	24	146	72	0	131	81	22	6	42	91	71	6	79	83	33	9	67	59	43	4	54	0	47	0	71	73	32	4	83	96	10	4	11	216	78	18	151
83	53	6	98	115	61	11	103	0	38	0	46	199	125	20	213	85	37	4	60	76	47	4	68	22	16	3	24	144	71	1	131	79	22	8	42	89	70	7	81	87	30	6	69	58	43	4	55	0	48	0	70	73	28	5	86	95	10	5	11	216	76	20	153
81	51	8	100	115	64	10	101	0	38	0	46	202	126	17	212	86	37	3	60	75	47	4	69	24	16	1	24	145	71	2	130	80	22	7	42	86	69	7	85	89	31	4	68	59	41	3	57	0	49	0	69	70	27	4	91	93	10	7	11	216	77	19	152
82	51	7	100	115	59	9	107	0	35	0	49	201	122	18	216	86	37	3	60	78	45	2	70	25	14	1	25	142	72	3	128	80	20	7	44	87	65	7	88	88	30	5	69	59	39	3	59	0	47	0	71	71	26	2	93	93	9	7	12	218	76	20	153
82	50	7	101	113	59	10	108	0	36	0	48	198	124	21	214	86	35	3	62	74	46	3	72	24	14	2	25	144	71	3	129	80	20	7	44	86	63	8	90	85	32	5	70	58	39	3	60	0	44	0	74	69	29	3	91	94	10	6	11	218	76	18	153
82	47	7	104	115	59	9	107	0	36	0	48	206	116	13	222	86	36	3	61	75	46	2	72	25	14	1	25	139	71	3	131	81	20	6	44	86	62	8	91	87	31	3	71	56	39	5	60	0	45	0	73	69	30	2	91	96	10	4	11	221	74	18	155
82	46	7	105	114	56	9	111	0	35	0	49	205	120	14	218	86	37	3	60	77	46	1	71	24	13	2	26	130	78	3	128	80	19	7	45	87	60	6	94	84	30	5	73	57	35	4	64	0	44	0	74	71	30	2	89	96	10	4	11	228	77	16	152
82	46	7	105	117	57	6	110	0	37	0	47	204	121	15	217	87	38	2	59	74	44	2	75	23	13	3	26	130	79	5	127	82	18	5	46	88	61	4	94	85	30	4	73	58	34	4	64	0	43	0	75	67	34	5	86	96	9	4	12	225	79	17	150
81	47	8	104	119	56	4	111	0	35	0	49	204	125	15	213	87	39	2	58	74	42	2	77	23	13	3	26	127	81	5	127	81	18	6	46	85	63	5	94	86	31	3	72	60	34	3	63	0	43	0	75	70	37	3	82	94	8	6	13	229	78	14	151
79	46	10	105	117	58	5	110	0	35	0	49	207	124	12	214	87	39	2	58	74	41	2	78	24	12	3	26	122	82	7	128	81	17	6	47	83	64	5	95	85	32	3	72	57	38	5	60	0	43	0	75	70	35	3	84	96	8	4	13	229	78	15	151
78	45	11	106	118	55	4	113	0	37	0	47	207	118	12	220	85	40	4	57	74	40	1	80	24	13	3	25	123	76	8	134	80	17	7	47	77	62	7	101	83	32	2	75	56	37	6	61	0	42	0	76	70	34	3	85	94	7	6	14	226	79	16	150
81	47	8	104	117	57	4	112	0	35	0	49	208	117	11	221	85	41	4	56	73	38	1	83	24	13	2	26	119	73	9	136	81	17	6	47	78	61	6	102	79	30	3	80	57	37	5	61	0	45	0	73	70	34	4	84	95	7	5	14	231	81	15	148
80	48	9	103	120	55	1	114	0	34	0	50	205	116	14	222	85	40	4	57	70	37	2	86	23	11	4	27	118	75	8	137	82	17	5	47	79	62	6	100	78	32	3	79	58	34	5	63	0	46	0	72	71	31	4	86	95	7	5	14	233	79	12	150
81	44	8	107	119	53	2	116	0	34	0	50	207	110	12	228	84	39	5	58	71	36	2	86	22	11	4	28	116	72	5	140	82	18	5	46	80	62	6	99	78	30	4	80	60	35	4	61	0	46	0	72	71	33	3	85	94	7	6	14	238	77	12	152
82	42	7	109	118	53	4	115	0	33	0	51	207	113	12	225	83	41	6	56	71	36	2	86	22	12	4	27	113	71	6	142	83	16	4	48	79	63	7	98	77	34	3	78	59	37	3	61	0	42	0	76	71	32	3	86	95	7	5	14	238	76	13	153
82	44	7	107	116	54	3	117	0	32	0	52	212	115	7	223	82	40	7	57	69	35	3	88	23	12	3	27	111	64	7	149	84	16	3	48	76	64	6	101	76	33	3	80	60	39	1	60	0	41	0	77	70	33	4	85	95	6	5	15	238	74	14	155
80	45	9	106	113	55	5	117	0	31	0	53	210	116	9	222	80	39	9	58	70	35	2	88	26	13	0	26	107	65	6	148	84	16	3	48	76	62	6	103	75	29	4	84	62	39	2	57	0	39	0	79	70	33	4	85	97	6	3	15	245	77	12	152
80	43	9	108	114	56	3	117	0	31	0	53	206	114	13	224	82	36	7	61	70	34	3	88	26	13	0	26	104	67	6	147	82	19	5	45	76	61	4	106	76	26	4	86	60	38	2	60	0	38	0	80	70	30	6	86	98	6	2	15	245	76	14	153
81	43	8	108	113	54	4	119	0	33	0	51	204	115	15	223	83	36	6	61	68	35	3	89	26	13	0	26	100	62	6	154	82	18	5	46	74	59	6	108	78	25	3	86	61	36	1	62	0	41	0	77	69	30	6	87	98	6	2	15	245	77	16	152
80	45	9	106	114	53	3	120	0	32	0	52	204	114	15	224	83	35	6	62	68	37	3	87	25	14	0	26	99	62	4	153	81	17	6	47	72	60	7	108	75	24	6	87	62	34	0	64	0	38	0	80	74	29	2	87	96	6	4	15	248	77	17	152
81	43	8	108	114	49	3	124	0	30	0	54	204	112	15	226	86	36	3	61	69	38	3	85	23	13	1	28	95	65	5	151	79	16	8	48	71	55	7	114	76	26	5	85	62	32	1	65	0	38	0	80	74	26	3	89	98	5	2	16	254	73	13	156
82	43	7	108	113	50	4	123	0	31	0	53	202	109	17	229	87	37	2	60	68	36	3	88	23	14	1	27	94	62	5	154	81	17	6	47	70	57	6	114	75	27	5	85	62	31	1	66	0	39	0	79	76	23	2	91	99	5	1	16	252	72	16	157
83	42	6	109	112	51	2	125	0	30	0	54	200	109	19	229	86	37	3	60	70	38	2	85	24	15	0	26	93	58	6	157	82	16	5	48	72	57	4	114	73	29	4	86	62	30	1	67	0	43	0	75	74	23	2	93	99	6	1	15	255	73	14	156
83	42	6	109	110	52	2	126	0	31	0	53	202	109	17	229	87	37	2	60	70	40	2	83	24	14	0	27	91	61	8	155	82	19	5	45	72	58	4	113	72	30	5	85	63	28	0	69	0	40	0	78	75	22	2	93	99	5	1	16	258	76	10	153
85	42	4	109	108	49	2	131	0	33	0	51	202	106	17	232	87	37	2	60	70	41	1	83	24	13	0	28	96	58	5	156	83	20	4	44	70	59	7	111	71	31	3	87	61	30	2	67	0	38	0	80	74	22	3	93	95	5	5	16	257	78	11	151
84	42	5	109	105	47	4	134	0	31	0	53	202	105	17	233	89	36	0	61	69	39	2	85	24	13	0	28	93	62	3	155	83	19	4	45	70	57	7	113	71	35	1	85	63	30	1	66	0	37	0	81	74	23	3	92	94	5	6	16	260	78	10	151
85	41	4	110	106	47	3	134	0	29	0	55	202	107	17	231	89	37	0	60	69	36	2	88	24	14	0	27	96	66	3	151	80	19	7	45	72	57	6	112	70	38	1	83	61	28	1	70	0	35	0	83	72	24	4	92	96	5	4	16	255	78	12	151
83	40	6	111	104	46	3	137	0	30	0	54	205	111	14	227	88	37	1	60	68	36	2	89	24	15	0	26	103	66	3	151	81	20	6	44	75	54	4	114	69	37	0	86	59	28	2	71	0	30	0	88	73	23	2	94	96	5	4	16	249	77	11	152
83	40	6	111	101	48	4	137	0	31	0	53	206	114	13	224	88	38	1	59	65	38	2	90	24	16	0	25	105	68	2	151	79	20	8	44	77	53	2	115	69	36	0	87	61	29	2	68	0	29	0	89	70	24	4	94	95	6	5	15	244	76	13	153
82	40	7	111	99	50	6	135	0	31	0	53	207	109	12	229	89	38	0	59	65	39	2	89	23	16	0	26	106	65	3	153	79	20	8	44	75	50	4	118	68	35	0	89	59	29	4	68	0	29	0	89	69	25	4	94	96	5	4	16	242	78	14	151
84	41	5	110	95	49	8	138	0	31	0	53	208	107	11	231	88	35	1	62	64	41	3	87	22	17	1	25	102	63	3	156	81	19	6	45	76	48	2	121	67	34	1	90	59	30	4	67	0	33	0	85	69	24	4	95	95	5	5	16	241	75	18	154
84	42	5	109	94	52	5	139	0	33	0	51	206	111	13	227	87	33	2	64	65	40	2	88	21	17	1	26	99	65	0	154	81	19	6	45	76	46	3	122	67	32	1	92	57	29	6	68	0	37	0	81	70	24	4	94	93	5	7	16	247	77	18	152
83	41	6	110	92	51	5	142	0	33	0	51	203	111	16	227	87	33	2	64	63	39	2	91	21	18	1	25	96	59	0	160	81	20	6	44	75	44	2	126	68	33	0	91	57	28	6	69	0	34	0	84	72	22	2	96	94	5	6	16	246	76	22	153
84	42	5	109	90	49	7	144	0	35	0	49	205	109	14	229	86	31	3	66	64	38	3	90	20	18	1	26	99	62	1	158	82	20	5	44	74	42	3	128	69	33	1	89	58	29	4	69	0	33	0	85	73	22	2	95	95	5	5	16	241	74	22	155
85	43	4	108	88	52	8	142	0	33	0	51	206	112	13	226	85	31	4	66	62	42	5	86	19	17	1	28	95	61	1	160	81	20	6	44	73	46	2	126	67	34	1	90	57	30	4	69	0	34	0	84	73	23	3	93	96	5	4	16	244	75	22	154
84	43	5	108	89	52	7	142	0	32	0	52	206	110	13	228	85	31	4	66	58	42	8	87	20	17	0	28	91	62	2	160	83	20	4	44	73	44	3	127	66	34	2	90	55	28	5	72	0	35	0	83	72	24	3	93	95	6	5	15	247	74	21	155
84	39	5	112	89	55	5	141	0	32	0	52	205	107	14	231	85	31	4	66	62	40	6	87	20	18	0	27	86	63	4	159	83	20	4	44	73	43	3	128	65	34	3	90	53	31	6	70	0	33	0	85	71	25	3	93	92	6	8	15	251	74	20	155
82	40	7	111	89	53	6	142	0	32	0	52	200	107	19	231	86	31	3	66	62	41	5	87	19	18	0	28	82	58	3	164	82	19	5	45	73	47	3	124	68	33	2	89	52	31	8	69	0	33	0	85	68	24	4	96	91	6	9	15	258	73	18	156
83	41	6	110	91	50	6	143	0	31	0	53	202	109	17	229	86	31	3	66	63	37	5	90	18	18	0	29	84	60	4	162	84	19	3	45	71	50	3	123	67	32	2	91	55	31	7	67	0	29	0	89	68	26	4	94	95	5	5	16	254	74	19	155
83	41	6	110	87	50	8	145	0	31	0	53	203	107	16	231	87	29	2	68	63	38	4	90	19	15	0	31	79	57	4	167	85	19	2	45	71	49	3	124	69	31	1	91	54	30	6	70	0	28	0	90	71	27	2	92	93	4	7	17	255	77	21	152
83	39	6	112	86	53	8	143	0	31	0	53	203	106	16	232	88	30	1	67	62	39	3	91	18	18	0	29	82	62	3	164	86	19	1	45	71	48	2	126	70	31	1	90	55	29	3	73	0	28	0	90	69	28	3	92	95	4	5	17	255	78	17	151
81	39	8	112	85	51	9	145	0	31	0	53	204	107	15	231	87	28	2	69	62	42	3	88	18	20	0	27	88	57	5	167	86	22	1	42	72	50	1	124	69	31	1	91	56	28	2	74	0	28	0	90	67	30	5	90	95	4	5	17	252	75	14	154
82	36	7	115	87	52	7	144	0	29	0	55	205	109	14	229	87	29	2	68	61	43	2	89	18	20	0	27	85	57	5	168	85	22	2	42	72	48	2	125	67	31	2	92	55	27	2	76	0	30	0	88	66	30	6	90	95	4	5	17	256	75	12	154
83	37	6	114	87	50	7	146	0	31	0	53	206	106	13	232	85	26	4	71	61	39	3	92	17	21	0	27	84	53	4	171	85	23	2	41	73	47	3	124	66	32	3	91	52	28	2	78	0	28	0	90	67	27	5	93	95	4	5	17	259	78	12	151
83	36	6	115	87	46	8	149	0	28	0	56	205	108	14	230	85	26	4	71	63	45	2	85	17	19	0	29	84	54	5	171	85	21	2	43	70	49	5	123	66	30	3	93	53	28	0	79	0	30	0	88	65	28	4	95	93	4	7	17	254	77	15	152
83	37	6	114	87	47	8	148	0	27	0	57	204	110	15	228	85	26	4	71	63	47	1	84	17	19	0	29	86	56	3	170	83	23	4	41	71	47	4	125	63	33	4	92	50	27	1	82	0	29	0	89	65	28	4	95	96	5	4	16	250	77	18	152
83	37	6	114	87	45	7	151	0	25	0	59	203	111	16	227	86	27	3	70	63	46	1	85	17	19	0	29	88	58	2	168	83	23	4	41	71	48	1	127	62	33	5	92	48	28	3	81	0	29	0	89	66	26	2	98	95	5	5	16	250	75	17	154
85	38	4	113	86	50	7	147	0	25	0	59	206	109	13	229	85	28	4	69	63	42	1	89	17	18	0	30	89	55	2	170	81	23	6	41	73	47	0	127	62	31	5	94	45	29	4	82	0	27	0	91	66	27	2	97	92	5	8	16	252	75	15	154
83	38	6	113	84	50	7	149	0	24	0	60	206	112	13	226	85	27	4	70	59	40	5	91	16	20	0	29	92	58	2	167	80	23	7	41	73	45	0	129	63	33	4	92	48	28	2	82	0	26	0	92	64	27	2	99	92	7	8	14	248	74	16	155
82	38	7	113	81	48	9	152	0	24	0	60	210	112	9	226	87	28	2	69	58	42	6	89	17	18	0	30	90	61	2	166	78	22	9	42	70	41	3	133	62	34	4	92	48	28	2	82	0	28	0	90	62	32	3	95	90	7	10	14	248	69	16	160
84	34	5	117	77	50	9	154	0	24	0	60	207	110	12	228	86	28	3	69	57	42	6	90	18	16	0	31	98	62	2	164	76	22	11	42	69	41	5	132	63	37	3	89	47	28	2	83	0	29	0	89	61	33	3	95	89	6	11	15	240	70	17	159
85	31	4	120	80	49	7	154	0	23	0	61	207	104	12	234	86	27	3	70	56	42	7	90	18	16	0	31	101	64	3	161	77	21	10	43	69	46	4	128	64	38	2	88	48	29	1	82	0	26	0	92	61	33	3	95	95	6	5	15	238	67	16	162
86	31	3	120	82	55	7	146	0	24	0	60	206	104	13	234	86	24	3	73	54	43	7	91	18	16	0	31	104	65	4	160	78	23	9	41	71	47	4	125	63	40	3	86	49	29	0	82	0	26	0	92	62	34	3	93	93	7	7	14	234	65	16	164
82	34	7	117	85	54	6	145	0	22	0	62	205	109	14	229	84	23	5	74	59	44	3	89	18	16	0	31	100	67	4	160	79	23	8	41	71	49	3	124	63	40	3	86	50	28	0	82	0	28	0	90	62	35	3	92	93	7	7	14	237	69	15	160
81	34	8	117	83	55	5	147	0	21	0	63	204	110	15	228	83	23	6	74	61	42	2	90	20	12	0	33	100	63	4	163	76	22	11	42	70	47	4	126	63	38	2	89	50	26	1	83	0	29	0	89	60	37	3	92	92	7	8	14	237	72	16	157
82	31	7	120	85	52	4	149	0	20	0	64	202	110	17	228	83	22	6	75	58	40	3	94	19	13	1	32	99	64	3	163	78	22	9	42	68	50	6	123	62	36	2	92	49	26	0	85	0	31	0	87	59	35	3	95	94	8	6	13	237	69	17	160
83	32	6	119	85	53	4	148	0	20	0	64	203	105	16	233	83	22	6	75	55	38	5	97	19	13	1	32	94	64	4	163	79	21	8	43	69	49	6	123	62	36	1	93	50	27	0	83	0	31	0	87	59	35	3	95	95	8	5	13	241	70	17	159
83	32	6	119	88	52	2	148	0	20	0	64	198	99	21	239	83	21	6	76	54	39	6	96	19	15	1	30	95	64	4	163	78	21	9	43	66	49	8	124	63	36	1	92	49	28	1	82	0	30	0	88	60	36	1	95	94	7	6	14	239	69	18	160
83	34	6	117	89	47	3	151	0	19	0	65	198	90	21	248	83	19	6	78	56	38	3	98	20	14	0	31	92	66	5	162	78	20	9	44	68	50	5	124	62	37	1	92	48	30	2	80	0	32	0	86	58	39	1	94	95	7	5	14	245	68	13	161
83	34	6	117	85	50	5	150	0	19	0	65	200	90	19	248	85	19	4	78	56	39	3	97	19	14	0	32	102	62	3	165	78	19	9	45	69	47	4	127	62	35	1	94	47	28	2	83	0	31	0	87	56	39	2	95	96	7	4	14	239	70	12	159
85	36	4	115	85	50	6	149	0	19	0	65	200	90	19	248	85	17	4	80	56	36	3	100	18	14	0	33	100	61	3	164	80	17	7	47	70	48	3	126	59	34	2	97	48	27	1	84	0	31	0	87	53	40	3	96	95	7	5	14	241	72	14	157
87	39	2	112	85	48	6	151	0	18	0	66	200	92	19	246	83	19	6	78	55	38	3	99	18	15	0	32	94	63	7	163	79	17	8	47	69	47	3	128	57	33	2	100	50	28	1	81	0	33	0	85	52	39	5	96	96	7	4	14	242	67	14	162
87	43	2	108	86	47	5	152	0	17	0	67	199	89	20	249	84	20	5	77	55	36	3	101	18	14	1	32	92	63	8	164	82	17	5	47	69	51	3	124	56	35	2	99	49	29	1	81	0	33	0	85	54	39	2	97	96	7	4	14	244	65	12	164
87	42	2	109	87	48	4	151	0	16	0	68	199	94	20	244	84	17	5	80	53	36	5	101	18	15	1	31	96	62	7	165	82	18	5	46	69	51	3	124	57	33	2	100	47	30	2	81	0	34	0	84	53	39	2	98	95	6	5	15	238	62	15	167
87	46	2	105	83	45	6	156	0	17	0	67	199	97	20	241	82	17	7	80	55	34	4	102	19	15	1	30	95	63	5	166	81	19	6	45	67	50	3	127	57	35	3	97	49	26	0	85	0	31	0	87	54	40	1	97	92	5	8	16	241	67	13	162
86	48	3	103	82	47	8	153	0	16	0	68	201	96	18	242	82	18	7	79	55	36	3	101	19	15	1	30	91	65	6	166	81	18	6	46	69	52	1	125	56	35	7	94	47	26	1	86	0	34	0	84	53	41	1	97	92	5	8	16	242	68	13	161
86	47	3	104	82	48	8	152	0	15	0	69	203	96	16	242	79	19	10	78	55	38	2	100	19	15	1	30	87	71	5	163	84	19	3	45	66	55	2	124	59	33	5	95	48	26	1	85	0	33	0	85	54	41	1	96	91	5	9	16	243	69	14	160
82	46	7	105	85	45	5	155	0	16	0	68	205	97	14	241	81	21	8	76	56	38	1	100	19	14	1	31	88	70	6	165	85	19	2	45	65	59	1	122	58	37	5	92	45	26	2	87	0	33	0	85	56	40	1	95	91	5	9	16	238	68	16	161
83	46	6	105	83	48	5	154	0	16	0	68	205	91	14	247	80	20	9	77	55	41	2	97	18	15	1	31	92	69	6	163	83	17	4	47	64	57	2	124	57	33	5	97	45	25	4	86	0	34	0	84	56	42	1	93	92	5	8	16	233	69	20	160
84	47	5	104	85	46	4	155	0	16	0	68	206	92	13	246	84	20	5	77	54	37	3	101	18	16	1	30	86	73	5	163	83	16	4	48	64	54	2	127	59	35	3	95	44	27	3	86	0	35	0	83	57	44	1	90	92	7	8	14	235	67	21	162
84	45	5	106	87	51	3	149	0	17	0	67	206	90	13	248	84	20	5	77	53	40	1	101	18	15	1	31	89	72	5	164	82	15	5	49	63	55	2	127	58	35	4	95	43	29	1	87	0	36	0	82	54	42	2	94	92	7	8	14	233	66	20	163
82	44	7	107	86	52	2	150	0	19	0	65	205	90	14	248	84	22	5	75	53	40	1	101	17	13	1	34	83	76	6	162	82	14	5	50	64	53	1	129	58	32	4	98	43	28	1	88	0	36	0	82	53	43	1	95	93	7	7	14	241	66	15	163
82	42	7	109	85	51	3	151	0	19	0	65	203	89	16	249	86	22	3	75	54	43	2	96	18	11	1	35	82	73	9	165	81	14	6	50	64	53	0	130	58	30	4	100	42	31	1	86	0	37	0	81	53	42	1	96	91	8	9	13	246	68	8	161
84	42	5	109	85	53	4	148	0	20	0	64	203	92	16	246	88	23	1	74	57	41	2	95	18	11	1	35	82	71	7	171	81	15	6	49	62	54	1	130	57	32	4	99	41	31	2	86	0	38	0	80	51	41	1	99	95	7	5	14	241	66	11	163
85	43	4	108	87	55	3	145	0	20	0	64	205	87	14	251	88	26	1	71	56	39	3	97	18	10	1	36	78	68	7	175	81	15	6	49	61	52	3	131	58	32	2	100	40	32	3	85	0	36	0	82	49	41	1	101	95	6	5	15	244	64	11	165
83	44	6	107	84	56	5	145	0	21	0	63	204	88	15	250	86	27	3	70	56	38	3	98	19	9	1	36	85	71	2	174	82	15	5	49	61	50	3	133	60	33	0	99	39	33	4	84	0	36	0	82	48	41	2	101	93	6	7	15	240	69	11	160
85	45	4	106	83	60	4	143	0	21	0	63	206	88	13	250	86	26	3	71	55	38	3	99	18	9	2	36	78	71	3	173	83	14	4	50	61	52	3	131	60	32	0	100	39	32	4	85	0	35	0	83	47	40	2	103	91	6	9	15	247	67	11	162
85	47	4	104	80	61	5	144	0	22	0	62	207	91	12	247	85	27	4	70	56	36	1	102	20	10	1	34	77	70	3	173	83	13	4	51	64	51	3	129	60	33	0	99	36	31	5	88	0	37	0	81	47	40	2	103	91	5	9	16	248	68	12	161
85	52	4	99	83	57	3	147	0	22	0	62	208	90	11	248	86	28	3	69	57	37	1	100	20	10	1	34	80	72	3	172	83	13	4	51	63	48	4	132	57	35	1	99	38	29	3	90	0	36	0	82	46	41	1	104	91	5	9	16	242	70	14	159
83	49	6	102	82	57	5	146	0	24	0	60	208	94	11	244	85	27	4	70	57	35	1	102	21	11	0	33	78	71	3	174	82	12	5	52	64	45	5	133	55	36	1	100	39	29	2	90	0	35	0	83	47	40	1	104	90	5	10	16	241	68	16	161
84	47	5	104	83	54	5	148	0	23	0	61	209	95	10	243	85	29	4	68	55	35	2	103	21	13	0	31	76	70	3	176	82	12	5	52	66	46	5	130	55	36	2	99	38	31	3	88	0	36	0	82	48	41	1	102	89	5	11	16	244	64	14	165
83	47	6	104	85	53	4	148	0	21	0	63	209	93	10	245	85	30	4	67	52	35	3	105	20	14	0	31	76	68	3	176	83	13	4	51	64	48	5	130	54	37	2	99	38	32	3	87	0	36	0	82	47	40	2	103	88	5	12	16	245	62	15	167
85	45	4	106	86	54	3	147	0	21	0	63	209	92	10	246	84	29	5	68	53	36	3	103	20	13	0	32	70	69	6	175	83	15	4	49	65	44	4	134	54	35	2	101	39	35	2	84	0	38	0	80	47	38	1	106	89	5	11	16	243	61	20	168
84	46	5	105	86	50	4	150	0	20	0	64	208	92	11	246	83	31	6	66	55	36	3	101	20	13	0	32	68	70	5	175	84	15	3	49	65	46	5	131	55	35	2	100	41	32	1	86	0	39	0	79	47	37	0	108	90	6	10	15	245	64	20	165
82	44	7	107	88	48	4	150	0	21	0	63	209	94	10	244	82	31	7	66	57	38	1	99	20	13	0	32	64	70	4	176	85	14	2	50	65	44	5	133	52	32	3	105	41	36	1	82	0	39	0	79	46	36	1	109	89	6	11	15	253	63	16	166
81	43	8	108	88	50	3	149	0	23	0	61	206	98	13	240	83	32	6	65	57	40	1	97	20	13	0	32	66	68	5	178	86	13	1	51	67	42	3	135	52	35	2	103	42	36	2	80	0	39	0	79	46	36	1	109	89	6	11	15	249	63	17	166
81	42	8	109	87	53	5	145	0	20	0	64	205	100	14	238	81	32	8	65	56	37	3	99	20	13	0	32	66	66	4	179	86	14	1	50	66	43	3	135	54	35	1	102	42	36	2	80	0	39	0	79	46	39	1	106	90	6	10	15	250	61	18	168
82	43	7	108	87	57	3	143	0	20	0	64	203	102	16	236	82	31	7	66	54	38	3	100	20	13	0	32	72	65	1	180	85	13	2	51	65	40	3	139	51	36	4	101	42	36	1	81	0	38	0	80	46	38	1	107	90	6	10	15	250	59	15	170
82	44	7	107	89	56	3	142	0	18	0	66	200	104	19	234	82	31	7	66	54	37	3	101	20	15	0	30	70	65	4	179	82	12	5	52	67	41	2	137	54	35	2	101	42	35	1	82	0	38	0	80	46	41	0	105	90	6	10	15	252	58	13	171
82	44	7	107	89	56	3	142	0	18	0	66	203	101	16	237	81	27	8	70	53	38	4	100	20	15	0	30	68	70	4	174	81	12	6	52	62	41	5	139	55	34	1	102	41	33	1	85	0	38	0	80	46	43	1	102	90	6	10	15	255	60	12	169
83	44	6	107	87	54	2	147	0	20	0	64	207	99	12	239	79	27	10	70	54	38	3	100	19	16	0	30	69	72	4	170	80	11	7	53	61	42	5	139	56	33	2	101	41	32	2	85	0	37	0	81	49	41	1	101	91	5	9	16	255	65	13	164
84	42	5	109	87	52	4	147	0	21	0	63	207	98	12	240	82	27	7	70	51	40	4	100	19	16	0	30	76	70	4	169	80	10	7	54	63	44	2	138	58	29	1	104	41	30	2	87	0	37	0	81	50	39	1	102	93	4	7	17	247	64	17	165
81	46	8	105	88	54	2	146	0	20	0	64	208	93	11	245	82	27	7	70	49	39	6	101	19	16	0	30	80	71	1	170	79	10	8	54	63	46	2	136	54	29	3	106	41	31	2	86	0	39	0	79	47	35	1	109	91	4	9	17	243	61	18	168
80	46	9	105	87	54	3	146	0	22	0	62	207	93	12	245	85	28	4	69	49	40	6	100	18	17	0	30	82	74	0	165	77	10	10	54	61	46	3	137	56	29	2	105	43	32	2	83	0	41	0	77	46	36	2	108	93	4	7	17	248	58	14	171
81	44	8	107	86	53	3	148	0	22	0	62	208	91	11	247	86	30	3	67	47	40	7	101	16	17	1	31	84	74	1	165	80	12	7	52	61	45	3	138	57	29	2	104	43	32	2	83	0	42	0	76	46	35	2	109	94	4	6	17	247	61	12	168
83	42	6	109	88	53	2	147	0	21	0	63	206	89	13	249	88	28	1	69	48	38	6	103	16	18	1	30	82	73	1	169	81	14	6	50	61	45	3	138	55	30	4	103	43	33	2	82	0	40	0	78	45	32	3	112	94	4	6	17	244	60	14	169
81	45	8	106	91	52	1	146	0	20	0	64	208	87	11	251	89	27	0	70	52	33	4	106	17	16	0	32	78	71	1	173	81	15	6	49	62	46	2	137	54	30	4	104	42	27	2	89	0	40	0	78	47	30	3	112	94	4	6	17	250	66	10	163
80	47	9	104	89	54	3	144	0	23	0	61	207	87	12	251	88	27	1	70	52	33	2	108	15	16	1	33	80	67	2	174	82	16	5	48	62	46	2	137	55	30	3	104	43	28	1	88	0	38	0	80	46	33	3	110	95	4	5	17	250	68	10	161
82	48	7	103	86	55	2	147	0	23	0	61	210	89	9	249	87	26	2	71	51	34	2	108	14	16	2	33	79	69	3	172	82	15	5	49	62	46	1	138	57	31	3	101	41	28	2	89	0	37	0	81	45	30	4	113	96	3	4	18	247	66	13	163
86	44	3	107	83	60	2	145	0	23	0	61	212	94	7	244	87	25	2	72	52	34	2	107	16	15	1	33	79	65	3	177	81	16	6	48	62	48	0	137	58	34	1	99	42	25	2	91	0	40	0	78	47	30	2	113	97	3	3	18	242	65	17	164
85	44	4	107	81	63	2	144	0	22	0	62	207	92	12	246	88	25	1	72	50	34	3	108	17	18	0	30	81	65	4	177	82	15	5	49	58	50	2	137	56	36	1	99	42	24	2	92	0	40	0	78	48	32	1	111	94	3	6	18	242	63	14	166
85	46	4	105	79	63	1	147	0	22	0	62	208	89	11	249	87	24	2	73	47	33	3	112	16	17	0	32	73	70	7	174	82	13	5	51	58	49	2	138	58	33	0	101	40	24	3	93	0	40	0	78	48	33	1	110	94	4	6	17	245	64	14	165
86	47	3	104	77	68	3	142	0	22	0	62	209	84	10	254	88	22	1	75	46	33	2	114	16	16	0	33	73	76	5	169	82	13	5	51	59	52	2	134	57	34	1	100	41	24	3	92	0	40	0	78	48	33	1	110	93	4	7	17	245	66	15	163
86	49	3	102	75	67	3	145	0	21	0	63	207	83	12	255	88	24	1	73	49	33	2	111	15	16	0	34	75	73	4	170	80	13	7	51	59	53	2	133	58	35	1	98	40	24	4	92	0	39	0	79	47	35	2	108	96	5	4	16	249	65	12	164
86	51	3	100	75	69	3	143	0	21	0	63	206	87	13	251	87	25	2	72	48	35	3	109	15	15	0	35	76	73	2	169	80	14	7	50	58	53	2	134	59	35	0	98	38	26	5	91	0	38	0	80	48	33	2	109	95	6	5	15	250	63	13	166
87	51	2	100	75	69	3	143	0	23	0	61	205	89	14	249	86	24	3	73	50	35	2	108	14	15	0	36	70	69	2	173	80	14	7	50	57	48	2	140	60	33	0	99	37	30	4	89	0	39	0	79	50	30	1	111	97	7	3	14	257	64	12	165
88	49	1	102	75	67	3	145	0	24	0	60	206	89	13	249	85	27	4	70	49	36	3	107	14	15	0	36	70	62	2	180	81	17	6	47	58	46	2	141	58	31	2	101	37	30	4	89	0	40	0	78	51	29	0	112	95	6	5	15	256	63	13	166
88	49	1	102	76	67	3	144	0	25	0	59	204	94	15	244	86	28	3	69	47	39	2	107	13	16	0	36	71	62	2	180	79	17	8	47	56	52	4	135	57	30	4	101	37	28	3	92	0	37	0	81	49	28	2	113	96	6	4	15	255	62	13	167
87	44	2	107	74	67	5	144	0	27	0	57	203	93	16	245	86	30	3	67	49	38	2	106	13	16	0	36	73	66	3	176	80	17	7	47	55	53	6	133	58	30	3	101	36	29	3	92	0	39	0	79	49	28	2	113	96	6	4	15	254	63	11	166
86	46	3	105	75	66	5	144	0	26	0	58	209	92	10	246	87	31	2	66	50	38	1	106	13	17	0	35	78	60	3	181	80	19	7	45	53	51	8	135	56	32	3	101	36	30	2	92	0	37	0	81	48	26	3	115	96	6	4	15	252	61	9	168
83	44	6	107	74	68	6	142	0	26	0	58	208	87	11	251	88	32	1	65	49	33	1	112	12	18	0	35	77	62	2	179	80	17	7	47	55	53	5	134	56	32	3	101	37	29	1	93	0	36	0	82	50	26	2	114	96	6	4	15	252	66	11	163
83	43	6	108	73	63	5	149	0	27	0	57	208	89	11	249	88	34	1	63	47	32	1	115	12	18	0	35	83	63	3	174	80	17	7	47	57	53	6	131	56	32	1	103	37	26	2	95	0	35	0	83	47	29	3	113	97	5	3	16	248	66	12	163
85	41	4	110	73	63	6	148	0	27	0	57	206	92	13	246	88	32	1	65	46	35	1	113	12	17	0	36	85	59	4	179	81	19	6	45	58	54	4	131	55	34	2	101	39	28	1	92	0	37	0	81	48	27	3	114	97	5	3	16	240	65	16	164
86	40	3	111	72	65	4	149	0	26	0	58	202	90	17	248	86	31	3	66	44	34	3	114	12	18	0	35	89	59	3	179	83	18	4	46	57	55	5	130	53	32	4	103	41	27	1	91	0	38	0	80	44	29	4	115	97	6	3	15	239	67	14	162
87	40	2	111	74	61	4	151	0	28	0	56	205	93	14	245	86	31	3	66	45	34	2	114	12	16	0	37	94	59	4	179	84	17	3	47	57	55	4	131	49	30	3	110	39	29	3	89	0	39	0	79	43	28	5	116	96	6	4	15	233	68	14	161
86	40	3	111	71	58	4	157	0	24	0	60	203	94	16	244	88	33	1	64	45	36	2	112	12	17	0	36	96	57	5	179	84	17	3	47	57	61	5	124	49	29	3	111	40	29	3	88	0	39	0	79	43	31	5	113	95	6	5	15	236	70	10	159
84	43	5	108	70	59	5	156	0	25	0	59	202	93	17	245	85	30	4	67	45	36	1	113	12	16	0	37	97	56	3	181	81	17	6	47	60	61	4	122	49	30	3	110	40	30	2	88	0	37	0	81	44	34	5	109	92	6	8	15	237	72	9	157
84	43	5	108	70	60	6	154	0	25	0	59	202	91	17	247	85	30	4	67	44	35	2	114	12	17	0	36	99	56	3	180	83	18	4	46	60	59	4	124	48	32	2	110	40	29	2	89	0	39	0	79	43	35	6	108	94	6	6	15	235	72	10	157
83	44	6	107	69	62	5	154	0	22	0	62	205	95	14	243	85	32	4	65	47	34	1	113	12	16	0	37	103	59	3	176	84	19	3	45	60	58	5	124	48	33	2	109	40	28	1	91	0	41	0	77	45	35	6	106	96	7	4	14	233	74	9	155
84	47	5	104	67	65	7	151	0	22	0	62	206	95	13	243	84	34	5	63	47	33	1	114	12	16	0	37	103	57	1	178	85	20	2	44	58	61	4	124	46	33	2	111	40	29	1	90	0	42	0	76	46	38	5	103	97	7	3	14	233	73	11	156
84	46	5	105	66	65	5	154	0	22	0	62	205	94	14	244	86	35	3	62	46	34	2	113	11	14	0	40	102	53	2	179	83	19	4	45	60	60	4	123	46	33	3	110	41	29	0	90	0	43	0	75	49	35	4	104	97	7	3	14	239	74	8	155
83	45	6	106	69	69	3	149	0	24	0	60	207	90	12	248	85	35	4	62	47	33	0	115	12	14	0	39	104	52	3	180	83	18	4	46	62	60	3	122	45	34	5	108	40	29	0	91	0	44	0	74	50	33	2	107	97	9	3	12	232	72	12	157
82	45	7	106	69	66	3	152	0	22	0	62	208	90	11	248	86	34	3	63	43	34	2	116	12	15	0	38	102	59	2	174	84	16	3	48	60	59	3	125	47	39	4	102	40	29	0	91	0	43	0	75	52	32	1	107	97	9	3	12	232	71	14	158
82	49	7	102	72	68	2	148	0	22	0	62	210	96	9	242	85	35	4	62	44	36	2	113	12	15	0	38	101	61	5	173	83	15	4	49	61	63	3	120	49	42	2	99	41	29	0	90	0	41	0	77	50	32	1	109	96	9	4	12	232	69	11	160
79	49	10	102	71	67	3	149	0	20	0	64	210	96	9	242	86	35	3	62	45	37	1	112	13	13	0	39	96	61	5	171	81	14	6	50	61	59	4	123	49	43	3	97	40	27	0	93	0	41	0	77	49	34	2	107	95	9	5	12	239	71	11	158
79	47	10	104	71	63	3	153	0	20	0	64	210	97	9	241	85	35	4	62	44	36	1	114	12	14	0	39	98	60	4	170	79	13	8	51	62	56	4	125	50	39	2	101	41	26	0	93	0	39	0	79	49	32	2	109	95	9	5	12	241	69	10	160
79	49	10	102	72	66	3	149	0	19	0	65	208	98	11	240	87	34	2	63	44	38	1	112	13	14	0	38	92	61	6	171	80	15	7	49	60	55	5	127	51	41	1	99	39	29	0	92	0	41	0	77	49	32	2	109	97	9	3	12	241	72	12	157
79	52	10	99	71	62	5	152	0	19	0	65	209	96	10	242	85	33	4	64	44	37	3	111	13	14	0	38	94	64	5	170	81	14	6	50	60	56	4	127	50	44	2	96	41	27	0	92	0	39	0	79	50	35	1	106	97	9	3	12	243	73	7	156
79	50	10	101	72	67	4	147	0	18	0	66	205	96	14	242	86	33	3	64	43	36	3	113	13	14	0	38	98	64	6	170	83	13	4	51	61	59	4	123	51	43	1	97	41	27	0	92	0	40	0	78	52	38	0	102	98	9	2	12	235	72	10	157
78	50	11	101	71	63	4	152	0	18	0	66	205	92	14	246	86	32	3	65	41	38	3	113	14	13	0	38	97	64	5	171	84	14	3	50	61	57	4	125	50	43	1	98	39	29	0	92	0	40	0	78	52	37	0	103	96	9	4	12	234	70	12	159
77	46	12	105	71	62	4	153	0	19	0	65	200	94	19	244	86	32	3	65	43	39	2	111	15	12	0	38	99	70	5	165	84	14	3	50	60	58	5	124	51	43	1	97	37	33	1	89	0	43	0	75	52	42	0	98	95	8	5	13	232	70	12	159
79	46	10	105	73	58	3	156	0	19	0	65	205	93	14	245	85	32	4	65	44	38	3	110	15	13	0	37	95	68	5	168	84	14	3	50	61	58	4	124	51	46	1	94	36	35	1	88	0	44	0	74	52	43	0	97	96	9	4	12	234	70	13	159
79	47	10	104	69	61	6	154	0	21	0	63	204	91	15	247	84	31	5	66	42	36	4	113	15	14	0	36	95	67	3	167	83	13	4	51	61	61	3	122	51	44	1	96	36	36	1	87	0	43	0	75	50	38	2	102	95	7	5	14	239	73	12	156
82	48	7	103	71	61	5	153	0	20	0	64	203	94	16	244	84	31	5	66	44	38	3	110	15	13	0	37	89	73	5	163	82	12	5	52	59	60	5	123	51	46	1	94	36	35	1	88	0	42	0	76	49	39	2	102	96	7	4	14	242	72	11	157
82	44	7	107	70	61	5	154	0	22	0	62	206	96	13	242	84	31	5	66	46	38	2	109	15	14	0	36	87	73	4	164	81	14	6	50	59	57	4	127	50	46	1	95	36	35	1	88	0	43	0	75	49	39	0	104	94	7	6	14	242	76	13	153
84	45	5	106	71	61	5	153	0	22	0	62	209	99	10	239	83	29	6	68	47	36	2	110	14	13	1	37	87	71	3	166	82	13	5	51	56	57	5	129	49	46	1	96	37	34	1	88	0	41	0	77	48	38	1	105	94	6	6	15	245	75	11	154
83	45	6	106	72	60	4	154	0	23	0	61	208	99	11	239	82	30	7	67	45	36	2	112	14	14	1	36	82	72	3	165	82	12	5	52	57	52	5	133	47	49	1	95	36	39	2	83	0	42	0	76	47	39	2	104	94	6	6	15	249	73	12	156
83	44	6	107	69	59	5	157	0	24	0	60	209	104	10	234	83	30	6	67	44	39	2	110	16	13	0	36	78	71	2	167	84	11	3	53	59	53	4	131	48	44	1	99	35	40	3	82	0	41	0	77	46	38	3	105	93	6	7	15	250	71	15	158
82	41	7	110	70	62	4	154	0	25	0	59	209	104	10	234	84	30	5	67	43	40	1	111	16	14	0	35	81	70	2	166	83	11	4	53	61	51	4	131	47	43	2	100	36	40	2	82	0	42	0	76	48	34	4	106	91	8	9	13	252	74	12	155
84	43	5	108	69	59	6	156	0	27	0	57	211	103	8	235	83	33	6	64	42	41	2	110	16	12	0	37	78	67	2	170	84	12	3	52	61	53	5	128	48	42	3	99	37	40	1	82	0	41	0	77	48	35	4	105	91	8	9	13	254	73	12	156
81	41	8	110	68	59	5	158	0	25	0	59	210	102	9	236	84	32	5	65	44	42	2	107	16	12	0	37	79	68	3	169	83	13	4	51	61	50	5	131	49	40	2	101	39	40	2	79	0	40	0	78	49	35	3	105	92	7	8	14	252	74	12	155
81	42	8	109	68	58	4	160	0	26	0	58	210	95	9	243	83	30	6	67	44	45	1	105	15	13	0	37	80	67	6	168	84	13	3	51	60	51	5	131	47	41	4	100	39	40	2	79	0	43	0	75	47	38	2	105	93	6	7	15	247	75	15	154
82	40	7	111	65	58	6	161	0	26	0	58	209	95	10	243	84	30	5	67	42	48	3	102	17	11	0	37	75	67	7	168	83	14	4	50	61	49	3	134	46	39	3	104	38	42	2	78	0	44	0	74	46	36	2	108	94	6	6	15	249	77	17	152
82	41	7	110	66	58	5	161	0	27	0	57	212	95	7	243	83	32	6	65	44	45	4	102	17	9	0	39	80	66	5	168	84	17	3	47	59	49	5	134	47	39	2	104	38	43	3	76	0	47	0	71	45	39	2	106	95	5	5	16	247	76	17	153
83	40	6	111	66	55	5	164	0	26	0	58	210	91	9	247	86	32	3	65	47	45	2	101	16	9	0	40	73	64	5	172	84	17	3	47	60	50	3	134	46	38	3	105	39	41	2	78	0	49	0	69	44	41	2	105	94	4	6	17	253	76	16	153
83	39	6	112	68	53	5	164	0	28	0	56	211	88	8	250	87	29	2	68	49	42	2	102	16	8	0	41	75	62	3	175	83	18	4	46	56	53	5	133	46	36	3	107	41	33	2	84	0	48	0	70	42	41	2	107	90	4	10	17	254	73	14	156
85	37	4	114	68	56	5	161	0	27	0	57	211	88	8	250	87	27	2	70	49	42	1	103	16	8	0	41	82	64	2	172	82	17	5	47	57	55	6	129	46	37	3	106	42	31	1	86	0	43	0	75	43	38	1	110	90	4	10	17	251	73	12	156
85	36	4	115	70	55	5	160	0	27	0	57	209	86	10	252	86	29	3	68	50	41	1	103	15	9	0	41	78	64	1	174	81	19	6	45	60	54	4	129	49	37	3	103	42	33	1	84	0	41	0	77	42	38	1	111	90	4	10	17	247	77	19	152
84	37	5	114	69	57	4	160	0	27	0	57	207	83	12	255	84	29	5	68	48	42	2	103	14	11	0	40	83	65	2	172	81	18	6	46	60	57	3	127	51	37	2	102	43	31	1	85	0	40	0	78	41	41	2	108	92	4	8	17	241	75	20	154
84	36	5	115	73	59	2	156	0	28	0	56	208	81	11	257	85	29	4	68	50	42	1	102	14	12	0	39	82	68	3	170	80	17	7	47	60	57	4	126	48	38	2	104	44	29	1	86	0	39	0	79	39	41	2	110	93	4	7	17	244	76	16	153
84	36	5	115	72	60	2	156	0	31	0	53	207	82	12	256	85	26	4	71	50	43	1	101	14	13	0	38	81	71	3	169	77	17	10	47	58	59	5	125	48	36	2	106	43	29	1	87	0	41	0	77	38	40	3	111	94	4	6	17	245	78	14	151
82	41	7	110	69	65	3	153	0	30	0	54	209	83	10	255	87	24	2	73	50	42	3	100	14	13	0	38	80	71	6	168	75	19	12	45	58	56	5	128	47	36	3	106	41	29	1	89	0	39	0	79	38	39	3	112	95	4	5	17	244	79	14	150
82	44	7	107	71	60	2	157	0	30	0	54	208	85	11	253	87	24	2	73	50	41	4	100	13	13	0	39	80	72	6	168	76	19	11	45	59	57	3	128	47	37	3	105	41	31	1	87	0	42	0	76	37	38	4	113	94	4	6	17	240	80	17	149
81	44	8	107	71	61	2	156	0	29	0	55	209	87	10	251	86	25	3	72	50	40	3	102	12	13	0	40	76	75	6	163	77	19	10	45	58	56	5	128	46	37	4	105	41	32	0	87	0	42	0	76	37	41	3	111	92	4	8	17	242	78	21	151
83	48	6	103	72	66	2	150	0	27	0	57	210	87	9	251	86	26	3	71	50	39	4	102	11	13	1	40	76	71	6	166	81	19	6	45	61	55	3	128	47	37	4	104	42	32	0	86	0	40	0	78	39	44	1	108	93	4	7	17	243	84	21	145
83	50	6	101	72	64	3	151	0	32	0	52	209	86	10	252	86	24	3	73	49	38	5	103	11	12	1	41	77	71	4	167	83	18	4	46	61	53	2	131	47	36	4	105	42	34	1	83	0	39	0	79	38	46	1	107	94	4	6	17	245	85	19	144
82	49	7	102	73	61	3	153	0	33	0	51	207	80	12	258	84	24	5	73	49	40	5	101	11	12	1	41	78	70	3	168	82	18	5	46	61	53	3	130	49	32	3	108	41	35	2	82	0	36	0	82	35	47	2	108	92	4	8	17	244	84	20	145
81	52	8	99	72	62	4	152	0	31	0	53	205	81	14	257	81	22	8	75	49	36	5	105	12	11	0	42	80	69	4	168	82	17	5	47	61	53	3	130	49	32	3	108	41	36	1	82	0	35	0	83	36	44	2	110	93	6	7	15	244	83	18	146
81	52	8	99	72	58	3	157	0	27	0	57	206	87	13	251	81	23	8	74	49	39	4	103	11	12	1	41	76	66	5	173	79	16	8	48	64	49	2	132	50	30	3	109	42	37	1	80	0	35	0	83	37	43	1	111	94	6	6	15	246	80	17	149
84	50	5	101	71	59	4	156	0	25	0	59	206	86	13	252	83	25	6	72	50	38	3	104	11	12	1	41	79	67	4	170	81	17	6	47	64	47	2	134	48	30	4	110	40	38	2	80	0	36	0	82	36	44	2	110	93	5	7	16	244	82	19	147
86	48	3	103	72	60	3	155	0	26	0	58	207	88	12	250	82	25	7	72	49	37	4	105	11	11	1	42	80	66	3	172	80	17	7	47	62	49	2	134	51	30	4	107	39	35	2	84	0	37	0	81	35	47	3	107	93	5	7	16	244	77	18	152
84	46	5	105	71	62	3	154	0	28	0	56	209	87	10	251	83	25	6	72	50	34	4	107	11	11	1	42	82	67	5	171	81	16	6	48	61	48	3	135	53	32	2	105	40	35	2	83	0	37	0	81	34	48	3	107	91	6	9	15	239	74	19	155
84	44	5	107	70	65	4	151	0	27	0	57	210	86	9	252	84	24	5	73	50	34	4	107	11	10	1	43	82	62	5	174	82	15	5	49	60	48	2	137	54	33	1	104	40	34	2	84	0	37	0	81	33	50	3	106	92	6	8	15	240	70	20	159
84	45	5	106	71	62	3	154	0	30	0	54	205	87	14	251	82	22	7	75	49	35	4	107	12	9	1	43	85	63	3	174	82	15	5	49	57	48	2	140	54	37	1	100	39	35	2	84	0	38	0	80	32	50	3	107	92	6	8	15	236	68	22	161
82	46	7	105	71	62	2	155	0	31	0	53	201	92	18	246	84	22	5	75	49	37	4	105	12	8	1	44	83	64	2	175	83	12	4	52	57	46	2	142	53	37	2	100	38	36	3	83	0	37	0	81	32	49	2	109	94	6	6	15	237	69	22	160
81	46	8	105	73	61	0	156	0	30	0	54	201	95	18	243	84	23	5	74	46	36	4	109	12	10	1	42	84	69	6	169	81	13	6	51	55	49	2	141	50	39	2	101	38	36	3	83	0	36	0	82	32	50	1	109	93	6	7	15	235	71	20	158
82	47	7	104	71	60	1	158	0	28	0	56	200	98	19	240	85	24	4	73	47	38	3	107	12	10	1	42	87	68	5	168	79	15	8	49	55	52	2	138	49	38	2	103	37	34	4	85	0	37	0	81	31	48	1	112	92	7	8	14	235	72	20	157
80	46	9	105	71	63	2	154	0	29	0	55	203	95	16	243	85	23	4	74	49	37	2	107	12	10	1	42	91	66	7	169	81	15	6	49	55	51	2	139	48	38	2	104	38	33	3	86	0	38	0	80	32	49	1	110	93	9	7	12	232	69	18	160
79	40	10	111	68	65	2	155	0	30	0	54	202	93	17	245	85	24	4	73	48	38	3	106	12	11	1	41	98	67	4	166	82	15	5	49	55	50	1	141	46	39	4	103	38	34	3	85	0	38	0	80	30	47	1	114	95	9	5	12	232	69	16	160
81	40	8	111	69	67	1	153	0	29	0	55	204	91	15	247	85	23	4	74	49	40	2	104	12	13	1	39	100	65	4	170	82	14	5	50	54	48	3	142	45	39	3	105	39	32	2	87	0	38	0	80	31	45	1	115	93	9	7	12	230	68	14	161
82	38	7	113	70	65	2	153	0	28	0	56	203	88	16	250	86	23	3	74	48	39	3	105	13	13	0	39	103	63	3	171	82	13	5	51	53	47	3	144	47	37	2	106	41	31	1	87	0	36	0	82	32	46	1	113	90	9	10	12	226	63	17	166
83	34	6	117	72	60	1	157	0	28	0	56	205	93	14	245	85	21	4	76	48	39	4	104	13	14	0	38	101	62	4	173	83	12	4	52	53	49	3	142	46	33	2	111	42	29	0	89	0	38	0	80	33	45	1	113	89	8	11	13	228	64	15	165
85	34	4	117	74	60	1	155	0	27	0	57	209	89	10	249	85	22	4	75	50	38	4	103	14	15	0	36	101	60	3	172	84	12	3	52	51	47	4	145	46	34	1	111	40	31	1	88	0	38	0	80	32	45	2	113	89	7	11	14	233	63	14	166
88	38	1	113	73	64	0	153	0	26	0	58	212	93	7	245	86	25	3	72	49	36	5	105	14	13	1	37	95	57	5	176	84	11	3	53	49	50	5	143	46	37	1	108	40	31	1	88	0	40	0	78	33	45	1	113	88	8	12	13	236	64	14	165
87	41	2	110	76	59	0	155	0	26	0	58	213	86	6	252	85	25	4	72	51	37	4	103	12	14	1	38	96	61	7	171	83	11	4	53	53	52	3	139	45	39	0	108	41	31	1	87	0	40	0	78	34	44	1	113	88	7	12	14	236	66	12	163
87	44	2	107	73	60	3	154	0	26	0	58	211	84	8	254	87	24	2	73	49	37	5	104	12	13	1	39	100	59	9	168	82	12	5	52	53	55	3	136	45	39	0	108	41	32	1	86	0	40	0	78	34	46	1	111	88	7	12	14	230	68	17	161
87	45	2	106	75	60	2	153	0	26	0	58	211	86	8	252	87	24	2	73	50	38	4	103	11	14	2	38	99	61	6	167	81	12	6	52	54	55	3	135	47	36	0	109	43	30	1	86	0	40	0	78	34	45	0	113	88	7	12	14	234	67	16	162
89	44	0	107	74	65	2	149	0	25	0	59	210	92	9	246	86	23	3	74	47	38	6	104	11	16	1	37	96	63	7	167	82	12	5	52	55	54	2	136	45	37	1	109	43	29	1	87	0	40	0	78	32	47	2	111	92	7	8	14	234	70	16	159
88	44	1	107	73	61	2	154	0	26	0	58	209	92	10	246	85	21	4	76	49	40	4	102	10	16	1	38	87	65	9	168	83	13	4	51	56	52	2	137	46	35	1	110	42	28	1	89	0	39	0	79	29	47	4	112	91	8	9	13	234	66	20	163
88	44	1	107	73	64	1	152	0	27	0	57	209	93	10	245	80	20	9	77	49	39	2	105	10	17	1	37	85	69	8	166	83	14	4	50	55	54	1	137	45	33	2	112	43	27	1	89	0	37	0	81	30	48	3	111	90	7	10	14	240	69	15	160
87	45	2	106	73	63	1	153	0	26	0	58	209	93	10	245	81	21	8	76	48	41	2	104	11	19	1	34	86	71	6	165	84	14	3	50	52	52	3	140	46	35	1	110	42	30	1	87	0	37	0	81	32	46	3	111	90	7	10	14	240	70	15	159
86	42	3	109	71	60	2	157	0	28	0	56	209	96	10	242	82	21	7	76	46	41	2	106	11	19	1	34	87	70	4	168	84	15	3	49	55	48	1	143	46	37	2	107	44	30	0	86	0	36	0	82	33	43	3	113	91	7	9	14	238	68	16	161
84	42	5	109	75	59	1	155	0	26	0	58	209	100	10	238	84	21	5	76	45	41	1	108	11	20	1	33	85	68	5	170	85	15	2	49	53	50	2	142	46	38	2	106	44	28	0	88	0	36	0	82	32	44	4	112	93	7	7	14	240	71	15	158
82	42	7	109	74	60	2	154	0	25	0	59	207	103	12	235	82	22	7	75	43	46	2	104	12	22	0	31	83	71	5	169	85	13	2	51	55	49	1	142	45	36	4	107	45	28	1	86	0	35	0	83	33	47	3	109	94	7	6	14	240	75	15	154
81	45	8	106	76	57	3	154	0	25	0	59	205	102	14	236	83	20	6	77	43	45	2	105	12	22	0	31	88	68	4	172	84	13	3	51	54	49	2	142	47	34	2	109	47	25	0	88	0	34	0	84	30	47	5	110	93	7	7	14	239	75	12	154
80	46	9	105	74	57	3	156	0	26	0	58	206	100	13	238	84	22	5	75	44	45	2	104	12	22	0	31	86	67	6	172	84	15	3	49	53	49	3	142	47	39	2	104	47	26	0	87	0	37	0	81	27	47	8	110	94	7	6	14	240	76	12	153
80	45	9	106	76	54	2	158	0	26	0	58	206	101	13	237	85	21	4	76	44	44	2	105	12	20	0	33	87	64	7	176	83	16	4	48	54	47	3	143	47	36	2	107	48	28	0	84	0	36	0	82	29	45	6	112	92	7	8	14	237	77	12	152
84	48	5	103	75	59	3	153	0	24	0	60	204	100	15	238	85	20	4	77	43	43	2	107	12	19	1	33	88	65	7	176	83	15	4	49	50	49	4	144	47	34	3	108	47	28	1	84	0	35	0	83	29	45	7	111	94	8	6	13	233	74	14	155
83	48	6	103	76	56	2	156	0	24	0	60	204	96	15	242	85	20	4	77	44	45	3	103	11	20	1	33	87	60	8	181	84	17	3	47	49	48	4	146	45	31	4	112	44	29	1	86	0	31	0	87	30	47	5	110	96	7	4	14	235	77	12	152
80	49	9	102	75	60	2	153	0	24	0	60	203	99	16	239	85	23	4	74	43	43	4	105	13	20	1	31	87	62	6	181	83	16	4	48	47	50	3	147	46	32	4	110	44	32	1	83	0	29	0	89	30	48	4	110	96	7	4	14	234	76	13	153
80	49	9	102	74	61	1	154	0	24	0	60	202	97	17	241	83	26	6	71	44	43	3	105	13	20	1	31	93	59	5	184	84	19	3	45	48	51	2	146	47	31	3	111	43	33	2	82	0	28	0	90	30	46	3	113	98	7	2	14	229	77	13	152
80	48	9	103	73	62	1	154	0	24	0	60	205	95	14	243	84	24	5	73	44	47	2	102	13	19	1	32	97	58	6	185	84	18	3	46	47	49	4	147	48	34	2	108	44	35	1	80	0	31	0	87	30	45	3	114	96	6	4	15	227	80	10	149
82	50	7	101	72	61	1	156	0	27	0	57	203	94	16	244	85	24	4	73	43	46	3	103	13	18	1	33	100	60	5	182	84	16	3	48	47	48	4	148	46	33	1	112	45	32	1	82	0	30	0	88	32	44	2	114	95	5	5	16	224	76	12	153
81	50	8	101	72	60	1	157	0	28	0	56	201	93	18	245	88	23	1	74	43	45	2	105	12	20	1	32	95	61	6	183	84	17	3	47	44	46	7	150	44	29	2	117	45	33	1	81	0	30	0	88	32	44	2	114	95	4	5	17	222	73	16	156
81	52	8	99	72	60	1	157	0	31	0	53	201	92	18	246	89	21	0	76	44	47	0	104	12	20	1	32	97	63	5	181	84	17	3	47	44	45	5	153	44	31	3	114	45	31	1	83	0	31	0	87	35	41	2	114	96	4	4	17	225	75	12	154
83	52	6	99	71	59	2	158	0	29	0	55	202	94	17	244	88	20	1	77	46	45	0	104	12	19	1	33	107	63	5	177	83	18	4	46	48	40	4	155	43	32	3	114	43	30	3	84	0	30	0	88	35	41	1	115	95	4	5	17	221	74	10	155
83	53	6	98	73	54	0	163	0	27	0	57	203	95	16	243	87	21	2	76	46	42	0	107	12	19	1	33	108	63	5	179	84	19	3	45	50	46	1	150	44	32	2	114	42	30	3	85	0	31	0	87	34	38	1	119	95	4	5	17	218	77	10	152
84	50	5	101	70	52	1	167	0	29	0	55	206	95	13	243	87	22	2	75	45	41	1	108	12	20	1	32	104	60	6	181	84	19	3	45	50	46	1	150	44	29	3	116	43	28	2	87	0	33	0	85	34	36	0	122	94	4	6	17	218	78	14	151
83	50	6	101	67	55	2	166	0	29	0	55	209	91	10	247	88	21	1	76	43	42	3	107	12	21	1	31	104	59	6	182	82	19	5	45	51	48	0	148	43	30	3	116	43	29	2	86	0	35	0	83	34	37	0	121	94	5	6	16	220	76	12	153
83	51	6	100	65	60	2	163	0	29	0	55	212	90	7	248	88	22	1	75	44	40	2	109	12	21	1	31	99	61	5	181	80	20	7	44	49	51	1	146	43	31	2	116	45	28	2	85	0	36	0	82	35	37	1	119	95	6	5	15	225	74	12	155
81	53	8	98	64	63	1	162	0	27	0	57	213	91	6	247	87	24	2	73	45	38	1	111	11	20	1	33	103	62	5	180	81	20	6	44	49	51	1	146	40	31	3	118	45	26	2	87	0	38	0	80	35	37	1	119	94	7	6	14	220	74	13	155
81	54	8	97	63	63	3	161	0	27	0	57	211	88	8	250	87	24	2	73	49	37	1	108	11	17	1	36	98	64	6	179	80	20	7	44	47	52	1	147	43	31	1	117	46	24	2	88	0	37	0	81	36	39	1	116	97	7	3	14	221	72	15	157
