AAA	AAC	AAG	AAT	ACA	ACC	ACG	ACT	AGA	AGC	AGG	AGT	ATA	ATC	ATG	ATT	CAA	CAC	CAG	CAT	CCA	CCC	CCG	CCT	CGA	CGC	CGG	CGT	CTA	CTC	CTG	CTT	GAA	GAC	GAG	GAT	GCA	GCC	GCG	GCT	GGA	GGC	GGG	GGT	GTA	GTC	GTG	GTT	TAA	TAC	TAG	TAT	TCA	TCC	TCG	TCT	TGA	TGC	TGG	TGT	TTA	TTC	TTG	TTT
0.015176600441501103	0.019867549668874173	0.00607064017660044	0.01379690949227373	0.028973509933774837	0.030629139072847682	0.0038631346578366452	0.01131346578366446	0.0	0.009933774834437088	0.0	0.002207505518763797	0.031456953642384114	0.023178807947019868	0.014072847682119206	0.0543598233995585	0.017660044150110375	0.021247240618101543	0.009105960264900662	0.006898454746136865	0.01903973509933775	0.02455849889624724	0.0052428256070640175	0.009381898454746136	0.008278145695364239	0.00607064017660044	0.0038631346578366452	0.002483443708609272	0.05518763796909492	0.02511037527593819	0.019591611479028697	0.03532008830022075	0.015176600441501103	0.015176600441501103	0.011037527593818984	0.006622516556291391	0.031456953642384114	0.042218543046357616	0.005794701986754967	0.011589403973509934	0.02097130242825607	0.01903973509933775	0.014900662251655629	0.00607064017660044	0.018211920529801324	0.012141280353200884	0.0077262693156732905	0.0173841059602649	0.0	0.015728476821192054	0.0	0.012693156732891831	0.02097130242825607	0.017108167770419427	0.002483443708609272	0.009657836644591612	0.02593818984547461	0.004966887417218543	0.005794701986754967	0.0016556291390728475	0.03007726269315673	0.02262693156732892	0.004966887417218543	0.0358719646799117
0.009105960264900662	0.017660044150110375	0.012141280353200883	0.016004415011037526	0.016280353200883002	0.018763796909492272	0.01793598233995585	0.021799116997792495	0.0	0.010485651214128035	0.0	0.011865342163355408	0.020695364238410598	0.037251655629139076	0.024834437086092714	0.04028697571743929	0.013520971302428256	0.01379690949227373	0.013245033112582781	0.01434878587196468	0.015728476821192054	0.014624724061810155	0.01545253863134658	0.012417218543046357	0.0041390728476821195	0.006070640176600441	0.005518763796909493	0.004966887417218543	0.03283664459161148	0.025386313465783666	0.030077262693156734	0.027869757174392936	0.013520971302428256	0.011037527593818985	0.012693156732891833	0.01076158940397351	0.02566225165562914	0.021247240618101546	0.021799116997792495	0.022350993377483443	0.015176600441501103	0.01434878587196468	0.015728476821192054	0.015728476821192054	0.01434878587196468	0.01683222958057395	0.012693156732891833	0.011589403973509934	0.0	0.014072847682119206	0.0	0.01434878587196468	0.01076158940397351	0.008554083885209713	0.01131346578366446	0.009381898454746136	0.01434878587196468	0.00358719646799117	0.0173841059602649	0.0030353200883002206	0.024006622516556293	0.028145695364238412	0.030077262693156734	0.030353200883002206
0.01020971302428256	0.017660044150110375	0.011037527593818985	0.016004415011037526	0.017660044150110375	0.019315673289183224	0.016280353200883002	0.02152317880794702	0.0	0.010485651214128035	0.0	0.011865342163355408	0.023178807947019868	0.037527593818984545	0.022350993377483443	0.04001103752759382	0.01434878587196468	0.013245033112582781	0.012417218543046357	0.014900662251655629	0.016556291390728478	0.014624724061810155	0.014624724061810155	0.012417218543046357	0.004415011037527594	0.006070640176600441	0.004966887417218543	0.0052428256070640175	0.03532008830022075	0.02566225165562914	0.028145695364238412	0.027869757174392936	0.014624724061810155	0.011037527593818985	0.011589403973509934	0.01076158940397351	0.02566225165562914	0.021799116997792495	0.02097130242825607	0.02262693156732892	0.016280353200883002	0.01434878587196468	0.01434878587196468	0.016004415011037526	0.015176600441501103	0.016556291390728478	0.011865342163355408	0.011865342163355408	0.0	0.014072847682119206	0.0	0.01434878587196468	0.01131346578366446	0.008554083885209713	0.01076158940397351	0.009381898454746136	0.01545253863134658	0.00358719646799117	0.016280353200883002	0.0030353200883002206	0.025386313465783666	0.027317880794701987	0.027869757174392936	0.03118101545253863
0.011037527593818985	0.017660044150110375	0.01020971302428256	0.016004415011037526	0.018763796909492272	0.019591611479028697	0.014900662251655629	0.02152317880794702	0.0	0.009381898454746136	0.0	0.012969094922737307	0.024834437086092714	0.0369757174392936	0.020695364238410598	0.04056291390728477	0.014900662251655629	0.013245033112582781	0.011865342163355408	0.014900662251655629	0.01793598233995585	0.014624724061810155	0.012969094922737307	0.012693156732891833	0.004690949227373068	0.005794701986754967	0.004966887417218543	0.0052428256070640175	0.037251655629139076	0.025938189845474614	0.025938189845474614	0.028145695364238412	0.01545253863134658	0.01076158940397351	0.01076158940397351	0.011037527593818985	0.028421633554083885	0.022350993377483443	0.018763796909492272	0.02152317880794702	0.017108167770419427	0.014900662251655629	0.013245033112582781	0.015728476821192054	0.016556291390728478	0.016280353200883002	0.010485651214128035	0.012141280353200883	0.0	0.01379690949227373	0.0	0.014624724061810155	0.012141280353200883	0.008554083885209713	0.009933774834437087	0.009381898454746136	0.01683222958057395	0.00358719646799117	0.014900662251655629	0.0030353200883002206	0.02676600441501104	0.02759381898454746	0.026214128035320087	0.03090507726269316
0.011589403973509934	0.0173841059602649	0.009657836644591612	0.016280353200883002	0.02041942604856512	0.019591611479028697	0.013520971302428256	0.021247240618101546	0.0	0.009657836644591612	0.0	0.012693156732891833	0.02704194260485651	0.03642384105960265	0.0184878587196468	0.04111479028697572	0.015176600441501103	0.013245033112582781	0.011589403973509934	0.014900662251655629	0.0184878587196468	0.014900662251655629	0.012417218543046357	0.012417218543046357	0.005794701986754967	0.005518763796909493	0.0041390728476821195	0.0052428256070640175	0.03945916114790287	0.025938189845474614	0.02262693156732892	0.02869757174392936	0.01683222958057395	0.011037527593818985	0.009381898454746136	0.01076158940397351	0.030077262693156734	0.022350993377483443	0.016556291390728478	0.02207505518763797	0.01683222958057395	0.015176600441501103	0.013245033112582781	0.015728476821192054	0.01683222958057395	0.016280353200883002	0.01020971302428256	0.012141280353200883	0.0	0.01379690949227373	0.0	0.014624724061810155	0.012417218543046357	0.009105960264900662	0.009657836644591612	0.008830022075055188	0.01793598233995585	0.00358719646799117	0.01379690949227373	0.0030353200883002206	0.028421633554083885	0.02759381898454746	0.02511037527593819	0.03090507726269316
0.011865342163355408	0.016280353200883002	0.009381898454746136	0.0173841059602649	0.02152317880794702	0.019591611479028697	0.012141280353200883	0.02152317880794702	0.0	0.009657836644591612	0.0	0.012693156732891833	0.028973509933774833	0.036699779249448124	0.016556291390728478	0.04083885209713024	0.016280353200883002	0.012969094922737307	0.010485651214128035	0.015176600441501103	0.01903973509933775	0.014624724061810155	0.01131346578366446	0.013245033112582781	0.005794701986754967	0.005518763796909493	0.0041390728476821195	0.0052428256070640175	0.039183222958057394	0.025938189845474614	0.021799116997792495	0.028421633554083885	0.01683222958057395	0.011037527593818985	0.009381898454746136	0.01076158940397351	0.03173289183222958	0.02207505518763797	0.015176600441501103	0.02207505518763797	0.018211920529801324	0.015176600441501103	0.011865342163355408	0.015728476821192054	0.017108167770419427	0.016280353200883002	0.009657836644591612	0.012417218543046357	0.0	0.014072847682119206	0.0	0.01434878587196468	0.01379690949227373	0.009105960264900662	0.008278145695364239	0.008830022075055188	0.01903973509933775	0.003863134657836645	0.012693156732891833	0.0027593818984547464	0.03173289183222958	0.027317880794701987	0.023178807947019868	0.03118101545253863
0.013245033112582781	0.016280353200883002	0.008002207505518763	0.0173841059602649	0.02207505518763797	0.019591611479028697	0.011589403973509934	0.02152317880794702	0.0	0.009381898454746136	0.0	0.012969094922737307	0.030077262693156734	0.036699779249448124	0.01545253863134658	0.04083885209713024	0.018211920529801324	0.012969094922737307	0.008554083885209713	0.015176600441501103	0.019867549668874173	0.01434878587196468	0.009933774834437087	0.014072847682119206	0.0063465783664459164	0.005794701986754967	0.0033112582781456954	0.0052428256070640175	0.03945916114790287	0.02676600441501104	0.019591611479028697	0.027869757174392936	0.017660044150110375	0.01131346578366446	0.008554083885209713	0.010485651214128035	0.03228476821192053	0.021799116997792495	0.01434878587196468	0.02262693156732892	0.019315673289183224	0.015176600441501103	0.01076158940397351	0.015728476821192054	0.018211920529801324	0.01545253863134658	0.008002207505518763	0.01379690949227373	0.0	0.014072847682119206	0.0	0.01434878587196468	0.01434878587196468	0.008830022075055188	0.00772626931567329	0.009105960264900662	0.019315673289183224	0.003863134657836645	0.012417218543046357	0.0027593818984547464	0.03421633554083885	0.027317880794701987	0.022350993377483443	0.03118101545253863
0.013245033112582781	0.016280353200883002	0.008002207505518763	0.0173841059602649	0.02345474613686534	0.0184878587196468	0.010485651214128035	0.022350993377483443	0.0	0.009657836644591612	0.0	0.012693156732891833	0.03118101545253863	0.037251655629139076	0.01434878587196468	0.04028697571743929	0.0184878587196468	0.012417218543046357	0.008278145695364239	0.015728476821192054	0.02097130242825607	0.01434878587196468	0.008554083885209713	0.01434878587196468	0.006622516556291391	0.005794701986754967	0.0030353200883002206	0.0052428256070640175	0.04111479028697572	0.026214128035320087	0.01793598233995585	0.028145695364238412	0.0184878587196468	0.011037527593818985	0.00772626931567329	0.01076158940397351	0.0336644591611479	0.021247240618101546	0.013245033112582781	0.022902869757174392	0.019591611479028697	0.01545253863134658	0.010485651214128035	0.01545253863134658	0.01903973509933775	0.01545253863134658	0.0074503311258278145	0.013520971302428256	0.0	0.013245033112582781	0.0	0.015176600441501103	0.014900662251655629	0.009105960264900662	0.00717439293598234	0.008830022075055188	0.02097130242825607	0.003863134657836645	0.01076158940397351	0.0027593818984547464	0.0358719646799117	0.027869757174392936	0.02097130242825607	0.030629139072847682
0.014072847682119206	0.016004415011037526	0.00717439293598234	0.017660044150110375	0.02455849889624724	0.018211920529801324	0.009381898454746136	0.02262693156732892	0.0	0.009657836644591612	0.0	0.012693156732891833	0.033388520971302425	0.0369757174392936	0.012141280353200883	0.04056291390728477	0.018763796909492272	0.012417218543046357	0.008002207505518763	0.015728476821192054	0.021247240618101546	0.01379690949227373	0.00772626931567329	0.01545253863134658	0.00717439293598234	0.005794701986754967	0.0024834437086092716	0.0052428256070640175	0.041666666666666664	0.026214128035320087	0.016280353200883002	0.028421633554083885	0.019315673289183224	0.011037527593818985	0.006898454746136865	0.01076158940397351	0.03394039735099338	0.02097130242825607	0.012969094922737307	0.023178807947019868	0.02041942604856512	0.01545253863134658	0.009657836644591612	0.01545253863134658	0.020143487858719646	0.01434878587196468	0.006898454746136865	0.014072847682119206	0.0	0.012969094922737307	0.0	0.01545253863134658	0.014900662251655629	0.009381898454746136	0.00717439293598234	0.008554083885209713	0.024006622516556293	0.003863134657836645	0.00772626931567329	0.0027593818984547464	0.04001103752759382	0.027869757174392936	0.017660044150110375	0.030629139072847682
0.015176600441501103	0.016004415011037526	0.006070640176600441	0.017660044150110375	0.02455849889624724	0.018763796909492272	0.009381898454746136	0.02207505518763797	0.0	0.009657836644591612	0.0	0.012693156732891833	0.03394039735099338	0.0369757174392936	0.011589403973509934	0.04056291390728477	0.019591611479028697	0.011865342163355408	0.00717439293598234	0.016280353200883002	0.02207505518763797	0.01379690949227373	0.006622516556291391	0.015728476821192054	0.0074503311258278145	0.005518763796909493	0.002207505518763797	0.005518763796909493	0.043874172185430466	0.025938189845474614	0.013520971302428256	0.02924944812362031	0.019315673289183224	0.01076158940397351	0.006898454746136865	0.011037527593818985	0.03449227373068433	0.021247240618101546	0.012417218543046357	0.022902869757174392	0.021799116997792495	0.01545253863134658	0.008554083885209713	0.015176600441501103	0.02041942604856512	0.01434878587196468	0.0063465783664459164	0.01434878587196468	0.0	0.012417218543046357	0.0	0.016004415011037526	0.016004415011037526	0.009105960264900662	0.006070640176600441	0.008830022075055188	0.025386313465783666	0.00358719646799117	0.0063465783664459164	0.0030353200883002206	0.041390728476821195	0.02704194260485651	0.016280353200883002	0.03145695364238411
0.016280353200883002	0.016004415011037526	0.004966887417218543	0.017660044150110375	0.024834437086092714	0.0184878587196468	0.009381898454746136	0.02207505518763797	0.0	0.009381898454746136	0.0	0.012969094922737307	0.03532008830022075	0.03642384105960265	0.01020971302428256	0.04111479028697572	0.02041942604856512	0.01131346578366446	0.0063465783664459164	0.01683222958057395	0.02262693156732892	0.013520971302428256	0.006070640176600441	0.016004415011037526	0.0074503311258278145	0.0052428256070640175	0.002207505518763797	0.005794701986754967	0.04470198675496689	0.025386313465783666	0.011865342163355408	0.029801324503311258	0.02041942604856512	0.011037527593818985	0.005794701986754967	0.01076158940397351	0.0358719646799117	0.02041942604856512	0.01131346578366446	0.02345474613686534	0.022902869757174392	0.015176600441501103	0.0074503311258278145	0.01545253863134658	0.02041942604856512	0.014072847682119206	0.005794701986754967	0.015176600441501103	0.0	0.012417218543046357	0.0	0.016004415011037526	0.016280353200883002	0.009657836644591612	0.0052428256070640175	0.008830022075055188	0.02566225165562914	0.0033112582781456954	0.006070640176600441	0.0033112582781456954	0.04277041942604857	0.026490066225165563	0.015728476821192054	0.03200883002207505
0.0173841059602649	0.016280353200883002	0.003863134657836645	0.0173841059602649	0.026490066225165563	0.01903973509933775	0.00772626931567329	0.02152317880794702	0.0	0.009381898454746136	0.0	0.012969094922737307	0.03614790286975717	0.03559602649006623	0.009381898454746136	0.04194260485651214	0.02097130242825607	0.01131346578366446	0.005794701986754967	0.01683222958057395	0.023178807947019868	0.012969094922737307	0.005518763796909493	0.016556291390728478	0.008002207505518763	0.0052428256070640175	0.0019315673289183224	0.005518763796909493	0.04442604856512141	0.024834437086092714	0.012141280353200883	0.02924944812362031	0.021247240618101546	0.011037527593818985	0.004966887417218543	0.01076158940397351	0.03642384105960265	0.020695364238410598	0.01020971302428256	0.023730684326710817	0.02345474613686534	0.01434878587196468	0.006898454746136865	0.016280353200883002	0.02041942604856512	0.014072847682119206	0.005794701986754967	0.015176600441501103	0.0	0.012141280353200883	0.0	0.016280353200883002	0.017108167770419427	0.009105960264900662	0.004415011037527594	0.009381898454746136	0.025938189845474614	0.0033112582781456954	0.005794701986754967	0.0033112582781456954	0.04442604856512141	0.02566225165562914	0.015176600441501103	0.03283664459161148
0.017660044150110375	0.01545253863134658	0.00358719646799117	0.018211920529801324	0.027317880794701987	0.01903973509933775	0.00717439293598234	0.021247240618101546	0.0	0.009381898454746136	0.0	0.012969094922737307	0.037251655629139076	0.0358719646799117	0.008278145695364239	0.041666666666666664	0.021247240618101546	0.01131346578366446	0.005518763796909493	0.01683222958057395	0.02345474613686534	0.012141280353200883	0.006070640176600441	0.016556291390728478	0.008002207505518763	0.004966887417218543	0.0019315673289183224	0.005794701986754967	0.04525386313465784	0.025386313465783666	0.010485651214128035	0.02924944812362031	0.02152317880794702	0.011037527593818985	0.004690949227373068	0.01076158940397351	0.036699779249448124	0.020143487858719646	0.009933774834437087	0.024282560706401765	0.02345474613686534	0.014624724061810155	0.006622516556291391	0.016280353200883002	0.020695364238410598	0.014624724061810155	0.0052428256070640175	0.014900662251655629	0.0	0.011589403973509934	0.0	0.01683222958057395	0.01793598233995585	0.009105960264900662	0.00358719646799117	0.009381898454746136	0.026214128035320087	0.0033112582781456954	0.005518763796909493	0.0033112582781456954	0.04470198675496689	0.02511037527593819	0.015176600441501103	0.033388520971302425
0.0173841059602649	0.014900662251655629	0.003863134657836645	0.018763796909492272	0.027317880794701987	0.01903973509933775	0.00717439293598234	0.021247240618101546	0.0	0.008554083885209713	0.0	0.01379690949227373	0.037527593818984545	0.03532008830022075	0.008002207505518763	0.042218543046357616	0.02207505518763797	0.01131346578366446	0.004690949227373068	0.01683222958057395	0.023730684326710817	0.012417218543046357	0.005518763796909493	0.016556291390728478	0.008278145695364239	0.004966887417218543	0.0016556291390728477	0.005794701986754967	0.04608167770419426	0.025386313465783666	0.009933774834437087	0.02869757174392936	0.021247240618101546	0.01131346578366446	0.004966887417218543	0.010485651214128035	0.03642384105960265	0.02041942604856512	0.01020971302428256	0.024006622516556293	0.02455849889624724	0.014624724061810155	0.005794701986754967	0.016004415011037526	0.02097130242825607	0.014624724061810155	0.004966887417218543	0.014900662251655629	0.0	0.011589403973509934	0.0	0.01683222958057395	0.01793598233995585	0.008830022075055188	0.00358719646799117	0.009657836644591612	0.026214128035320087	0.0033112582781456954	0.005518763796909493	0.0033112582781456954	0.04497792494481236	0.02455849889624724	0.015176600441501103	0.03394039735099338
0.017660044150110375	0.01434878587196468	0.00358719646799117	0.019315673289183224	0.02869757174392936	0.0184878587196468	0.0063465783664459164	0.021247240618101546	0.0	0.008278145695364239	0.0	0.014072847682119206	0.0380794701986755	0.035044150110375274	0.0074503311258278145	0.04249448123620309	0.02262693156732892	0.01131346578366446	0.0041390728476821195	0.01683222958057395	0.02345474613686534	0.012141280353200883	0.005794701986754967	0.01683222958057395	0.008278145695364239	0.0052428256070640175	0.0013796909492273732	0.005794701986754967	0.04525386313465784	0.024834437086092714	0.009933774834437087	0.02869757174392936	0.02097130242825607	0.011037527593818985	0.0052428256070640175	0.01076158940397351	0.036699779249448124	0.019867549668874173	0.009933774834437087	0.02455849889624724	0.02566225165562914	0.014624724061810155	0.004690949227373068	0.016004415011037526	0.02097130242825607	0.014624724061810155	0.0052428256070640175	0.014624724061810155	0.0	0.011865342163355408	0.0	0.016556291390728478	0.0184878587196468	0.008554083885209713	0.0033112582781456954	0.009657836644591612	0.026214128035320087	0.0033112582781456954	0.005518763796909493	0.0033112582781456954	0.04746136865342163	0.024834437086092714	0.014072847682119206	0.0336644591611479
0.01683222958057395	0.014072847682119206	0.004415011037527594	0.019591611479028697	0.030077262693156734	0.018763796909492272	0.004966887417218543	0.02097130242825607	0.0	0.00772626931567329	0.0	0.014624724061810155	0.03835540838852097	0.035044150110375274	0.00717439293598234	0.04249448123620309	0.022902869757174392	0.01131346578366446	0.003863134657836645	0.01683222958057395	0.02345474613686534	0.012417218543046357	0.005518763796909493	0.01683222958057395	0.008554083885209713	0.004966887417218543	0.0011037527593818985	0.006070640176600441	0.04497792494481236	0.024834437086092714	0.011037527593818985	0.027869757174392936	0.02097130242825607	0.011037527593818985	0.0052428256070640175	0.01076158940397351	0.0380794701986755	0.019315673289183224	0.008554083885209713	0.02511037527593819	0.026490066225165563	0.014072847682119206	0.004690949227373068	0.015728476821192054	0.021799116997792495	0.014624724061810155	0.004415011037527594	0.014624724061810155	0.0	0.011865342163355408	0.0	0.016556291390728478	0.0184878587196468	0.008278145695364239	0.00358719646799117	0.009657836644591612	0.02676600441501104	0.0030353200883002206	0.004966887417218543	0.00358719646799117	0.048013245033112585	0.02511037527593819	0.013520971302428256	0.033388520971302425
0.01683222958057395	0.01379690949227373	0.004415011037527594	0.019867549668874173	0.03090507726269316	0.017108167770419427	0.0041390728476821195	0.02262693156732892	0.0	0.008278145695364239	0.0	0.014072847682119206	0.039735099337748346	0.03421633554083885	0.005794701986754967	0.043322295805739514	0.02262693156732892	0.01131346578366446	0.0041390728476821195	0.01683222958057395	0.02455849889624724	0.012969094922737307	0.004415011037527594	0.016280353200883002	0.008278145695364239	0.004966887417218543	0.0013796909492273732	0.006070640176600441	0.045805739514348784	0.023178807947019868	0.009657836644591612	0.029525386313465785	0.021247240618101546	0.01076158940397351	0.004966887417218543	0.011037527593818985	0.04083885209713024	0.019315673289183224	0.006070640176600441	0.024834437086092714	0.026490066225165563	0.013520971302428256	0.004966887417218543	0.016004415011037526	0.022350993377483443	0.01434878587196468	0.003863134657836645	0.014900662251655629	0.0	0.011589403973509934	0.0	0.01683222958057395	0.0184878587196468	0.008002207505518763	0.00358719646799117	0.009933774834437087	0.02704194260485651	0.0030353200883002206	0.004690949227373068	0.00358719646799117	0.04911699779249448	0.024834437086092714	0.012969094922737307	0.0336644591611479
0.016556291390728478	0.013520971302428256	0.004690949227373068	0.020143487858719646	0.03090507726269316	0.01683222958057395	0.003863134657836645	0.023178807947019868	0.0	0.008002207505518763	0.0	0.01434878587196468	0.04028697571743929	0.0336644591611479	0.0052428256070640175	0.043874172185430466	0.022902869757174392	0.01131346578366446	0.003863134657836645	0.01683222958057395	0.025386313465783666	0.012141280353200883	0.003863134657836645	0.01683222958057395	0.008278145695364239	0.004415011037527594	0.0011037527593818985	0.006898454746136865	0.04773730684326711	0.02207505518763797	0.008002207505518763	0.029801324503311258	0.02152317880794702	0.010485651214128035	0.004690949227373068	0.01131346578366446	0.04111479028697572	0.01903973509933775	0.005518763796909493	0.025386313465783666	0.026490066225165563	0.013245033112582781	0.004966887417218543	0.016280353200883002	0.02207505518763797	0.014072847682119206	0.0041390728476821195	0.015176600441501103	0.0	0.011589403973509934	0.0	0.01683222958057395	0.018211920529801324	0.008278145695364239	0.00358719646799117	0.009933774834437087	0.02704194260485651	0.0030353200883002206	0.004690949227373068	0.00358719646799117	0.050496688741721855	0.02455849889624724	0.012141280353200883	0.03394039735099338
0.0173841059602649	0.014072847682119206	0.003863134657836645	0.019591611479028697	0.030353200883002206	0.016556291390728478	0.004415011037527594	0.02345474613686534	0.0	0.008002207505518763	0.0	0.01434878587196468	0.04056291390728477	0.03421633554083885	0.004966887417218543	0.043322295805739514	0.023178807947019868	0.01131346578366446	0.00358719646799117	0.01683222958057395	0.025386313465783666	0.012141280353200883	0.003863134657836645	0.01683222958057395	0.008278145695364239	0.004415011037527594	0.0011037527593818985	0.006898454746136865	0.04525386313465784	0.021799116997792495	0.008830022075055188	0.030077262693156734	0.02262693156732892	0.01020971302428256	0.00358719646799117	0.011589403973509934	0.041666666666666664	0.01903973509933775	0.0052428256070640175	0.02511037527593819	0.02676600441501104	0.013245033112582781	0.004690949227373068	0.016280353200883002	0.022902869757174392	0.014072847682119206	0.00358719646799117	0.014900662251655629	0.0	0.012141280353200883	0.0	0.016280353200883002	0.0184878587196468	0.008278145695364239	0.0033112582781456954	0.009933774834437087	0.02759381898454746	0.0030353200883002206	0.0041390728476821195	0.00358719646799117	0.052980132450331126	0.024006622516556293	0.01131346578366446	0.03449227373068433
0.0173841059602649	0.01379690949227373	0.003863134657836645	0.019867549668874173	0.030353200883002206	0.016004415011037526	0.004966887417218543	0.02345474613686534	0.0	0.00772626931567329	0.0	0.014624724061810155	0.04056291390728477	0.033112582781456956	0.004966887417218543	0.04442604856512141	0.02345474613686534	0.011589403973509934	0.0033112582781456954	0.016556291390728478	0.026214128035320087	0.012141280353200883	0.0030353200883002206	0.01683222958057395	0.00772626931567329	0.004690949227373068	0.0016556291390728477	0.006622516556291391	0.04442604856512141	0.021247240618101546	0.009105960264900662	0.030353200883002206	0.02262693156732892	0.01020971302428256	0.00358719646799117	0.011589403973509934	0.04194260485651214	0.019315673289183224	0.004966887417218543	0.024834437086092714	0.027317880794701987	0.013245033112582781	0.0041390728476821195	0.016280353200883002	0.02262693156732892	0.014072847682119206	0.0041390728476821195	0.014624724061810155	0.0	0.012417218543046357	0.0	0.016004415011037526	0.0184878587196468	0.008002207505518763	0.0033112582781456954	0.01020971302428256	0.027317880794701987	0.0033112582781456954	0.004415011037527594	0.0033112582781456954	0.05491169977924945	0.02262693156732892	0.01020971302428256	0.0358719646799117
0.017108167770419427	0.013245033112582781	0.0041390728476821195	0.02041942604856512	0.030629139072847682	0.015176600441501103	0.004415011037527594	0.02455849889624724	0.0	0.00772626931567329	0.0	0.014624724061810155	0.04001103752759382	0.03228476821192053	0.005518763796909493	0.04525386313465784	0.02345474613686534	0.011589403973509934	0.0033112582781456954	0.016556291390728478	0.025386313465783666	0.011865342163355408	0.003863134657836645	0.017108167770419427	0.00772626931567329	0.004690949227373068	0.0013796909492273732	0.006898454746136865	0.04470198675496689	0.02097130242825607	0.008002207505518763	0.030629139072847682	0.023730684326710817	0.01020971302428256	0.0024834437086092716	0.011589403973509934	0.04111479028697572	0.0184878587196468	0.005794701986754967	0.02566225165562914	0.027869757174392936	0.012693156732891833	0.00358719646799117	0.01683222958057395	0.02345474613686534	0.01379690949227373	0.00358719646799117	0.014624724061810155	0.0	0.012141280353200883	0.0	0.016280353200883002	0.01903973509933775	0.008278145695364239	0.0027593818984547464	0.009933774834437087	0.027317880794701987	0.0033112582781456954	0.004415011037527594	0.0033112582781456954	0.05601545253863135	0.02262693156732892	0.009933774834437087	0.0358719646799117
0.01683222958057395	0.012693156732891833	0.004415011037527594	0.02097130242825607	0.03200883002207505	0.014900662251655629	0.00358719646799117	0.024282560706401765	0.0	0.0074503311258278145	0.0	0.014900662251655629	0.04028697571743929	0.03228476821192053	0.0052428256070640175	0.04525386313465784	0.024006622516556293	0.012141280353200883	0.0027593818984547464	0.016004415011037526	0.025386313465783666	0.011589403973509934	0.003863134657836645	0.0173841059602649	0.008002207505518763	0.004690949227373068	0.0011037527593818985	0.006898454746136865	0.045805739514348784	0.020695364238410598	0.0063465783664459164	0.03090507726269316	0.024282560706401765	0.01020971302428256	0.0019315673289183224	0.011589403973509934	0.041666666666666664	0.019315673289183224	0.005518763796909493	0.02455849889624724	0.02759381898454746	0.012969094922737307	0.00358719646799117	0.01683222958057395	0.024282560706401765	0.014072847682119206	0.0030353200883002206	0.014072847682119206	0.0	0.011589403973509934	0.0	0.01683222958057395	0.01903973509933775	0.008278145695364239	0.0027593818984547464	0.009933774834437087	0.02759381898454746	0.0033112582781456954	0.0041390728476821195	0.0033112582781456954	0.0576710816777042	0.022350993377483443	0.008830022075055188	0.03614790286975717
0.017660044150110375	0.012693156732891833	0.00358719646799117	0.02097130242825607	0.03145695364238411	0.014624724061810155	0.004690949227373068	0.024006622516556293	0.0	0.006898454746136865	0.0	0.01545253863134658	0.04083885209713024	0.03173289183222958	0.004690949227373068	0.045805739514348784	0.023178807947019868	0.012417218543046357	0.00358719646799117	0.015728476821192054	0.025386313465783666	0.011589403973509934	0.0041390728476821195	0.017108167770419427	0.008002207505518763	0.004415011037527594	0.0011037527593818985	0.00717439293598234	0.04663355408388521	0.019591611479028697	0.006622516556291391	0.03173289183222958	0.02455849889624724	0.01020971302428256	0.0016556291390728477	0.011589403973509934	0.04194260485651214	0.018763796909492272	0.0052428256070640175	0.02511037527593819	0.027869757174392936	0.012693156732891833	0.00358719646799117	0.01683222958057395	0.024282560706401765	0.01379690949227373	0.0030353200883002206	0.01434878587196468	0.0	0.011865342163355408	0.0	0.016556291390728478	0.019315673289183224	0.008554083885209713	0.0024834437086092716	0.009657836644591612	0.027869757174392936	0.0030353200883002206	0.003863134657836645	0.00358719646799117	0.05849889624724062	0.021799116997792495	0.00717439293598234	0.036699779249448124
0.017660044150110375	0.013520971302428256	0.00358719646799117	0.020143487858719646	0.03200883002207505	0.014624724061810155	0.004415011037527594	0.023730684326710817	0.0	0.006898454746136865	0.0	0.01545253863134658	0.041390728476821195	0.03200883002207505	0.0041390728476821195	0.04552980132450331	0.023178807947019868	0.012417218543046357	0.00358719646799117	0.015728476821192054	0.02566225165562914	0.012141280353200883	0.00358719646799117	0.01683222958057395	0.008002207505518763	0.004415011037527594	0.0011037527593818985	0.00717439293598234	0.04497792494481236	0.019591611479028697	0.008002207505518763	0.03145695364238411	0.024282560706401765	0.009657836644591612	0.0019315673289183224	0.012141280353200883	0.04111479028697572	0.01793598233995585	0.006070640176600441	0.025938189845474614	0.028145695364238412	0.012417218543046357	0.0033112582781456954	0.017108167770419427	0.02455849889624724	0.01379690949227373	0.0027593818984547464	0.01434878587196468	0.0	0.012141280353200883	0.0	0.016280353200883002	0.019867549668874173	0.008278145695364239	0.0016556291390728477	0.01020971302428256	0.028145695364238412	0.0030353200883002206	0.00358719646799117	0.00358719646799117	0.057947019867549666	0.02152317880794702	0.008278145695364239	0.0369757174392936
0.01793598233995585	0.014624724061810155	0.0033112582781456954	0.01903973509933775	0.03200883002207505	0.01545253863134658	0.004415011037527594	0.022902869757174392	0.0	0.0063465783664459164	0.0	0.016004415011037526	0.041666666666666664	0.03145695364238411	0.003863134657836645	0.04608167770419426	0.02262693156732892	0.012693156732891833	0.0041390728476821195	0.01545253863134658	0.026490066225165563	0.011865342163355408	0.0024834437086092716	0.0173841059602649	0.008002207505518763	0.004415011037527594	0.0011037527593818985	0.00717439293598234	0.04277041942604857	0.019591611479028697	0.006898454746136865	0.03200883002207505	0.023730684326710817	0.009657836644591612	0.0024834437086092716	0.012141280353200883	0.04083885209713024	0.017108167770419427	0.006622516556291391	0.026490066225165563	0.028145695364238412	0.012417218543046357	0.003863134657836645	0.016556291390728478	0.02455849889624724	0.01379690949227373	0.0027593818984547464	0.01434878587196468	0.0	0.011865342163355408	0.0	0.016556291390728478	0.020695364238410598	0.008278145695364239	0.0005518763796909492	0.010485651214128035	0.02869757174392936	0.0027593818984547464	0.0030353200883002206	0.003863134657836645	0.06098233995584989	0.02152317880794702	0.008002207505518763	0.0369757174392936
0.018211920529801324	0.01434878587196468	0.0030353200883002206	0.019315673289183224	0.03200883002207505	0.016280353200883002	0.004415011037527594	0.02207505518763797	0.0	0.0063465783664459164	0.0	0.016004415011037526	0.04194260485651214	0.03145695364238411	0.00358719646799117	0.04608167770419426	0.02345474613686534	0.012141280353200883	0.0033112582781456954	0.016004415011037526	0.02759381898454746	0.011037527593818985	0.002207505518763797	0.0173841059602649	0.008002207505518763	0.004690949227373068	0.0011037527593818985	0.006898454746136865	0.04249448123620309	0.019591611479028697	0.006898454746136865	0.03173289183222958	0.02345474613686534	0.009105960264900662	0.0027593818984547464	0.012693156732891833	0.041666666666666664	0.01683222958057395	0.005794701986754967	0.02676600441501104	0.028145695364238412	0.011865342163355408	0.004415011037527594	0.016556291390728478	0.02455849889624724	0.013520971302428256	0.0030353200883002206	0.01434878587196468	0.0	0.012141280353200883	0.0	0.016280353200883002	0.02041942604856512	0.008554083885209713	0.0008278145695364238	0.01020971302428256	0.028421633554083885	0.0024834437086092716	0.0033112582781456954	0.0041390728476821195	0.062086092715231786	0.021247240618101546	0.0074503311258278145	0.037251655629139076
0.018211920529801324	0.014900662251655629	0.0030353200883002206	0.018763796909492272	0.032560706401766004	0.016004415011037526	0.0041390728476821195	0.02207505518763797	0.0	0.006622516556291391	0.0	0.015728476821192054	0.042218543046357616	0.03090507726269316	0.0033112582781456954	0.04663355408388521	0.02345474613686534	0.011865342163355408	0.0033112582781456954	0.016280353200883002	0.02704194260485651	0.01131346578366446	0.0027593818984547464	0.017108167770419427	0.008554083885209713	0.004966887417218543	0.0005518763796909492	0.006622516556291391	0.04083885209713024	0.019591611479028697	0.0074503311258278145	0.03145695364238411	0.023730684326710817	0.009105960264900662	0.0024834437086092716	0.012693156732891833	0.041666666666666664	0.016004415011037526	0.006070640176600441	0.027317880794701987	0.028421633554083885	0.011865342163355408	0.0041390728476821195	0.016556291390728478	0.024834437086092714	0.013520971302428256	0.0030353200883002206	0.014072847682119206	0.0	0.011865342163355408	0.0	0.016556291390728478	0.020143487858719646	0.008278145695364239	0.0011037527593818985	0.010485651214128035	0.02924944812362031	0.0027593818984547464	0.0024834437086092716	0.003863134657836645	0.06263796909492274	0.02097130242825607	0.008278145695364239	0.037527593818984545
0.018763796909492272	0.014900662251655629	0.0024834437086092716	0.018763796909492272	0.03283664459161148	0.016280353200883002	0.0041390728476821195	0.02152317880794702	0.0	0.006622516556291391	0.0	0.015728476821192054	0.041666666666666664	0.029525386313465785	0.003863134657836645	0.048013245033112585	0.023730684326710817	0.011589403973509934	0.0030353200883002206	0.016556291390728478	0.027869757174392936	0.01131346578366446	0.002207505518763797	0.01683222958057395	0.008830022075055188	0.004966887417218543	0.0002759381898454746	0.006622516556291391	0.03890728476821192	0.019867549668874173	0.008278145695364239	0.03118101545253863	0.023730684326710817	0.009105960264900662	0.0024834437086092716	0.012693156732891833	0.042218543046357616	0.015728476821192054	0.005794701986754967	0.027317880794701987	0.02869757174392936	0.011589403973509934	0.0041390728476821195	0.016556291390728478	0.024282560706401765	0.013520971302428256	0.00358719646799117	0.014072847682119206	0.0	0.011589403973509934	0.0	0.01683222958057395	0.020143487858719646	0.008278145695364239	0.0011037527593818985	0.010485651214128035	0.029525386313465785	0.0027593818984547464	0.002207505518763797	0.003863134657836645	0.06374172185430464	0.02097130242825607	0.008278145695364239	0.037527593818984545
0.0184878587196468	0.014900662251655629	0.0027593818984547464	0.018763796909492272	0.03228476821192053	0.016004415011037526	0.004966887417218543	0.02152317880794702	0.0	0.006622516556291391	0.0	0.015728476821192054	0.041390728476821195	0.02924944812362031	0.0041390728476821195	0.048289183222958054	0.024006622516556293	0.01131346578366446	0.0027593818984547464	0.01683222958057395	0.028145695364238412	0.01131346578366446	0.0019315673289183224	0.01683222958057395	0.008554083885209713	0.004966887417218543	0.0005518763796909492	0.006622516556291391	0.03945916114790287	0.020143487858719646	0.0074503311258278145	0.030629139072847682	0.024006622516556293	0.009105960264900662	0.002207505518763797	0.012693156732891833	0.04249448123620309	0.016280353200883002	0.004966887417218543	0.027317880794701987	0.029801324503311258	0.011037527593818985	0.00358719646799117	0.016556291390728478	0.024834437086092714	0.012693156732891833	0.0033112582781456954	0.014624724061810155	0.0	0.01131346578366446	0.0	0.017108167770419427	0.020695364238410598	0.008554083885209713	0.0005518763796909492	0.01020971302428256	0.02869757174392936	0.0027593818984547464	0.0030353200883002206	0.003863134657836645	0.06456953642384106	0.02152317880794702	0.008002207505518763	0.0369757174392936
0.018763796909492272	0.014900662251655629	0.0024834437086092716	0.018763796909492272	0.032560706401766004	0.01545253863134658	0.005518763796909493	0.021247240618101546	0.0	0.0063465783664459164	0.0	0.016004415011037526	0.041390728476821195	0.029801324503311258	0.0041390728476821195	0.04773730684326711	0.02345474613686534	0.01131346578366446	0.0033112582781456954	0.01683222958057395	0.028145695364238412	0.01131346578366446	0.0019315673289183224	0.01683222958057395	0.008554083885209713	0.0052428256070640175	0.0005518763796909492	0.0063465783664459164	0.039735099337748346	0.019591611479028697	0.006898454746136865	0.03118101545253863	0.024006622516556293	0.009381898454746136	0.002207505518763797	0.012417218543046357	0.042218543046357616	0.016556291390728478	0.0052428256070640175	0.02704194260485651	0.030077262693156734	0.010485651214128035	0.0033112582781456954	0.017108167770419427	0.025386313465783666	0.012417218543046357	0.0024834437086092716	0.015176600441501103	0.0	0.011037527593818985	0.0	0.0173841059602649	0.02041942604856512	0.008554083885209713	0.0008278145695364238	0.01020971302428256	0.028145695364238412	0.0027593818984547464	0.00358719646799117	0.003863134657836645	0.06705298013245033	0.021799116997792495	0.005794701986754967	0.036699779249448124
0.018763796909492272	0.01434878587196468	0.0024834437086092716	0.019315673289183224	0.033388520971302425	0.01434878587196468	0.005518763796909493	0.02152317880794702	0.0	0.0063465783664459164	0.0	0.016004415011037526	0.04083885209713024	0.02869757174392936	0.004690949227373068	0.048841059602649006	0.02345474613686534	0.01131346578366446	0.0033112582781456954	0.01683222958057395	0.028145695364238412	0.011037527593818985	0.0024834437086092716	0.016556291390728478	0.008278145695364239	0.0052428256070640175	0.0008278145695364238	0.0063465783664459164	0.03945916114790287	0.019591611479028697	0.0063465783664459164	0.03090507726269316	0.023730684326710817	0.008830022075055188	0.0024834437086092716	0.012969094922737307	0.04277041942604857	0.01683222958057395	0.004415011037527594	0.02704194260485651	0.030629139072847682	0.009933774834437087	0.0027593818984547464	0.017660044150110375	0.02566225165562914	0.011589403973509934	0.0024834437086092716	0.015728476821192054	0.0	0.010485651214128035	0.0	0.01793598233995585	0.02041942604856512	0.008554083885209713	0.0008278145695364238	0.01020971302428256	0.028145695364238412	0.0030353200883002206	0.00358719646799117	0.00358719646799117	0.06870860927152318	0.020695364238410598	0.0052428256070640175	0.03780353200883002
0.018211920529801324	0.014624724061810155	0.0030353200883002206	0.01903973509933775	0.03421633554083885	0.01379690949227373	0.004690949227373068	0.02207505518763797	0.0	0.006070640176600441	0.0	0.016280353200883002	0.04056291390728477	0.028145695364238412	0.004966887417218543	0.04939293598233996	0.023730684326710817	0.011037527593818985	0.0030353200883002206	0.017108167770419427	0.02869757174392936	0.01076158940397351	0.0019315673289183224	0.01683222958057395	0.008554083885209713	0.004966887417218543	0.0005518763796909492	0.006622516556291391	0.04001103752759382	0.020143487858719646	0.006070640176600441	0.030353200883002206	0.024282560706401765	0.008830022075055188	0.0019315673289183224	0.012969094922737307	0.04359823399558499	0.01683222958057395	0.003863134657836645	0.02676600441501104	0.030629139072847682	0.009933774834437087	0.0033112582781456954	0.017108167770419427	0.02676600441501104	0.011589403973509934	0.0013796909492273732	0.015728476821192054	0.0	0.010485651214128035	0.0	0.01793598233995585	0.02041942604856512	0.008278145695364239	0.0008278145695364238	0.010485651214128035	0.027317880794701987	0.0027593818984547464	0.004415011037527594	0.003863134657836645	0.0695364238410596	0.02041942604856512	0.0041390728476821195	0.0380794701986755
0.018763796909492272	0.01434878587196468	0.0024834437086092716	0.019315673289183224	0.0347682119205298	0.01379690949227373	0.003863134657836645	0.022350993377483443	0.0	0.0063465783664459164	0.0	0.016004415011037526	0.04083885209713024	0.027869757174392936	0.004690949227373068	0.04966887417218543	0.02345474613686534	0.010485651214128035	0.0033112582781456954	0.017660044150110375	0.02924944812362031	0.01131346578366446	0.002207505518763797	0.01545253863134658	0.009105960264900662	0.004690949227373068	0.0002759381898454746	0.006622516556291391	0.03863134657836645	0.019591611479028697	0.006898454746136865	0.030353200883002206	0.024006622516556293	0.008830022075055188	0.002207505518763797	0.012969094922737307	0.043322295805739514	0.016556291390728478	0.0041390728476821195	0.02704194260485651	0.03090507726269316	0.009657836644591612	0.0030353200883002206	0.0173841059602649	0.02704194260485651	0.011037527593818985	0.0016556291390728477	0.015728476821192054	0.0	0.01020971302428256	0.0	0.018211920529801324	0.019315673289183224	0.008554083885209713	0.0019315673289183224	0.01020971302428256	0.02759381898454746	0.0027593818984547464	0.0041390728476821195	0.003863134657836645	0.0695364238410596	0.021247240618101546	0.0052428256070640175	0.037251655629139076
0.018211920529801324	0.01434878587196468	0.0030353200883002206	0.019315673289183224	0.0347682119205298	0.01379690949227373	0.00358719646799117	0.02262693156732892	0.0	0.0063465783664459164	0.0	0.016004415011037526	0.04028697571743929	0.02704194260485651	0.0052428256070640175	0.050496688741721855	0.02345474613686534	0.009381898454746136	0.0033112582781456954	0.018763796909492272	0.02924944812362031	0.011037527593818985	0.002207505518763797	0.015728476821192054	0.009105960264900662	0.0052428256070640175	0.0005518763796909492	0.005794701986754967	0.03890728476821192	0.019591611479028697	0.005518763796909493	0.030629139072847682	0.024282560706401765	0.008554083885209713	0.0019315673289183224	0.013245033112582781	0.043322295805739514	0.017108167770419427	0.0041390728476821195	0.026490066225165563	0.03118101545253863	0.009657836644591612	0.0024834437086092716	0.017660044150110375	0.027317880794701987	0.011037527593818985	0.0011037527593818985	0.016004415011037526	0.0	0.010485651214128035	0.0	0.01793598233995585	0.019315673289183224	0.008002207505518763	0.0019315673289183224	0.01076158940397351	0.02759381898454746	0.0027593818984547464	0.0041390728476821195	0.003863134657836645	0.07008830022075055	0.022350993377483443	0.005518763796909493	0.03614790286975717
0.018211920529801324	0.014072847682119206	0.0030353200883002206	0.019591611479028697	0.035044150110375274	0.01379690949227373	0.0033112582781456954	0.02262693156732892	0.0	0.0063465783664459164	0.0	0.016004415011037526	0.04001103752759382	0.02759381898454746	0.005518763796909493	0.0499448123620309	0.02345474613686534	0.009381898454746136	0.0033112582781456954	0.018763796909492272	0.02924944812362031	0.01076158940397351	0.0019315673289183224	0.016280353200883002	0.009105960264900662	0.0052428256070640175	0.0005518763796909492	0.005794701986754967	0.03780353200883002	0.0184878587196468	0.005794701986754967	0.03173289183222958	0.024282560706401765	0.008830022075055188	0.0019315673289183224	0.012969094922737307	0.04415011037527594	0.017108167770419427	0.00358719646799117	0.026214128035320087	0.03090507726269316	0.009105960264900662	0.0033112582781456954	0.017660044150110375	0.026490066225165563	0.011037527593818985	0.0019315673289183224	0.016004415011037526	0.0	0.011037527593818985	0.0	0.0173841059602649	0.018763796909492272	0.008278145695364239	0.0030353200883002206	0.009933774834437087	0.028145695364238412	0.0024834437086092716	0.00358719646799117	0.0041390728476821195	0.06981236203090507	0.02262693156732892	0.006622516556291391	0.0358719646799117
0.017660044150110375	0.013245033112582781	0.00358719646799117	0.02041942604856512	0.0358719646799117	0.013520971302428256	0.002207505518763797	0.023178807947019868	0.0	0.005794701986754967	0.0	0.016556291390728478	0.04083885209713024	0.028145695364238412	0.004690949227373068	0.04939293598233996	0.022902869757174392	0.009381898454746136	0.003863134657836645	0.018763796909492272	0.028421633554083885	0.01020971302428256	0.0030353200883002206	0.016556291390728478	0.009105960264900662	0.004966887417218543	0.0008278145695364238	0.005794701986754967	0.03780353200883002	0.018211920529801324	0.005794701986754967	0.03200883002207505	0.02345474613686534	0.008278145695364239	0.0027593818984547464	0.013520971302428256	0.04497792494481236	0.016556291390728478	0.003863134657836645	0.02566225165562914	0.03145695364238411	0.009105960264900662	0.0024834437086092716	0.01793598233995585	0.026490066225165563	0.01076158940397351	0.002207505518763797	0.016004415011037526	0.0	0.01131346578366446	0.0	0.017108167770419427	0.0184878587196468	0.008278145695364239	0.0030353200883002206	0.01020971302428256	0.028145695364238412	0.0024834437086092716	0.00358719646799117	0.0041390728476821195	0.06870860927152318	0.02207505518763797	0.00772626931567329	0.03642384105960265
0.01793598233995585	0.013245033112582781	0.0033112582781456954	0.02041942604856512	0.03642384105960265	0.013245033112582781	0.0019315673289183224	0.023178807947019868	0.0	0.006622516556291391	0.0	0.015728476821192054	0.041390728476821195	0.029525386313465785	0.0041390728476821195	0.048013245033112585	0.02345474613686534	0.009105960264900662	0.0033112582781456954	0.01903973509933775	0.027869757174392936	0.009657836644591612	0.00358719646799117	0.017108167770419427	0.009381898454746136	0.004415011037527594	0.0008278145695364238	0.006070640176600441	0.03642384105960265	0.018211920529801324	0.0052428256070640175	0.03173289183222958	0.02345474613686534	0.008278145695364239	0.0027593818984547464	0.013520971302428256	0.04525386313465784	0.016556291390728478	0.00358719646799117	0.02566225165562914	0.03173289183222958	0.008278145695364239	0.0024834437086092716	0.0184878587196468	0.025386313465783666	0.01076158940397351	0.00358719646799117	0.015728476821192054	0.0	0.01076158940397351	0.0	0.017660044150110375	0.018763796909492272	0.008830022075055188	0.0024834437086092716	0.009933774834437087	0.028421633554083885	0.0024834437086092716	0.0033112582781456954	0.0041390728476821195	0.06926048565121413	0.022902869757174392	0.009381898454746136	0.03559602649006623
0.0184878587196468	0.013245033112582781	0.0027593818984547464	0.02041942604856512	0.03614790286975717	0.012141280353200883	0.002207505518763797	0.024282560706401765	0.0	0.0063465783664459164	0.0	0.016004415011037526	0.042218543046357616	0.029525386313465785	0.0033112582781456954	0.048013245033112585	0.023730684326710817	0.009105960264900662	0.0030353200883002206	0.01903973509933775	0.02759381898454746	0.009381898454746136	0.0041390728476821195	0.017108167770419427	0.008830022075055188	0.004415011037527594	0.0013796909492273732	0.006070640176600441	0.03559602649006623	0.018211920529801324	0.0052428256070640175	0.03145695364238411	0.022902869757174392	0.008278145695364239	0.0033112582781456954	0.013520971302428256	0.04552980132450331	0.016280353200883002	0.0033112582781456954	0.025938189845474614	0.03173289183222958	0.008278145695364239	0.0027593818984547464	0.018211920529801324	0.02566225165562914	0.010485651214128035	0.00358719646799117	0.015728476821192054	0.0	0.01076158940397351	0.0	0.017660044150110375	0.01903973509933775	0.009381898454746136	0.0019315673289183224	0.009657836644591612	0.028145695364238412	0.0024834437086092716	0.00358719646799117	0.0041390728476821195	0.07091611479028698	0.02345474613686534	0.008830022075055188	0.035044150110375274
0.018763796909492272	0.012693156732891833	0.0024834437086092716	0.02097130242825607	0.03559602649006623	0.012693156732891833	0.0024834437086092716	0.024006622516556293	0.0	0.0063465783664459164	0.0	0.016004415011037526	0.04111479028697572	0.02924944812362031	0.004415011037527594	0.048289183222958054	0.02345474613686534	0.008830022075055188	0.0033112582781456954	0.019315673289183224	0.027869757174392936	0.009657836644591612	0.00358719646799117	0.017108167770419427	0.008830022075055188	0.004690949227373068	0.0011037527593818985	0.006070640176600441	0.036699779249448124	0.01793598233995585	0.004966887417218543	0.03145695364238411	0.023730684326710817	0.00772626931567329	0.0024834437086092716	0.014072847682119206	0.04525386313465784	0.016556291390728478	0.00358719646799117	0.02566225165562914	0.03200883002207505	0.008278145695364239	0.0024834437086092716	0.018211920529801324	0.025938189845474614	0.01131346578366446	0.0027593818984547464	0.01545253863134658	0.0	0.01076158940397351	0.0	0.017660044150110375	0.019315673289183224	0.009381898454746136	0.0013796909492273732	0.009933774834437087	0.028421633554083885	0.0024834437086092716	0.0033112582781456954	0.0041390728476821195	0.06981236203090507	0.023178807947019868	0.009381898454746136	0.03532008830022075
0.01903973509933775	0.012693156732891833	0.002207505518763797	0.02097130242825607	0.0358719646799117	0.011865342163355408	0.0024834437086092716	0.02455849889624724	0.0	0.006070640176600441	0.0	0.016280353200883002	0.04056291390728477	0.029525386313465785	0.004966887417218543	0.048013245033112585	0.023178807947019868	0.008830022075055188	0.00358719646799117	0.019315673289183224	0.028145695364238412	0.009933774834437087	0.0033112582781456954	0.01683222958057395	0.008830022075055188	0.004415011037527594	0.0011037527593818985	0.0063465783664459164	0.037251655629139076	0.01683222958057395	0.004690949227373068	0.03173289183222958	0.023730684326710817	0.00772626931567329	0.0024834437086092716	0.014072847682119206	0.04608167770419426	0.016556291390728478	0.0030353200883002206	0.025386313465783666	0.03228476821192053	0.008002207505518763	0.0027593818984547464	0.01793598233995585	0.02676600441501104	0.011037527593818985	0.0019315673289183224	0.015728476821192054	0.0	0.01076158940397351	0.0	0.017660044150110375	0.019315673289183224	0.009381898454746136	0.0011037527593818985	0.01020971302428256	0.028421633554083885	0.0024834437086092716	0.0033112582781456954	0.0041390728476821195	0.07008830022075055	0.02207505518763797	0.009657836644591612	0.03642384105960265
0.019867549668874173	0.013245033112582781	0.0013796909492273732	0.02041942604856512	0.03614790286975717	0.011589403973509934	0.0027593818984547464	0.024282560706401765	0.0	0.005794701986754967	0.0	0.016556291390728478	0.04056291390728477	0.029801324503311258	0.004966887417218543	0.04773730684326711	0.02262693156732892	0.009105960264900662	0.0041390728476821195	0.01903973509933775	0.028145695364238412	0.009381898454746136	0.0030353200883002206	0.017660044150110375	0.009105960264900662	0.004415011037527594	0.0008278145695364238	0.0063465783664459164	0.03835540838852097	0.016556291390728478	0.003863134657836645	0.03118101545253863	0.023730684326710817	0.0074503311258278145	0.0024834437086092716	0.01434878587196468	0.04608167770419426	0.017108167770419427	0.0030353200883002206	0.024834437086092714	0.03283664459161148	0.008002207505518763	0.0019315673289183224	0.018211920529801324	0.026214128035320087	0.01076158940397351	0.0024834437086092716	0.016004415011037526	0.0	0.010485651214128035	0.0	0.01793598233995585	0.019867549668874173	0.009105960264900662	0.0008278145695364238	0.01020971302428256	0.02869757174392936	0.0024834437086092716	0.0030353200883002206	0.0041390728476821195	0.0695364238410596	0.021247240618101546	0.01076158940397351	0.037251655629139076
0.020143487858719646	0.013520971302428256	0.0011037527593818985	0.020143487858719646	0.03642384105960265	0.011865342163355408	0.0024834437086092716	0.024006622516556293	0.0	0.005794701986754967	0.0	0.016556291390728478	0.04001103752759382	0.029801324503311258	0.005518763796909493	0.04773730684326711	0.022902869757174392	0.009105960264900662	0.003863134657836645	0.01903973509933775	0.028421633554083885	0.009105960264900662	0.0027593818984547464	0.01793598233995585	0.009381898454746136	0.0041390728476821195	0.0005518763796909492	0.006622516556291391	0.037251655629139076	0.016004415011037526	0.004966887417218543	0.03145695364238411	0.023730684326710817	0.0074503311258278145	0.0024834437086092716	0.01434878587196468	0.045805739514348784	0.016556291390728478	0.0033112582781456954	0.025386313465783666	0.03173289183222958	0.008278145695364239	0.0027593818984547464	0.018211920529801324	0.026490066225165563	0.01076158940397351	0.002207505518763797	0.016004415011037526	0.0	0.01020971302428256	0.0	0.018211920529801324	0.019867549668874173	0.008554083885209713	0.0011037527593818985	0.010485651214128035	0.028973509933774833	0.0027593818984547464	0.0027593818984547464	0.003863134657836645	0.0706401766004415	0.021247240618101546	0.009933774834437087	0.037251655629139076
0.02041942604856512	0.013520971302428256	0.0008278145695364238	0.020143487858719646	0.03614790286975717	0.01131346578366446	0.00358719646799117	0.023730684326710817	0.0	0.005794701986754967	0.0	0.016556291390728478	0.04056291390728477	0.02924944812362031	0.004966887417218543	0.048289183222958054	0.022902869757174392	0.008554083885209713	0.003863134657836645	0.019591611479028697	0.028421633554083885	0.009657836644591612	0.0030353200883002206	0.017108167770419427	0.009381898454746136	0.0041390728476821195	0.0005518763796909492	0.006622516556291391	0.03780353200883002	0.016556291390728478	0.004415011037527594	0.030629139072847682	0.024282560706401765	0.0074503311258278145	0.0019315673289183224	0.01434878587196468	0.04497792494481236	0.01683222958057395	0.0041390728476821195	0.02511037527593819	0.03118101545253863	0.008554083885209713	0.00358719646799117	0.017660044150110375	0.026490066225165563	0.011589403973509934	0.002207505518763797	0.015176600441501103	0.0	0.009657836644591612	0.0	0.018763796909492272	0.019867549668874173	0.008830022075055188	0.0011037527593818985	0.01020971302428256	0.030077262693156734	0.0027593818984547464	0.0016556291390728477	0.003863134657836645	0.07119205298013245	0.021247240618101546	0.009657836644591612	0.037251655629139076
0.02041942604856512	0.013245033112582781	0.0008278145695364238	0.02041942604856512	0.03642384105960265	0.01131346578366446	0.003863134657836645	0.023178807947019868	0.0	0.005794701986754967	0.0	0.016556291390728478	0.039735099337748346	0.028973509933774833	0.005794701986754967	0.04856512141280353	0.023178807947019868	0.008554083885209713	0.00358719646799117	0.019591611479028697	0.029525386313465785	0.009381898454746136	0.0024834437086092716	0.01683222958057395	0.009933774834437087	0.004415011037527594	0.0005518763796909492	0.005794701986754967	0.03835540838852097	0.017660044150110375	0.003863134657836645	0.029525386313465785	0.024282560706401765	0.006898454746136865	0.0019315673289183224	0.014900662251655629	0.04470198675496689	0.01683222958057395	0.004415011037527594	0.02511037527593819	0.030353200883002206	0.008002207505518763	0.004690949227373068	0.01793598233995585	0.02676600441501104	0.011589403973509934	0.0019315673289183224	0.015176600441501103	0.0	0.009105960264900662	0.0	0.019315673289183224	0.019315673289183224	0.008554083885209713	0.0016556291390728477	0.010485651214128035	0.029525386313465785	0.0027593818984547464	0.002207505518763797	0.003863134657836645	0.06926048565121413	0.02152317880794702	0.011589403973509934	0.0369757174392936
0.02041942604856512	0.013520971302428256	0.0008278145695364238	0.020143487858719646	0.0369757174392936	0.01131346578366446	0.00358719646799117	0.022902869757174392	0.0	0.005794701986754967	0.0	0.016556291390728478	0.03890728476821192	0.02869757174392936	0.006622516556291391	0.048841059602649006	0.023178807947019868	0.009105960264900662	0.00358719646799117	0.01903973509933775	0.029525386313465785	0.009105960264900662	0.0024834437086092716	0.017108167770419427	0.01020971302428256	0.004690949227373068	0.0	0.005794701986754967	0.03863134657836645	0.015728476821192054	0.003863134657836645	0.03118101545253863	0.023730684326710817	0.006898454746136865	0.0024834437086092716	0.014900662251655629	0.04525386313465784	0.01683222958057395	0.003863134657836645	0.02511037527593819	0.03090507726269316	0.008002207505518763	0.0041390728476821195	0.01793598233995585	0.02704194260485651	0.012693156732891833	0.0013796909492273732	0.01434878587196468	0.0	0.009105960264900662	0.0	0.019315673289183224	0.01903973509933775	0.008554083885209713	0.0019315673289183224	0.010485651214128035	0.029525386313465785	0.0027593818984547464	0.002207505518763797	0.003863134657836645	0.07119205298013245	0.02041942604856512	0.009657836644591612	0.0380794701986755
0.020695364238410598	0.013245033112582781	0.0005518763796909492	0.02041942604856512	0.037527593818984545	0.01076158940397351	0.00358719646799117	0.022902869757174392	0.0	0.005794701986754967	0.0	0.016556291390728478	0.039735099337748346	0.02759381898454746	0.005794701986754967	0.0499448123620309	0.022902869757174392	0.008830022075055188	0.003863134657836645	0.019315673289183224	0.030077262693156734	0.008830022075055188	0.0019315673289183224	0.0173841059602649	0.010485651214128035	0.004690949227373068	0.0	0.005518763796909493	0.03835540838852097	0.015176600441501103	0.0041390728476821195	0.03118101545253863	0.023730684326710817	0.006898454746136865	0.0024834437086092716	0.014900662251655629	0.04690949227373068	0.016280353200883002	0.0024834437086092716	0.025386313465783666	0.03118101545253863	0.008554083885209713	0.003863134657836645	0.0173841059602649	0.02759381898454746	0.012417218543046357	0.0013796909492273732	0.014072847682119206	0.0	0.009105960264900662	0.0	0.019315673289183224	0.019315673289183224	0.008002207505518763	0.0019315673289183224	0.01076158940397351	0.02924944812362031	0.0027593818984547464	0.0024834437086092716	0.003863134657836645	0.07339955849889625	0.020695364238410598	0.008002207505518763	0.03780353200883002
0.02041942604856512	0.012969094922737307	0.0008278145695364238	0.020695364238410598	0.037527593818984545	0.01076158940397351	0.003863134657836645	0.02262693156732892	0.0	0.0063465783664459164	0.0	0.016004415011037526	0.04001103752759382	0.02759381898454746	0.005518763796909493	0.0499448123620309	0.023178807947019868	0.008278145695364239	0.00358719646799117	0.019867549668874173	0.029801324503311258	0.008830022075055188	0.002207505518763797	0.0173841059602649	0.010485651214128035	0.004690949227373068	0.0	0.005518763796909493	0.03863134657836645	0.015176600441501103	0.0041390728476821195	0.03090507726269316	0.02455849889624724	0.0074503311258278145	0.0016556291390728477	0.01434878587196468	0.045805739514348784	0.016280353200883002	0.003863134657836645	0.02511037527593819	0.03118101545253863	0.008554083885209713	0.0041390728476821195	0.017108167770419427	0.02704194260485651	0.011589403973509934	0.002207505518763797	0.014624724061810155	0.0	0.009105960264900662	0.0	0.019315673289183224	0.019591611479028697	0.00772626931567329	0.0016556291390728477	0.011037527593818985	0.028973509933774833	0.0027593818984547464	0.0027593818984547464	0.003863134657836645	0.07422737306843268	0.019867549668874173	0.00717439293598234	0.03863134657836645
0.02041942604856512	0.013245033112582781	0.0008278145695364238	0.02041942604856512	0.036699779249448124	0.011037527593818985	0.004690949227373068	0.022350993377483443	0.0	0.0052428256070640175	0.0	0.017108167770419427	0.04028697571743929	0.027317880794701987	0.0052428256070640175	0.05022075055187638	0.02262693156732892	0.008830022075055188	0.0041390728476821195	0.019315673289183224	0.030353200883002206	0.008554083885209713	0.0013796909492273732	0.01793598233995585	0.010485651214128035	0.004690949227373068	0.0	0.005518763796909493	0.03890728476821192	0.015176600441501103	0.003863134657836645	0.030353200883002206	0.024282560706401765	0.00717439293598234	0.0019315673289183224	0.014624724061810155	0.04552980132450331	0.016004415011037526	0.004415011037527594	0.02511037527593819	0.03145695364238411	0.008830022075055188	0.0041390728476821195	0.016556291390728478	0.02704194260485651	0.011589403973509934	0.0019315673289183224	0.014900662251655629	0.0	0.009381898454746136	0.0	0.01903973509933775	0.019591611479028697	0.0074503311258278145	0.0016556291390728477	0.01131346578366446	0.02924944812362031	0.0030353200883002206	0.0024834437086092716	0.00358719646799117	0.07477924944812361	0.019867549668874173	0.00717439293598234	0.03863134657836645
0.02041942604856512	0.013520971302428256	0.0008278145695364238	0.020143487858719646	0.037527593818984545	0.010485651214128035	0.004415011037527594	0.022350993377483443	0.0	0.0052428256070640175	0.0	0.017108167770419427	0.04001103752759382	0.02676600441501104	0.005518763796909493	0.05077262693156733	0.022902869757174392	0.009105960264900662	0.003863134657836645	0.01903973509933775	0.02924944812362031	0.008278145695364239	0.0024834437086092716	0.018211920529801324	0.010485651214128035	0.004966887417218543	0.0	0.0052428256070640175	0.04001103752759382	0.015176600441501103	0.00358719646799117	0.029801324503311258	0.024282560706401765	0.006898454746136865	0.0019315673289183224	0.014900662251655629	0.04525386313465784	0.01545253863134658	0.0052428256070640175	0.02511037527593819	0.03200883002207505	0.009105960264900662	0.0033112582781456954	0.016556291390728478	0.02676600441501104	0.011589403973509934	0.002207505518763797	0.014900662251655629	0.0	0.009105960264900662	0.0	0.019315673289183224	0.019315673289183224	0.00717439293598234	0.002207505518763797	0.01131346578366446	0.029525386313465785	0.0027593818984547464	0.002207505518763797	0.003863134657836645	0.07477924944812361	0.02041942604856512	0.006898454746136865	0.0380794701986755
0.02041942604856512	0.013520971302428256	0.0008278145695364238	0.020143487858719646	0.037527593818984545	0.01020971302428256	0.004415011037527594	0.02262693156732892	0.0	0.006070640176600441	0.0	0.016280353200883002	0.04056291390728477	0.026214128035320087	0.004966887417218543	0.05132450331125828	0.02345474613686534	0.008554083885209713	0.0033112582781456954	0.019591611479028697	0.029801324503311258	0.008554083885209713	0.0019315673289183224	0.01793598233995585	0.010485651214128035	0.004966887417218543	0.0	0.0052428256070640175	0.03945916114790287	0.015176600441501103	0.0030353200883002206	0.029525386313465785	0.024282560706401765	0.00717439293598234	0.0019315673289183224	0.014624724061810155	0.04552980132450331	0.015176600441501103	0.0052428256070640175	0.02511037527593819	0.03228476821192053	0.008830022075055188	0.0030353200883002206	0.01683222958057395	0.02704194260485651	0.011037527593818985	0.0019315673289183224	0.01545253863134658	0.0	0.009105960264900662	0.0	0.019315673289183224	0.019867549668874173	0.006898454746136865	0.0016556291390728477	0.011589403973509934	0.029525386313465785	0.0027593818984547464	0.002207505518763797	0.003863134657836645	0.076158940397351	0.019867549668874173	0.006898454746136865	0.03863134657836645
0.020143487858719646	0.013520971302428256	0.0011037527593818985	0.020143487858719646	0.0369757174392936	0.009381898454746136	0.0052428256070640175	0.023178807947019868	0.0	0.0063465783664459164	0.0	0.016004415011037526	0.04083885209713024	0.025386313465783666	0.004690949227373068	0.052152317880794705	0.02345474613686534	0.008002207505518763	0.0033112582781456954	0.020143487858719646	0.030353200883002206	0.008278145695364239	0.0019315673289183224	0.017660044150110375	0.011037527593818985	0.0041390728476821195	0.0	0.005518763796909493	0.0380794701986755	0.015728476821192054	0.00358719646799117	0.02869757174392936	0.024282560706401765	0.0074503311258278145	0.0019315673289183224	0.01434878587196468	0.04525386313465784	0.01545253863134658	0.005518763796909493	0.024834437086092714	0.032560706401766004	0.008278145695364239	0.0027593818984547464	0.0173841059602649	0.02759381898454746	0.01076158940397351	0.0019315673289183224	0.015176600441501103	0.0	0.008554083885209713	0.0	0.019867549668874173	0.02041942604856512	0.006070640176600441	0.0016556291390728477	0.011865342163355408	0.028973509933774833	0.0024834437086092716	0.0027593818984547464	0.0041390728476821195	0.07671081677704195	0.019591611479028697	0.0074503311258278145	0.03890728476821192
0.019867549668874173	0.01379690949227373	0.0013796909492273732	0.019867549668874173	0.0380794701986755	0.009381898454746136	0.003863134657836645	0.02345474613686534	0.0	0.006622516556291391	0.0	0.015728476821192054	0.04111479028697572	0.02511037527593819	0.004415011037527594	0.052428256070640174	0.023178807947019868	0.008002207505518763	0.00358719646799117	0.020143487858719646	0.03118101545253863	0.00772626931567329	0.0013796909492273732	0.01793598233995585	0.011037527593818985	0.0041390728476821195	0.0	0.005518763796909493	0.0380794701986755	0.01545253863134658	0.004690949227373068	0.028973509933774833	0.024006622516556293	0.00772626931567329	0.002207505518763797	0.014072847682119206	0.04497792494481236	0.015176600441501103	0.005518763796909493	0.025386313465783666	0.03173289183222958	0.008830022075055188	0.0033112582781456954	0.017108167770419427	0.028145695364238412	0.009933774834437087	0.0019315673289183224	0.01545253863134658	0.0	0.008554083885209713	0.0	0.019867549668874173	0.020143487858719646	0.005518763796909493	0.0019315673289183224	0.012417218543046357	0.02924944812362031	0.002207505518763797	0.0024834437086092716	0.004415011037527594	0.07588300220750552	0.019867549668874173	0.00717439293598234	0.03863134657836645
0.020143487858719646	0.013245033112582781	0.0011037527593818985	0.02041942604856512	0.037251655629139076	0.009381898454746136	0.004690949227373068	0.02345474613686534	0.0	0.006070640176600441	0.0	0.016280353200883002	0.041390728476821195	0.024006622516556293	0.0041390728476821195	0.05353200883002208	0.023178807947019868	0.008002207505518763	0.00358719646799117	0.020143487858719646	0.030077262693156734	0.008002207505518763	0.0027593818984547464	0.0173841059602649	0.011037527593818985	0.0041390728476821195	0.0	0.005518763796909493	0.0380794701986755	0.015728476821192054	0.004415011037527594	0.02869757174392936	0.023730684326710817	0.00772626931567329	0.0024834437086092716	0.014072847682119206	0.04470198675496689	0.015176600441501103	0.006070640176600441	0.02511037527593819	0.03200883002207505	0.008830022075055188	0.0033112582781456954	0.01683222958057395	0.027869757174392936	0.009657836644591612	0.0024834437086092716	0.01545253863134658	0.0	0.008554083885209713	0.0	0.019867549668874173	0.019867549668874173	0.0063465783664459164	0.002207505518763797	0.011589403973509934	0.02924944812362031	0.002207505518763797	0.0024834437086092716	0.004415011037527594	0.07671081677704195	0.019591611479028697	0.006622516556291391	0.03890728476821192
0.020143487858719646	0.012969094922737307	0.0011037527593818985	0.020695364238410598	0.03780353200883002	0.009657836644591612	0.0041390728476821195	0.023178807947019868	0.0	0.006622516556291391	0.0	0.015728476821192054	0.04194260485651214	0.024282560706401765	0.00358719646799117	0.0532560706401766	0.024006622516556293	0.0074503311258278145	0.0027593818984547464	0.020695364238410598	0.029801324503311258	0.008278145695364239	0.0030353200883002206	0.017108167770419427	0.011037527593818985	0.003863134657836645	0.0	0.005794701986754967	0.03780353200883002	0.015176600441501103	0.004690949227373068	0.028421633554083885	0.024006622516556293	0.00772626931567329	0.002207505518763797	0.014072847682119206	0.04497792494481236	0.015728476821192054	0.005794701986754967	0.02455849889624724	0.03173289183222958	0.008830022075055188	0.00358719646799117	0.01683222958057395	0.028145695364238412	0.009381898454746136	0.002207505518763797	0.015728476821192054	0.0	0.00772626931567329	0.0	0.020695364238410598	0.019867549668874173	0.006622516556291391	0.002207505518763797	0.01131346578366446	0.02924944812362031	0.0019315673289183224	0.0024834437086092716	0.004690949227373068	0.0772626931567329	0.019591611479028697	0.006898454746136865	0.03890728476821192
0.020143487858719646	0.012969094922737307	0.0011037527593818985	0.020695364238410598	0.03863134657836645	0.009933774834437087	0.0030353200883002206	0.023178807947019868	0.0	0.006898454746136865	0.0	0.01545253863134658	0.04111479028697572	0.02455849889624724	0.004415011037527594	0.052980132450331126	0.024282560706401765	0.00717439293598234	0.0024834437086092716	0.02097130242825607	0.02924944812362031	0.008554083885209713	0.00358719646799117	0.01683222958057395	0.01076158940397351	0.003863134657836645	0.0002759381898454746	0.005794701986754967	0.037251655629139076	0.015176600441501103	0.0041390728476821195	0.028421633554083885	0.02455849889624724	0.00772626931567329	0.0016556291390728477	0.014072847682119206	0.04415011037527594	0.015728476821192054	0.006898454746136865	0.024282560706401765	0.03090507726269316	0.008554083885209713	0.004690949227373068	0.01683222958057395	0.02759381898454746	0.009381898454746136	0.0027593818984547464	0.015728476821192054	0.0	0.006898454746136865	0.0	0.02152317880794702	0.020143487858719646	0.006070640176600441	0.0019315673289183224	0.011865342163355408	0.029525386313465785	0.0019315673289183224	0.002207505518763797	0.004690949227373068	0.07809050772626931	0.019591611479028697	0.00717439293598234	0.03890728476821192
0.019315673289183224	0.012141280353200883	0.0019315673289183224	0.02152317880794702	0.03835540838852097	0.010485651214128035	0.0033112582781456954	0.02262693156732892	0.0	0.006622516556291391	0.0	0.015728476821192054	0.041666666666666664	0.024006622516556293	0.003863134657836645	0.05353200883002208	0.02455849889624724	0.0074503311258278145	0.002207505518763797	0.020695364238410598	0.029525386313465785	0.008554083885209713	0.0033112582781456954	0.01683222958057395	0.01076158940397351	0.00358719646799117	0.0002759381898454746	0.006070640176600441	0.036699779249448124	0.014624724061810155	0.003863134657836645	0.028973509933774833	0.024006622516556293	0.00772626931567329	0.002207505518763797	0.014072847682119206	0.04497792494481236	0.015176600441501103	0.006070640176600441	0.024834437086092714	0.030353200883002206	0.00772626931567329	0.005794701986754967	0.017108167770419427	0.027869757174392936	0.009381898454746136	0.0024834437086092716	0.015728476821192054	0.0	0.00717439293598234	0.0	0.021247240618101546	0.02041942604856512	0.006070640176600441	0.0016556291390728477	0.011865342163355408	0.029801324503311258	0.0019315673289183224	0.0019315673289183224	0.004690949227373068	0.07947019867549669	0.019867549668874173	0.006622516556291391	0.03863134657836645
0.019315673289183224	0.011865342163355408	0.0019315673289183224	0.021799116997792495	0.03863134657836645	0.01020971302428256	0.0024834437086092716	0.02345474613686534	0.0	0.006070640176600441	0.0	0.016280353200883002	0.041666666666666664	0.024006622516556293	0.003863134657836645	0.05353200883002208	0.02455849889624724	0.00772626931567329	0.002207505518763797	0.02041942604856512	0.028973509933774833	0.008278145695364239	0.003863134657836645	0.017108167770419427	0.01076158940397351	0.00358719646799117	0.0002759381898454746	0.006070640176600441	0.0358719646799117	0.015176600441501103	0.004415011037527594	0.028145695364238412	0.022902869757174392	0.0074503311258278145	0.0033112582781456954	0.01434878587196468	0.046357615894039736	0.015176600441501103	0.0052428256070640175	0.024282560706401765	0.03145695364238411	0.008002207505518763	0.004415011037527594	0.017108167770419427	0.028145695364238412	0.008830022075055188	0.002207505518763797	0.016280353200883002	0.0	0.0074503311258278145	0.0	0.02097130242825607	0.02041942604856512	0.005518763796909493	0.0016556291390728477	0.012417218543046357	0.029525386313465785	0.002207505518763797	0.002207505518763797	0.004415011037527594	0.0802980132450331	0.01903973509933775	0.0063465783664459164	0.03945916114790287
0.019591611479028697	0.011865342163355408	0.0016556291390728477	0.021799116997792495	0.039183222958057394	0.01020971302428256	0.002207505518763797	0.023178807947019868	0.0	0.005794701986754967	0.0	0.016556291390728478	0.041666666666666664	0.024006622516556293	0.003863134657836645	0.05353200883002208	0.024006622516556293	0.0074503311258278145	0.0027593818984547464	0.020695364238410598	0.028973509933774833	0.008278145695364239	0.0033112582781456954	0.017660044150110375	0.01076158940397351	0.003863134657836645	0.0002759381898454746	0.005794701986754967	0.03532008830022075	0.014900662251655629	0.004415011037527594	0.02869757174392936	0.02262693156732892	0.008002207505518763	0.00358719646799117	0.01379690949227373	0.046357615894039736	0.01545253863134658	0.0052428256070640175	0.024006622516556293	0.030629139072847682	0.008002207505518763	0.0052428256070640175	0.017108167770419427	0.028421633554083885	0.009657836644591612	0.002207505518763797	0.015176600441501103	0.0	0.0074503311258278145	0.0	0.02097130242825607	0.019867549668874173	0.006070640176600441	0.0024834437086092716	0.011589403973509934	0.030353200883002206	0.0024834437086092716	0.0013796909492273732	0.0041390728476821195	0.0802980132450331	0.018211920529801324	0.006622516556291391	0.04028697571743929
0.02041942604856512	0.011589403973509934	0.0008278145695364238	0.02207505518763797	0.04028697571743929	0.009381898454746136	0.0013796909492273732	0.023730684326710817	0.0	0.005794701986754967	0.0	0.016556291390728478	0.04056291390728477	0.023730684326710817	0.004966887417218543	0.05380794701986755	0.023730684326710817	0.0074503311258278145	0.0030353200883002206	0.020695364238410598	0.028421633554083885	0.008830022075055188	0.00358719646799117	0.0173841059602649	0.01020971302428256	0.003863134657836645	0.0008278145695364238	0.005794701986754967	0.03559602649006623	0.015176600441501103	0.004415011037527594	0.028145695364238412	0.02345474613686534	0.008002207505518763	0.0027593818984547464	0.01379690949227373	0.04690949227373068	0.01545253863134658	0.004966887417218543	0.023730684326710817	0.03173289183222958	0.00772626931567329	0.0041390728476821195	0.0173841059602649	0.027869757174392936	0.009381898454746136	0.0027593818984547464	0.01545253863134658	0.0	0.0074503311258278145	0.0	0.02097130242825607	0.019867549668874173	0.0063465783664459164	0.0027593818984547464	0.011037527593818985	0.030353200883002206	0.0024834437086092716	0.0013796909492273732	0.0041390728476821195	0.07947019867549669	0.0173841059602649	0.0074503311258278145	0.04111479028697572
0.020143487858719646	0.01131346578366446	0.0011037527593818985	0.022350993377483443	0.04001103752759382	0.009381898454746136	0.0013796909492273732	0.024006622516556293	0.0	0.005518763796909493	0.0	0.01683222958057395	0.041390728476821195	0.02511037527593819	0.0041390728476821195	0.052428256070640174	0.024006622516556293	0.00717439293598234	0.0027593818984547464	0.02097130242825607	0.02924944812362031	0.008554083885209713	0.003863134657836645	0.016556291390728478	0.01020971302428256	0.0041390728476821195	0.0011037527593818985	0.0052428256070640175	0.03642384105960265	0.014624724061810155	0.0041390728476821195	0.028145695364238412	0.023178807947019868	0.008278145695364239	0.0030353200883002206	0.013520971302428256	0.04608167770419426	0.015728476821192054	0.005794701986754967	0.02345474613686534	0.03118101545253863	0.008278145695364239	0.004415011037527594	0.017108167770419427	0.027317880794701987	0.009933774834437087	0.00358719646799117	0.014624724061810155	0.0	0.00717439293598234	0.0	0.021247240618101546	0.019591611479028697	0.006898454746136865	0.0033112582781456954	0.01020971302428256	0.029525386313465785	0.002207505518763797	0.002207505518763797	0.004415011037527594	0.08057395143487858	0.0173841059602649	0.0063465783664459164	0.04111479028697572
0.02041942604856512	0.011037527593818985	0.0008278145695364238	0.02262693156732892	0.03945916114790287	0.008278145695364239	0.0024834437086092716	0.02455849889624724	0.0	0.005794701986754967	0.0	0.016556291390728478	0.04194260485651214	0.02511037527593819	0.00358719646799117	0.052428256070640174	0.023730684326710817	0.006898454746136865	0.0030353200883002206	0.021247240618101546	0.028973509933774833	0.008278145695364239	0.003863134657836645	0.017108167770419427	0.010485651214128035	0.0041390728476821195	0.0008278145695364238	0.0052428256070640175	0.0380794701986755	0.01379690949227373	0.0033112582781456954	0.028973509933774833	0.02345474613686534	0.008278145695364239	0.0027593818984547464	0.013520971302428256	0.04690949227373068	0.015176600441501103	0.0052428256070640175	0.023730684326710817	0.032560706401766004	0.008002207505518763	0.00358719646799117	0.01683222958057395	0.02704194260485651	0.009657836644591612	0.003863134657836645	0.014900662251655629	0.0	0.00717439293598234	0.0	0.021247240618101546	0.019315673289183224	0.006622516556291391	0.00358719646799117	0.010485651214128035	0.02924944812362031	0.002207505518763797	0.0024834437086092716	0.004415011037527594	0.07974613686534217	0.01683222958057395	0.0063465783664459164	0.041666666666666664
0.020695364238410598	0.011865342163355408	0.0005518763796909492	0.021799116997792495	0.03863134657836645	0.008554083885209713	0.00358719646799117	0.024006622516556293	0.0	0.006070640176600441	0.0	0.016280353200883002	0.04304635761589404	0.02566225165562914	0.0024834437086092716	0.05187637969094923	0.023730684326710817	0.006898454746136865	0.0030353200883002206	0.021247240618101546	0.028973509933774833	0.008278145695364239	0.003863134657836645	0.017108167770419427	0.01076158940397351	0.004415011037527594	0.0005518763796909492	0.004966887417218543	0.03890728476821192	0.01379690949227373	0.0033112582781456954	0.028973509933774833	0.022350993377483443	0.008278145695364239	0.003863134657836645	0.013520971302428256	0.04746136865342163	0.014072847682119206	0.004966887417218543	0.02455849889624724	0.03283664459161148	0.008002207505518763	0.00358719646799117	0.016556291390728478	0.027317880794701987	0.009381898454746136	0.00358719646799117	0.015176600441501103	0.0	0.00772626931567329	0.0	0.020695364238410598	0.01903973509933775	0.006622516556291391	0.0033112582781456954	0.011037527593818985	0.028973509933774833	0.002207505518763797	0.0027593818984547464	0.004415011037527594	0.07947019867549669	0.01683222958057395	0.005794701986754967	0.041666666666666664
0.02041942604856512	0.011865342163355408	0.0008278145695364238	0.021799116997792495	0.039183222958057394	0.009105960264900662	0.0030353200883002206	0.02345474613686534	0.0	0.006070640176600441	0.0	0.016280353200883002	0.04277041942604857	0.026490066225165563	0.0027593818984547464	0.0510485651214128	0.023730684326710817	0.00772626931567329	0.0030353200883002206	0.02041942604856512	0.028973509933774833	0.008278145695364239	0.003863134657836645	0.017108167770419427	0.010485651214128035	0.0041390728476821195	0.0005518763796909492	0.005518763796909493	0.039735099337748346	0.01434878587196468	0.0027593818984547464	0.028421633554083885	0.022350993377483443	0.0074503311258278145	0.003863134657836645	0.01434878587196468	0.04746136865342163	0.014072847682119206	0.004415011037527594	0.02511037527593819	0.032560706401766004	0.00772626931567329	0.003863134657836645	0.01683222958057395	0.027317880794701987	0.009105960264900662	0.0033112582781456954	0.015728476821192054	0.0	0.008554083885209713	0.0	0.019867549668874173	0.019591611479028697	0.006898454746136865	0.0024834437086092716	0.011037527593818985	0.029525386313465785	0.002207505518763797	0.002207505518763797	0.004415011037527594	0.07891832229580574	0.016556291390728478	0.006070640176600441	0.04194260485651214
0.020143487858719646	0.011865342163355408	0.0011037527593818985	0.021799116997792495	0.03863134657836645	0.010485651214128035	0.003863134657836645	0.021799116997792495	0.0	0.006898454746136865	0.0	0.01545253863134658	0.04194260485651214	0.02704194260485651	0.00358719646799117	0.050496688741721855	0.023730684326710817	0.008002207505518763	0.0030353200883002206	0.020143487858719646	0.028973509933774833	0.008278145695364239	0.00358719646799117	0.0173841059602649	0.010485651214128035	0.0041390728476821195	0.0005518763796909492	0.005518763796909493	0.04001103752759382	0.013520971302428256	0.0024834437086092716	0.028973509933774833	0.022902869757174392	0.0074503311258278145	0.0033112582781456954	0.01434878587196468	0.04773730684326711	0.01379690949227373	0.004415011037527594	0.02511037527593819	0.032560706401766004	0.008278145695364239	0.00358719646799117	0.016556291390728478	0.02676600441501104	0.009381898454746136	0.003863134657836645	0.01545253863134658	0.0	0.008830022075055188	0.0	0.019591611479028697	0.019591611479028697	0.006898454746136865	0.0027593818984547464	0.01076158940397351	0.029525386313465785	0.0016556291390728477	0.002207505518763797	0.004966887417218543	0.07891832229580574	0.017108167770419427	0.0063465783664459164	0.041390728476821195
0.020143487858719646	0.011589403973509934	0.0011037527593818985	0.02207505518763797	0.03835540838852097	0.009933774834437087	0.004690949227373068	0.021799116997792495	0.0	0.006622516556291391	0.0	0.015728476821192054	0.04194260485651214	0.027317880794701987	0.00358719646799117	0.05022075055187638	0.024006622516556293	0.008002207505518763	0.0027593818984547464	0.020143487858719646	0.030353200883002206	0.008278145695364239	0.0024834437086092716	0.017108167770419427	0.010485651214128035	0.0041390728476821195	0.0005518763796909492	0.005518763796909493	0.03945916114790287	0.01379690949227373	0.0030353200883002206	0.02869757174392936	0.023178807947019868	0.006898454746136865	0.0030353200883002206	0.014900662251655629	0.04856512141280353	0.013520971302428256	0.0033112582781456954	0.02566225165562914	0.03118101545253863	0.008554083885209713	0.0052428256070640175	0.016004415011037526	0.02704194260485651	0.008830022075055188	0.00358719646799117	0.016004415011037526	0.0	0.008278145695364239	0.0	0.020143487858719646	0.020695364238410598	0.00717439293598234	0.0016556291390728477	0.010485651214128035	0.02924944812362031	0.0016556291390728477	0.0024834437086092716	0.004966887417218543	0.07891832229580574	0.01683222958057395	0.0063465783664459164	0.041666666666666664
0.02041942604856512	0.01131346578366446	0.0008278145695364238	0.022350993377483443	0.039183222958057394	0.009381898454746136	0.0041390728476821195	0.02207505518763797	0.0	0.006622516556291391	0.0	0.015728476821192054	0.041390728476821195	0.02676600441501104	0.0041390728476821195	0.05077262693156733	0.023730684326710817	0.008278145695364239	0.0030353200883002206	0.019867549668874173	0.030077262693156734	0.008002207505518763	0.0033112582781456954	0.01683222958057395	0.010485651214128035	0.004415011037527594	0.0005518763796909492	0.0052428256070640175	0.03863134657836645	0.013520971302428256	0.0027593818984547464	0.02924944812362031	0.022902869757174392	0.0074503311258278145	0.0033112582781456954	0.01434878587196468	0.04856512141280353	0.013520971302428256	0.0033112582781456954	0.02566225165562914	0.03118101545253863	0.009105960264900662	0.0052428256070640175	0.01545253863134658	0.026214128035320087	0.008830022075055188	0.004415011037527594	0.016004415011037526	0.0	0.008002207505518763	0.0	0.02041942604856512	0.02041942604856512	0.00717439293598234	0.0016556291390728477	0.01076158940397351	0.02924944812362031	0.0016556291390728477	0.0024834437086092716	0.004966887417218543	0.07919426048565122	0.017108167770419427	0.006898454746136865	0.041390728476821195
0.019867549668874173	0.011037527593818985	0.0013796909492273732	0.02262693156732892	0.03945916114790287	0.009381898454746136	0.0041390728476821195	0.021799116997792495	0.0	0.006898454746136865	0.0	0.01545253863134658	0.041666666666666664	0.026490066225165563	0.003863134657836645	0.0510485651214128	0.02345474613686534	0.008278145695364239	0.0033112582781456954	0.019867549668874173	0.030077262693156734	0.0074503311258278145	0.00358719646799117	0.017108167770419427	0.01020971302428256	0.004690949227373068	0.0008278145695364238	0.004966887417218543	0.03945916114790287	0.01379690949227373	0.0033112582781456954	0.028421633554083885	0.022902869757174392	0.00717439293598234	0.0033112582781456954	0.014624724061810155	0.04939293598233996	0.012969094922737307	0.00358719646799117	0.02511037527593819	0.03145695364238411	0.009933774834437087	0.004690949227373068	0.014900662251655629	0.02676600441501104	0.008554083885209713	0.0041390728476821195	0.016004415011037526	0.0	0.008830022075055188	0.0	0.019591611479028697	0.020695364238410598	0.006898454746136865	0.0013796909492273732	0.011037527593818985	0.02924944812362031	0.0016556291390728477	0.0024834437086092716	0.004966887417218543	0.07947019867549669	0.017660044150110375	0.005794701986754967	0.04083885209713024
0.019591611479028697	0.011037527593818985	0.0016556291390728477	0.02262693156732892	0.039735099337748346	0.01020971302428256	0.0041390728476821195	0.020695364238410598	0.0	0.006622516556291391	0.0	0.015728476821192054	0.04194260485651214	0.02704194260485651	0.00358719646799117	0.050496688741721855	0.023730684326710817	0.008002207505518763	0.0030353200883002206	0.020143487858719646	0.030077262693156734	0.00717439293598234	0.003863134657836645	0.017108167770419427	0.010485651214128035	0.004415011037527594	0.0008278145695364238	0.004966887417218543	0.0380794701986755	0.01379690949227373	0.00358719646799117	0.028145695364238412	0.02207505518763797	0.00717439293598234	0.0041390728476821195	0.014624724061810155	0.04966887417218543	0.012693156732891833	0.0033112582781456954	0.025386313465783666	0.03173289183222958	0.009657836644591612	0.004415011037527594	0.015176600441501103	0.02704194260485651	0.008002207505518763	0.0041390728476821195	0.016280353200883002	0.0	0.008830022075055188	0.0	0.019591611479028697	0.020695364238410598	0.006622516556291391	0.0016556291390728477	0.011037527593818985	0.028145695364238412	0.0019315673289183224	0.00358719646799117	0.004690949227373068	0.08057395143487858	0.018211920529801324	0.006070640176600441	0.04028697571743929
0.019591611479028697	0.01076158940397351	0.0016556291390728477	0.022902869757174392	0.04001103752759382	0.009657836644591612	0.0041390728476821195	0.02097130242825607	0.0	0.0063465783664459164	0.0	0.016004415011037526	0.042218543046357616	0.026490066225165563	0.0033112582781456954	0.0510485651214128	0.024282560706401765	0.008002207505518763	0.0024834437086092716	0.020143487858719646	0.030353200883002206	0.00772626931567329	0.003863134657836645	0.016280353200883002	0.01076158940397351	0.0041390728476821195	0.0008278145695364238	0.004966887417218543	0.04028697571743929	0.012969094922737307	0.0033112582781456954	0.02924944812362031	0.02345474613686534	0.00717439293598234	0.0027593818984547464	0.014624724061810155	0.04939293598233996	0.013245033112582781	0.0033112582781456954	0.02511037527593819	0.03173289183222958	0.009933774834437087	0.004415011037527594	0.014900662251655629	0.02704194260485651	0.008002207505518763	0.0041390728476821195	0.016280353200883002	0.0	0.008830022075055188	0.0	0.019591611479028697	0.020695364238410598	0.006070640176600441	0.0016556291390728477	0.011589403973509934	0.028421633554083885	0.0019315673289183224	0.0033112582781456954	0.004690949227373068	0.07753863134657836	0.01793598233995585	0.006898454746136865	0.04056291390728477
0.019867549668874173	0.010485651214128035	0.0013796909492273732	0.023178807947019868	0.03945916114790287	0.009933774834437087	0.004690949227373068	0.020695364238410598	0.0	0.0063465783664459164	0.0	0.016004415011037526	0.04277041942604857	0.025938189845474614	0.0027593818984547464	0.05160044150110375	0.024282560706401765	0.008830022075055188	0.0024834437086092716	0.019315673289183224	0.030077262693156734	0.008554083885209713	0.003863134657836645	0.015728476821192054	0.01076158940397351	0.003863134657836645	0.0008278145695364238	0.0052428256070640175	0.04028697571743929	0.013245033112582781	0.003863134657836645	0.02869757174392936	0.02345474613686534	0.006622516556291391	0.0027593818984547464	0.015176600441501103	0.04856512141280353	0.012969094922737307	0.004415011037527594	0.02511037527593819	0.03228476821192053	0.009657836644591612	0.0041390728476821195	0.014900662251655629	0.02704194260485651	0.008278145695364239	0.003863134657836645	0.016280353200883002	0.0	0.009105960264900662	0.0	0.019315673289183224	0.020695364238410598	0.0063465783664459164	0.0013796909492273732	0.011589403973509934	0.028145695364238412	0.0019315673289183224	0.00358719646799117	0.004690949227373068	0.07753863134657836	0.01793598233995585	0.006622516556291391	0.04056291390728477
0.019867549668874173	0.01076158940397351	0.0013796909492273732	0.022902869757174392	0.03945916114790287	0.010485651214128035	0.004415011037527594	0.02041942604856512	0.0	0.00717439293598234	0.0	0.015176600441501103	0.04249448123620309	0.02566225165562914	0.0030353200883002206	0.05187637969094923	0.02455849889624724	0.009105960264900662	0.002207505518763797	0.01903973509933775	0.030353200883002206	0.008830022075055188	0.003863134657836645	0.015176600441501103	0.01076158940397351	0.00358719646799117	0.0008278145695364238	0.005518763796909493	0.03945916114790287	0.012969094922737307	0.004690949227373068	0.02869757174392936	0.023178807947019868	0.00717439293598234	0.0030353200883002206	0.014624724061810155	0.04939293598233996	0.012693156732891833	0.003863134657836645	0.02511037527593819	0.0336644591611479	0.009381898454746136	0.0027593818984547464	0.015176600441501103	0.02676600441501104	0.008278145695364239	0.003863134657836645	0.016556291390728478	0.0	0.009105960264900662	0.0	0.019315673289183224	0.020695364238410598	0.00717439293598234	0.0011037527593818985	0.011037527593818985	0.028973509933774833	0.002207505518763797	0.0027593818984547464	0.004415011037527594	0.07864238410596026	0.0184878587196468	0.005794701986754967	0.04001103752759382
0.019315673289183224	0.010485651214128035	0.0019315673289183224	0.023178807947019868	0.039735099337748346	0.011037527593818985	0.003863134657836645	0.020143487858719646	0.0	0.0074503311258278145	0.0	0.014900662251655629	0.041390728476821195	0.02566225165562914	0.0041390728476821195	0.05187637969094923	0.024834437086092714	0.009933774834437087	0.0019315673289183224	0.018211920529801324	0.029801324503311258	0.008830022075055188	0.004415011037527594	0.015176600441501103	0.01076158940397351	0.003863134657836645	0.0008278145695364238	0.0052428256070640175	0.039735099337748346	0.012141280353200883	0.0041390728476821195	0.02924944812362031	0.02345474613686534	0.00717439293598234	0.0027593818984547464	0.014624724061810155	0.04966887417218543	0.012693156732891833	0.003863134657836645	0.024834437086092714	0.03421633554083885	0.009381898454746136	0.0024834437086092716	0.014900662251655629	0.02704194260485651	0.008554083885209713	0.0041390728476821195	0.015728476821192054	0.0	0.01020971302428256	0.0	0.018211920529801324	0.020695364238410598	0.00717439293598234	0.0011037527593818985	0.011037527593818985	0.029525386313465785	0.002207505518763797	0.002207505518763797	0.004415011037527594	0.07974613686534217	0.018211920529801324	0.0052428256070640175	0.04028697571743929
0.018763796909492272	0.01020971302428256	0.0024834437086092716	0.02345474613686534	0.04028697571743929	0.009933774834437087	0.00358719646799117	0.02097130242825607	0.0	0.00772626931567329	0.0	0.014624724061810155	0.042218543046357616	0.025386313465783666	0.0033112582781456954	0.052152317880794705	0.024834437086092714	0.010485651214128035	0.0019315673289183224	0.017660044150110375	0.030353200883002206	0.008278145695364239	0.003863134657836645	0.015728476821192054	0.011037527593818985	0.003863134657836645	0.0005518763796909492	0.0052428256070640175	0.039735099337748346	0.01131346578366446	0.003863134657836645	0.030077262693156734	0.023178807947019868	0.00772626931567329	0.0030353200883002206	0.014072847682119206	0.0510485651214128	0.012141280353200883	0.0024834437086092716	0.025386313465783666	0.03449227373068433	0.009933774834437087	0.002207505518763797	0.01434878587196468	0.027317880794701987	0.008554083885209713	0.003863134657836645	0.015728476821192054	0.0	0.009657836644591612	0.0	0.018763796909492272	0.020695364238410598	0.0074503311258278145	0.0011037527593818985	0.01076158940397351	0.028973509933774833	0.002207505518763797	0.0027593818984547464	0.004415011037527594	0.08002207505518764	0.018211920529801324	0.0052428256070640175	0.04028697571743929
0.019315673289183224	0.009933774834437087	0.0019315673289183224	0.023730684326710817	0.04083885209713024	0.009105960264900662	0.0030353200883002206	0.021799116997792495	0.0	0.008830022075055188	0.0	0.013520971302428256	0.04194260485651214	0.02566225165562914	0.00358719646799117	0.05187637969094923	0.024834437086092714	0.010485651214128035	0.0019315673289183224	0.017660044150110375	0.030077262693156734	0.008278145695364239	0.0041390728476821195	0.015728476821192054	0.011037527593818985	0.00358719646799117	0.0005518763796909492	0.005518763796909493	0.04001103752759382	0.01131346578366446	0.00358719646799117	0.029801324503311258	0.02262693156732892	0.00772626931567329	0.00358719646799117	0.014072847682119206	0.050496688741721855	0.011865342163355408	0.0030353200883002206	0.02566225165562914	0.0347682119205298	0.01020971302428256	0.0019315673289183224	0.014072847682119206	0.027869757174392936	0.008554083885209713	0.0033112582781456954	0.015728476821192054	0.0	0.009657836644591612	0.0	0.018763796909492272	0.02041942604856512	0.0074503311258278145	0.0016556291390728477	0.010485651214128035	0.028973509933774833	0.0016556291390728477	0.0027593818984547464	0.004966887417218543	0.07864238410596026	0.017660044150110375	0.006898454746136865	0.04083885209713024
0.01903973509933775	0.009933774834437087	0.002207505518763797	0.023730684326710817	0.04056291390728477	0.008830022075055188	0.0033112582781456954	0.02207505518763797	0.0	0.008554083885209713	0.0	0.01379690949227373	0.04194260485651214	0.025938189845474614	0.00358719646799117	0.05160044150110375	0.024834437086092714	0.01020971302428256	0.0019315673289183224	0.01793598233995585	0.030353200883002206	0.008002207505518763	0.0041390728476821195	0.015728476821192054	0.011037527593818985	0.00358719646799117	0.0005518763796909492	0.005518763796909493	0.04028697571743929	0.011037527593818985	0.0033112582781456954	0.030353200883002206	0.02207505518763797	0.0074503311258278145	0.0041390728476821195	0.01434878587196468	0.05077262693156733	0.012693156732891833	0.0027593818984547464	0.024834437086092714	0.035044150110375274	0.009933774834437087	0.0016556291390728477	0.01434878587196468	0.028145695364238412	0.008830022075055188	0.0027593818984547464	0.015728476821192054	0.0	0.009657836644591612	0.0	0.018763796909492272	0.02097130242825607	0.00717439293598234	0.0011037527593818985	0.01076158940397351	0.02869757174392936	0.0016556291390728477	0.0030353200883002206	0.004966887417218543	0.07947019867549669	0.017660044150110375	0.005794701986754967	0.04083885209713024
0.019591611479028697	0.010485651214128035	0.0016556291390728477	0.023178807947019868	0.04056291390728477	0.008830022075055188	0.00358719646799117	0.021799116997792495	0.0	0.009105960264900662	0.0	0.013245033112582781	0.041390728476821195	0.02566225165562914	0.0041390728476821195	0.05187637969094923	0.024282560706401765	0.01020971302428256	0.0024834437086092716	0.01793598233995585	0.030629139072847682	0.008554083885209713	0.004415011037527594	0.014624724061810155	0.01076158940397351	0.00358719646799117	0.0008278145695364238	0.005518763796909493	0.04083885209713024	0.010485651214128035	0.0030353200883002206	0.030629139072847682	0.02207505518763797	0.00772626931567329	0.0041390728476821195	0.014072847682119206	0.0510485651214128	0.012693156732891833	0.0024834437086092716	0.024834437086092714	0.03532008830022075	0.009657836644591612	0.0013796909492273732	0.014624724061810155	0.028421633554083885	0.008554083885209713	0.0024834437086092716	0.016004415011037526	0.0	0.009105960264900662	0.0	0.019315673289183224	0.020695364238410598	0.006898454746136865	0.0016556291390728477	0.01076158940397351	0.029525386313465785	0.0011037527593818985	0.002207505518763797	0.005518763796909493	0.08057395143487858	0.017660044150110375	0.004690949227373068	0.04083885209713024
0.019867549668874173	0.01076158940397351	0.0013796909492273732	0.022902869757174392	0.04028697571743929	0.008554083885209713	0.00358719646799117	0.022350993377483443	0.0	0.009105960264900662	0.0	0.013245033112582781	0.04111479028697572	0.02511037527593819	0.004415011037527594	0.052428256070640174	0.024834437086092714	0.01020971302428256	0.0019315673289183224	0.01793598233995585	0.03173289183222958	0.008554083885209713	0.0033112582781456954	0.014624724061810155	0.01076158940397351	0.00358719646799117	0.0008278145695364238	0.005518763796909493	0.041666666666666664	0.01020971302428256	0.0027593818984547464	0.030629139072847682	0.022902869757174392	0.00772626931567329	0.0033112582781456954	0.014072847682119206	0.0499448123620309	0.012141280353200883	0.003863134657836645	0.02511037527593819	0.03449227373068433	0.009933774834437087	0.002207505518763797	0.01434878587196468	0.02869757174392936	0.008554083885209713	0.002207505518763797	0.016004415011037526	0.0	0.009381898454746136	0.0	0.01903973509933775	0.02097130242825607	0.006898454746136865	0.0016556291390728477	0.010485651214128035	0.028973509933774833	0.0013796909492273732	0.0027593818984547464	0.0052428256070640175	0.07919426048565122	0.017660044150110375	0.005794701986754967	0.04083885209713024
0.01903973509933775	0.010485651214128035	0.002207505518763797	0.023178807947019868	0.04111479028697572	0.0074503311258278145	0.0033112582781456954	0.022902869757174392	0.0	0.008830022075055188	0.0	0.013520971302428256	0.04083885209713024	0.02566225165562914	0.004690949227373068	0.05187637969094923	0.02455849889624724	0.01020971302428256	0.002207505518763797	0.01793598233995585	0.032560706401766004	0.008002207505518763	0.0030353200883002206	0.014624724061810155	0.01076158940397351	0.00358719646799117	0.0008278145695364238	0.005518763796909493	0.04083885209713024	0.011037527593818985	0.0030353200883002206	0.029525386313465785	0.023178807947019868	0.00772626931567329	0.0030353200883002206	0.014072847682119206	0.04939293598233996	0.012693156732891833	0.003863134657836645	0.02511037527593819	0.03449227373068433	0.009381898454746136	0.002207505518763797	0.014900662251655629	0.028973509933774833	0.009105960264900662	0.0019315673289183224	0.01545253863134658	0.0	0.009105960264900662	0.0	0.019315673289183224	0.021247240618101546	0.0074503311258278145	0.0011037527593818985	0.01020971302428256	0.028973509933774833	0.0013796909492273732	0.0027593818984547464	0.0052428256070640175	0.0802980132450331	0.017660044150110375	0.005518763796909493	0.04083885209713024
0.019315673289183224	0.01076158940397351	0.0019315673289183224	0.022902869757174392	0.04056291390728477	0.00772626931567329	0.0041390728476821195	0.022350993377483443	0.0	0.008554083885209713	0.0	0.01379690949227373	0.04056291390728477	0.026490066225165563	0.004966887417218543	0.0510485651214128	0.02455849889624724	0.01020971302428256	0.002207505518763797	0.01793598233995585	0.03283664459161148	0.00772626931567329	0.0030353200883002206	0.014624724061810155	0.01076158940397351	0.00358719646799117	0.0005518763796909492	0.005794701986754967	0.04056291390728477	0.011037527593818985	0.0024834437086092716	0.02924944812362031	0.02345474613686534	0.0074503311258278145	0.0027593818984547464	0.01434878587196468	0.04856512141280353	0.012693156732891833	0.004966887417218543	0.024834437086092714	0.03449227373068433	0.009381898454746136	0.002207505518763797	0.014900662251655629	0.028973509933774833	0.009381898454746136	0.0019315673289183224	0.015176600441501103	0.0	0.009381898454746136	0.0	0.01903973509933775	0.020695364238410598	0.006622516556291391	0.0019315673289183224	0.01076158940397351	0.02924944812362031	0.0013796909492273732	0.0024834437086092716	0.0052428256070640175	0.08057395143487858	0.01683222958057395	0.0063465783664459164	0.041666666666666664
0.01903973509933775	0.01076158940397351	0.002207505518763797	0.022902869757174392	0.04083885209713024	0.008002207505518763	0.0041390728476821195	0.021799116997792495	0.0	0.008554083885209713	0.0	0.01379690949227373	0.04056291390728477	0.02676600441501104	0.004966887417218543	0.05077262693156733	0.02511037527593819	0.01020971302428256	0.0016556291390728477	0.01793598233995585	0.032560706401766004	0.0074503311258278145	0.0033112582781456954	0.014900662251655629	0.010485651214128035	0.00358719646799117	0.0008278145695364238	0.005794701986754967	0.04001103752759382	0.010485651214128035	0.0033112582781456954	0.028973509933774833	0.023178807947019868	0.00717439293598234	0.0030353200883002206	0.014624724061810155	0.04856512141280353	0.012969094922737307	0.0052428256070640175	0.024282560706401765	0.03421633554083885	0.009105960264900662	0.0027593818984547464	0.014900662251655629	0.02924944812362031	0.008554083885209713	0.002207505518763797	0.01545253863134658	0.0	0.009933774834437087	0.0	0.0184878587196468	0.02097130242825607	0.0063465783664459164	0.0019315673289183224	0.01076158940397351	0.030077262693156734	0.0013796909492273732	0.0016556291390728477	0.0052428256070640175	0.08084988962472406	0.016280353200883002	0.006622516556291391	0.042218543046357616
0.01903973509933775	0.011589403973509934	0.002207505518763797	0.02207505518763797	0.039735099337748346	0.008002207505518763	0.005518763796909493	0.02152317880794702	0.0	0.008554083885209713	0.0	0.01379690949227373	0.04028697571743929	0.02676600441501104	0.0052428256070640175	0.05077262693156733	0.02566225165562914	0.009933774834437087	0.0011037527593818985	0.018211920529801324	0.033388520971302425	0.00717439293598234	0.0024834437086092716	0.015176600441501103	0.01020971302428256	0.003863134657836645	0.0011037527593818985	0.005518763796909493	0.04194260485651214	0.010485651214128035	0.00358719646799117	0.028145695364238412	0.022902869757174392	0.006898454746136865	0.0033112582781456954	0.014900662251655629	0.04911699779249448	0.012969094922737307	0.004966887417218543	0.024006622516556293	0.03421633554083885	0.008830022075055188	0.0027593818984547464	0.015176600441501103	0.028973509933774833	0.009105960264900662	0.0024834437086092716	0.014900662251655629	0.0	0.009657836644591612	0.0	0.018763796909492272	0.021247240618101546	0.005794701986754967	0.002207505518763797	0.01076158940397351	0.02924944812362031	0.0013796909492273732	0.0024834437086092716	0.0052428256070640175	0.08002207505518764	0.01545253863134658	0.006070640176600441	0.04304635761589404
0.019315673289183224	0.011865342163355408	0.0019315673289183224	0.021799116997792495	0.039735099337748346	0.008278145695364239	0.005518763796909493	0.021247240618101546	0.0	0.008278145695364239	0.0	0.014072847682119206	0.039735099337748346	0.02566225165562914	0.005794701986754967	0.05187637969094923	0.025386313465783666	0.009933774834437087	0.0013796909492273732	0.018211920529801324	0.03394039735099338	0.006622516556291391	0.002207505518763797	0.01545253863134658	0.009933774834437087	0.003863134657836645	0.0013796909492273732	0.005518763796909493	0.04194260485651214	0.01020971302428256	0.003863134657836645	0.028421633554083885	0.023730684326710817	0.006622516556291391	0.0024834437086092716	0.015176600441501103	0.0499448123620309	0.012969094922737307	0.004690949227373068	0.02345474613686534	0.035044150110375274	0.008830022075055188	0.0019315673289183224	0.015176600441501103	0.029525386313465785	0.009105960264900662	0.0016556291390728477	0.015176600441501103	0.0	0.009381898454746136	0.0	0.01903973509933775	0.02152317880794702	0.005518763796909493	0.0019315673289183224	0.011037527593818985	0.030353200883002206	0.0013796909492273732	0.0013796909492273732	0.0052428256070640175	0.07974613686534217	0.016280353200883002	0.006070640176600441	0.042218543046357616
0.01903973509933775	0.011589403973509934	0.002207505518763797	0.02207505518763797	0.04028697571743929	0.008830022075055188	0.004690949227373068	0.02097130242825607	0.0	0.00772626931567329	0.0	0.014624724061810155	0.04028697571743929	0.024834437086092714	0.0052428256070640175	0.05270419426048565	0.02511037527593819	0.009933774834437087	0.0016556291390728477	0.018211920529801324	0.03421633554083885	0.006898454746136865	0.0019315673289183224	0.015176600441501103	0.009933774834437087	0.0041390728476821195	0.0011037527593818985	0.005518763796909493	0.04194260485651214	0.011037527593818985	0.0030353200883002206	0.02759381898454746	0.024006622516556293	0.006898454746136865	0.002207505518763797	0.014900662251655629	0.050496688741721855	0.011865342163355408	0.004690949227373068	0.024006622516556293	0.03421633554083885	0.008554083885209713	0.0024834437086092716	0.015728476821192054	0.02924944812362031	0.008278145695364239	0.002207505518763797	0.015728476821192054	0.0	0.009933774834437087	0.0	0.0184878587196468	0.02207505518763797	0.0052428256070640175	0.0016556291390728477	0.011037527593818985	0.02924944812362031	0.0013796909492273732	0.0024834437086092716	0.0052428256070640175	0.08057395143487858	0.016556291390728478	0.006070640176600441	0.04194260485651214
0.01903973509933775	0.01076158940397351	0.002207505518763797	0.022902869757174392	0.04083885209713024	0.008278145695364239	0.005518763796909493	0.020143487858719646	0.0	0.00772626931567329	0.0	0.014624724061810155	0.04111479028697572	0.02455849889624724	0.004415011037527594	0.052980132450331126	0.02511037527593819	0.009933774834437087	0.0016556291390728477	0.018211920529801324	0.0336644591611479	0.006898454746136865	0.0024834437086092716	0.015176600441501103	0.009933774834437087	0.00358719646799117	0.0011037527593818985	0.006070640176600441	0.043322295805739514	0.011037527593818985	0.0027593818984547464	0.027317880794701987	0.02345474613686534	0.006898454746136865	0.0027593818984547464	0.014900662251655629	0.05022075055187638	0.012969094922737307	0.004966887417218543	0.022902869757174392	0.03421633554083885	0.008278145695364239	0.0027593818984547464	0.015728476821192054	0.02869757174392936	0.008002207505518763	0.0027593818984547464	0.016004415011037526	0.0	0.009105960264900662	0.0	0.019315673289183224	0.021247240618101546	0.0052428256070640175	0.0024834437086092716	0.011037527593818985	0.028973509933774833	0.0011037527593818985	0.0027593818984547464	0.005518763796909493	0.07919426048565122	0.016556291390728478	0.006622516556291391	0.04194260485651214
0.01903973509933775	0.009933774834437087	0.002207505518763797	0.023730684326710817	0.041666666666666664	0.008830022075055188	0.0041390728476821195	0.020143487858719646	0.0	0.0074503311258278145	0.0	0.014900662251655629	0.041666666666666664	0.02511037527593819	0.003863134657836645	0.052428256070640174	0.02511037527593819	0.009933774834437087	0.0016556291390728477	0.018211920529801324	0.03421633554083885	0.006898454746136865	0.0019315673289183224	0.015176600441501103	0.009933774834437087	0.00358719646799117	0.0011037527593818985	0.006070640176600441	0.042218543046357616	0.011865342163355408	0.0052428256070640175	0.02566225165562914	0.023730684326710817	0.00717439293598234	0.0024834437086092716	0.014624724061810155	0.04966887417218543	0.012969094922737307	0.005518763796909493	0.022902869757174392	0.03421633554083885	0.008278145695364239	0.0027593818984547464	0.015728476821192054	0.02869757174392936	0.00772626931567329	0.0027593818984547464	0.016280353200883002	0.0	0.008830022075055188	0.0	0.019591611479028697	0.021799116997792495	0.004690949227373068	0.0016556291390728477	0.011865342163355408	0.030077262693156734	0.0011037527593818985	0.0016556291390728477	0.005518763796909493	0.07891832229580574	0.016556291390728478	0.0063465783664459164	0.04194260485651214
0.019591611479028697	0.009933774834437087	0.0016556291390728477	0.023730684326710817	0.04194260485651214	0.008278145695364239	0.003863134657836645	0.020695364238410598	0.0	0.00717439293598234	0.0	0.015176600441501103	0.041390728476821195	0.024834437086092714	0.0041390728476821195	0.05270419426048565	0.02566225165562914	0.009933774834437087	0.0011037527593818985	0.018211920529801324	0.03421633554083885	0.00717439293598234	0.0019315673289183224	0.014900662251655629	0.009933774834437087	0.003863134657836645	0.0011037527593818985	0.005794701986754967	0.04194260485651214	0.01131346578366446	0.004966887417218543	0.025938189845474614	0.024006622516556293	0.00717439293598234	0.002207505518763797	0.014624724061810155	0.050496688741721855	0.013245033112582781	0.004415011037527594	0.022902869757174392	0.03421633554083885	0.008554083885209713	0.0027593818984547464	0.01545253863134658	0.028421633554083885	0.00772626931567329	0.0033112582781456954	0.016004415011037526	0.0	0.009105960264900662	0.0	0.019315673289183224	0.02152317880794702	0.004966887417218543	0.0024834437086092716	0.011037527593818985	0.029801324503311258	0.0011037527593818985	0.0019315673289183224	0.005518763796909493	0.07891832229580574	0.01683222958057395	0.00717439293598234	0.041666666666666664
0.019867549668874173	0.009933774834437087	0.0013796909492273732	0.023730684326710817	0.041666666666666664	0.008554083885209713	0.0041390728476821195	0.02041942604856512	0.0	0.00717439293598234	0.0	0.015176600441501103	0.04194260485651214	0.024834437086092714	0.00358719646799117	0.05270419426048565	0.025938189845474614	0.009933774834437087	0.0008278145695364238	0.018211920529801324	0.03394039735099338	0.006898454746136865	0.0024834437086092716	0.014900662251655629	0.009933774834437087	0.003863134657836645	0.0011037527593818985	0.005794701986754967	0.041390728476821195	0.01076158940397351	0.0052428256070640175	0.026490066225165563	0.024006622516556293	0.006898454746136865	0.002207505518763797	0.014900662251655629	0.04966887417218543	0.013520971302428256	0.004966887417218543	0.022902869757174392	0.0347682119205298	0.008002207505518763	0.002207505518763797	0.016004415011037526	0.02869757174392936	0.00772626931567329	0.0030353200883002206	0.016004415011037526	0.0	0.008830022075055188	0.0	0.019591611479028697	0.021799116997792495	0.004690949227373068	0.0024834437086092716	0.011037527593818985	0.030077262693156734	0.0013796909492273732	0.0016556291390728477	0.0052428256070640175	0.07671081677704195	0.017108167770419427	0.009657836644591612	0.041390728476821195
0.019591611479028697	0.009933774834437087	0.0016556291390728477	0.023730684326710817	0.041666666666666664	0.008278145695364239	0.004415011037527594	0.02041942604856512	0.0	0.00717439293598234	0.0	0.015176600441501103	0.041666666666666664	0.024282560706401765	0.003863134657836645	0.0532560706401766	0.02566225165562914	0.01020971302428256	0.0011037527593818985	0.01793598233995585	0.033112582781456956	0.006622516556291391	0.0030353200883002206	0.01545253863134658	0.009933774834437087	0.003863134657836645	0.0011037527593818985	0.005794701986754967	0.04111479028697572	0.011037527593818985	0.006070640176600441	0.026214128035320087	0.023730684326710817	0.0074503311258278145	0.0024834437086092716	0.01434878587196468	0.0499448123620309	0.013520971302428256	0.004966887417218543	0.02262693156732892	0.03449227373068433	0.0074503311258278145	0.0027593818984547464	0.016280353200883002	0.028421633554083885	0.0074503311258278145	0.0033112582781456954	0.016280353200883002	0.0	0.009105960264900662	0.0	0.019315673289183224	0.021247240618101546	0.004690949227373068	0.0030353200883002206	0.011037527593818985	0.030077262693156734	0.0013796909492273732	0.0016556291390728477	0.0052428256070640175	0.07698675496688742	0.017108167770419427	0.008830022075055188	0.041390728476821195
0.019315673289183224	0.009933774834437087	0.0019315673289183224	0.023730684326710817	0.04194260485651214	0.008002207505518763	0.0041390728476821195	0.020695364238410598	0.0	0.006898454746136865	0.0	0.01545253863134658	0.041390728476821195	0.024282560706401765	0.0041390728476821195	0.0532560706401766	0.026214128035320087	0.01020971302428256	0.0005518763796909492	0.01793598233995585	0.03283664459161148	0.006070640176600441	0.003863134657836645	0.01545253863134658	0.009933774834437087	0.003863134657836645	0.0013796909492273732	0.005518763796909493	0.04194260485651214	0.011589403973509934	0.005518763796909493	0.025386313465783666	0.023730684326710817	0.0074503311258278145	0.0024834437086092716	0.01434878587196468	0.04773730684326711	0.01434878587196468	0.006898454746136865	0.02207505518763797	0.0347682119205298	0.0074503311258278145	0.0024834437086092716	0.016280353200883002	0.02759381898454746	0.0074503311258278145	0.0041390728476821195	0.016280353200883002	0.0	0.008830022075055188	0.0	0.019591611479028697	0.020695364238410598	0.004690949227373068	0.00358719646799117	0.011037527593818985	0.029801324503311258	0.0013796909492273732	0.0019315673289183224	0.0052428256070640175	0.07753863134657836	0.0173841059602649	0.008278145695364239	0.04111479028697572
0.019591611479028697	0.009657836644591612	0.0016556291390728477	0.024006622516556293	0.041390728476821195	0.008278145695364239	0.004690949227373068	0.02041942604856512	0.0	0.006622516556291391	0.0	0.015728476821192054	0.041390728476821195	0.024282560706401765	0.0041390728476821195	0.0532560706401766	0.026214128035320087	0.009657836644591612	0.0005518763796909492	0.0184878587196468	0.033112582781456956	0.006070640176600441	0.00358719646799117	0.01545253863134658	0.01020971302428256	0.003863134657836645	0.0013796909492273732	0.0052428256070640175	0.04083885209713024	0.01131346578366446	0.006622516556291391	0.025386313465783666	0.02345474613686534	0.0074503311258278145	0.0027593818984547464	0.01434878587196468	0.048289183222958054	0.01434878587196468	0.0063465783664459164	0.02207505518763797	0.03532008830022075	0.00717439293598234	0.002207505518763797	0.016280353200883002	0.02869757174392936	0.008278145695364239	0.0027593818984547464	0.015728476821192054	0.0	0.008554083885209713	0.0	0.019867549668874173	0.02041942604856512	0.004415011037527594	0.003863134657836645	0.01131346578366446	0.029525386313465785	0.0016556291390728477	0.002207505518763797	0.004966887417218543	0.07891832229580574	0.01793598233995585	0.00717439293598234	0.04056291390728477
0.019315673289183224	0.009381898454746136	0.0019315673289183224	0.024282560706401765	0.042218543046357616	0.00772626931567329	0.003863134657836645	0.02097130242825607	0.0	0.006622516556291391	0.0	0.015728476821192054	0.041666666666666664	0.02455849889624724	0.003863134657836645	0.052980132450331126	0.02566225165562914	0.009657836644591612	0.0011037527593818985	0.0184878587196468	0.033112582781456956	0.005794701986754967	0.003863134657836645	0.01545253863134658	0.01020971302428256	0.003863134657836645	0.0013796909492273732	0.0052428256070640175	0.041390728476821195	0.01131346578366446	0.006622516556291391	0.02566225165562914	0.02345474613686534	0.0074503311258278145	0.0027593818984547464	0.01434878587196468	0.04911699779249448	0.013520971302428256	0.006070640176600441	0.022350993377483443	0.0358719646799117	0.00717439293598234	0.0016556291390728477	0.016280353200883002	0.027869757174392936	0.008554083885209713	0.0041390728476821195	0.014900662251655629	0.0	0.008278145695364239	0.0	0.020143487858719646	0.02097130242825607	0.0041390728476821195	0.0033112582781456954	0.011589403973509934	0.02924944812362031	0.0016556291390728477	0.0024834437086092716	0.004966887417218543	0.07864238410596026	0.017660044150110375	0.006622516556291391	0.04083885209713024
0.019315673289183224	0.009657836644591612	0.0019315673289183224	0.024006622516556293	0.04277041942604857	0.00772626931567329	0.0030353200883002206	0.021247240618101546	0.0	0.006070640176600441	0.0	0.016280353200883002	0.041666666666666664	0.02345474613686534	0.003863134657836645	0.05408388520971302	0.02566225165562914	0.009381898454746136	0.0011037527593818985	0.018763796909492272	0.033388520971302425	0.005794701986754967	0.0041390728476821195	0.014900662251655629	0.010485651214128035	0.003863134657836645	0.0013796909492273732	0.004966887417218543	0.041390728476821195	0.01131346578366446	0.006622516556291391	0.02566225165562914	0.02262693156732892	0.00717439293598234	0.00358719646799117	0.014624724061810155	0.0499448123620309	0.013520971302428256	0.0052428256070640175	0.022350993377483443	0.03642384105960265	0.006898454746136865	0.0011037527593818985	0.016556291390728478	0.028145695364238412	0.008278145695364239	0.003863134657836645	0.015176600441501103	0.0	0.008002207505518763	0.0	0.02041942604856512	0.02152317880794702	0.0041390728476821195	0.0027593818984547464	0.011589403973509934	0.02869757174392936	0.0016556291390728477	0.0030353200883002206	0.004966887417218543	0.07891832229580574	0.018763796909492272	0.0063465783664459164	0.039735099337748346
0.019315673289183224	0.009105960264900662	0.0019315673289183224	0.02455849889624724	0.04277041942604857	0.0074503311258278145	0.0030353200883002206	0.02152317880794702	0.0	0.006070640176600441	0.0	0.016280353200883002	0.041390728476821195	0.024006622516556293	0.0041390728476821195	0.05353200883002208	0.025386313465783666	0.009933774834437087	0.0013796909492273732	0.018211920529801324	0.03421633554083885	0.006070640176600441	0.0033112582781456954	0.014624724061810155	0.01020971302428256	0.0033112582781456954	0.0016556291390728477	0.005518763796909493	0.043322295805739514	0.011037527593818985	0.0052428256070640175	0.02566225165562914	0.022902869757174392	0.006898454746136865	0.0033112582781456954	0.014900662251655629	0.0499448123620309	0.013520971302428256	0.005794701986754967	0.021799116997792495	0.03642384105960265	0.006898454746136865	0.0011037527593818985	0.016556291390728478	0.02759381898454746	0.008554083885209713	0.004415011037527594	0.014900662251655629	0.0	0.008278145695364239	0.0	0.020143487858719646	0.02097130242825607	0.004690949227373068	0.0030353200883002206	0.01131346578366446	0.028421633554083885	0.0016556291390728477	0.0033112582781456954	0.004966887417218543	0.07836644591611479	0.0184878587196468	0.006622516556291391	0.04001103752759382
0.01903973509933775	0.009381898454746136	0.002207505518763797	0.024282560706401765	0.042218543046357616	0.006898454746136865	0.0033112582781456954	0.022350993377483443	0.0	0.006070640176600441	0.0	0.016280353200883002	0.04111479028697572	0.024282560706401765	0.004415011037527594	0.0532560706401766	0.024834437086092714	0.01020971302428256	0.0019315673289183224	0.01793598233995585	0.03449227373068433	0.005794701986754967	0.0033112582781456954	0.014624724061810155	0.01020971302428256	0.0027593818984547464	0.0016556291390728477	0.006070640176600441	0.04194260485651214	0.010485651214128035	0.005794701986754967	0.025938189845474614	0.02262693156732892	0.00717439293598234	0.00358719646799117	0.014624724061810155	0.04966887417218543	0.013520971302428256	0.005794701986754967	0.02207505518763797	0.036699779249448124	0.006622516556291391	0.0013796909492273732	0.016280353200883002	0.028421633554083885	0.008554083885209713	0.0033112582781456954	0.015176600441501103	0.0	0.008002207505518763	0.0	0.02041942604856512	0.021247240618101546	0.0052428256070640175	0.0024834437086092716	0.011037527593818985	0.028421633554083885	0.0016556291390728477	0.0033112582781456954	0.004966887417218543	0.07864238410596026	0.017660044150110375	0.0074503311258278145	0.04083885209713024
0.01903973509933775	0.008830022075055188	0.002207505518763797	0.024834437086092714	0.041666666666666664	0.00717439293598234	0.0033112582781456954	0.02262693156732892	0.0	0.005794701986754967	0.0	0.016556291390728478	0.04056291390728477	0.024282560706401765	0.004966887417218543	0.0532560706401766	0.024834437086092714	0.01020971302428256	0.0019315673289183224	0.01793598233995585	0.03421633554083885	0.005794701986754967	0.003863134657836645	0.01434878587196468	0.011037527593818985	0.0024834437086092716	0.0011037527593818985	0.006070640176600441	0.04111479028697572	0.011037527593818985	0.005518763796909493	0.026490066225165563	0.02345474613686534	0.0074503311258278145	0.0027593818984547464	0.01434878587196468	0.04939293598233996	0.012693156732891833	0.006070640176600441	0.022902869757174392	0.03614790286975717	0.006622516556291391	0.0019315673289183224	0.016280353200883002	0.028145695364238412	0.008554083885209713	0.00358719646799117	0.015176600441501103	0.0	0.008002207505518763	0.0	0.02041942604856512	0.021247240618101546	0.005794701986754967	0.002207505518763797	0.01076158940397351	0.02869757174392936	0.0016556291390728477	0.0030353200883002206	0.004966887417218543	0.07974613686534217	0.0173841059602649	0.0063465783664459164	0.04111479028697572
0.019591611479028697	0.008830022075055188	0.0016556291390728477	0.024834437086092714	0.041666666666666664	0.0074503311258278145	0.0033112582781456954	0.022350993377483443	0.0	0.0063465783664459164	0.0	0.016004415011037526	0.04028697571743929	0.024282560706401765	0.0052428256070640175	0.0532560706401766	0.024834437086092714	0.01020971302428256	0.0019315673289183224	0.01793598233995585	0.03532008830022075	0.006070640176600441	0.0024834437086092716	0.01434878587196468	0.011037527593818985	0.0027593818984547464	0.0011037527593818985	0.005794701986754967	0.04056291390728477	0.009933774834437087	0.0052428256070640175	0.027317880794701987	0.023178807947019868	0.008002207505518763	0.0030353200883002206	0.01379690949227373	0.04911699779249448	0.012969094922737307	0.0063465783664459164	0.02262693156732892	0.03614790286975717	0.00717439293598234	0.002207505518763797	0.01545253863134658	0.027869757174392936	0.008554083885209713	0.003863134657836645	0.015176600441501103	0.0	0.00772626931567329	0.0	0.020695364238410598	0.021247240618101546	0.005794701986754967	0.002207505518763797	0.01076158940397351	0.028973509933774833	0.0016556291390728477	0.0027593818984547464	0.004966887417218543	0.08002207505518764	0.0173841059602649	0.00717439293598234	0.04111479028697572
0.019591611479028697	0.009105960264900662	0.0016556291390728477	0.02455849889624724	0.04194260485651214	0.006898454746136865	0.0033112582781456954	0.02262693156732892	0.0	0.006622516556291391	0.0	0.015728476821192054	0.04001103752759382	0.024006622516556293	0.005518763796909493	0.05353200883002208	0.02511037527593819	0.009933774834437087	0.0016556291390728477	0.018211920529801324	0.0347682119205298	0.006622516556291391	0.0030353200883002206	0.01379690949227373	0.010485651214128035	0.0027593818984547464	0.0011037527593818985	0.0063465783664459164	0.04028697571743929	0.009657836644591612	0.003863134657836645	0.027869757174392936	0.023178807947019868	0.0074503311258278145	0.0030353200883002206	0.01434878587196468	0.04939293598233996	0.012417218543046357	0.0063465783664459164	0.022902869757174392	0.03559602649006623	0.00717439293598234	0.0027593818984547464	0.01545253863134658	0.029525386313465785	0.008830022075055188	0.002207505518763797	0.014900662251655629	0.0	0.00772626931567329	0.0	0.020695364238410598	0.021799116997792495	0.005518763796909493	0.0016556291390728477	0.011037527593818985	0.028973509933774833	0.0016556291390728477	0.0027593818984547464	0.004966887417218543	0.08057395143487858	0.018211920529801324	0.008002207505518763	0.04028697571743929
0.019867549668874173	0.009657836644591612	0.0013796909492273732	0.024006622516556293	0.04083885209713024	0.0074503311258278145	0.004690949227373068	0.021799116997792495	0.0	0.006898454746136865	0.0	0.01545253863134658	0.04056291390728477	0.02511037527593819	0.004966887417218543	0.052428256070640174	0.024834437086092714	0.009933774834437087	0.0019315673289183224	0.018211920529801324	0.03532008830022075	0.0063465783664459164	0.0027593818984547464	0.01379690949227373	0.010485651214128035	0.0027593818984547464	0.0011037527593818985	0.0063465783664459164	0.04028697571743929	0.009657836644591612	0.00358719646799117	0.028145695364238412	0.02262693156732892	0.00717439293598234	0.00358719646799117	0.014624724061810155	0.04939293598233996	0.012693156732891833	0.0063465783664459164	0.02262693156732892	0.03614790286975717	0.006898454746136865	0.0024834437086092716	0.01545253863134658	0.02924944812362031	0.008830022075055188	0.0024834437086092716	0.014900662251655629	0.0	0.008002207505518763	0.0	0.02041942604856512	0.021799116997792495	0.0052428256070640175	0.0019315673289183224	0.011037527593818985	0.027869757174392936	0.0019315673289183224	0.003863134657836645	0.004690949227373068	0.08140176600441501	0.01793598233995585	0.00717439293598234	0.04056291390728477
0.019867549668874173	0.009381898454746136	0.0013796909492273732	0.024282560706401765	0.04111479028697572	0.00772626931567329	0.004415011037527594	0.02152317880794702	0.0	0.006622516556291391	0.0	0.015728476821192054	0.04001103752759382	0.024834437086092714	0.005518763796909493	0.05270419426048565	0.02511037527593819	0.009933774834437087	0.0016556291390728477	0.018211920529801324	0.03421633554083885	0.0063465783664459164	0.00358719646799117	0.014072847682119206	0.01076158940397351	0.0024834437086092716	0.0011037527593818985	0.0063465783664459164	0.039183222958057394	0.009933774834437087	0.0033112582781456954	0.027869757174392936	0.021799116997792495	0.0063465783664459164	0.004415011037527594	0.01545253863134658	0.05022075055187638	0.011865342163355408	0.005794701986754967	0.023178807947019868	0.03642384105960265	0.0063465783664459164	0.0019315673289183224	0.016280353200883002	0.02924944812362031	0.009105960264900662	0.0024834437086092716	0.014624724061810155	0.0	0.008002207505518763	0.0	0.02041942604856512	0.02207505518763797	0.004966887417218543	0.0016556291390728477	0.01131346578366446	0.02759381898454746	0.0016556291390728477	0.0041390728476821195	0.004966887417218543	0.08333333333333333	0.017660044150110375	0.006622516556291391	0.04083885209713024
0.020695364238410598	0.009381898454746136	0.0005518763796909492	0.024282560706401765	0.041390728476821195	0.008278145695364239	0.003863134657836645	0.021247240618101546	0.0	0.006622516556291391	0.0	0.015728476821192054	0.039735099337748346	0.026214128035320087	0.005794701986754967	0.05132450331125828	0.025386313465783666	0.009933774834437087	0.0013796909492273732	0.018211920529801324	0.03421633554083885	0.006070640176600441	0.0033112582781456954	0.014624724061810155	0.011037527593818985	0.0024834437086092716	0.0011037527593818985	0.006070640176600441	0.039183222958057394	0.009933774834437087	0.004690949227373068	0.02759381898454746	0.02207505518763797	0.0063465783664459164	0.0041390728476821195	0.01545253863134658	0.0510485651214128	0.01131346578366446	0.004966887417218543	0.023730684326710817	0.03614790286975717	0.006070640176600441	0.002207505518763797	0.016556291390728478	0.029525386313465785	0.009657836644591612	0.0024834437086092716	0.01379690949227373	0.0	0.008002207505518763	0.0	0.02041942604856512	0.021247240618101546	0.0052428256070640175	0.002207505518763797	0.01131346578366446	0.02759381898454746	0.0016556291390728477	0.0041390728476821195	0.004966887417218543	0.08195364238410596	0.01793598233995585	0.006898454746136865	0.04056291390728477
0.02041942604856512	0.009105960264900662	0.0008278145695364238	0.02455849889624724	0.04194260485651214	0.00772626931567329	0.003863134657836645	0.021247240618101546	0.0	0.005794701986754967	0.0	0.016556291390728478	0.04028697571743929	0.02704194260485651	0.0052428256070640175	0.050496688741721855	0.02511037527593819	0.009933774834437087	0.0016556291390728477	0.018211920529801324	0.03394039735099338	0.006070640176600441	0.003863134657836645	0.01434878587196468	0.011037527593818985	0.0027593818984547464	0.0011037527593818985	0.005794701986754967	0.039183222958057394	0.008830022075055188	0.004690949227373068	0.027869757174392936	0.02207505518763797	0.006622516556291391	0.0041390728476821195	0.015176600441501103	0.05132450331125828	0.011589403973509934	0.004966887417218543	0.023178807947019868	0.03614790286975717	0.0052428256070640175	0.0024834437086092716	0.017108167770419427	0.02924944812362031	0.009933774834437087	0.0027593818984547464	0.013520971302428256	0.0	0.0074503311258278145	0.0	0.02097130242825607	0.021799116997792495	0.0052428256070640175	0.0016556291390728477	0.01131346578366446	0.028145695364238412	0.0016556291390728477	0.00358719646799117	0.004966887417218543	0.08305739514348785	0.01793598233995585	0.006622516556291391	0.04056291390728477
0.020143487858719646	0.009105960264900662	0.0011037527593818985	0.02455849889624724	0.041666666666666664	0.00772626931567329	0.004415011037527594	0.02097130242825607	0.0	0.005794701986754967	0.0	0.016556291390728478	0.04056291390728477	0.02704194260485651	0.004966887417218543	0.050496688741721855	0.02455849889624724	0.009381898454746136	0.002207505518763797	0.018763796909492272	0.03421633554083885	0.006070640176600441	0.003863134657836645	0.014072847682119206	0.01131346578366446	0.0024834437086092716	0.0008278145695364238	0.006070640176600441	0.04111479028697572	0.009105960264900662	0.003863134657836645	0.02759381898454746	0.022350993377483443	0.0063465783664459164	0.003863134657836645	0.01545253863134658	0.05022075055187638	0.01131346578366446	0.006070640176600441	0.02345474613686534	0.03614790286975717	0.0052428256070640175	0.0024834437086092716	0.017108167770419427	0.029525386313465785	0.009381898454746136	0.0030353200883002206	0.013520971302428256	0.0	0.00717439293598234	0.0	0.021247240618101546	0.021799116997792495	0.004966887417218543	0.0016556291390728477	0.011589403973509934	0.027869757174392936	0.0016556291390728477	0.003863134657836645	0.004966887417218543	0.08222958057395144	0.0173841059602649	0.0063465783664459164	0.04111479028697572
0.02041942604856512	0.008830022075055188	0.0008278145695364238	0.024834437086092714	0.041390728476821195	0.0074503311258278145	0.004415011037527594	0.02152317880794702	0.0	0.005794701986754967	0.0	0.016556291390728478	0.04194260485651214	0.02676600441501104	0.00358719646799117	0.05077262693156733	0.02455849889624724	0.009657836644591612	0.002207505518763797	0.0184878587196468	0.03449227373068433	0.0063465783664459164	0.00358719646799117	0.01379690949227373	0.01131346578366446	0.0024834437086092716	0.0016556291390728477	0.0052428256070640175	0.04111479028697572	0.009381898454746136	0.0030353200883002206	0.027317880794701987	0.02262693156732892	0.006622516556291391	0.00358719646799117	0.015176600441501103	0.0510485651214128	0.012141280353200883	0.004690949227373068	0.023178807947019868	0.03614790286975717	0.004690949227373068	0.0030353200883002206	0.017108167770419427	0.030077262693156734	0.009657836644591612	0.0024834437086092716	0.013245033112582781	0.0	0.00717439293598234	0.0	0.021247240618101546	0.021799116997792495	0.004690949227373068	0.0016556291390728477	0.011865342163355408	0.028145695364238412	0.0019315673289183224	0.00358719646799117	0.004690949227373068	0.08195364238410596	0.017660044150110375	0.0074503311258278145	0.04083885209713024
0.02041942604856512	0.009105960264900662	0.0008278145695364238	0.02455849889624724	0.041666666666666664	0.0074503311258278145	0.004415011037527594	0.021247240618101546	0.0	0.006070640176600441	0.0	0.016280353200883002	0.04111479028697572	0.026214128035320087	0.004415011037527594	0.05132450331125828	0.024282560706401765	0.009933774834437087	0.0024834437086092716	0.018211920529801324	0.03394039735099338	0.005794701986754967	0.0041390728476821195	0.01434878587196468	0.011865342163355408	0.0027593818984547464	0.0011037527593818985	0.004966887417218543	0.04111479028697572	0.008830022075055188	0.0027593818984547464	0.028145695364238412	0.022350993377483443	0.006898454746136865	0.003863134657836645	0.014900662251655629	0.05022075055187638	0.012141280353200883	0.005518763796909493	0.023178807947019868	0.03642384105960265	0.004415011037527594	0.0027593818984547464	0.0173841059602649	0.030077262693156734	0.009933774834437087	0.0024834437086092716	0.012969094922737307	0.0	0.00717439293598234	0.0	0.021247240618101546	0.021799116997792495	0.004690949227373068	0.0019315673289183224	0.011589403973509934	0.02759381898454746	0.0019315673289183224	0.0041390728476821195	0.004690949227373068	0.08278145695364239	0.01793598233995585	0.006622516556291391	0.04056291390728477
0.02041942604856512	0.009381898454746136	0.0008278145695364238	0.024282560706401765	0.041666666666666664	0.008002207505518763	0.0041390728476821195	0.02097130242825607	0.0	0.006070640176600441	0.0	0.016280353200883002	0.04111479028697572	0.02511037527593819	0.004415011037527594	0.052428256070640174	0.023730684326710817	0.009657836644591612	0.0030353200883002206	0.0184878587196468	0.03421633554083885	0.005794701986754967	0.003863134657836645	0.01434878587196468	0.011865342163355408	0.0027593818984547464	0.0011037527593818985	0.004966887417218543	0.03945916114790287	0.009105960264900662	0.0024834437086092716	0.027869757174392936	0.02262693156732892	0.00717439293598234	0.00358719646799117	0.014624724061810155	0.04939293598233996	0.012141280353200883	0.006070640176600441	0.02345474613686534	0.03532008830022075	0.004690949227373068	0.00358719646799117	0.0173841059602649	0.030077262693156734	0.009657836644591612	0.0024834437086092716	0.013245033112582781	0.0	0.00717439293598234	0.0	0.021247240618101546	0.022350993377483443	0.004690949227373068	0.0013796909492273732	0.011589403973509934	0.028145695364238412	0.0019315673289183224	0.00358719646799117	0.004690949227373068	0.08443708609271523	0.01683222958057395	0.006898454746136865	0.041666666666666664
0.020695364238410598	0.009105960264900662	0.0005518763796909492	0.02455849889624724	0.04028697571743929	0.008002207505518763	0.0052428256070640175	0.021247240618101546	0.0	0.006070640176600441	0.0	0.016280353200883002	0.041390728476821195	0.02511037527593819	0.0041390728476821195	0.052428256070640174	0.02262693156732892	0.009933774834437087	0.0041390728476821195	0.018211920529801324	0.03449227373068433	0.005518763796909493	0.00358719646799117	0.014624724061810155	0.011589403973509934	0.0027593818984547464	0.0013796909492273732	0.004966887417218543	0.03835540838852097	0.009381898454746136	0.00358719646799117	0.02704194260485651	0.022902869757174392	0.0074503311258278145	0.0033112582781456954	0.01434878587196468	0.0499448123620309	0.012417218543046357	0.005794701986754967	0.022902869757174392	0.0358719646799117	0.004966887417218543	0.0027593818984547464	0.0173841059602649	0.029525386313465785	0.009381898454746136	0.0033112582781456954	0.013245033112582781	0.0	0.00772626931567329	0.0	0.020695364238410598	0.02207505518763797	0.004690949227373068	0.0016556291390728477	0.011589403973509934	0.028421633554083885	0.002207505518763797	0.0033112582781456954	0.004415011037527594	0.08554083885209714	0.016556291390728478	0.0063465783664459164	0.04194260485651214
0.02041942604856512	0.009657836644591612	0.0008278145695364238	0.024006622516556293	0.041666666666666664	0.008002207505518763	0.003863134657836645	0.021247240618101546	0.0	0.006070640176600441	0.0	0.016280353200883002	0.04056291390728477	0.02455849889624724	0.004966887417218543	0.052980132450331126	0.022902869757174392	0.008554083885209713	0.003863134657836645	0.019591611479028697	0.03449227373068433	0.0063465783664459164	0.0030353200883002206	0.01434878587196468	0.01131346578366446	0.0030353200883002206	0.0016556291390728477	0.004690949227373068	0.037527593818984545	0.009381898454746136	0.004690949227373068	0.026490066225165563	0.02345474613686534	0.00772626931567329	0.0027593818984547464	0.014072847682119206	0.05132450331125828	0.012693156732891833	0.004415011037527594	0.02262693156732892	0.0358719646799117	0.004690949227373068	0.0027593818984547464	0.017660044150110375	0.030629139072847682	0.008830022075055188	0.0024834437086092716	0.013520971302428256	0.0	0.008278145695364239	0.0	0.020143487858719646	0.02262693156732892	0.004415011037527594	0.0013796909492273732	0.011589403973509934	0.02869757174392936	0.0024834437086092716	0.0030353200883002206	0.0041390728476821195	0.08609271523178808	0.015728476821192054	0.006070640176600441	0.04277041942604857
0.02041942604856512	0.009657836644591612	0.0008278145695364238	0.024006622516556293	0.042218543046357616	0.00772626931567329	0.0033112582781456954	0.02152317880794702	0.0	0.005794701986754967	0.0	0.016556291390728478	0.041390728476821195	0.024834437086092714	0.0041390728476821195	0.05270419426048565	0.02345474613686534	0.008830022075055188	0.0033112582781456954	0.019315673289183224	0.03532008830022075	0.005794701986754967	0.0024834437086092716	0.014624724061810155	0.012141280353200883	0.0030353200883002206	0.0008278145695364238	0.004690949227373068	0.037527593818984545	0.008554083885209713	0.004966887417218543	0.02676600441501104	0.02345474613686534	0.0074503311258278145	0.0027593818984547464	0.01434878587196468	0.0510485651214128	0.012693156732891833	0.004415011037527594	0.022902869757174392	0.0369757174392936	0.004690949227373068	0.0016556291390728477	0.017660044150110375	0.02924944812362031	0.009105960264900662	0.003863134657836645	0.013245033112582781	0.0	0.00772626931567329	0.0	0.020695364238410598	0.022902869757174392	0.004415011037527594	0.0011037527593818985	0.011589403973509934	0.028973509933774833	0.0027593818984547464	0.0027593818984547464	0.003863134657836645	0.08526490066225166	0.01545253863134658	0.00717439293598234	0.04304635761589404
0.02041942604856512	0.009657836644591612	0.0008278145695364238	0.024006622516556293	0.04277041942604857	0.0074503311258278145	0.0030353200883002206	0.02152317880794702	0.0	0.005794701986754967	0.0	0.016556291390728478	0.041390728476821195	0.02511037527593819	0.0041390728476821195	0.052428256070640174	0.023730684326710817	0.009105960264900662	0.0030353200883002206	0.01903973509933775	0.035044150110375274	0.005794701986754967	0.002207505518763797	0.015176600441501103	0.011589403973509934	0.0030353200883002206	0.0013796909492273732	0.004690949227373068	0.0380794701986755	0.009105960264900662	0.0052428256070640175	0.025938189845474614	0.024006622516556293	0.00772626931567329	0.002207505518763797	0.014072847682119206	0.0510485651214128	0.012693156732891833	0.003863134657836645	0.02345474613686534	0.03559602649006623	0.0052428256070640175	0.0027593818984547464	0.0173841059602649	0.030077262693156734	0.009381898454746136	0.0027593818984547464	0.013245033112582781	0.0	0.008278145695364239	0.0	0.020143487858719646	0.02262693156732892	0.004415011037527594	0.0013796909492273732	0.011589403973509934	0.028421633554083885	0.0024834437086092716	0.0033112582781456954	0.0041390728476821195	0.08471302428256071	0.01545253863134658	0.00717439293598234	0.04304635761589404
0.02097130242825607	0.009933774834437087	0.0002759381898454746	0.023730684326710817	0.042218543046357616	0.00717439293598234	0.00358719646799117	0.021799116997792495	0.0	0.005794701986754967	0.0	0.016556291390728478	0.04111479028697572	0.024834437086092714	0.004415011037527594	0.05270419426048565	0.024834437086092714	0.009105960264900662	0.0019315673289183224	0.01903973509933775	0.03532008830022075	0.005794701986754967	0.002207505518763797	0.014900662251655629	0.012141280353200883	0.0027593818984547464	0.0011037527593818985	0.004690949227373068	0.03945916114790287	0.009381898454746136	0.0030353200883002206	0.025938189845474614	0.024282560706401765	0.008002207505518763	0.0019315673289183224	0.01379690949227373	0.05077262693156733	0.012417218543046357	0.0041390728476821195	0.023730684326710817	0.03532008830022075	0.0052428256070640175	0.0033112582781456954	0.017108167770419427	0.03090507726269316	0.009105960264900662	0.002207505518763797	0.013245033112582781	0.0	0.008278145695364239	0.0	0.020143487858719646	0.022902869757174392	0.004690949227373068	0.0011037527593818985	0.01131346578366446	0.02869757174392936	0.002207505518763797	0.0030353200883002206	0.004415011037527594	0.08664459161147903	0.015728476821192054	0.005794701986754967	0.04277041942604857
0.02041942604856512	0.009657836644591612	0.0008278145695364238	0.024006622516556293	0.04277041942604857	0.00717439293598234	0.0030353200883002206	0.021799116997792495	0.0	0.005794701986754967	0.0	0.016556291390728478	0.04194260485651214	0.02566225165562914	0.00358719646799117	0.05187637969094923	0.02455849889624724	0.009105960264900662	0.002207505518763797	0.01903973509933775	0.03449227373068433	0.005794701986754967	0.0030353200883002206	0.014900662251655629	0.012417218543046357	0.0027593818984547464	0.0008278145695364238	0.004690949227373068	0.03863134657836645	0.008830022075055188	0.0027593818984547464	0.026214128035320087	0.024282560706401765	0.00772626931567329	0.0019315673289183224	0.014072847682119206	0.05077262693156733	0.012693156732891833	0.004415011037527594	0.023178807947019868	0.03559602649006623	0.005518763796909493	0.0033112582781456954	0.016556291390728478	0.030353200883002206	0.009381898454746136	0.0030353200883002206	0.012693156732891833	0.0	0.008002207505518763	0.0	0.02041942604856512	0.022350993377483443	0.004415011037527594	0.0019315673289183224	0.01131346578366446	0.02869757174392936	0.002207505518763797	0.0030353200883002206	0.004415011037527594	0.08664459161147903	0.016004415011037526	0.00717439293598234	0.04249448123620309
0.02041942604856512	0.01020971302428256	0.0008278145695364238	0.02345474613686534	0.04277041942604857	0.00772626931567329	0.0027593818984547464	0.02152317880794702	0.0	0.005518763796909493	0.0	0.01683222958057395	0.042218543046357616	0.02566225165562914	0.0033112582781456954	0.05187637969094923	0.024282560706401765	0.008278145695364239	0.0024834437086092716	0.019867549668874173	0.0347682119205298	0.006070640176600441	0.0027593818984547464	0.014624724061810155	0.012141280353200883	0.0024834437086092716	0.0011037527593818985	0.004966887417218543	0.037251655629139076	0.009105960264900662	0.0041390728476821195	0.024834437086092714	0.023730684326710817	0.00772626931567329	0.0024834437086092716	0.014072847682119206	0.0510485651214128	0.012693156732891833	0.003863134657836645	0.02345474613686534	0.03559602649006623	0.0063465783664459164	0.0033112582781456954	0.015728476821192054	0.03090507726269316	0.009933774834437087	0.0024834437086092716	0.012141280353200883	0.0	0.008278145695364239	0.0	0.020143487858719646	0.022350993377483443	0.0052428256070640175	0.0016556291390728477	0.01076158940397351	0.028973509933774833	0.002207505518763797	0.0027593818984547464	0.004415011037527594	0.08774834437086093	0.015728476821192054	0.00717439293598234	0.04277041942604857
0.02041942604856512	0.01020971302428256	0.0008278145695364238	0.02345474613686534	0.041666666666666664	0.008002207505518763	0.00358719646799117	0.02152317880794702	0.0	0.0052428256070640175	0.0	0.017108167770419427	0.041390728476821195	0.02511037527593819	0.0041390728476821195	0.052428256070640174	0.02455849889624724	0.008002207505518763	0.002207505518763797	0.020143487858719646	0.0347682119205298	0.006622516556291391	0.002207505518763797	0.014624724061810155	0.011589403973509934	0.0027593818984547464	0.0016556291390728477	0.004690949227373068	0.037527593818984545	0.009105960264900662	0.004966887417218543	0.024282560706401765	0.024006622516556293	0.0074503311258278145	0.002207505518763797	0.01434878587196468	0.05077262693156733	0.013245033112582781	0.0041390728476821195	0.022902869757174392	0.035044150110375274	0.006622516556291391	0.004415011037527594	0.014900662251655629	0.03090507726269316	0.01020971302428256	0.0024834437086092716	0.011865342163355408	0.0	0.008002207505518763	0.0	0.02041942604856512	0.023178807947019868	0.0052428256070640175	0.0008278145695364238	0.01076158940397351	0.02869757174392936	0.0019315673289183224	0.0030353200883002206	0.004690949227373068	0.08554083885209714	0.016280353200883002	0.008830022075055188	0.042218543046357616
0.020143487858719646	0.01020971302428256	0.0011037527593818985	0.02345474613686534	0.04111479028697572	0.008002207505518763	0.004966887417218543	0.020695364238410598	0.0	0.004966887417218543	0.0	0.0173841059602649	0.04056291390728477	0.02511037527593819	0.004966887417218543	0.052428256070640174	0.024834437086092714	0.00772626931567329	0.0019315673289183224	0.02041942604856512	0.0347682119205298	0.006622516556291391	0.0024834437086092716	0.01434878587196468	0.011865342163355408	0.0024834437086092716	0.0016556291390728477	0.004690949227373068	0.0369757174392936	0.008830022075055188	0.004966887417218543	0.02455849889624724	0.024006622516556293	0.0074503311258278145	0.002207505518763797	0.01434878587196468	0.0510485651214128	0.013245033112582781	0.0033112582781456954	0.02345474613686534	0.03559602649006623	0.0063465783664459164	0.0041390728476821195	0.014900662251655629	0.03118101545253863	0.009381898454746136	0.0024834437086092716	0.012417218543046357	0.0	0.008278145695364239	0.0	0.020143487858719646	0.02345474613686534	0.004966887417218543	0.0008278145695364238	0.01076158940397351	0.02924944812362031	0.002207505518763797	0.0024834437086092716	0.004415011037527594	0.08664459161147903	0.0173841059602649	0.008278145695364239	0.04111479028697572
0.020143487858719646	0.009657836644591612	0.0011037527593818985	0.024006622516556293	0.041666666666666664	0.00772626931567329	0.004690949227373068	0.020695364238410598	0.0	0.0052428256070640175	0.0	0.017108167770419427	0.04083885209713024	0.02455849889624724	0.004690949227373068	0.052980132450331126	0.024282560706401765	0.008002207505518763	0.0024834437086092716	0.020143487858719646	0.0347682119205298	0.00772626931567329	0.0019315673289183224	0.01379690949227373	0.011865342163355408	0.002207505518763797	0.0016556291390728477	0.004966887417218543	0.037527593818984545	0.009657836644591612	0.0033112582781456954	0.024006622516556293	0.024006622516556293	0.00717439293598234	0.002207505518763797	0.014624724061810155	0.05077262693156733	0.012969094922737307	0.00358719646799117	0.023730684326710817	0.03642384105960265	0.0063465783664459164	0.0033112582781456954	0.014900662251655629	0.03173289183222958	0.008278145695364239	0.0024834437086092716	0.012969094922737307	0.0	0.008002207505518763	0.0	0.02041942604856512	0.023178807947019868	0.004966887417218543	0.0013796909492273732	0.010485651214128035	0.029525386313465785	0.002207505518763797	0.002207505518763797	0.004415011037527594	0.0869205298013245	0.017108167770419427	0.008830022075055188	0.041390728476821195
0.020143487858719646	0.009933774834437087	0.0011037527593818985	0.023730684326710817	0.04083885209713024	0.0074503311258278145	0.005518763796909493	0.02097130242825607	0.0	0.0052428256070640175	0.0	0.017108167770419427	0.04194260485651214	0.02455849889624724	0.00358719646799117	0.052980132450331126	0.02455849889624724	0.008002207505518763	0.002207505518763797	0.020143487858719646	0.03449227373068433	0.00717439293598234	0.002207505518763797	0.01434878587196468	0.012141280353200883	0.002207505518763797	0.0013796909492273732	0.004966887417218543	0.0369757174392936	0.009657836644591612	0.0027593818984547464	0.024006622516556293	0.02345474613686534	0.0074503311258278145	0.0027593818984547464	0.01434878587196468	0.04911699779249448	0.012693156732891833	0.004966887417218543	0.024282560706401765	0.03559602649006623	0.0063465783664459164	0.004415011037527594	0.014624724061810155	0.03090507726269316	0.008278145695364239	0.00358719646799117	0.012693156732891833	0.0	0.008278145695364239	0.0	0.020143487858719646	0.02262693156732892	0.004966887417218543	0.0019315673289183224	0.010485651214128035	0.029801324503311258	0.002207505518763797	0.0019315673289183224	0.004415011037527594	0.08747240618101546	0.017108167770419427	0.009381898454746136	0.041390728476821195
0.019867549668874173	0.009933774834437087	0.0013796909492273732	0.023730684326710817	0.04083885209713024	0.00772626931567329	0.005518763796909493	0.020695364238410598	0.0	0.005794701986754967	0.0	0.016556291390728478	0.04056291390728477	0.024282560706401765	0.004966887417218543	0.0532560706401766	0.02455849889624724	0.008278145695364239	0.002207505518763797	0.019867549668874173	0.03449227373068433	0.0074503311258278145	0.0019315673289183224	0.01434878587196468	0.012141280353200883	0.002207505518763797	0.0013796909492273732	0.004966887417218543	0.0358719646799117	0.01020971302428256	0.0033112582781456954	0.023730684326710817	0.023730684326710817	0.0074503311258278145	0.0024834437086092716	0.01434878587196468	0.04939293598233996	0.012693156732891833	0.0052428256070640175	0.023730684326710817	0.0358719646799117	0.005794701986754967	0.0041390728476821195	0.015176600441501103	0.03145695364238411	0.0074503311258278145	0.0027593818984547464	0.01379690949227373	0.0	0.008002207505518763	0.0	0.02041942604856512	0.02262693156732892	0.004966887417218543	0.0019315673289183224	0.010485651214128035	0.029525386313465785	0.002207505518763797	0.002207505518763797	0.004415011037527594	0.08857615894039735	0.0173841059602649	0.008554083885209713	0.04111479028697572
0.020143487858719646	0.01020971302428256	0.0011037527593818985	0.02345474613686534	0.041390728476821195	0.00772626931567329	0.0052428256070640175	0.02041942604856512	0.0	0.006070640176600441	0.0	0.016280353200883002	0.041390728476821195	0.023178807947019868	0.0041390728476821195	0.0543598233995585	0.023730684326710817	0.008830022075055188	0.0030353200883002206	0.019315673289183224	0.035044150110375274	0.00717439293598234	0.0016556291390728477	0.01434878587196468	0.012141280353200883	0.002207505518763797	0.0013796909492273732	0.004966887417218543	0.0358719646799117	0.009933774834437087	0.004966887417218543	0.02345474613686534	0.024006622516556293	0.0074503311258278145	0.002207505518763797	0.01434878587196468	0.048841059602649006	0.012141280353200883	0.005794701986754967	0.024282560706401765	0.0358719646799117	0.006070640176600441	0.003863134657836645	0.015176600441501103	0.03145695364238411	0.008554083885209713	0.0030353200883002206	0.012417218543046357	0.0	0.008002207505518763	0.0	0.02041942604856512	0.02207505518763797	0.005518763796909493	0.002207505518763797	0.01020971302428256	0.029525386313465785	0.002207505518763797	0.002207505518763797	0.004415011037527594	0.08885209713024282	0.0173841059602649	0.00717439293598234	0.04111479028697572
0.019867549668874173	0.01020971302428256	0.0013796909492273732	0.02345474613686534	0.041666666666666664	0.0074503311258278145	0.004966887417218543	0.020695364238410598	0.0	0.005518763796909493	0.0	0.01683222958057395	0.04194260485651214	0.02345474613686534	0.00358719646799117	0.05408388520971302	0.02345474613686534	0.009381898454746136	0.0033112582781456954	0.018763796909492272	0.03421633554083885	0.0074503311258278145	0.0027593818984547464	0.01379690949227373	0.012417218543046357	0.0024834437086092716	0.0011037527593818985	0.004690949227373068	0.035044150110375274	0.009381898454746136	0.004415011037527594	0.024006622516556293	0.024006622516556293	0.0074503311258278145	0.002207505518763797	0.01434878587196468	0.04856512141280353	0.012417218543046357	0.0063465783664459164	0.023730684326710817	0.036699779249448124	0.005794701986754967	0.00358719646799117	0.014900662251655629	0.03228476821192053	0.008278145695364239	0.0024834437086092716	0.012417218543046357	0.0	0.00772626931567329	0.0	0.020695364238410598	0.02152317880794702	0.004966887417218543	0.0027593818984547464	0.01076158940397351	0.02924944812362031	0.0024834437086092716	0.0024834437086092716	0.0041390728476821195	0.08995584988962473	0.01793598233995585	0.0074503311258278145	0.04056291390728477
0.019867549668874173	0.01020971302428256	0.0013796909492273732	0.02345474613686534	0.04249448123620309	0.00717439293598234	0.004415011037527594	0.020695364238410598	0.0	0.0052428256070640175	0.0	0.017108167770419427	0.042218543046357616	0.02345474613686534	0.0033112582781456954	0.05408388520971302	0.023730684326710817	0.009933774834437087	0.0030353200883002206	0.018211920529801324	0.033388520971302425	0.0074503311258278145	0.0033112582781456954	0.014072847682119206	0.012693156732891833	0.0027593818984547464	0.0005518763796909492	0.004690949227373068	0.03559602649006623	0.008830022075055188	0.003863134657836645	0.02455849889624724	0.02455849889624724	0.006898454746136865	0.0016556291390728477	0.014900662251655629	0.048289183222958054	0.012693156732891833	0.006070640176600441	0.024006622516556293	0.036699779249448124	0.005794701986754967	0.003863134657836645	0.014624724061810155	0.03283664459161148	0.008278145695364239	0.0019315673289183224	0.012417218543046357	0.0	0.00772626931567329	0.0	0.020695364238410598	0.021247240618101546	0.0052428256070640175	0.0030353200883002206	0.010485651214128035	0.028973509933774833	0.0024834437086092716	0.0027593818984547464	0.0041390728476821195	0.08830022075055188	0.01793598233995585	0.009105960264900662	0.04056291390728477
0.019591611479028697	0.01076158940397351	0.0016556291390728477	0.022902869757174392	0.04194260485651214	0.006622516556291391	0.005794701986754967	0.02041942604856512	0.0	0.004966887417218543	0.0	0.0173841059602649	0.042218543046357616	0.02455849889624724	0.0033112582781456954	0.052980132450331126	0.023178807947019868	0.009657836644591612	0.00358719646799117	0.0184878587196468	0.033112582781456956	0.008002207505518763	0.00358719646799117	0.013520971302428256	0.012693156732891833	0.0024834437086092716	0.0005518763796909492	0.004966887417218543	0.036699779249448124	0.009105960264900662	0.003863134657836645	0.023730684326710817	0.02511037527593819	0.00717439293598234	0.0011037527593818985	0.014624724061810155	0.048841059602649006	0.012693156732891833	0.0052428256070640175	0.024282560706401765	0.036699779249448124	0.006622516556291391	0.0033112582781456954	0.01434878587196468	0.032560706401766004	0.008554083885209713	0.002207505518763797	0.012141280353200883	0.0	0.0074503311258278145	0.0	0.02097130242825607	0.02097130242825607	0.004690949227373068	0.0033112582781456954	0.011037527593818985	0.028973509933774833	0.002207505518763797	0.0027593818984547464	0.004415011037527594	0.08885209713024282	0.017660044150110375	0.008002207505518763	0.04083885209713024
0.01903973509933775	0.01020971302428256	0.002207505518763797	0.02345474613686534	0.043322295805739514	0.006898454746136865	0.0041390728476821195	0.02041942604856512	0.0	0.004966887417218543	0.0	0.0173841059602649	0.04194260485651214	0.024834437086092714	0.00358719646799117	0.05270419426048565	0.022902869757174392	0.009381898454746136	0.003863134657836645	0.018763796909492272	0.033388520971302425	0.00772626931567329	0.0033112582781456954	0.01379690949227373	0.012969094922737307	0.0024834437086092716	0.0002759381898454746	0.004966887417218543	0.03532008830022075	0.009933774834437087	0.0030353200883002206	0.023178807947019868	0.02511037527593819	0.006622516556291391	0.0011037527593818985	0.015176600441501103	0.04966887417218543	0.012969094922737307	0.004415011037527594	0.024006622516556293	0.0369757174392936	0.006070640176600441	0.0033112582781456954	0.014624724061810155	0.03228476821192053	0.008554083885209713	0.0024834437086092716	0.012141280353200883	0.0	0.00772626931567329	0.0	0.020695364238410598	0.021247240618101546	0.004415011037527594	0.0030353200883002206	0.01131346578366446	0.028145695364238412	0.002207505518763797	0.00358719646799117	0.004415011037527594	0.08940397350993377	0.0173841059602649	0.009381898454746136	0.04111479028697572
0.0184878587196468	0.01020971302428256	0.0027593818984547464	0.02345474613686534	0.04277041942604857	0.006898454746136865	0.004690949227373068	0.02041942604856512	0.0	0.0052428256070640175	0.0	0.017108167770419427	0.04111479028697572	0.02345474613686534	0.004415011037527594	0.05408388520971302	0.022350993377483443	0.009657836644591612	0.004415011037527594	0.0184878587196468	0.03200883002207505	0.008002207505518763	0.004415011037527594	0.01379690949227373	0.012969094922737307	0.002207505518763797	0.0002759381898454746	0.0052428256070640175	0.03559602649006623	0.009657836644591612	0.0030353200883002206	0.023178807947019868	0.024834437086092714	0.006898454746136865	0.0013796909492273732	0.014900662251655629	0.050496688741721855	0.012141280353200883	0.0041390728476821195	0.024282560706401765	0.037527593818984545	0.006070640176600441	0.0027593818984547464	0.014624724061810155	0.03228476821192053	0.008554083885209713	0.0027593818984547464	0.011865342163355408	0.0	0.008002207505518763	0.0	0.02041942604856512	0.021247240618101546	0.004690949227373068	0.0027593818984547464	0.01131346578366446	0.028145695364238412	0.002207505518763797	0.00358719646799117	0.004415011037527594	0.0891280353200883	0.0173841059602649	0.009657836644591612	0.04111479028697572
0.0184878587196468	0.010485651214128035	0.0027593818984547464	0.023178807947019868	0.042218543046357616	0.006898454746136865	0.0052428256070640175	0.02041942604856512	0.0	0.0052428256070640175	0.0	0.017108167770419427	0.04111479028697572	0.023730684326710817	0.004415011037527594	0.05380794701986755	0.022902869757174392	0.009657836644591612	0.003863134657836645	0.0184878587196468	0.03228476821192053	0.008002207505518763	0.0041390728476821195	0.01379690949227373	0.012693156732891833	0.002207505518763797	0.0005518763796909492	0.0052428256070640175	0.03421633554083885	0.009933774834437087	0.0027593818984547464	0.023178807947019868	0.024834437086092714	0.0063465783664459164	0.0013796909492273732	0.01545253863134658	0.05022075055187638	0.012417218543046357	0.004415011037527594	0.024006622516556293	0.037527593818984545	0.005794701986754967	0.0033112582781456954	0.01434878587196468	0.033112582781456956	0.008554083885209713	0.002207505518763797	0.011589403973509934	0.0	0.0074503311258278145	0.0	0.02097130242825607	0.02097130242825607	0.004690949227373068	0.0030353200883002206	0.01131346578366446	0.028421633554083885	0.002207505518763797	0.0033112582781456954	0.004415011037527594	0.09078366445916115	0.01793598233995585	0.009381898454746136	0.04056291390728477
0.018763796909492272	0.01020971302428256	0.0024834437086092716	0.02345474613686534	0.04304635761589404	0.006898454746136865	0.004415011037527594	0.02041942604856512	0.0	0.0052428256070640175	0.0	0.017108167770419427	0.041390728476821195	0.022902869757174392	0.0041390728476821195	0.054635761589403975	0.023178807947019868	0.009381898454746136	0.00358719646799117	0.018763796909492272	0.03283664459161148	0.00772626931567329	0.003863134657836645	0.01379690949227373	0.012417218543046357	0.002207505518763797	0.0008278145695364238	0.0052428256070640175	0.0347682119205298	0.009657836644591612	0.0030353200883002206	0.02345474613686534	0.024006622516556293	0.006070640176600441	0.002207505518763797	0.015728476821192054	0.05022075055187638	0.012969094922737307	0.004415011037527594	0.02345474613686534	0.03780353200883002	0.006070640176600441	0.0030353200883002206	0.014072847682119206	0.032560706401766004	0.008002207505518763	0.0033112582781456954	0.011589403973509934	0.0	0.008002207505518763	0.0	0.02041942604856512	0.021247240618101546	0.004966887417218543	0.0027593818984547464	0.011037527593818985	0.02869757174392936	0.0019315673289183224	0.0030353200883002206	0.004690949227373068	0.09050772626931568	0.01793598233995585	0.008830022075055188	0.04056291390728477
0.0184878587196468	0.01020971302428256	0.0027593818984547464	0.02345474613686534	0.04249448123620309	0.0063465783664459164	0.005518763796909493	0.02041942604856512	0.0	0.005518763796909493	0.0	0.01683222958057395	0.041390728476821195	0.02345474613686534	0.0041390728476821195	0.05408388520971302	0.023730684326710817	0.008278145695364239	0.0030353200883002206	0.019867549668874173	0.0336644591611479	0.00772626931567329	0.0033112582781456954	0.013520971302428256	0.012417218543046357	0.0027593818984547464	0.0005518763796909492	0.004966887417218543	0.0347682119205298	0.009657836644591612	0.003863134657836645	0.022902869757174392	0.023730684326710817	0.0063465783664459164	0.0024834437086092716	0.01545253863134658	0.05022075055187638	0.012417218543046357	0.0041390728476821195	0.024282560706401765	0.03780353200883002	0.006070640176600441	0.0030353200883002206	0.014072847682119206	0.03283664459161148	0.008278145695364239	0.0027593818984547464	0.011589403973509934	0.0	0.008002207505518763	0.0	0.02041942604856512	0.020695364238410598	0.0052428256070640175	0.0030353200883002206	0.011037527593818985	0.02869757174392936	0.0016556291390728477	0.0030353200883002206	0.004966887417218543	0.08995584988962473	0.018211920529801324	0.009105960264900662	0.04028697571743929
0.018763796909492272	0.01020971302428256	0.0024834437086092716	0.02345474613686534	0.043322295805739514	0.0074503311258278145	0.0041390728476821195	0.019867549668874173	0.0	0.005518763796909493	0.0	0.01683222958057395	0.041390728476821195	0.022902869757174392	0.0041390728476821195	0.054635761589403975	0.022902869757174392	0.008278145695364239	0.003863134657836645	0.019867549668874173	0.033112582781456956	0.00717439293598234	0.003863134657836645	0.014072847682119206	0.012693156732891833	0.0024834437086092716	0.0002759381898454746	0.0052428256070640175	0.03532008830022075	0.009657836644591612	0.0030353200883002206	0.022902869757174392	0.023178807947019868	0.006898454746136865	0.0030353200883002206	0.014900662251655629	0.05022075055187638	0.011865342163355408	0.004966887417218543	0.024006622516556293	0.0380794701986755	0.006070640176600441	0.0030353200883002206	0.01379690949227373	0.032560706401766004	0.00717439293598234	0.0030353200883002206	0.012693156732891833	0.0	0.0074503311258278145	0.0	0.02097130242825607	0.02097130242825607	0.005518763796909493	0.0027593818984547464	0.01076158940397351	0.028973509933774833	0.0016556291390728477	0.0027593818984547464	0.004966887417218543	0.09050772626931568	0.018211920529801324	0.008830022075055188	0.04028697571743929
0.018763796909492272	0.01020971302428256	0.0024834437086092716	0.02345474613686534	0.043322295805739514	0.0074503311258278145	0.0041390728476821195	0.019867549668874173	0.0	0.005794701986754967	0.0	0.016556291390728478	0.041390728476821195	0.02345474613686534	0.0041390728476821195	0.05408388520971302	0.022902869757174392	0.008278145695364239	0.003863134657836645	0.019867549668874173	0.0347682119205298	0.0074503311258278145	0.002207505518763797	0.01379690949227373	0.012417218543046357	0.0024834437086092716	0.0005518763796909492	0.0052428256070640175	0.036699779249448124	0.009933774834437087	0.0030353200883002206	0.022350993377483443	0.02345474613686534	0.0074503311258278145	0.0027593818984547464	0.01434878587196468	0.05022075055187638	0.011865342163355408	0.004966887417218543	0.024006622516556293	0.03835540838852097	0.005518763796909493	0.0030353200883002206	0.014072847682119206	0.032560706401766004	0.008002207505518763	0.0033112582781456954	0.011589403973509934	0.0	0.00772626931567329	0.0	0.020695364238410598	0.021247240618101546	0.0052428256070640175	0.0024834437086092716	0.011037527593818985	0.029525386313465785	0.0016556291390728477	0.002207505518763797	0.004966887417218543	0.08967991169977925	0.01793598233995585	0.008554083885209713	0.04056291390728477
0.019315673289183224	0.009933774834437087	0.0019315673289183224	0.023730684326710817	0.04277041942604857	0.0074503311258278145	0.004966887417218543	0.019591611479028697	0.0	0.0052428256070640175	0.0	0.017108167770419427	0.041390728476821195	0.02345474613686534	0.0041390728476821195	0.05408388520971302	0.023178807947019868	0.008278145695364239	0.00358719646799117	0.019867549668874173	0.03421633554083885	0.00717439293598234	0.0027593818984547464	0.014072847682119206	0.012693156732891833	0.0024834437086092716	0.0002759381898454746	0.0052428256070640175	0.037251655629139076	0.011037527593818985	0.0041390728476821195	0.02152317880794702	0.02345474613686534	0.00717439293598234	0.0027593818984547464	0.014624724061810155	0.05077262693156733	0.011865342163355408	0.004966887417218543	0.02345474613686534	0.03890728476821192	0.005794701986754967	0.0027593818984547464	0.013520971302428256	0.0336644591611479	0.008002207505518763	0.0030353200883002206	0.01076158940397351	0.0	0.00772626931567329	0.0	0.020695364238410598	0.021799116997792495	0.005518763796909493	0.0019315673289183224	0.01076158940397351	0.029801324503311258	0.0016556291390728477	0.0019315673289183224	0.004966887417218543	0.08774834437086093	0.018211920529801324	0.008554083885209713	0.04028697571743929
0.019591611479028697	0.009657836644591612	0.0016556291390728477	0.024006622516556293	0.04304635761589404	0.0074503311258278145	0.004415011037527594	0.019867549668874173	0.0	0.0052428256070640175	0.0	0.017108167770419427	0.04056291390728477	0.02345474613686534	0.004966887417218543	0.05408388520971302	0.023178807947019868	0.008830022075055188	0.00358719646799117	0.019315673289183224	0.03394039735099338	0.0074503311258278145	0.0027593818984547464	0.014072847682119206	0.011865342163355408	0.0024834437086092716	0.0011037527593818985	0.0052428256070640175	0.03835540838852097	0.009933774834437087	0.0041390728476821195	0.02152317880794702	0.023730684326710817	0.00717439293598234	0.0024834437086092716	0.014624724061810155	0.05160044150110375	0.012141280353200883	0.004690949227373068	0.02262693156732892	0.03835540838852097	0.005794701986754967	0.0030353200883002206	0.01379690949227373	0.03421633554083885	0.008002207505518763	0.0024834437086092716	0.01076158940397351	0.0	0.0074503311258278145	0.0	0.02097130242825607	0.02207505518763797	0.005518763796909493	0.0016556291390728477	0.01076158940397351	0.029525386313465785	0.0019315673289183224	0.002207505518763797	0.004690949227373068	0.08774834437086093	0.01793598233995585	0.008554083885209713	0.04056291390728477
0.019315673289183224	0.009381898454746136	0.0019315673289183224	0.024282560706401765	0.04277041942604857	0.00772626931567329	0.004690949227373068	0.019591611479028697	0.0	0.004966887417218543	0.0	0.0173841059602649	0.04083885209713024	0.02345474613686534	0.004690949227373068	0.05408388520971302	0.022902869757174392	0.009105960264900662	0.003863134657836645	0.01903973509933775	0.03421633554083885	0.006898454746136865	0.0030353200883002206	0.014072847682119206	0.012141280353200883	0.0024834437086092716	0.0008278145695364238	0.0052428256070640175	0.03863134657836645	0.009933774834437087	0.0033112582781456954	0.02097130242825607	0.024834437086092714	0.006898454746136865	0.0013796909492273732	0.014900662251655629	0.05132450331125828	0.011037527593818985	0.004966887417218543	0.023730684326710817	0.03780353200883002	0.006070640176600441	0.0033112582781456954	0.01379690949227373	0.03421633554083885	0.008002207505518763	0.0027593818984547464	0.010485651214128035	0.0	0.006898454746136865	0.0	0.02152317880794702	0.02207505518763797	0.005518763796909493	0.0016556291390728477	0.01076158940397351	0.029801324503311258	0.002207505518763797	0.0019315673289183224	0.004415011037527594	0.08885209713024282	0.0173841059602649	0.008554083885209713	0.04111479028697572
0.01793598233995585	0.009657836644591612	0.0033112582781456954	0.024006622516556293	0.04359823399558499	0.008002207505518763	0.0041390728476821195	0.01903973509933775	0.0	0.004966887417218543	0.0	0.0173841059602649	0.04083885209713024	0.022902869757174392	0.004690949227373068	0.054635761589403975	0.023178807947019868	0.008830022075055188	0.00358719646799117	0.019315673289183224	0.0336644591611479	0.006622516556291391	0.003863134657836645	0.014072847682119206	0.012417218543046357	0.0027593818984547464	0.0005518763796909492	0.004966887417218543	0.037251655629139076	0.009657836644591612	0.00358719646799117	0.02152317880794702	0.025386313465783666	0.0063465783664459164	0.0008278145695364238	0.01545253863134658	0.052428256070640174	0.01020971302428256	0.004690949227373068	0.023730684326710817	0.037527593818984545	0.0063465783664459164	0.0030353200883002206	0.014072847682119206	0.035044150110375274	0.008002207505518763	0.0019315673289183224	0.010485651214128035	0.0	0.006622516556291391	0.0	0.021799116997792495	0.021799116997792495	0.005518763796909493	0.0019315673289183224	0.01076158940397351	0.029525386313465785	0.0019315673289183224	0.002207505518763797	0.004690949227373068	0.09050772626931568	0.0173841059602649	0.00772626931567329	0.04111479028697572
0.018211920529801324	0.009381898454746136	0.0030353200883002206	0.024282560706401765	0.043874172185430466	0.008554083885209713	0.0041390728476821195	0.018211920529801324	0.0	0.004690949227373068	0.0	0.017660044150110375	0.04056291390728477	0.02152317880794702	0.004966887417218543	0.05601545253863135	0.024006622516556293	0.009105960264900662	0.0027593818984547464	0.01903973509933775	0.0336644591611479	0.006898454746136865	0.00358719646799117	0.014072847682119206	0.012417218543046357	0.0030353200883002206	0.0005518763796909492	0.004690949227373068	0.03835540838852097	0.009381898454746136	0.003863134657836645	0.02152317880794702	0.024834437086092714	0.006622516556291391	0.0013796909492273732	0.015176600441501103	0.05353200883002208	0.009657836644591612	0.0041390728476821195	0.023730684326710817	0.037527593818984545	0.0063465783664459164	0.0027593818984547464	0.01434878587196468	0.03421633554083885	0.0074503311258278145	0.0027593818984547464	0.011037527593818985	0.0	0.006622516556291391	0.0	0.021799116997792495	0.021799116997792495	0.005518763796909493	0.0019315673289183224	0.01076158940397351	0.02869757174392936	0.0019315673289183224	0.0030353200883002206	0.004690949227373068	0.08830022075055188	0.01793598233995585	0.008830022075055188	0.04056291390728477
0.018763796909492272	0.009657836644591612	0.0024834437086092716	0.024006622516556293	0.043322295805739514	0.008554083885209713	0.004690949227373068	0.018211920529801324	0.0	0.004690949227373068	0.0	0.017660044150110375	0.04056291390728477	0.020695364238410598	0.004966887417218543	0.05684326710816777	0.024006622516556293	0.009105960264900662	0.0027593818984547464	0.01903973509933775	0.03394039735099338	0.006898454746136865	0.0030353200883002206	0.01434878587196468	0.012417218543046357	0.0033112582781456954	0.0005518763796909492	0.004415011037527594	0.03945916114790287	0.009381898454746136	0.0030353200883002206	0.021799116997792495	0.024006622516556293	0.0063465783664459164	0.002207505518763797	0.01545253863134658	0.05353200883002208	0.009657836644591612	0.004690949227373068	0.023178807947019868	0.0369757174392936	0.006622516556291391	0.0033112582781456954	0.014072847682119206	0.03421633554083885	0.00717439293598234	0.0030353200883002206	0.011037527593818985	0.0	0.006898454746136865	0.0	0.02152317880794702	0.022350993377483443	0.005794701986754967	0.0016556291390728477	0.01020971302428256	0.02924944812362031	0.002207505518763797	0.0024834437086092716	0.004415011037527594	0.08774834437086093	0.0173841059602649	0.008830022075055188	0.04111479028697572
0.0184878587196468	0.009933774834437087	0.0027593818984547464	0.023730684326710817	0.043322295805739514	0.008830022075055188	0.004966887417218543	0.017660044150110375	0.0	0.004690949227373068	0.0	0.017660044150110375	0.04028697571743929	0.02097130242825607	0.0052428256070640175	0.05656732891832229	0.02455849889624724	0.008830022075055188	0.002207505518763797	0.019315673289183224	0.03283664459161148	0.008002207505518763	0.003863134657836645	0.013520971302428256	0.012693156732891833	0.0030353200883002206	0.0005518763796909492	0.004415011037527594	0.039183222958057394	0.009381898454746136	0.00358719646799117	0.021799116997792495	0.02455849889624724	0.0063465783664459164	0.0016556291390728477	0.01545253863134658	0.05270419426048565	0.01020971302428256	0.005518763796909493	0.02262693156732892	0.037251655629139076	0.00717439293598234	0.0033112582781456954	0.013245033112582781	0.03421633554083885	0.00717439293598234	0.0030353200883002206	0.011037527593818985	0.0	0.00717439293598234	0.0	0.021247240618101546	0.02207505518763797	0.005794701986754967	0.002207505518763797	0.009933774834437087	0.02924944812362031	0.0019315673289183224	0.0024834437086092716	0.004690949227373068	0.0869205298013245	0.017660044150110375	0.009381898454746136	0.04083885209713024
0.01903973509933775	0.009381898454746136	0.002207505518763797	0.024282560706401765	0.04415011037527594	0.009381898454746136	0.003863134657836645	0.0173841059602649	0.0	0.004690949227373068	0.0	0.017660044150110375	0.03890728476821192	0.02152317880794702	0.006622516556291391	0.05601545253863135	0.024834437086092714	0.008830022075055188	0.0019315673289183224	0.019315673289183224	0.03449227373068433	0.00772626931567329	0.0024834437086092716	0.013520971302428256	0.012969094922737307	0.0030353200883002206	0.0002759381898454746	0.004415011037527594	0.03890728476821192	0.008830022075055188	0.003863134657836645	0.02207505518763797	0.024006622516556293	0.006622516556291391	0.002207505518763797	0.015176600441501103	0.05270419426048565	0.010485651214128035	0.005518763796909493	0.022350993377483443	0.037251655629139076	0.006898454746136865	0.0033112582781456954	0.013520971302428256	0.0336644591611479	0.0074503311258278145	0.0033112582781456954	0.011037527593818985	0.0	0.00717439293598234	0.0	0.021247240618101546	0.02207505518763797	0.005518763796909493	0.0024834437086092716	0.009933774834437087	0.028973509933774833	0.0019315673289183224	0.0027593818984547464	0.004690949227373068	0.08747240618101546	0.01793598233995585	0.009105960264900662	0.04056291390728477
0.020143487858719646	0.008278145695364239	0.0011037527593818985	0.025386313465783666	0.04525386313465784	0.008830022075055188	0.0030353200883002206	0.017660044150110375	0.0	0.0052428256070640175	0.0	0.017108167770419427	0.04028697571743929	0.022350993377483443	0.0052428256070640175	0.05518763796909492	0.02455849889624724	0.008554083885209713	0.002207505518763797	0.019591611479028697	0.0336644591611479	0.00772626931567329	0.0030353200883002206	0.01379690949227373	0.012969094922737307	0.0027593818984547464	0.0002759381898454746	0.004690949227373068	0.037527593818984545	0.008278145695364239	0.004966887417218543	0.022350993377483443	0.024006622516556293	0.006898454746136865	0.002207505518763797	0.014900662251655629	0.052152317880794705	0.010485651214128035	0.005794701986754967	0.02262693156732892	0.037251655629139076	0.006898454746136865	0.0033112582781456954	0.013520971302428256	0.03421633554083885	0.00772626931567329	0.0024834437086092716	0.011037527593818985	0.0	0.0074503311258278145	0.0	0.02097130242825607	0.023178807947019868	0.005518763796909493	0.0013796909492273732	0.009933774834437087	0.02869757174392936	0.0019315673289183224	0.0030353200883002206	0.004690949227373068	0.08885209713024282	0.01683222958057395	0.008278145695364239	0.041666666666666664
0.020143487858719646	0.008278145695364239	0.0011037527593818985	0.025386313465783666	0.04442604856512141	0.008554083885209713	0.003863134657836645	0.01793598233995585	0.0	0.005518763796909493	0.0	0.01683222958057395	0.04028697571743929	0.022902869757174392	0.0052428256070640175	0.054635761589403975	0.02455849889624724	0.008830022075055188	0.002207505518763797	0.019315673289183224	0.033388520971302425	0.008002207505518763	0.0033112582781456954	0.013520971302428256	0.012693156732891833	0.0027593818984547464	0.0011037527593818985	0.0041390728476821195	0.03780353200883002	0.008278145695364239	0.0052428256070640175	0.02207505518763797	0.024006622516556293	0.006622516556291391	0.002207505518763797	0.015176600441501103	0.052428256070640174	0.011037527593818985	0.005518763796909493	0.02207505518763797	0.03614790286975717	0.00717439293598234	0.003863134657836645	0.01379690949227373	0.03394039735099338	0.00717439293598234	0.0027593818984547464	0.011589403973509934	0.0	0.0074503311258278145	0.0	0.02097130242825607	0.02262693156732892	0.005518763796909493	0.0019315673289183224	0.009933774834437087	0.02869757174392936	0.0019315673289183224	0.0030353200883002206	0.004690949227373068	0.0891280353200883	0.016556291390728478	0.00772626931567329	0.04194260485651214
0.02097130242825607	0.00772626931567329	0.0002759381898454746	0.025938189845474614	0.04442604856512141	0.008002207505518763	0.0041390728476821195	0.018211920529801324	0.0	0.005518763796909493	0.0	0.01683222958057395	0.03890728476821192	0.02345474613686534	0.006622516556291391	0.05408388520971302	0.02511037527593819	0.008278145695364239	0.0016556291390728477	0.019867549668874173	0.033112582781456956	0.0074503311258278145	0.00358719646799117	0.014072847682119206	0.012969094922737307	0.0019315673289183224	0.0011037527593818985	0.004690949227373068	0.0369757174392936	0.008278145695364239	0.004966887417218543	0.02207505518763797	0.023730684326710817	0.0063465783664459164	0.0024834437086092716	0.01545253863134658	0.0532560706401766	0.01076158940397351	0.004690949227373068	0.022350993377483443	0.036699779249448124	0.006898454746136865	0.00358719646799117	0.01379690949227373	0.03421633554083885	0.00717439293598234	0.0024834437086092716	0.011589403973509934	0.0	0.006898454746136865	0.0	0.02152317880794702	0.023178807947019868	0.004966887417218543	0.0016556291390728477	0.01020971302428256	0.02924944812362031	0.0019315673289183224	0.0024834437086092716	0.004690949227373068	0.08857615894039735	0.017108167770419427	0.009381898454746136	0.041390728476821195
0.020695364238410598	0.008278145695364239	0.0005518763796909492	0.025386313465783666	0.04470198675496689	0.008554083885209713	0.003863134657836645	0.017660044150110375	0.0	0.005518763796909493	0.0	0.01683222958057395	0.03863134657836645	0.02345474613686534	0.006898454746136865	0.05408388520971302	0.02511037527593819	0.00772626931567329	0.0016556291390728477	0.02041942604856512	0.033112582781456956	0.0074503311258278145	0.0033112582781456954	0.01434878587196468	0.012969094922737307	0.0019315673289183224	0.0011037527593818985	0.004690949227373068	0.036699779249448124	0.008554083885209713	0.004690949227373068	0.02152317880794702	0.023730684326710817	0.006898454746136865	0.0024834437086092716	0.014900662251655629	0.052980132450331126	0.011037527593818985	0.004966887417218543	0.02207505518763797	0.037527593818984545	0.006622516556291391	0.0027593818984547464	0.014072847682119206	0.033388520971302425	0.00772626931567329	0.0033112582781456954	0.011037527593818985	0.0	0.00717439293598234	0.0	0.021247240618101546	0.023178807947019868	0.004966887417218543	0.0016556291390728477	0.01020971302428256	0.029801324503311258	0.0019315673289183224	0.0019315673289183224	0.004690949227373068	0.0902317880794702	0.017660044150110375	0.008554083885209713	0.04083885209713024
0.020695364238410598	0.008554083885209713	0.0005518763796909492	0.02511037527593819	0.04415011037527594	0.008554083885209713	0.0041390728476821195	0.01793598233995585	0.0	0.005518763796909493	0.0	0.01683222958057395	0.04028697571743929	0.024006622516556293	0.0052428256070640175	0.05353200883002208	0.024834437086092714	0.008278145695364239	0.0019315673289183224	0.019867549668874173	0.03283664459161148	0.0074503311258278145	0.0033112582781456954	0.014624724061810155	0.013245033112582781	0.0011037527593818985	0.0013796909492273732	0.004966887417218543	0.03614790286975717	0.009105960264900662	0.004415011037527594	0.021247240618101546	0.023730684326710817	0.00717439293598234	0.0024834437086092716	0.014624724061810155	0.0532560706401766	0.01076158940397351	0.004415011037527594	0.02262693156732892	0.037251655629139076	0.006622516556291391	0.0027593818984547464	0.01434878587196468	0.033388520971302425	0.008002207505518763	0.0030353200883002206	0.011037527593818985	0.0	0.00717439293598234	0.0	0.021247240618101546	0.02345474613686534	0.0052428256070640175	0.0013796909492273732	0.009933774834437087	0.029525386313465785	0.0016556291390728477	0.002207505518763797	0.004966887417218543	0.08967991169977925	0.017660044150110375	0.009657836644591612	0.04083885209713024
0.02041942604856512	0.009105960264900662	0.0008278145695364238	0.02455849889624724	0.04497792494481236	0.009381898454746136	0.00358719646799117	0.01683222958057395	0.0	0.004966887417218543	0.0	0.0173841059602649	0.04083885209713024	0.024834437086092714	0.004690949227373068	0.05270419426048565	0.025386313465783666	0.008554083885209713	0.0013796909492273732	0.019591611479028697	0.033388520971302425	0.006898454746136865	0.0027593818984547464	0.015176600441501103	0.012693156732891833	0.0011037527593818985	0.0019315673289183224	0.004966887417218543	0.03835540838852097	0.009105960264900662	0.00358719646799117	0.021247240618101546	0.02455849889624724	0.00717439293598234	0.0016556291390728477	0.014624724061810155	0.052980132450331126	0.01020971302428256	0.004966887417218543	0.022902869757174392	0.037527593818984545	0.0063465783664459164	0.0027593818984547464	0.01434878587196468	0.03228476821192053	0.008002207505518763	0.0041390728476821195	0.011037527593818985	0.0	0.006622516556291391	0.0	0.021799116997792495	0.024006622516556293	0.004690949227373068	0.0013796909492273732	0.009933774834437087	0.029525386313465785	0.0011037527593818985	0.002207505518763797	0.005518763796909493	0.0891280353200883	0.01793598233995585	0.008830022075055188	0.04056291390728477
0.019867549668874173	0.009381898454746136	0.0013796909492273732	0.024282560706401765	0.04470198675496689	0.009657836644591612	0.003863134657836645	0.016556291390728478	0.0	0.004690949227373068	0.0	0.017660044150110375	0.04001103752759382	0.023730684326710817	0.005518763796909493	0.05380794701986755	0.02511037527593819	0.008554083885209713	0.0016556291390728477	0.019591611479028697	0.03394039735099338	0.006898454746136865	0.002207505518763797	0.015176600441501103	0.013245033112582781	0.0013796909492273732	0.0011037527593818985	0.004966887417218543	0.0380794701986755	0.008830022075055188	0.0041390728476821195	0.02152317880794702	0.024006622516556293	0.006898454746136865	0.002207505518763797	0.014900662251655629	0.05270419426048565	0.01020971302428256	0.004966887417218543	0.023178807947019868	0.037251655629139076	0.0063465783664459164	0.0030353200883002206	0.01434878587196468	0.033112582781456956	0.008278145695364239	0.0030353200883002206	0.011037527593818985	0.0	0.006622516556291391	0.0	0.021799116997792495	0.023178807947019868	0.004415011037527594	0.002207505518763797	0.01020971302428256	0.028973509933774833	0.0011037527593818985	0.0027593818984547464	0.005518763796909493	0.08857615894039735	0.018211920529801324	0.009105960264900662	0.04028697571743929
0.02041942604856512	0.009105960264900662	0.0008278145695364238	0.02455849889624724	0.04442604856512141	0.009933774834437087	0.0041390728476821195	0.016280353200883002	0.0	0.004415011037527594	0.0	0.01793598233995585	0.04083885209713024	0.023730684326710817	0.004690949227373068	0.05380794701986755	0.02511037527593819	0.008830022075055188	0.0016556291390728477	0.019315673289183224	0.03421633554083885	0.006622516556291391	0.0024834437086092716	0.014900662251655629	0.013245033112582781	0.0016556291390728477	0.0011037527593818985	0.004690949227373068	0.03863134657836645	0.008002207505518763	0.0052428256070640175	0.022350993377483443	0.024006622516556293	0.0063465783664459164	0.002207505518763797	0.01545253863134658	0.052428256070640174	0.01020971302428256	0.0052428256070640175	0.023178807947019868	0.037251655629139076	0.0063465783664459164	0.0030353200883002206	0.01434878587196468	0.033388520971302425	0.008830022075055188	0.0027593818984547464	0.010485651214128035	0.0	0.006898454746136865	0.0	0.02152317880794702	0.023730684326710817	0.004415011037527594	0.0016556291390728477	0.01020971302428256	0.028973509933774833	0.0011037527593818985	0.0027593818984547464	0.005518763796909493	0.08802428256070641	0.018211920529801324	0.008002207505518763	0.04028697571743929
0.02041942604856512	0.008554083885209713	0.0008278145695364238	0.02511037527593819	0.04359823399558499	0.010485651214128035	0.004690949227373068	0.016004415011037526	0.0	0.0052428256070640175	0.0	0.017108167770419427	0.04056291390728477	0.02345474613686534	0.004966887417218543	0.05408388520971302	0.024834437086092714	0.008554083885209713	0.0019315673289183224	0.019591611479028697	0.03394039735099338	0.006898454746136865	0.0027593818984547464	0.014624724061810155	0.013245033112582781	0.0013796909492273732	0.0011037527593818985	0.004966887417218543	0.03890728476821192	0.008002207505518763	0.005794701986754967	0.022350993377483443	0.023730684326710817	0.006622516556291391	0.0024834437086092716	0.015176600441501103	0.05270419426048565	0.01076158940397351	0.004966887417218543	0.02262693156732892	0.03780353200883002	0.006622516556291391	0.002207505518763797	0.01434878587196468	0.0336644591611479	0.008554083885209713	0.0030353200883002206	0.01020971302428256	0.0	0.006622516556291391	0.0	0.021799116997792495	0.023730684326710817	0.0041390728476821195	0.0016556291390728477	0.010485651214128035	0.028973509933774833	0.0011037527593818985	0.0027593818984547464	0.005518763796909493	0.08747240618101546	0.017660044150110375	0.00772626931567329	0.04083885209713024
0.020143487858719646	0.008830022075055188	0.0011037527593818985	0.024834437086092714	0.04359823399558499	0.011037527593818985	0.004690949227373068	0.01545253863134658	0.0	0.004966887417218543	0.0	0.0173841059602649	0.04001103752759382	0.023730684326710817	0.005518763796909493	0.05380794701986755	0.025386313465783666	0.008002207505518763	0.0013796909492273732	0.020143487858719646	0.033388520971302425	0.006898454746136865	0.0033112582781456954	0.014624724061810155	0.012969094922737307	0.0013796909492273732	0.0013796909492273732	0.004966887417218543	0.03945916114790287	0.00772626931567329	0.006070640176600441	0.02262693156732892	0.023730684326710817	0.006622516556291391	0.0024834437086092716	0.015176600441501103	0.05187637969094923	0.010485651214128035	0.0063465783664459164	0.022350993377483443	0.037251655629139076	0.006622516556291391	0.0027593818984547464	0.01434878587196468	0.03394039735099338	0.008554083885209713	0.0027593818984547464	0.01020971302428256	0.0	0.00717439293598234	0.0	0.021247240618101546	0.023730684326710817	0.004415011037527594	0.0019315673289183224	0.009933774834437087	0.02869757174392936	0.0011037527593818985	0.0030353200883002206	0.005518763796909493	0.08554083885209714	0.017660044150110375	0.008830022075055188	0.04083885209713024
0.019591611479028697	0.008278145695364239	0.0016556291390728477	0.025386313465783666	0.04470198675496689	0.010485651214128035	0.0033112582781456954	0.016280353200883002	0.0	0.004690949227373068	0.0	0.017660044150110375	0.04028697571743929	0.023730684326710817	0.0052428256070640175	0.05380794701986755	0.025386313465783666	0.008002207505518763	0.0013796909492273732	0.020143487858719646	0.03283664459161148	0.00717439293598234	0.00358719646799117	0.014624724061810155	0.012693156732891833	0.0016556291390728477	0.0016556291390728477	0.004690949227373068	0.03863134657836645	0.008002207505518763	0.006070640176600441	0.022350993377483443	0.023730684326710817	0.0063465783664459164	0.0024834437086092716	0.01545253863134658	0.05187637969094923	0.010485651214128035	0.006622516556291391	0.02207505518763797	0.037251655629139076	0.0063465783664459164	0.0030353200883002206	0.01434878587196468	0.03421633554083885	0.008830022075055188	0.0024834437086092716	0.009933774834437087	0.0	0.00717439293598234	0.0	0.021247240618101546	0.024006622516556293	0.0041390728476821195	0.0016556291390728477	0.01020971302428256	0.02869757174392936	0.0011037527593818985	0.0030353200883002206	0.005518763796909493	0.08526490066225166	0.018763796909492272	0.009933774834437087	0.039735099337748346
0.020143487858719646	0.009105960264900662	0.0011037527593818985	0.02455849889624724	0.04497792494481236	0.009933774834437087	0.00358719646799117	0.016280353200883002	0.0	0.004415011037527594	0.0	0.01793598233995585	0.04056291390728477	0.024282560706401765	0.004966887417218543	0.0532560706401766	0.02511037527593819	0.00772626931567329	0.0016556291390728477	0.02041942604856512	0.033112582781456956	0.0074503311258278145	0.0033112582781456954	0.01434878587196468	0.012969094922737307	0.0016556291390728477	0.0013796909492273732	0.004690949227373068	0.039735099337748346	0.008002207505518763	0.005794701986754967	0.022350993377483443	0.023178807947019868	0.006070640176600441	0.0030353200883002206	0.015728476821192054	0.05270419426048565	0.01020971302428256	0.006070640176600441	0.02207505518763797	0.037527593818984545	0.006070640176600441	0.0033112582781456954	0.014072847682119206	0.0336644591611479	0.009105960264900662	0.0030353200883002206	0.009657836644591612	0.0	0.0074503311258278145	0.0	0.02097130242825607	0.024006622516556293	0.0041390728476821195	0.0016556291390728477	0.01020971302428256	0.029801324503311258	0.0011037527593818985	0.0019315673289183224	0.005518763796909493	0.08471302428256071	0.018763796909492272	0.009657836644591612	0.039735099337748346
0.019867549668874173	0.009381898454746136	0.0013796909492273732	0.024282560706401765	0.04470198675496689	0.009933774834437087	0.00358719646799117	0.016556291390728478	0.0	0.004415011037527594	0.0	0.01793598233995585	0.04083885209713024	0.024006622516556293	0.004690949227373068	0.05353200883002208	0.025386313465783666	0.008554083885209713	0.0013796909492273732	0.019591611479028697	0.033112582781456956	0.0074503311258278145	0.0033112582781456954	0.01434878587196468	0.012693156732891833	0.0019315673289183224	0.0013796909492273732	0.004690949227373068	0.039183222958057394	0.008554083885209713	0.0063465783664459164	0.021799116997792495	0.02345474613686534	0.0063465783664459164	0.0027593818984547464	0.01545253863134658	0.052980132450331126	0.009933774834437087	0.006070640176600441	0.02207505518763797	0.03642384105960265	0.005518763796909493	0.004415011037527594	0.014624724061810155	0.033112582781456956	0.009105960264900662	0.003863134657836645	0.009381898454746136	0.0	0.00772626931567329	0.0	0.020695364238410598	0.024006622516556293	0.0041390728476821195	0.0016556291390728477	0.01020971302428256	0.02924944812362031	0.0013796909492273732	0.0024834437086092716	0.0052428256070640175	0.08498896247240618	0.018763796909492272	0.009381898454746136	0.039735099337748346
0.019867549668874173	0.009657836644591612	0.0013796909492273732	0.024006622516556293	0.04359823399558499	0.010485651214128035	0.004690949227373068	0.016004415011037526	0.0	0.0041390728476821195	0.0	0.018211920529801324	0.04111479028697572	0.023178807947019868	0.004415011037527594	0.0543598233995585	0.02566225165562914	0.008554083885209713	0.0011037527593818985	0.019591611479028697	0.03283664459161148	0.0074503311258278145	0.00358719646799117	0.01434878587196468	0.012693156732891833	0.0019315673289183224	0.0013796909492273732	0.004690949227373068	0.03835540838852097	0.008830022075055188	0.0063465783664459164	0.02152317880794702	0.02345474613686534	0.0063465783664459164	0.0027593818984547464	0.01545253863134658	0.0543598233995585	0.009933774834437087	0.004690949227373068	0.02207505518763797	0.03614790286975717	0.006070640176600441	0.004966887417218543	0.01379690949227373	0.0336644591611479	0.008278145695364239	0.0033112582781456954	0.01020971302428256	0.0	0.0074503311258278145	0.0	0.02097130242825607	0.024006622516556293	0.003863134657836645	0.0013796909492273732	0.01076158940397351	0.02924944812362031	0.0013796909492273732	0.0024834437086092716	0.0052428256070640175	0.08526490066225166	0.0184878587196468	0.009933774834437087	0.04001103752759382
0.019867549668874173	0.009657836644591612	0.0013796909492273732	0.024006622516556293	0.04470198675496689	0.01076158940397351	0.00358719646799117	0.015728476821192054	0.0	0.0041390728476821195	0.0	0.018211920529801324	0.042218543046357616	0.02262693156732892	0.0033112582781456954	0.05491169977924945	0.02511037527593819	0.008278145695364239	0.0016556291390728477	0.019867549668874173	0.03283664459161148	0.00717439293598234	0.00358719646799117	0.014624724061810155	0.012969094922737307	0.0019315673289183224	0.0011037527593818985	0.004690949227373068	0.037527593818984545	0.008002207505518763	0.00717439293598234	0.02207505518763797	0.024282560706401765	0.006070640176600441	0.0019315673289183224	0.015728476821192054	0.05408388520971302	0.009933774834437087	0.005518763796909493	0.02152317880794702	0.03642384105960265	0.006898454746136865	0.003863134657836645	0.01379690949227373	0.033112582781456956	0.008002207505518763	0.003863134657836645	0.010485651214128035	0.0	0.00772626931567329	0.0	0.020695364238410598	0.024006622516556293	0.003863134657836645	0.0013796909492273732	0.01076158940397351	0.028973509933774833	0.0013796909492273732	0.0027593818984547464	0.0052428256070640175	0.08471302428256071	0.0184878587196468	0.01076158940397351	0.04001103752759382
0.019867549668874173	0.009381898454746136	0.0013796909492273732	0.024282560706401765	0.04442604856512141	0.010485651214128035	0.003863134657836645	0.016004415011037526	0.0	0.003863134657836645	0.0	0.0184878587196468	0.04194260485651214	0.023730684326710817	0.00358719646799117	0.05380794701986755	0.024834437086092714	0.008278145695364239	0.0019315673289183224	0.019867549668874173	0.03228476821192053	0.006898454746136865	0.004415011037527594	0.014624724061810155	0.012969094922737307	0.0019315673289183224	0.0008278145695364238	0.004966887417218543	0.037251655629139076	0.008554083885209713	0.0063465783664459164	0.021799116997792495	0.024282560706401765	0.006070640176600441	0.0019315673289183224	0.015728476821192054	0.0543598233995585	0.010485651214128035	0.004966887417218543	0.021247240618101546	0.0369757174392936	0.006898454746136865	0.0033112582781456954	0.01379690949227373	0.03394039735099338	0.00772626931567329	0.0030353200883002206	0.01076158940397351	0.0	0.0074503311258278145	0.0	0.02097130242825607	0.024006622516556293	0.003863134657836645	0.0016556291390728477	0.010485651214128035	0.02924944812362031	0.0016556291390728477	0.0024834437086092716	0.004966887417218543	0.08498896247240618	0.018211920529801324	0.01131346578366446	0.04028697571743929
0.020143487858719646	0.009381898454746136	0.0011037527593818985	0.024282560706401765	0.04497792494481236	0.01020971302428256	0.00358719646799117	0.016004415011037526	0.0	0.004415011037527594	0.0	0.01793598233995585	0.04194260485651214	0.02455849889624724	0.00358719646799117	0.052980132450331126	0.02511037527593819	0.008278145695364239	0.0016556291390728477	0.019867549668874173	0.03283664459161148	0.006898454746136865	0.00358719646799117	0.014900662251655629	0.012693156732891833	0.0011037527593818985	0.0013796909492273732	0.005518763796909493	0.037527593818984545	0.008554083885209713	0.006070640176600441	0.021799116997792495	0.02511037527593819	0.006898454746136865	0.0011037527593818985	0.014900662251655629	0.05353200883002208	0.011037527593818985	0.005518763796909493	0.02097130242825607	0.037251655629139076	0.00717439293598234	0.0030353200883002206	0.013520971302428256	0.03394039735099338	0.008278145695364239	0.0024834437086092716	0.01076158940397351	0.0	0.00772626931567329	0.0	0.020695364238410598	0.023730684326710817	0.003863134657836645	0.0019315673289183224	0.010485651214128035	0.028973509933774833	0.0016556291390728477	0.0027593818984547464	0.004966887417218543	0.08774834437086093	0.0184878587196468	0.008554083885209713	0.04001103752759382
0.019867549668874173	0.01020971302428256	0.0013796909492273732	0.02345474613686534	0.04497792494481236	0.01020971302428256	0.00358719646799117	0.016004415011037526	0.0	0.004690949227373068	0.0	0.017660044150110375	0.042218543046357616	0.02455849889624724	0.0033112582781456954	0.052980132450331126	0.025386313465783666	0.008554083885209713	0.0013796909492273732	0.019591611479028697	0.03283664459161148	0.006622516556291391	0.00358719646799117	0.015176600441501103	0.012417218543046357	0.0011037527593818985	0.0016556291390728477	0.005518763796909493	0.03835540838852097	0.008830022075055188	0.0052428256070640175	0.021799116997792495	0.024834437086092714	0.006622516556291391	0.0013796909492273732	0.015176600441501103	0.05270419426048565	0.011037527593818985	0.0063465783664459164	0.02097130242825607	0.037251655629139076	0.006898454746136865	0.0030353200883002206	0.01379690949227373	0.033112582781456956	0.008278145695364239	0.0033112582781456954	0.01076158940397351	0.0	0.008002207505518763	0.0	0.02041942604856512	0.02345474613686534	0.004415011037527594	0.0019315673289183224	0.01020971302428256	0.02869757174392936	0.0016556291390728477	0.0030353200883002206	0.004966887417218543	0.08747240618101546	0.01903973509933775	0.008554083885209713	0.03945916114790287
0.019867549668874173	0.01076158940397351	0.0013796909492273732	0.022902869757174392	0.043874172185430466	0.009933774834437087	0.004690949227373068	0.016280353200883002	0.0	0.004966887417218543	0.0	0.0173841059602649	0.042218543046357616	0.024834437086092714	0.0033112582781456954	0.05270419426048565	0.025386313465783666	0.008830022075055188	0.0013796909492273732	0.019315673289183224	0.033112582781456956	0.006622516556291391	0.0033112582781456954	0.015176600441501103	0.012141280353200883	0.0011037527593818985	0.0019315673289183224	0.005518763796909493	0.04001103752759382	0.008830022075055188	0.004415011037527594	0.021799116997792495	0.024834437086092714	0.0063465783664459164	0.0013796909492273732	0.01545253863134658	0.05491169977924945	0.011037527593818985	0.0041390728476821195	0.02097130242825607	0.0369757174392936	0.0074503311258278145	0.0033112582781456954	0.013245033112582781	0.03283664459161148	0.008554083885209713	0.00358719646799117	0.010485651214128035	0.0	0.008554083885209713	0.0	0.019867549668874173	0.022902869757174392	0.0041390728476821195	0.0027593818984547464	0.01020971302428256	0.028145695364238412	0.0016556291390728477	0.00358719646799117	0.004966887417218543	0.08636865342163355	0.0184878587196468	0.008830022075055188	0.04001103752759382
0.019867549668874173	0.011037527593818985	0.0013796909492273732	0.02262693156732892	0.04304635761589404	0.009933774834437087	0.0052428256070640175	0.016556291390728478	0.0	0.0052428256070640175	0.0	0.017108167770419427	0.04194260485651214	0.024834437086092714	0.00358719646799117	0.05270419426048565	0.025386313465783666	0.008830022075055188	0.0013796909492273732	0.019315673289183224	0.032560706401766004	0.006622516556291391	0.004415011037527594	0.014624724061810155	0.011865342163355408	0.0013796909492273732	0.0019315673289183224	0.005518763796909493	0.039735099337748346	0.009105960264900662	0.0041390728476821195	0.021247240618101546	0.024006622516556293	0.0063465783664459164	0.002207505518763797	0.01545253863134658	0.05518763796909492	0.011037527593818985	0.003863134657836645	0.02097130242825607	0.037251655629139076	0.008278145695364239	0.0030353200883002206	0.012417218543046357	0.033112582781456956	0.008830022075055188	0.0033112582781456954	0.01020971302428256	0.0	0.00772626931567329	0.0	0.020695364238410598	0.023730684326710817	0.0041390728476821195	0.0019315673289183224	0.01020971302428256	0.02869757174392936	0.0016556291390728477	0.0030353200883002206	0.004966887417218543	0.08802428256070641	0.0184878587196468	0.008002207505518763	0.04001103752759382
0.020143487858719646	0.011037527593818985	0.0011037527593818985	0.02262693156732892	0.04359823399558499	0.010485651214128035	0.004690949227373068	0.016004415011037526	0.0	0.0052428256070640175	0.0	0.017108167770419427	0.041390728476821195	0.024006622516556293	0.0041390728476821195	0.05353200883002208	0.02511037527593819	0.009105960264900662	0.0016556291390728477	0.01903973509933775	0.033112582781456956	0.0063465783664459164	0.004415011037527594	0.01434878587196468	0.011865342163355408	0.0013796909492273732	0.002207505518763797	0.0052428256070640175	0.039183222958057394	0.009105960264900662	0.0052428256070640175	0.021247240618101546	0.024006622516556293	0.006070640176600441	0.002207505518763797	0.015728476821192054	0.054635761589403975	0.011589403973509934	0.003863134657836645	0.02097130242825607	0.037527593818984545	0.008278145695364239	0.0027593818984547464	0.012417218543046357	0.03283664459161148	0.008278145695364239	0.0033112582781456954	0.011037527593818985	0.0	0.008278145695364239	0.0	0.020143487858719646	0.023730684326710817	0.0041390728476821195	0.002207505518763797	0.009933774834437087	0.02869757174392936	0.0013796909492273732	0.0030353200883002206	0.0052428256070640175	0.08664459161147903	0.0173841059602649	0.008830022075055188	0.04111479028697572
0.020143487858719646	0.01076158940397351	0.0011037527593818985	0.022902869757174392	0.04415011037527594	0.01131346578366446	0.0041390728476821195	0.015176600441501103	0.0	0.005518763796909493	0.0	0.01683222958057395	0.041390728476821195	0.024282560706401765	0.0041390728476821195	0.0532560706401766	0.02511037527593819	0.009105960264900662	0.0016556291390728477	0.01903973509933775	0.032560706401766004	0.0063465783664459164	0.004966887417218543	0.01434878587196468	0.012141280353200883	0.0013796909492273732	0.0019315673289183224	0.0052428256070640175	0.03780353200883002	0.009657836644591612	0.0063465783664459164	0.02041942604856512	0.02455849889624724	0.0063465783664459164	0.0016556291390728477	0.01545253863134658	0.05518763796909492	0.011589403973509934	0.00358719646799117	0.020695364238410598	0.037251655629139076	0.00772626931567329	0.0027593818984547464	0.013245033112582781	0.032560706401766004	0.008830022075055188	0.00358719646799117	0.010485651214128035	0.0	0.008554083885209713	0.0	0.019867549668874173	0.024006622516556293	0.003863134657836645	0.002207505518763797	0.009933774834437087	0.02869757174392936	0.0013796909492273732	0.0030353200883002206	0.0052428256070640175	0.08747240618101546	0.017108167770419427	0.008554083885209713	0.041390728476821195
0.019867549668874173	0.010485651214128035	0.0013796909492273732	0.023178807947019868	0.043874172185430466	0.011589403973509934	0.0041390728476821195	0.015176600441501103	0.0	0.004966887417218543	0.0	0.0173841059602649	0.041666666666666664	0.025386313465783666	0.003863134657836645	0.052152317880794705	0.025386313465783666	0.009105960264900662	0.0013796909492273732	0.01903973509933775	0.03228476821192053	0.006898454746136865	0.0052428256070640175	0.01379690949227373	0.012141280353200883	0.0019315673289183224	0.002207505518763797	0.004415011037527594	0.03780353200883002	0.009933774834437087	0.0052428256070640175	0.020695364238410598	0.02455849889624724	0.0063465783664459164	0.0016556291390728477	0.01545253863134658	0.0543598233995585	0.011865342163355408	0.004415011037527594	0.02041942604856512	0.036699779249448124	0.008278145695364239	0.0033112582781456954	0.012693156732891833	0.03283664459161148	0.008278145695364239	0.0033112582781456954	0.011037527593818985	0.0	0.008554083885209713	0.0	0.019867549668874173	0.02455849889624724	0.0041390728476821195	0.0016556291390728477	0.009657836644591612	0.029801324503311258	0.0019315673289183224	0.0019315673289183224	0.004690949227373068	0.08802428256070641	0.016556291390728478	0.008554083885209713	0.04194260485651214
0.019867549668874173	0.01131346578366446	0.0013796909492273732	0.022350993377483443	0.04415011037527594	0.011589403973509934	0.003863134657836645	0.015176600441501103	0.0	0.004966887417218543	0.0	0.0173841059602649	0.04194260485651214	0.025386313465783666	0.00358719646799117	0.052152317880794705	0.025386313465783666	0.008830022075055188	0.0013796909492273732	0.019315673289183224	0.03283664459161148	0.0063465783664459164	0.004690949227373068	0.01434878587196468	0.012141280353200883	0.0024834437086092716	0.002207505518763797	0.003863134657836645	0.039183222958057394	0.009381898454746136	0.004966887417218543	0.02097130242825607	0.02511037527593819	0.006070640176600441	0.0011037527593818985	0.015728476821192054	0.0543598233995585	0.012141280353200883	0.0041390728476821195	0.02041942604856512	0.037251655629139076	0.009657836644591612	0.002207505518763797	0.011865342163355408	0.03200883002207505	0.008554083885209713	0.003863134657836645	0.011037527593818985	0.0	0.008554083885209713	0.0	0.019867549668874173	0.02455849889624724	0.004966887417218543	0.0016556291390728477	0.008830022075055188	0.030353200883002206	0.0019315673289183224	0.0013796909492273732	0.004690949227373068	0.08554083885209714	0.016004415011037526	0.01020971302428256	0.04249448123620309
0.019591611479028697	0.011865342163355408	0.0016556291390728477	0.021799116997792495	0.04470198675496689	0.011037527593818985	0.00358719646799117	0.01545253863134658	0.0	0.0052428256070640175	0.0	0.017108167770419427	0.04194260485651214	0.025386313465783666	0.00358719646799117	0.052152317880794705	0.02566225165562914	0.008830022075055188	0.0011037527593818985	0.019315673289183224	0.033112582781456956	0.006622516556291391	0.0041390728476821195	0.01434878587196468	0.012417218543046357	0.0019315673289183224	0.0019315673289183224	0.004415011037527594	0.04056291390728477	0.009657836644591612	0.0041390728476821195	0.02041942604856512	0.024834437086092714	0.005794701986754967	0.0013796909492273732	0.016004415011037526	0.05380794701986755	0.011589403973509934	0.004690949227373068	0.02097130242825607	0.036699779249448124	0.009381898454746136	0.0027593818984547464	0.012141280353200883	0.03228476821192053	0.008554083885209713	0.00358719646799117	0.011037527593818985	0.0	0.00772626931567329	0.0	0.020695364238410598	0.024834437086092714	0.0041390728476821195	0.0016556291390728477	0.009381898454746136	0.03090507726269316	0.0019315673289183224	0.0008278145695364238	0.004690949227373068	0.08443708609271523	0.016280353200883002	0.011037527593818985	0.042218543046357616
0.019591611479028697	0.012141280353200883	0.0016556291390728477	0.02152317880794702	0.04525386313465784	0.01131346578366446	0.0030353200883002206	0.015176600441501103	0.0	0.0052428256070640175	0.0	0.017108167770419427	0.042218543046357616	0.02566225165562914	0.0033112582781456954	0.05187637969094923	0.025386313465783666	0.008554083885209713	0.0013796909492273732	0.019591611479028697	0.033388520971302425	0.006898454746136865	0.003863134657836645	0.014072847682119206	0.012141280353200883	0.0019315673289183224	0.002207505518763797	0.004415011037527594	0.039735099337748346	0.009105960264900662	0.0052428256070640175	0.020695364238410598	0.024834437086092714	0.006070640176600441	0.0013796909492273732	0.015728476821192054	0.0532560706401766	0.01076158940397351	0.005794701986754967	0.021247240618101546	0.036699779249448124	0.008830022075055188	0.0030353200883002206	0.012417218543046357	0.03200883002207505	0.008278145695364239	0.003863134657836645	0.01131346578366446	0.0	0.00772626931567329	0.0	0.020695364238410598	0.02455849889624724	0.004415011037527594	0.0019315673289183224	0.009105960264900662	0.03090507726269316	0.0019315673289183224	0.0008278145695364238	0.004690949227373068	0.0858167770419426	0.016004415011037526	0.009657836644591612	0.04249448123620309
0.020143487858719646	0.011589403973509934	0.0011037527593818985	0.02207505518763797	0.04470198675496689	0.011589403973509934	0.00358719646799117	0.014900662251655629	0.0	0.005794701986754967	0.0	0.016556291390728478	0.04083885209713024	0.026490066225165563	0.004690949227373068	0.0510485651214128	0.02511037527593819	0.008554083885209713	0.0016556291390728477	0.019591611479028697	0.03394039735099338	0.006622516556291391	0.003863134657836645	0.01379690949227373	0.011865342163355408	0.0019315673289183224	0.002207505518763797	0.004690949227373068	0.039183222958057394	0.009105960264900662	0.005518763796909493	0.020695364238410598	0.023730684326710817	0.006070640176600441	0.0024834437086092716	0.015728476821192054	0.052980132450331126	0.011037527593818985	0.006070640176600441	0.02097130242825607	0.03559602649006623	0.008830022075055188	0.004415011037527594	0.012141280353200883	0.032560706401766004	0.008278145695364239	0.0030353200883002206	0.011589403973509934	0.0	0.00772626931567329	0.0	0.020695364238410598	0.02511037527593819	0.0041390728476821195	0.0013796909492273732	0.009381898454746136	0.030629139072847682	0.0019315673289183224	0.0011037527593818985	0.004690949227373068	0.08498896247240618	0.015728476821192054	0.01076158940397351	0.04277041942604857
0.019867549668874173	0.011589403973509934	0.0013796909492273732	0.02207505518763797	0.043322295805739514	0.012141280353200883	0.0052428256070640175	0.014072847682119206	0.0	0.005794701986754967	0.0	0.016556291390728478	0.04083885209713024	0.02704194260485651	0.004690949227373068	0.050496688741721855	0.024006622516556293	0.008278145695364239	0.0027593818984547464	0.019867549668874173	0.03421633554083885	0.006622516556291391	0.00358719646799117	0.01379690949227373	0.011589403973509934	0.0019315673289183224	0.0024834437086092716	0.004690949227373068	0.04083885209713024	0.008554083885209713	0.0052428256070640175	0.02041942604856512	0.02345474613686534	0.0063465783664459164	0.0027593818984547464	0.01545253863134658	0.052980132450331126	0.01076158940397351	0.006070640176600441	0.021247240618101546	0.0358719646799117	0.008830022075055188	0.004415011037527594	0.011865342163355408	0.032560706401766004	0.008278145695364239	0.0027593818984547464	0.011865342163355408	0.0	0.0074503311258278145	0.0	0.02097130242825607	0.025386313465783666	0.003863134657836645	0.0016556291390728477	0.009105960264900662	0.030353200883002206	0.0016556291390728477	0.0013796909492273732	0.004966887417218543	0.08416114790286976	0.015728476821192054	0.011037527593818985	0.04277041942604857
0.019591611479028697	0.011037527593818985	0.0016556291390728477	0.02262693156732892	0.04277041942604857	0.011865342163355408	0.006070640176600441	0.014072847682119206	0.0	0.005518763796909493	0.0	0.01683222958057395	0.041666666666666664	0.02704194260485651	0.003863134657836645	0.050496688741721855	0.024006622516556293	0.008554083885209713	0.0027593818984547464	0.019591611479028697	0.0336644591611479	0.006070640176600441	0.0041390728476821195	0.01434878587196468	0.012141280353200883	0.0019315673289183224	0.0019315673289183224	0.004690949227373068	0.04028697571743929	0.008278145695364239	0.004690949227373068	0.020695364238410598	0.02345474613686534	0.0063465783664459164	0.0027593818984547464	0.01545253863134658	0.052980132450331126	0.010485651214128035	0.006070640176600441	0.02152317880794702	0.03614790286975717	0.00772626931567329	0.004415011037527594	0.012693156732891833	0.032560706401766004	0.009105960264900662	0.0024834437086092716	0.01131346578366446	0.0	0.0074503311258278145	0.0	0.02097130242825607	0.025386313465783666	0.003863134657836645	0.002207505518763797	0.008554083885209713	0.030077262693156734	0.0016556291390728477	0.0016556291390728477	0.004966887417218543	0.08498896247240618	0.016280353200883002	0.01131346578366446	0.042218543046357616
0.019591611479028697	0.01076158940397351	0.0016556291390728477	0.022902869757174392	0.04304635761589404	0.01131346578366446	0.005794701986754967	0.014624724061810155	0.0	0.005794701986754967	0.0	0.016556291390728478	0.04249448123620309	0.02704194260485651	0.0030353200883002206	0.050496688741721855	0.024006622516556293	0.00772626931567329	0.0027593818984547464	0.02041942604856512	0.03532008830022075	0.005518763796909493	0.0030353200883002206	0.01434878587196468	0.012141280353200883	0.002207505518763797	0.0019315673289183224	0.004415011037527594	0.039735099337748346	0.008278145695364239	0.005518763796909493	0.020695364238410598	0.023178807947019868	0.0063465783664459164	0.0030353200883002206	0.01545253863134658	0.052428256070640174	0.01020971302428256	0.00717439293598234	0.021247240618101546	0.03559602649006623	0.00772626931567329	0.004966887417218543	0.012693156732891833	0.033388520971302425	0.008830022075055188	0.0019315673289183224	0.01131346578366446	0.0	0.00717439293598234	0.0	0.021247240618101546	0.02676600441501104	0.0033112582781456954	0.0011037527593818985	0.008830022075055188	0.02924944812362031	0.0016556291390728477	0.0024834437086092716	0.004966887417218543	0.08526490066225166	0.01683222958057395	0.01076158940397351	0.041666666666666664
0.019591611479028697	0.010485651214128035	0.0016556291390728477	0.023178807947019868	0.04415011037527594	0.010485651214128035	0.0052428256070640175	0.014900662251655629	0.0	0.005794701986754967	0.0	0.016556291390728478	0.04249448123620309	0.02676600441501104	0.0030353200883002206	0.05077262693156733	0.024006622516556293	0.00772626931567329	0.0027593818984547464	0.02041942604856512	0.03532008830022075	0.0052428256070640175	0.0030353200883002206	0.014624724061810155	0.011865342163355408	0.002207505518763797	0.002207505518763797	0.004415011037527594	0.03890728476821192	0.008278145695364239	0.004966887417218543	0.021247240618101546	0.022902869757174392	0.006898454746136865	0.0033112582781456954	0.014900662251655629	0.05187637969094923	0.010485651214128035	0.0074503311258278145	0.021247240618101546	0.03421633554083885	0.008002207505518763	0.0063465783664459164	0.012417218543046357	0.033112582781456956	0.008554083885209713	0.002207505518763797	0.011589403973509934	0.0	0.0063465783664459164	0.0	0.02207505518763797	0.026490066225165563	0.0033112582781456954	0.0011037527593818985	0.009105960264900662	0.028421633554083885	0.0016556291390728477	0.0033112582781456954	0.004966887417218543	0.08636865342163355	0.017108167770419427	0.010485651214128035	0.041390728476821195
0.020143487858719646	0.01076158940397351	0.0011037527593818985	0.022902869757174392	0.04470198675496689	0.010485651214128035	0.004690949227373068	0.014900662251655629	0.0	0.005518763796909493	0.0	0.01683222958057395	0.04249448123620309	0.02676600441501104	0.0030353200883002206	0.05077262693156733	0.024282560706401765	0.008278145695364239	0.0024834437086092716	0.019867549668874173	0.03532008830022075	0.004690949227373068	0.0030353200883002206	0.015176600441501103	0.012417218543046357	0.0019315673289183224	0.0019315673289183224	0.004415011037527594	0.03835540838852097	0.008830022075055188	0.0041390728476821195	0.021247240618101546	0.022902869757174392	0.0063465783664459164	0.0033112582781456954	0.01545253863134658	0.05160044150110375	0.01020971302428256	0.00772626931567329	0.02152317880794702	0.0347682119205298	0.008830022075055188	0.0052428256070640175	0.012141280353200883	0.033388520971302425	0.008554083885209713	0.0019315673289183224	0.011589403973509934	0.0	0.0063465783664459164	0.0	0.02207505518763797	0.02704194260485651	0.0030353200883002206	0.0011037527593818985	0.008830022075055188	0.02869757174392936	0.0016556291390728477	0.0030353200883002206	0.004966887417218543	0.0869205298013245	0.016556291390728478	0.01076158940397351	0.04194260485651214
0.020143487858719646	0.011037527593818985	0.0011037527593818985	0.02262693156732892	0.04470198675496689	0.009657836644591612	0.004690949227373068	0.015728476821192054	0.0	0.005794701986754967	0.0	0.016556291390728478	0.042218543046357616	0.026490066225165563	0.0033112582781456954	0.0510485651214128	0.024282560706401765	0.008278145695364239	0.0024834437086092716	0.019867549668874173	0.03559602649006623	0.0052428256070640175	0.0027593818984547464	0.014624724061810155	0.012417218543046357	0.0019315673289183224	0.0019315673289183224	0.004415011037527594	0.04028697571743929	0.009105960264900662	0.0030353200883002206	0.021247240618101546	0.02262693156732892	0.0063465783664459164	0.00358719646799117	0.01545253863134658	0.052152317880794705	0.010485651214128035	0.00717439293598234	0.021247240618101546	0.03532008830022075	0.008830022075055188	0.004966887417218543	0.011865342163355408	0.03421633554083885	0.008278145695364239	0.0013796909492273732	0.011589403973509934	0.0	0.006070640176600441	0.0	0.022350993377483443	0.02676600441501104	0.0030353200883002206	0.0013796909492273732	0.008830022075055188	0.02869757174392936	0.0016556291390728477	0.0030353200883002206	0.004966887417218543	0.08471302428256071	0.015728476821192054	0.011865342163355408	0.04277041942604857
0.019867549668874173	0.010485651214128035	0.0013796909492273732	0.023178807947019868	0.04470198675496689	0.009105960264900662	0.004690949227373068	0.016280353200883002	0.0	0.006070640176600441	0.0	0.016280353200883002	0.04249448123620309	0.02676600441501104	0.0030353200883002206	0.05077262693156733	0.024282560706401765	0.008002207505518763	0.0024834437086092716	0.020143487858719646	0.03559602649006623	0.005518763796909493	0.0027593818984547464	0.01434878587196468	0.013245033112582781	0.0019315673289183224	0.0011037527593818985	0.004415011037527594	0.03945916114790287	0.009381898454746136	0.00358719646799117	0.02097130242825607	0.02345474613686534	0.006070640176600441	0.0027593818984547464	0.015728476821192054	0.052980132450331126	0.010485651214128035	0.0063465783664459164	0.021247240618101546	0.0358719646799117	0.008278145695364239	0.004690949227373068	0.012141280353200883	0.03394039735099338	0.008554083885209713	0.0016556291390728477	0.01131346578366446	0.0	0.005794701986754967	0.0	0.02262693156732892	0.026490066225165563	0.0033112582781456954	0.0016556291390728477	0.008554083885209713	0.02869757174392936	0.0016556291390728477	0.0030353200883002206	0.004966887417218543	0.08554083885209714	0.015728476821192054	0.01131346578366446	0.04277041942604857
0.019591611479028697	0.01020971302428256	0.0016556291390728477	0.02345474613686534	0.04470198675496689	0.008830022075055188	0.004690949227373068	0.016556291390728478	0.0	0.005794701986754967	0.0	0.016556291390728478	0.041666666666666664	0.02759381898454746	0.003863134657836645	0.0499448123620309	0.024282560706401765	0.00772626931567329	0.0024834437086092716	0.02041942604856512	0.0358719646799117	0.005518763796909493	0.0033112582781456954	0.013520971302428256	0.013520971302428256	0.0019315673289183224	0.0011037527593818985	0.0041390728476821195	0.03945916114790287	0.009933774834437087	0.004415011037527594	0.02041942604856512	0.02345474613686534	0.005518763796909493	0.0027593818984547464	0.016280353200883002	0.05353200883002208	0.010485651214128035	0.005794701986754967	0.021247240618101546	0.035044150110375274	0.008830022075055188	0.0052428256070640175	0.011865342163355408	0.0336644591611479	0.008278145695364239	0.002207505518763797	0.01131346578366446	0.0	0.006070640176600441	0.0	0.022350993377483443	0.02704194260485651	0.0027593818984547464	0.0016556291390728477	0.008554083885209713	0.028973509933774833	0.0016556291390728477	0.0027593818984547464	0.004966887417218543	0.08636865342163355	0.01545253863134658	0.009657836644591612	0.04304635761589404
0.019867549668874173	0.01020971302428256	0.0013796909492273732	0.02345474613686534	0.04525386313465784	0.008278145695364239	0.0041390728476821195	0.017108167770419427	0.0	0.005518763796909493	0.0	0.01683222958057395	0.04249448123620309	0.028421633554083885	0.0030353200883002206	0.04911699779249448	0.02455849889624724	0.0074503311258278145	0.002207505518763797	0.020695364238410598	0.03559602649006623	0.005518763796909493	0.003863134657836645	0.013245033112582781	0.014072847682119206	0.0019315673289183224	0.0005518763796909492	0.0041390728476821195	0.039183222958057394	0.009381898454746136	0.0041390728476821195	0.020695364238410598	0.024834437086092714	0.005518763796909493	0.0013796909492273732	0.016280353200883002	0.05270419426048565	0.010485651214128035	0.006622516556291391	0.021247240618101546	0.035044150110375274	0.008278145695364239	0.0052428256070640175	0.012417218543046357	0.0336644591611479	0.008278145695364239	0.002207505518763797	0.01131346578366446	0.0	0.0063465783664459164	0.0	0.02207505518763797	0.02759381898454746	0.0030353200883002206	0.0011037527593818985	0.008278145695364239	0.02924944812362031	0.0016556291390728477	0.0024834437086092716	0.004966887417218543	0.08719646799116998	0.014624724061810155	0.009657836644591612	0.043874172185430466
0.019591611479028697	0.009933774834437087	0.0016556291390728477	0.023730684326710817	0.043874172185430466	0.008554083885209713	0.0052428256070640175	0.017108167770419427	0.0	0.005518763796909493	0.0	0.01683222958057395	0.04194260485651214	0.02924944812362031	0.00358719646799117	0.048289183222958054	0.02455849889624724	0.00772626931567329	0.002207505518763797	0.02041942604856512	0.03559602649006623	0.005794701986754967	0.00358719646799117	0.013245033112582781	0.014624724061810155	0.0013796909492273732	0.0002759381898454746	0.004415011037527594	0.03890728476821192	0.009381898454746136	0.004415011037527594	0.02041942604856512	0.024834437086092714	0.005518763796909493	0.0013796909492273732	0.016280353200883002	0.05353200883002208	0.009933774834437087	0.006070640176600441	0.02152317880794702	0.03532008830022075	0.008554083885209713	0.004415011037527594	0.012693156732891833	0.03449227373068433	0.008278145695364239	0.0016556291390728477	0.011037527593818985	0.0	0.005794701986754967	0.0	0.02262693156732892	0.027869757174392936	0.0024834437086092716	0.0011037527593818985	0.008554083885209713	0.02924944812362031	0.0016556291390728477	0.0024834437086092716	0.004966887417218543	0.08802428256070641	0.014624724061810155	0.009105960264900662	0.043874172185430466
0.019867549668874173	0.01020971302428256	0.0013796909492273732	0.02345474613686534	0.04359823399558499	0.008830022075055188	0.005794701986754967	0.016556291390728478	0.0	0.005518763796909493	0.0	0.01683222958057395	0.04194260485651214	0.029801324503311258	0.00358719646799117	0.04773730684326711	0.024282560706401765	0.008002207505518763	0.0024834437086092716	0.020143487858719646	0.0358719646799117	0.005794701986754967	0.00358719646799117	0.012969094922737307	0.014624724061810155	0.0011037527593818985	0.0002759381898454746	0.004690949227373068	0.0380794701986755	0.009105960264900662	0.0052428256070640175	0.02041942604856512	0.024282560706401765	0.005518763796909493	0.0019315673289183224	0.016280353200883002	0.05408388520971302	0.009381898454746136	0.005518763796909493	0.02207505518763797	0.03559602649006623	0.008554083885209713	0.0041390728476821195	0.012693156732891833	0.03449227373068433	0.008830022075055188	0.0016556291390728477	0.010485651214128035	0.0	0.006070640176600441	0.0	0.022350993377483443	0.02759381898454746	0.0024834437086092716	0.0013796909492273732	0.008554083885209713	0.02869757174392936	0.0019315673289183224	0.0030353200883002206	0.004690949227373068	0.08802428256070641	0.01545253863134658	0.009381898454746136	0.04304635761589404
0.019591611479028697	0.009933774834437087	0.0016556291390728477	0.023730684326710817	0.043322295805739514	0.008278145695364239	0.005794701986754967	0.0173841059602649	0.0	0.005794701986754967	0.0	0.016556291390728478	0.04194260485651214	0.030629139072847682	0.00358719646799117	0.04690949227373068	0.023730684326710817	0.00772626931567329	0.0030353200883002206	0.02041942604856512	0.03614790286975717	0.0052428256070640175	0.003863134657836645	0.012969094922737307	0.014900662251655629	0.0011037527593818985	0.0	0.004690949227373068	0.0369757174392936	0.009381898454746136	0.004966887417218543	0.02041942604856512	0.024006622516556293	0.005518763796909493	0.002207505518763797	0.016280353200883002	0.0543598233995585	0.009657836644591612	0.004966887417218543	0.02207505518763797	0.0347682119205298	0.008278145695364239	0.004966887417218543	0.012969094922737307	0.0336644591611479	0.008830022075055188	0.0027593818984547464	0.01020971302428256	0.0	0.005518763796909493	0.0	0.022902869757174392	0.027317880794701987	0.0030353200883002206	0.0013796909492273732	0.008278145695364239	0.02924944812362031	0.0016556291390728477	0.0024834437086092716	0.004966887417218543	0.08774834437086093	0.01545253863134658	0.01076158940397351	0.04304635761589404
0.019315673289183224	0.009105960264900662	0.0019315673289183224	0.02455849889624724	0.04359823399558499	0.008278145695364239	0.005518763796909493	0.0173841059602649	0.0	0.005794701986754967	0.0	0.016556291390728478	0.04194260485651214	0.030629139072847682	0.00358719646799117	0.04690949227373068	0.023730684326710817	0.008002207505518763	0.0030353200883002206	0.020143487858719646	0.0358719646799117	0.0052428256070640175	0.0041390728476821195	0.012969094922737307	0.01434878587196468	0.0011037527593818985	0.0005518763796909492	0.004690949227373068	0.03780353200883002	0.01020971302428256	0.0033112582781456954	0.020143487858719646	0.024006622516556293	0.005518763796909493	0.002207505518763797	0.016280353200883002	0.05408388520971302	0.009933774834437087	0.0052428256070640175	0.021799116997792495	0.0347682119205298	0.008002207505518763	0.0052428256070640175	0.012969094922737307	0.03283664459161148	0.008830022075055188	0.00358719646799117	0.01020971302428256	0.0	0.005518763796909493	0.0	0.022902869757174392	0.02759381898454746	0.0030353200883002206	0.0011037527593818985	0.008278145695364239	0.028973509933774833	0.0016556291390728477	0.0027593818984547464	0.004966887417218543	0.08967991169977925	0.015176600441501103	0.009105960264900662	0.043322295805739514
0.019315673289183224	0.009657836644591612	0.0019315673289183224	0.024006622516556293	0.04277041942604857	0.008554083885209713	0.0063465783664459164	0.017108167770419427	0.0	0.005794701986754967	0.0	0.016556291390728478	0.041666666666666664	0.030629139072847682	0.003863134657836645	0.04690949227373068	0.023730684326710817	0.00772626931567329	0.0030353200883002206	0.02041942604856512	0.0358719646799117	0.0052428256070640175	0.0041390728476821195	0.012969094922737307	0.014072847682119206	0.0011037527593818985	0.0008278145695364238	0.004690949227373068	0.0369757174392936	0.01076158940397351	0.003863134657836645	0.019591611479028697	0.02345474613686534	0.005518763796909493	0.0027593818984547464	0.016280353200883002	0.05408388520971302	0.010485651214128035	0.004690949227373068	0.021799116997792495	0.035044150110375274	0.008002207505518763	0.004690949227373068	0.013245033112582781	0.03200883002207505	0.009105960264900662	0.004690949227373068	0.009657836644591612	0.0	0.005518763796909493	0.0	0.022902869757174392	0.02759381898454746	0.0030353200883002206	0.0013796909492273732	0.008002207505518763	0.028973509933774833	0.0019315673289183224	0.0027593818984547464	0.004690949227373068	0.0902317880794702	0.015728476821192054	0.008830022075055188	0.04277041942604857
0.01903973509933775	0.009381898454746136	0.002207505518763797	0.024282560706401765	0.04304635761589404	0.008554083885209713	0.006070640176600441	0.017108167770419427	0.0	0.005794701986754967	0.0	0.016556291390728478	0.04056291390728477	0.030077262693156734	0.004966887417218543	0.04746136865342163	0.023730684326710817	0.008278145695364239	0.0030353200883002206	0.019867549668874173	0.03614790286975717	0.0052428256070640175	0.003863134657836645	0.012969094922737307	0.014072847682119206	0.0011037527593818985	0.0008278145695364238	0.004690949227373068	0.03780353200883002	0.01076158940397351	0.00358719646799117	0.019315673289183224	0.023730684326710817	0.004966887417218543	0.0024834437086092716	0.01683222958057395	0.0543598233995585	0.010485651214128035	0.004690949227373068	0.02152317880794702	0.03532008830022075	0.008278145695364239	0.004415011037527594	0.012969094922737307	0.032560706401766004	0.008278145695364239	0.0041390728476821195	0.010485651214128035	0.0	0.005518763796909493	0.0	0.022902869757174392	0.02759381898454746	0.0030353200883002206	0.0013796909492273732	0.008002207505518763	0.02924944812362031	0.002207505518763797	0.0024834437086092716	0.004415011037527594	0.09216335540838852	0.015728476821192054	0.006622516556291391	0.04277041942604857
0.019315673289183224	0.009105960264900662	0.0019315673289183224	0.02455849889624724	0.04304635761589404	0.008554083885209713	0.0063465783664459164	0.01683222958057395	0.0	0.005518763796909493	0.0	0.01683222958057395	0.04083885209713024	0.030077262693156734	0.004690949227373068	0.04746136865342163	0.024282560706401765	0.008554083885209713	0.0024834437086092716	0.019591611479028697	0.036699779249448124	0.004966887417218543	0.00358719646799117	0.012969094922737307	0.014072847682119206	0.0013796909492273732	0.0008278145695364238	0.004415011037527594	0.03835540838852097	0.01076158940397351	0.004690949227373068	0.01903973509933775	0.023178807947019868	0.0052428256070640175	0.0030353200883002206	0.016556291390728478	0.0543598233995585	0.01020971302428256	0.004415011037527594	0.02207505518763797	0.03559602649006623	0.008278145695364239	0.004415011037527594	0.012693156732891833	0.032560706401766004	0.008830022075055188	0.003863134657836645	0.01020971302428256	0.0	0.005794701986754967	0.0	0.02262693156732892	0.02676600441501104	0.0030353200883002206	0.002207505518763797	0.008002207505518763	0.02924944812362031	0.0030353200883002206	0.0024834437086092716	0.00358719646799117	0.08995584988962473	0.016004415011037526	0.0074503311258278145	0.04249448123620309
0.01903973509933775	0.009105960264900662	0.002207505518763797	0.02455849889624724	0.043874172185430466	0.00772626931567329	0.005794701986754967	0.0173841059602649	0.0	0.0052428256070640175	0.0	0.017108167770419427	0.04111479028697572	0.02924944812362031	0.004415011037527594	0.048289183222958054	0.02455849889624724	0.008278145695364239	0.002207505518763797	0.019867549668874173	0.0369757174392936	0.004966887417218543	0.00358719646799117	0.012693156732891833	0.01434878587196468	0.0016556291390728477	0.0005518763796909492	0.0041390728476821195	0.03835540838852097	0.01131346578366446	0.0041390728476821195	0.018763796909492272	0.023730684326710817	0.005518763796909493	0.0024834437086092716	0.016280353200883002	0.05491169977924945	0.01020971302428256	0.003863134657836645	0.02207505518763797	0.03614790286975717	0.0074503311258278145	0.003863134657836645	0.013520971302428256	0.033112582781456956	0.008554083885209713	0.003863134657836645	0.009933774834437087	0.0	0.005794701986754967	0.0	0.02262693156732892	0.02676600441501104	0.0024834437086092716	0.0024834437086092716	0.008278145695364239	0.029525386313465785	0.0030353200883002206	0.002207505518763797	0.00358719646799117	0.08995584988962473	0.015728476821192054	0.00772626931567329	0.04277041942604857
0.019315673289183224	0.008830022075055188	0.0019315673289183224	0.024834437086092714	0.04415011037527594	0.00772626931567329	0.006070640176600441	0.01683222958057395	0.0	0.0052428256070640175	0.0	0.017108167770419427	0.04056291390728477	0.02869757174392936	0.004966887417218543	0.048841059602649006	0.02455849889624724	0.008002207505518763	0.002207505518763797	0.020143487858719646	0.0369757174392936	0.004415011037527594	0.00358719646799117	0.013245033112582781	0.01434878587196468	0.0019315673289183224	0.0	0.004415011037527594	0.03835540838852097	0.010485651214128035	0.0052428256070640175	0.019591611479028697	0.023178807947019868	0.005518763796909493	0.0030353200883002206	0.016280353200883002	0.05573951434878587	0.011037527593818985	0.0027593818984547464	0.02152317880794702	0.0358719646799117	0.00772626931567329	0.0041390728476821195	0.013245033112582781	0.03394039735099338	0.008278145695364239	0.0030353200883002206	0.01020971302428256	0.0	0.006070640176600441	0.0	0.022350993377483443	0.02676600441501104	0.0024834437086092716	0.0024834437086092716	0.008278145695364239	0.029801324503311258	0.0030353200883002206	0.0019315673289183224	0.00358719646799117	0.08830022075055188	0.016280353200883002	0.008278145695364239	0.042218543046357616
0.01903973509933775	0.009105960264900662	0.002207505518763797	0.02455849889624724	0.043322295805739514	0.008002207505518763	0.006898454746136865	0.016556291390728478	0.0	0.005518763796909493	0.0	0.01683222958057395	0.04056291390728477	0.027869757174392936	0.004966887417218543	0.04966887417218543	0.024834437086092714	0.008002207505518763	0.0019315673289183224	0.020143487858719646	0.037251655629139076	0.004415011037527594	0.0030353200883002206	0.013520971302428256	0.01434878587196468	0.0016556291390728477	0.0	0.004690949227373068	0.03863134657836645	0.010485651214128035	0.004966887417218543	0.019867549668874173	0.023730684326710817	0.0052428256070640175	0.0024834437086092716	0.016556291390728478	0.05601545253863135	0.011589403973509934	0.0030353200883002206	0.02041942604856512	0.0358719646799117	0.00772626931567329	0.0041390728476821195	0.013245033112582781	0.033112582781456956	0.008278145695364239	0.00358719646799117	0.010485651214128035	0.0	0.006622516556291391	0.0	0.021799116997792495	0.026214128035320087	0.0024834437086092716	0.0033112582781456954	0.008002207505518763	0.029525386313465785	0.0030353200883002206	0.002207505518763797	0.00358719646799117	0.0869205298013245	0.016004415011037526	0.009381898454746136	0.04249448123620309
0.019315673289183224	0.01020971302428256	0.0019315673289183224	0.02345474613686534	0.04470198675496689	0.008278145695364239	0.0052428256070640175	0.016556291390728478	0.0	0.005518763796909493	0.0	0.01683222958057395	0.041390728476821195	0.027869757174392936	0.0041390728476821195	0.04966887417218543	0.02511037527593819	0.008002207505518763	0.0016556291390728477	0.020143487858719646	0.037527593818984545	0.004690949227373068	0.0027593818984547464	0.013245033112582781	0.014072847682119206	0.0016556291390728477	0.0005518763796909492	0.004415011037527594	0.04028697571743929	0.01076158940397351	0.004415011037527594	0.019591611479028697	0.024282560706401765	0.0052428256070640175	0.0019315673289183224	0.016556291390728478	0.054635761589403975	0.012693156732891833	0.004415011037527594	0.019315673289183224	0.03614790286975717	0.0074503311258278145	0.003863134657836645	0.013520971302428256	0.033388520971302425	0.00772626931567329	0.0033112582781456954	0.011037527593818985	0.0	0.0063465783664459164	0.0	0.02207505518763797	0.026214128035320087	0.002207505518763797	0.0033112582781456954	0.008278145695364239	0.029525386313465785	0.0027593818984547464	0.002207505518763797	0.003863134657836645	0.08471302428256071	0.015728476821192054	0.010485651214128035	0.04277041942604857
0.019591611479028697	0.010485651214128035	0.0016556291390728477	0.023178807947019868	0.04552980132450331	0.008554083885209713	0.004690949227373068	0.016004415011037526	0.0	0.005794701986754967	0.0	0.016556291390728478	0.04194260485651214	0.02869757174392936	0.00358719646799117	0.048841059602649006	0.02511037527593819	0.00772626931567329	0.0016556291390728477	0.02041942604856512	0.036699779249448124	0.004415011037527594	0.003863134657836645	0.013245033112582781	0.013520971302428256	0.0016556291390728477	0.0011037527593818985	0.004415011037527594	0.04083885209713024	0.010485651214128035	0.003863134657836645	0.020143487858719646	0.023178807947019868	0.0052428256070640175	0.0030353200883002206	0.016556291390728478	0.05380794701986755	0.012969094922737307	0.0052428256070640175	0.01903973509933775	0.03642384105960265	0.008002207505518763	0.00358719646799117	0.012969094922737307	0.032560706401766004	0.008278145695364239	0.004415011037527594	0.01020971302428256	0.0	0.0063465783664459164	0.0	0.02207505518763797	0.02704194260485651	0.0024834437086092716	0.002207505518763797	0.008278145695364239	0.029801324503311258	0.0033112582781456954	0.0019315673289183224	0.0033112582781456954	0.08278145695364239	0.015728476821192054	0.012141280353200883	0.04277041942604857
0.0184878587196468	0.01076158940397351	0.0027593818984547464	0.022902869757174392	0.04525386313465784	0.008830022075055188	0.004690949227373068	0.016004415011037526	0.0	0.005794701986754967	0.0	0.016556291390728478	0.042218543046357616	0.027869757174392936	0.0033112582781456954	0.04966887417218543	0.025386313465783666	0.008002207505518763	0.0013796909492273732	0.020143487858719646	0.0369757174392936	0.004966887417218543	0.00358719646799117	0.012693156732891833	0.012969094922737307	0.0016556291390728477	0.0019315673289183224	0.0041390728476821195	0.04056291390728477	0.009933774834437087	0.004690949227373068	0.02041942604856512	0.023178807947019868	0.0052428256070640175	0.0030353200883002206	0.016556291390728478	0.05408388520971302	0.012141280353200883	0.0052428256070640175	0.019591611479028697	0.03642384105960265	0.00772626931567329	0.0033112582781456954	0.013520971302428256	0.03283664459161148	0.008278145695364239	0.004415011037527594	0.009933774834437087	0.0	0.006622516556291391	0.0	0.021799116997792495	0.026490066225165563	0.0027593818984547464	0.0027593818984547464	0.008002207505518763	0.029525386313465785	0.0033112582781456954	0.002207505518763797	0.0033112582781456954	0.08333333333333333	0.014900662251655629	0.01131346578366446	0.04359823399558499
0.0184878587196468	0.01076158940397351	0.0027593818984547464	0.022902869757174392	0.04525386313465784	0.009105960264900662	0.004690949227373068	0.015728476821192054	0.0	0.005794701986754967	0.0	0.016556291390728478	0.04277041942604857	0.02759381898454746	0.0027593818984547464	0.0499448123620309	0.02511037527593819	0.00772626931567329	0.0016556291390728477	0.02041942604856512	0.03642384105960265	0.004966887417218543	0.0041390728476821195	0.012693156732891833	0.013245033112582781	0.0016556291390728477	0.0019315673289183224	0.003863134657836645	0.04083885209713024	0.010485651214128035	0.0041390728476821195	0.019591611479028697	0.023178807947019868	0.0052428256070640175	0.0030353200883002206	0.016556291390728478	0.05380794701986755	0.012141280353200883	0.005518763796909493	0.019591611479028697	0.03642384105960265	0.00717439293598234	0.0030353200883002206	0.01434878587196468	0.032560706401766004	0.008830022075055188	0.004415011037527594	0.009657836644591612	0.0	0.0063465783664459164	0.0	0.02207505518763797	0.026490066225165563	0.0033112582781456954	0.0024834437086092716	0.00772626931567329	0.02924944812362031	0.0033112582781456954	0.0024834437086092716	0.0033112582781456954	0.0836092715231788	0.016004415011037526	0.011589403973509934	0.04249448123620309
0.0184878587196468	0.01076158940397351	0.0027593818984547464	0.022902869757174392	0.04608167770419426	0.009105960264900662	0.0041390728476821195	0.01545253863134658	0.0	0.006070640176600441	0.0	0.016280353200883002	0.043322295805739514	0.02759381898454746	0.002207505518763797	0.0499448123620309	0.024834437086092714	0.00772626931567329	0.0019315673289183224	0.02041942604856512	0.0358719646799117	0.0052428256070640175	0.004690949227373068	0.012417218543046357	0.013245033112582781	0.0019315673289183224	0.0016556291390728477	0.003863134657836645	0.041390728476821195	0.01076158940397351	0.0033112582781456954	0.019315673289183224	0.022902869757174392	0.005794701986754967	0.0033112582781456954	0.016004415011037526	0.05380794701986755	0.011589403973509934	0.006070640176600441	0.019591611479028697	0.03559602649006623	0.00772626931567329	0.00358719646799117	0.014072847682119206	0.032560706401766004	0.009105960264900662	0.0041390728476821195	0.009657836644591612	0.0	0.0063465783664459164	0.0	0.02207505518763797	0.02676600441501104	0.0030353200883002206	0.002207505518763797	0.008002207505518763	0.029525386313465785	0.0027593818984547464	0.002207505518763797	0.003863134657836645	0.0836092715231788	0.015176600441501103	0.011865342163355408	0.043322295805739514
0.018763796909492272	0.011037527593818985	0.0024834437086092716	0.02262693156732892	0.04552980132450331	0.009105960264900662	0.004690949227373068	0.01545253863134658	0.0	0.006070640176600441	0.0	0.016280353200883002	0.04249448123620309	0.026490066225165563	0.0030353200883002206	0.0510485651214128	0.024282560706401765	0.008002207505518763	0.0024834437086092716	0.020143487858719646	0.03642384105960265	0.005518763796909493	0.0041390728476821195	0.012141280353200883	0.013520971302428256	0.0019315673289183224	0.0013796909492273732	0.003863134657836645	0.03945916114790287	0.011037527593818985	0.0033112582781456954	0.019315673289183224	0.022902869757174392	0.005794701986754967	0.0033112582781456954	0.016004415011037526	0.054635761589403975	0.01131346578366446	0.005518763796909493	0.019591611479028697	0.0358719646799117	0.006898454746136865	0.00358719646799117	0.014624724061810155	0.0336644591611479	0.009381898454746136	0.0030353200883002206	0.009381898454746136	0.0	0.00717439293598234	0.0	0.021247240618101546	0.026490066225165563	0.0033112582781456954	0.0024834437086092716	0.00772626931567329	0.029801324503311258	0.0027593818984547464	0.0019315673289183224	0.003863134657836645	0.0836092715231788	0.01545253863134658	0.013520971302428256	0.04304635761589404
0.018763796909492272	0.01076158940397351	0.0024834437086092716	0.022902869757174392	0.04525386313465784	0.009381898454746136	0.004966887417218543	0.015176600441501103	0.0	0.005518763796909493	0.0	0.01683222958057395	0.041390728476821195	0.027869757174392936	0.0041390728476821195	0.04966887417218543	0.024282560706401765	0.00772626931567329	0.0024834437086092716	0.02041942604856512	0.0358719646799117	0.005794701986754967	0.004690949227373068	0.011865342163355408	0.01379690949227373	0.0019315673289183224	0.0011037527593818985	0.003863134657836645	0.04083885209713024	0.01076158940397351	0.0024834437086092716	0.019867549668874173	0.02262693156732892	0.0063465783664459164	0.00358719646799117	0.01545253863134658	0.055463576158940396	0.01131346578366446	0.0052428256070640175	0.01903973509933775	0.03559602649006623	0.0063465783664459164	0.0041390728476821195	0.014900662251655629	0.03394039735099338	0.009381898454746136	0.0027593818984547464	0.009381898454746136	0.0	0.00717439293598234	0.0	0.021247240618101546	0.02676600441501104	0.00358719646799117	0.002207505518763797	0.0074503311258278145	0.030077262693156734	0.0027593818984547464	0.0016556291390728477	0.003863134657836645	0.08278145695364239	0.015176600441501103	0.013520971302428256	0.043322295805739514
0.0184878587196468	0.01020971302428256	0.0027593818984547464	0.02345474613686534	0.04552980132450331	0.008830022075055188	0.004415011037527594	0.016004415011037526	0.0	0.005518763796909493	0.0	0.01683222958057395	0.04083885209713024	0.02869757174392936	0.004690949227373068	0.048841059602649006	0.02455849889624724	0.0074503311258278145	0.002207505518763797	0.020695364238410598	0.03642384105960265	0.006070640176600441	0.004415011037527594	0.01131346578366446	0.01434878587196468	0.0019315673289183224	0.0005518763796909492	0.003863134657836645	0.04056291390728477	0.009933774834437087	0.0016556291390728477	0.020695364238410598	0.022350993377483443	0.0063465783664459164	0.003863134657836645	0.01545253863134658	0.055463576158940396	0.01131346578366446	0.005518763796909493	0.018763796909492272	0.0358719646799117	0.006070640176600441	0.00358719646799117	0.01545253863134658	0.03394039735099338	0.008830022075055188	0.0027593818984547464	0.009933774834437087	0.0	0.0074503311258278145	0.0	0.02097130242825607	0.026490066225165563	0.00358719646799117	0.0024834437086092716	0.0074503311258278145	0.029801324503311258	0.0027593818984547464	0.0019315673289183224	0.003863134657836645	0.08554083885209714	0.01545253863134658	0.011865342163355408	0.04304635761589404
0.01903973509933775	0.01020971302428256	0.002207505518763797	0.02345474613686534	0.04525386313465784	0.009381898454746136	0.004415011037527594	0.015728476821192054	0.0	0.005518763796909493	0.0	0.01683222958057395	0.041390728476821195	0.02704194260485651	0.0041390728476821195	0.050496688741721855	0.024282560706401765	0.0074503311258278145	0.0024834437086092716	0.020695364238410598	0.037251655629139076	0.0063465783664459164	0.00358719646799117	0.011037527593818985	0.014072847682119206	0.0019315673289183224	0.0008278145695364238	0.003863134657836645	0.041390728476821195	0.009933774834437087	0.0027593818984547464	0.019867549668874173	0.02207505518763797	0.006622516556291391	0.0041390728476821195	0.015176600441501103	0.056291390728476824	0.011589403973509934	0.004690949227373068	0.0184878587196468	0.036699779249448124	0.005794701986754967	0.0027593818984547464	0.015728476821192054	0.03394039735099338	0.008830022075055188	0.0030353200883002206	0.009657836644591612	0.0	0.00772626931567329	0.0	0.020695364238410598	0.02704194260485651	0.0033112582781456954	0.002207505518763797	0.0074503311258278145	0.030353200883002206	0.0027593818984547464	0.0013796909492273732	0.003863134657836645	0.0858167770419426	0.01545253863134658	0.010485651214128035	0.04304635761589404
0.019315673289183224	0.010485651214128035	0.0019315673289183224	0.023178807947019868	0.04608167770419426	0.009933774834437087	0.00358719646799117	0.015176600441501103	0.0	0.005518763796909493	0.0	0.01683222958057395	0.04083885209713024	0.026490066225165563	0.004690949227373068	0.0510485651214128	0.024282560706401765	0.00772626931567329	0.0024834437086092716	0.02041942604856512	0.0369757174392936	0.0063465783664459164	0.0041390728476821195	0.01076158940397351	0.014072847682119206	0.0019315673289183224	0.0008278145695364238	0.003863134657836645	0.04028697571743929	0.010485651214128035	0.00358719646799117	0.019591611479028697	0.02207505518763797	0.00717439293598234	0.0041390728476821195	0.014624724061810155	0.056291390728476824	0.011589403973509934	0.004966887417218543	0.018211920529801324	0.03642384105960265	0.006070640176600441	0.0030353200883002206	0.01545253863134658	0.03394039735099338	0.008830022075055188	0.0030353200883002206	0.009657836644591612	0.0	0.0074503311258278145	0.0	0.02097130242825607	0.02759381898454746	0.0033112582781456954	0.0013796909492273732	0.00772626931567329	0.030629139072847682	0.0024834437086092716	0.0011037527593818985	0.0041390728476821195	0.08609271523178808	0.016004415011037526	0.01020971302428256	0.04249448123620309
0.019315673289183224	0.01076158940397351	0.0019315673289183224	0.022902869757174392	0.04690949227373068	0.009381898454746136	0.0027593818984547464	0.015728476821192054	0.0	0.005794701986754967	0.0	0.016556291390728478	0.04111479028697572	0.027317880794701987	0.004415011037527594	0.05022075055187638	0.024006622516556293	0.00772626931567329	0.0027593818984547464	0.02041942604856512	0.03835540838852097	0.0063465783664459164	0.0027593818984547464	0.01076158940397351	0.01379690949227373	0.0016556291390728477	0.0011037527593818985	0.0041390728476821195	0.04001103752759382	0.010485651214128035	0.0030353200883002206	0.019591611479028697	0.022350993377483443	0.006898454746136865	0.003863134657836645	0.014900662251655629	0.05656732891832229	0.011589403973509934	0.004966887417218543	0.01793598233995585	0.03642384105960265	0.0052428256070640175	0.0030353200883002206	0.016280353200883002	0.033388520971302425	0.008830022075055188	0.00358719646799117	0.009657836644591612	0.0	0.00717439293598234	0.0	0.021247240618101546	0.02759381898454746	0.0033112582781456954	0.0016556291390728477	0.0074503311258278145	0.030077262693156734	0.0024834437086092716	0.0016556291390728477	0.0041390728476821195	0.08747240618101546	0.015728476821192054	0.009657836644591612	0.04277041942604857
0.019867549668874173	0.010485651214128035	0.0013796909492273732	0.023178807947019868	0.04663355408388521	0.009657836644591612	0.0030353200883002206	0.01545253863134658	0.0	0.005794701986754967	0.0	0.016556291390728478	0.04111479028697572	0.026490066225165563	0.004415011037527594	0.0510485651214128	0.02455849889624724	0.0074503311258278145	0.002207505518763797	0.020695364238410598	0.0380794701986755	0.0063465783664459164	0.0030353200883002206	0.01076158940397351	0.013245033112582781	0.0016556291390728477	0.0016556291390728477	0.0041390728476821195	0.039183222958057394	0.010485651214128035	0.0033112582781456954	0.019591611479028697	0.022350993377483443	0.0063465783664459164	0.003863134657836645	0.01545253863134658	0.0576710816777042	0.011589403973509934	0.0041390728476821195	0.017660044150110375	0.036699779249448124	0.0052428256070640175	0.0024834437086092716	0.016556291390728478	0.033388520971302425	0.009381898454746136	0.00358719646799117	0.009105960264900662	0.0	0.008002207505518763	0.0	0.02041942604856512	0.027317880794701987	0.0033112582781456954	0.0016556291390728477	0.00772626931567329	0.030077262693156734	0.002207505518763797	0.0016556291390728477	0.004415011037527594	0.08664459161147903	0.016280353200883002	0.011037527593818985	0.042218543046357616
0.019591611479028697	0.009933774834437087	0.0016556291390728477	0.023730684326710817	0.04608167770419426	0.009381898454746136	0.003863134657836645	0.01545253863134658	0.0	0.005794701986754967	0.0	0.016556291390728478	0.04083885209713024	0.02676600441501104	0.004690949227373068	0.05077262693156733	0.024834437086092714	0.0074503311258278145	0.0019315673289183224	0.020695364238410598	0.03780353200883002	0.006622516556291391	0.0030353200883002206	0.01076158940397351	0.01379690949227373	0.0013796909492273732	0.0013796909492273732	0.0041390728476821195	0.039183222958057394	0.009381898454746136	0.0030353200883002206	0.020143487858719646	0.022902869757174392	0.006622516556291391	0.0033112582781456954	0.015176600441501103	0.057119205298013245	0.01131346578366446	0.0052428256070640175	0.0173841059602649	0.0358719646799117	0.0052428256070640175	0.0033112582781456954	0.016556291390728478	0.03394039735099338	0.009381898454746136	0.0030353200883002206	0.009105960264900662	0.0	0.0074503311258278145	0.0	0.02097130242825607	0.02704194260485651	0.0030353200883002206	0.0019315673289183224	0.008002207505518763	0.030353200883002206	0.0027593818984547464	0.0013796909492273732	0.003863134657836645	0.0869205298013245	0.01683222958057395	0.011589403973509934	0.041666666666666664
0.019867549668874173	0.009933774834437087	0.0013796909492273732	0.023730684326710817	0.04608167770419426	0.009105960264900662	0.00358719646799117	0.016004415011037526	0.0	0.005518763796909493	0.0	0.01683222958057395	0.04083885209713024	0.026490066225165563	0.004690949227373068	0.0510485651214128	0.02511037527593819	0.0074503311258278145	0.0016556291390728477	0.020695364238410598	0.0380794701986755	0.0063465783664459164	0.0027593818984547464	0.011037527593818985	0.01379690949227373	0.0011037527593818985	0.0013796909492273732	0.004415011037527594	0.04056291390728477	0.008830022075055188	0.0024834437086092716	0.02041942604856512	0.023730684326710817	0.006622516556291391	0.0024834437086092716	0.015176600441501103	0.05739514348785872	0.011589403973509934	0.005518763796909493	0.016556291390728478	0.0358719646799117	0.006070640176600441	0.0030353200883002206	0.016004415011037526	0.0336644591611479	0.009933774834437087	0.0030353200883002206	0.008830022075055188	0.0	0.006898454746136865	0.0	0.02152317880794702	0.027317880794701987	0.0030353200883002206	0.0016556291390728477	0.008002207505518763	0.029525386313465785	0.0027593818984547464	0.002207505518763797	0.003863134657836645	0.08664459161147903	0.017660044150110375	0.01131346578366446	0.04083885209713024
0.019315673289183224	0.009933774834437087	0.0019315673289183224	0.023730684326710817	0.04552980132450331	0.009381898454746136	0.004415011037527594	0.01545253863134658	0.0	0.0052428256070640175	0.0	0.017108167770419427	0.042218543046357616	0.02676600441501104	0.0033112582781456954	0.05077262693156733	0.024834437086092714	0.00772626931567329	0.0019315673289183224	0.02041942604856512	0.03863134657836645	0.0063465783664459164	0.002207505518763797	0.011037527593818985	0.014072847682119206	0.0011037527593818985	0.0011037527593818985	0.004415011037527594	0.04111479028697572	0.009657836644591612	0.0016556291390728477	0.020143487858719646	0.024282560706401765	0.0063465783664459164	0.0019315673289183224	0.01545253863134658	0.05822295805739514	0.010485651214128035	0.004690949227373068	0.017660044150110375	0.0358719646799117	0.005794701986754967	0.0030353200883002206	0.016280353200883002	0.033112582781456956	0.009657836644591612	0.0033112582781456954	0.009381898454746136	0.0	0.006898454746136865	0.0	0.02152317880794702	0.02704194260485651	0.0030353200883002206	0.0019315673289183224	0.008002207505518763	0.029525386313465785	0.0027593818984547464	0.002207505518763797	0.003863134657836645	0.0869205298013245	0.01683222958057395	0.01076158940397351	0.041666666666666664
0.019591611479028697	0.01020971302428256	0.0016556291390728477	0.02345474613686534	0.046357615894039736	0.009105960264900662	0.00358719646799117	0.015728476821192054	0.0	0.0052428256070640175	0.0	0.017108167770419427	0.04111479028697572	0.02704194260485651	0.004415011037527594	0.050496688741721855	0.02511037527593819	0.0074503311258278145	0.0016556291390728477	0.020695364238410598	0.03863134657836645	0.006622516556291391	0.002207505518763797	0.01076158940397351	0.013520971302428256	0.0013796909492273732	0.0011037527593818985	0.004690949227373068	0.041666666666666664	0.009381898454746136	0.0019315673289183224	0.019867549668874173	0.023730684326710817	0.006070640176600441	0.0024834437086092716	0.015728476821192054	0.058774834437086095	0.009657836644591612	0.004415011037527594	0.018211920529801324	0.03614790286975717	0.006070640176600441	0.0030353200883002206	0.015728476821192054	0.03421633554083885	0.008554083885209713	0.0027593818984547464	0.009933774834437087	0.0	0.006898454746136865	0.0	0.02152317880794702	0.02676600441501104	0.0027593818984547464	0.002207505518763797	0.008278145695364239	0.02924944812362031	0.0027593818984547464	0.0024834437086092716	0.003863134657836645	0.08774834437086093	0.01683222958057395	0.009657836644591612	0.041666666666666664
0.019591611479028697	0.010485651214128035	0.0016556291390728477	0.023178807947019868	0.04663355408388521	0.009381898454746136	0.0033112582781456954	0.01545253863134658	0.0	0.0052428256070640175	0.0	0.017108167770419427	0.041666666666666664	0.027317880794701987	0.003863134657836645	0.05022075055187638	0.02511037527593819	0.008002207505518763	0.0016556291390728477	0.020143487858719646	0.03863134657836645	0.006622516556291391	0.002207505518763797	0.01076158940397351	0.013520971302428256	0.0013796909492273732	0.0011037527593818985	0.004690949227373068	0.04083885209713024	0.009657836644591612	0.0024834437086092716	0.019591611479028697	0.024006622516556293	0.006070640176600441	0.002207505518763797	0.015728476821192054	0.05822295805739514	0.009657836644591612	0.004415011037527594	0.018763796909492272	0.0369757174392936	0.004966887417218543	0.0027593818984547464	0.016280353200883002	0.0347682119205298	0.008278145695364239	0.0019315673289183224	0.010485651214128035	0.0	0.006898454746136865	0.0	0.02152317880794702	0.02704194260485651	0.0024834437086092716	0.002207505518763797	0.008278145695364239	0.02924944812362031	0.0027593818984547464	0.0024834437086092716	0.003863134657836645	0.08857615894039735	0.016556291390728478	0.009105960264900662	0.04194260485651214
0.019591611479028697	0.01076158940397351	0.0016556291390728477	0.022902869757174392	0.04663355408388521	0.009105960264900662	0.0033112582781456954	0.015728476821192054	0.0	0.005518763796909493	0.0	0.01683222958057395	0.04194260485651214	0.027317880794701987	0.00358719646799117	0.05022075055187638	0.024834437086092714	0.00772626931567329	0.0019315673289183224	0.02041942604856512	0.037527593818984545	0.0063465783664459164	0.0030353200883002206	0.01131346578366446	0.01379690949227373	0.0016556291390728477	0.0008278145695364238	0.004415011037527594	0.04083885209713024	0.009381898454746136	0.0027593818984547464	0.019315673289183224	0.02455849889624724	0.006070640176600441	0.0016556291390728477	0.015728476821192054	0.058774834437086095	0.01020971302428256	0.0041390728476821195	0.01793598233995585	0.036699779249448124	0.004966887417218543	0.0030353200883002206	0.016280353200883002	0.03421633554083885	0.008002207505518763	0.0027593818984547464	0.010485651214128035	0.0	0.006622516556291391	0.0	0.021799116997792495	0.026214128035320087	0.0024834437086092716	0.0027593818984547464	0.008554083885209713	0.029525386313465785	0.0027593818984547464	0.002207505518763797	0.003863134657836645	0.08967991169977925	0.0173841059602649	0.008278145695364239	0.04111479028697572
0.019867549668874173	0.010485651214128035	0.0013796909492273732	0.023178807947019868	0.04746136865342163	0.009105960264900662	0.0027593818984547464	0.01545253863134658	0.0	0.005518763796909493	0.0	0.01683222958057395	0.041390728476821195	0.028421633554083885	0.0041390728476821195	0.04911699779249448	0.02566225165562914	0.00772626931567329	0.0011037527593818985	0.02041942604856512	0.0369757174392936	0.0063465783664459164	0.00358719646799117	0.01131346578366446	0.01379690949227373	0.0016556291390728477	0.0008278145695364238	0.004415011037527594	0.04111479028697572	0.008554083885209713	0.0030353200883002206	0.019867549668874173	0.023730684326710817	0.006070640176600441	0.0024834437086092716	0.015728476821192054	0.05905077262693157	0.010485651214128035	0.003863134657836645	0.017660044150110375	0.036699779249448124	0.004690949227373068	0.0030353200883002206	0.016556291390728478	0.03421633554083885	0.00772626931567329	0.0030353200883002206	0.010485651214128035	0.0	0.006622516556291391	0.0	0.021799116997792495	0.025938189845474614	0.0024834437086092716	0.0030353200883002206	0.008554083885209713	0.029801324503311258	0.0027593818984547464	0.0019315673289183224	0.003863134657836645	0.09050772626931568	0.0173841059602649	0.00717439293598234	0.04111479028697572
0.019591611479028697	0.01020971302428256	0.0016556291390728477	0.02345474613686534	0.04746136865342163	0.009105960264900662	0.0024834437086092716	0.015728476821192054	0.0	0.005518763796909493	0.0	0.01683222958057395	0.04111479028697572	0.02759381898454746	0.004415011037527594	0.0499448123620309	0.02455849889624724	0.008002207505518763	0.002207505518763797	0.020143487858719646	0.0369757174392936	0.006070640176600441	0.0033112582781456954	0.011865342163355408	0.014072847682119206	0.0016556291390728477	0.0005518763796909492	0.004415011037527594	0.04028697571743929	0.009105960264900662	0.0041390728476821195	0.019315673289183224	0.02455849889624724	0.006070640176600441	0.0016556291390728477	0.015728476821192054	0.05987858719646799	0.009657836644591612	0.0030353200883002206	0.0184878587196468	0.037251655629139076	0.004690949227373068	0.0027593818984547464	0.016280353200883002	0.03421633554083885	0.008278145695364239	0.0030353200883002206	0.009933774834437087	0.0	0.006622516556291391	0.0	0.021799116997792495	0.026214128035320087	0.0024834437086092716	0.0027593818984547464	0.008554083885209713	0.028973509933774833	0.0027593818984547464	0.0027593818984547464	0.003863134657836645	0.08967991169977925	0.01793598233995585	0.00772626931567329	0.04056291390728477
0.019867549668874173	0.009933774834437087	0.0013796909492273732	0.023730684326710817	0.04718543046357616	0.008830022075055188	0.0027593818984547464	0.016004415011037526	0.0	0.005518763796909493	0.0	0.01683222958057395	0.04028697571743929	0.02759381898454746	0.0052428256070640175	0.0499448123620309	0.02455849889624724	0.008002207505518763	0.002207505518763797	0.020143487858719646	0.0369757174392936	0.005794701986754967	0.0033112582781456954	0.012141280353200883	0.014072847682119206	0.0016556291390728477	0.0002759381898454746	0.004690949227373068	0.039183222958057394	0.009381898454746136	0.004966887417218543	0.01903973509933775	0.02455849889624724	0.0063465783664459164	0.0016556291390728477	0.01545253863134658	0.05905077262693157	0.009657836644591612	0.00358719646799117	0.018763796909492272	0.0369757174392936	0.004690949227373068	0.0033112582781456954	0.016004415011037526	0.03421633554083885	0.00772626931567329	0.0030353200883002206	0.010485651214128035	0.0	0.006622516556291391	0.0	0.021799116997792495	0.026490066225165563	0.0024834437086092716	0.0024834437086092716	0.008554083885209713	0.029525386313465785	0.0027593818984547464	0.002207505518763797	0.003863134657836645	0.08940397350993377	0.01793598233995585	0.008278145695364239	0.04056291390728477
0.019867549668874173	0.009933774834437087	0.0013796909492273732	0.023730684326710817	0.04746136865342163	0.008278145695364239	0.0027593818984547464	0.016280353200883002	0.0	0.005518763796909493	0.0	0.01683222958057395	0.04083885209713024	0.02759381898454746	0.004690949227373068	0.0499448123620309	0.024834437086092714	0.008002207505518763	0.0019315673289183224	0.020143487858719646	0.036699779249448124	0.005794701986754967	0.00358719646799117	0.012141280353200883	0.01434878587196468	0.0019315673289183224	0.0	0.004415011037527594	0.04028697571743929	0.009381898454746136	0.004415011037527594	0.019315673289183224	0.02345474613686534	0.006622516556291391	0.0027593818984547464	0.015176600441501103	0.05932671081677704	0.009381898454746136	0.003863134657836645	0.0184878587196468	0.0369757174392936	0.004415011037527594	0.0033112582781456954	0.016280353200883002	0.03449227373068433	0.0074503311258278145	0.0030353200883002206	0.010485651214128035	0.0	0.006622516556291391	0.0	0.021799116997792495	0.026490066225165563	0.0024834437086092716	0.0030353200883002206	0.008002207505518763	0.029525386313465785	0.0024834437086092716	0.002207505518763797	0.0041390728476821195	0.0891280353200883	0.01793598233995585	0.00772626931567329	0.04056291390728477
0.020143487858719646	0.01020971302428256	0.0011037527593818985	0.02345474613686534	0.04746136865342163	0.008554083885209713	0.0027593818984547464	0.016004415011037526	0.0	0.005518763796909493	0.0	0.01683222958057395	0.04083885209713024	0.027869757174392936	0.004690949227373068	0.04966887417218543	0.024834437086092714	0.008278145695364239	0.0019315673289183224	0.019867549668874173	0.037251655629139076	0.006070640176600441	0.0030353200883002206	0.011865342163355408	0.014072847682119206	0.0016556291390728477	0.0002759381898454746	0.004690949227373068	0.04083885209713024	0.009933774834437087	0.0041390728476821195	0.01903973509933775	0.023178807947019868	0.0063465783664459164	0.0030353200883002206	0.01545253863134658	0.05905077262693157	0.009657836644591612	0.004415011037527594	0.01793598233995585	0.037251655629139076	0.0041390728476821195	0.0033112582781456954	0.016280353200883002	0.03394039735099338	0.00772626931567329	0.00358719646799117	0.01020971302428256	0.0	0.006622516556291391	0.0	0.021799116997792495	0.026490066225165563	0.002207505518763797	0.0030353200883002206	0.008278145695364239	0.028973509933774833	0.002207505518763797	0.0027593818984547464	0.004415011037527594	0.08885209713024282	0.01793598233995585	0.0074503311258278145	0.04056291390728477
0.020143487858719646	0.01020971302428256	0.0011037527593818985	0.02345474613686534	0.04746136865342163	0.008278145695364239	0.0027593818984547464	0.016280353200883002	0.0	0.004966887417218543	0.0	0.0173841059602649	0.041666666666666664	0.027869757174392936	0.003863134657836645	0.04966887417218543	0.02511037527593819	0.008278145695364239	0.0016556291390728477	0.019867549668874173	0.037527593818984545	0.006070640176600441	0.0027593818984547464	0.011865342163355408	0.01379690949227373	0.0019315673289183224	0.0005518763796909492	0.004415011037527594	0.04028697571743929	0.009381898454746136	0.004966887417218543	0.018763796909492272	0.023178807947019868	0.0063465783664459164	0.0030353200883002206	0.01545253863134658	0.05987858719646799	0.009933774834437087	0.00358719646799117	0.017660044150110375	0.036699779249448124	0.0041390728476821195	0.003863134657836645	0.016280353200883002	0.033388520971302425	0.00772626931567329	0.0041390728476821195	0.01020971302428256	0.0	0.00717439293598234	0.0	0.021247240618101546	0.02676600441501104	0.002207505518763797	0.0027593818984547464	0.008278145695364239	0.028973509933774833	0.0019315673289183224	0.0027593818984547464	0.004690949227373068	0.0902317880794702	0.017660044150110375	0.006622516556291391	0.04083885209713024
0.020143487858719646	0.009933774834437087	0.0011037527593818985	0.023730684326710817	0.04663355408388521	0.00772626931567329	0.003863134657836645	0.016556291390728478	0.0	0.0052428256070640175	0.0	0.017108167770419427	0.041666666666666664	0.02704194260485651	0.003863134657836645	0.050496688741721855	0.025386313465783666	0.008830022075055188	0.0013796909492273732	0.019315673289183224	0.0369757174392936	0.0063465783664459164	0.0033112582781456954	0.011589403973509934	0.013520971302428256	0.0019315673289183224	0.0008278145695364238	0.004415011037527594	0.04028697571743929	0.009381898454746136	0.004415011037527594	0.01903973509933775	0.022902869757174392	0.006622516556291391	0.0033112582781456954	0.015176600441501103	0.05932671081677704	0.009381898454746136	0.004690949227373068	0.017660044150110375	0.0369757174392936	0.003863134657836645	0.003863134657836645	0.016280353200883002	0.03449227373068433	0.0074503311258278145	0.0030353200883002206	0.010485651214128035	0.0	0.006898454746136865	0.0	0.02152317880794702	0.02676600441501104	0.0024834437086092716	0.0024834437086092716	0.008278145695364239	0.028973509933774833	0.0016556291390728477	0.0027593818984547464	0.004966887417218543	0.08940397350993377	0.0184878587196468	0.00772626931567329	0.04001103752759382
0.019867549668874173	0.009381898454746136	0.0013796909492273732	0.024282560706401765	0.046357615894039736	0.00772626931567329	0.004415011037527594	0.016280353200883002	0.0	0.006070640176600441	0.0	0.016280353200883002	0.04111479028697572	0.026490066225165563	0.004415011037527594	0.0510485651214128	0.02511037527593819	0.008830022075055188	0.0016556291390728477	0.019315673289183224	0.03642384105960265	0.006898454746136865	0.0041390728476821195	0.01076158940397351	0.013245033112582781	0.0019315673289183224	0.0011037527593818985	0.004415011037527594	0.03945916114790287	0.009657836644591612	0.004690949227373068	0.018763796909492272	0.02262693156732892	0.006622516556291391	0.00358719646799117	0.015176600441501103	0.06070640176600441	0.009105960264900662	0.00358719646799117	0.017660044150110375	0.03614790286975717	0.003863134657836645	0.004690949227373068	0.016280353200883002	0.03449227373068433	0.008002207505518763	0.0027593818984547464	0.01020971302428256	0.0	0.0074503311258278145	0.0	0.02097130242825607	0.02676600441501104	0.0024834437086092716	0.0024834437086092716	0.008278145695364239	0.029801324503311258	0.0016556291390728477	0.0019315673289183224	0.004966887417218543	0.0902317880794702	0.017660044150110375	0.0074503311258278145	0.04083885209713024
0.018763796909492272	0.009657836644591612	0.0024834437086092716	0.024006622516556293	0.04690949227373068	0.0074503311258278145	0.0041390728476821195	0.016280353200883002	0.0	0.006622516556291391	0.0	0.015728476821192054	0.04111479028697572	0.026490066225165563	0.004415011037527594	0.0510485651214128	0.02511037527593819	0.008830022075055188	0.0016556291390728477	0.019315673289183224	0.03642384105960265	0.006898454746136865	0.0041390728476821195	0.01076158940397351	0.013520971302428256	0.0019315673289183224	0.0008278145695364238	0.004415011037527594	0.03945916114790287	0.009933774834437087	0.004966887417218543	0.017660044150110375	0.022902869757174392	0.006898454746136865	0.0033112582781456954	0.014900662251655629	0.06015452538631347	0.008830022075055188	0.0041390728476821195	0.01793598233995585	0.03614790286975717	0.0041390728476821195	0.004415011037527594	0.016280353200883002	0.03532008830022075	0.00772626931567329	0.0019315673289183224	0.010485651214128035	0.0	0.008002207505518763	0.0	0.02041942604856512	0.02759381898454746	0.0024834437086092716	0.0016556291390728477	0.008278145695364239	0.030077262693156734	0.0016556291390728477	0.0016556291390728477	0.004966887417218543	0.09078366445916115	0.01683222958057395	0.0074503311258278145	0.041666666666666664
0.018763796909492272	0.01020971302428256	0.0024834437086092716	0.02345474613686534	0.046357615894039736	0.00717439293598234	0.004690949227373068	0.016556291390728478	0.0	0.0063465783664459164	0.0	0.016004415011037526	0.04083885209713024	0.025938189845474614	0.004690949227373068	0.05160044150110375	0.024282560706401765	0.008830022075055188	0.0024834437086092716	0.019315673289183224	0.03614790286975717	0.00717439293598234	0.00358719646799117	0.01131346578366446	0.013245033112582781	0.0019315673289183224	0.0011037527593818985	0.004415011037527594	0.04056291390728477	0.009933774834437087	0.004690949227373068	0.0173841059602649	0.022902869757174392	0.0074503311258278145	0.0033112582781456954	0.01434878587196468	0.060430463576158944	0.008554083885209713	0.0041390728476821195	0.01793598233995585	0.036699779249448124	0.004415011037527594	0.0041390728476821195	0.015728476821192054	0.03532008830022075	0.00772626931567329	0.0024834437086092716	0.009933774834437087	0.0	0.008830022075055188	0.0	0.019591611479028697	0.02704194260485651	0.0027593818984547464	0.0019315673289183224	0.008278145695364239	0.030353200883002206	0.0016556291390728477	0.0013796909492273732	0.004966887417218543	0.09133554083885209	0.017660044150110375	0.0063465783664459164	0.04083885209713024
0.018763796909492272	0.01076158940397351	0.0024834437086092716	0.022902869757174392	0.04718543046357616	0.00717439293598234	0.003863134657836645	0.016556291390728478	0.0	0.006070640176600441	0.0	0.016280353200883002	0.04056291390728477	0.02566225165562914	0.004966887417218543	0.05187637969094923	0.024006622516556293	0.008830022075055188	0.0027593818984547464	0.019315673289183224	0.036699779249448124	0.006898454746136865	0.0033112582781456954	0.01131346578366446	0.013245033112582781	0.0019315673289183224	0.0011037527593818985	0.004415011037527594	0.04083885209713024	0.010485651214128035	0.003863134657836645	0.017108167770419427	0.02345474613686534	0.0074503311258278145	0.0027593818984547464	0.01434878587196468	0.05987858719646799	0.008554083885209713	0.0052428256070640175	0.0173841059602649	0.03642384105960265	0.0041390728476821195	0.004415011037527594	0.016004415011037526	0.035044150110375274	0.00772626931567329	0.0027593818984547464	0.009933774834437087	0.0	0.008830022075055188	0.0	0.019591611479028697	0.02676600441501104	0.0024834437086092716	0.002207505518763797	0.008554083885209713	0.030077262693156734	0.0016556291390728477	0.0016556291390728477	0.004966887417218543	0.092439293598234	0.017108167770419427	0.005518763796909493	0.041390728476821195
0.01903973509933775	0.010485651214128035	0.002207505518763797	0.023178807947019868	0.048013245033112585	0.00717439293598234	0.0033112582781456954	0.016280353200883002	0.0	0.006070640176600441	0.0	0.016280353200883002	0.04277041942604857	0.025386313465783666	0.0027593818984547464	0.052152317880794705	0.024282560706401765	0.008554083885209713	0.0024834437086092716	0.019591611479028697	0.036699779249448124	0.00717439293598234	0.0033112582781456954	0.011037527593818985	0.013245033112582781	0.0019315673289183224	0.0011037527593818985	0.004415011037527594	0.03945916114790287	0.009381898454746136	0.003863134657836645	0.01793598233995585	0.022902869757174392	0.006898454746136865	0.0033112582781456954	0.014900662251655629	0.06015452538631347	0.008554083885209713	0.0052428256070640175	0.017108167770419427	0.03532008830022075	0.004690949227373068	0.005518763796909493	0.01545253863134658	0.03532008830022075	0.00772626931567329	0.0024834437086092716	0.009933774834437087	0.0	0.009657836644591612	0.0	0.018763796909492272	0.026490066225165563	0.002207505518763797	0.0024834437086092716	0.008830022075055188	0.028973509933774833	0.0013796909492273732	0.0027593818984547464	0.0052428256070640175	0.09381898454746136	0.0173841059602649	0.005794701986754967	0.04111479028697572
0.019315673289183224	0.01076158940397351	0.0019315673289183224	0.022902869757174392	0.048289183222958054	0.006898454746136865	0.0033112582781456954	0.016280353200883002	0.0	0.006070640176600441	0.0	0.016280353200883002	0.04194260485651214	0.025386313465783666	0.00358719646799117	0.052152317880794705	0.024006622516556293	0.008554083885209713	0.0027593818984547464	0.019591611479028697	0.03642384105960265	0.0063465783664459164	0.003863134657836645	0.011589403973509934	0.013520971302428256	0.0013796909492273732	0.0011037527593818985	0.004690949227373068	0.03890728476821192	0.009657836644591612	0.004690949227373068	0.0173841059602649	0.022350993377483443	0.006622516556291391	0.003863134657836645	0.015176600441501103	0.060430463576158944	0.008554083885209713	0.004966887417218543	0.017108167770419427	0.0347682119205298	0.005794701986754967	0.004966887417218543	0.01545253863134658	0.0347682119205298	0.00717439293598234	0.0030353200883002206	0.010485651214128035	0.0	0.009657836644591612	0.0	0.018763796909492272	0.02676600441501104	0.0024834437086092716	0.002207505518763797	0.008554083885209713	0.02869757174392936	0.0016556291390728477	0.0030353200883002206	0.004966887417218543	0.09133554083885209	0.0173841059602649	0.008278145695364239	0.04111479028697572
0.01903973509933775	0.01131346578366446	0.002207505518763797	0.022350993377483443	0.048841059602649006	0.00717439293598234	0.0024834437086092716	0.016280353200883002	0.0	0.006070640176600441	0.0	0.016280353200883002	0.042218543046357616	0.025386313465783666	0.0033112582781456954	0.052152317880794705	0.023730684326710817	0.008554083885209713	0.0030353200883002206	0.019591611479028697	0.036699779249448124	0.006898454746136865	0.0030353200883002206	0.011589403973509934	0.01379690949227373	0.0013796909492273732	0.0008278145695364238	0.004690949227373068	0.04001103752759382	0.009657836644591612	0.0041390728476821195	0.017108167770419427	0.02262693156732892	0.006622516556291391	0.00358719646799117	0.015176600441501103	0.060430463576158944	0.009657836644591612	0.004690949227373068	0.016280353200883002	0.036699779249448124	0.005794701986754967	0.0030353200883002206	0.01545253863134658	0.03532008830022075	0.00717439293598234	0.0024834437086092716	0.010485651214128035	0.0	0.009381898454746136	0.0	0.01903973509933775	0.02704194260485651	0.0024834437086092716	0.0019315673289183224	0.008554083885209713	0.02869757174392936	0.0019315673289183224	0.0030353200883002206	0.004690949227373068	0.09161147902869757	0.017660044150110375	0.00772626931567329	0.04083885209713024
0.018763796909492272	0.011037527593818985	0.0024834437086092716	0.02262693156732892	0.048841059602649006	0.006898454746136865	0.0027593818984547464	0.016280353200883002	0.0	0.0063465783664459164	0.0	0.016004415011037526	0.042218543046357616	0.02511037527593819	0.0033112582781456954	0.052428256070640174	0.023730684326710817	0.008278145695364239	0.0030353200883002206	0.019867549668874173	0.03642384105960265	0.006622516556291391	0.00358719646799117	0.011589403973509934	0.01379690949227373	0.0016556291390728477	0.0008278145695364238	0.004415011037527594	0.04111479028697572	0.009933774834437087	0.0033112582781456954	0.016556291390728478	0.02207505518763797	0.006622516556291391	0.0041390728476821195	0.015176600441501103	0.061258278145695365	0.009933774834437087	0.004690949227373068	0.015176600441501103	0.03642384105960265	0.0063465783664459164	0.0033112582781456954	0.014900662251655629	0.0347682119205298	0.006898454746136865	0.0030353200883002206	0.01076158940397351	0.0	0.008830022075055188	0.0	0.019591611479028697	0.02704194260485651	0.002207505518763797	0.002207505518763797	0.008554083885209713	0.028145695364238412	0.002207505518763797	0.00358719646799117	0.004415011037527594	0.09161147902869757	0.017660044150110375	0.00772626931567329	0.04083885209713024
0.018763796909492272	0.01076158940397351	0.0024834437086092716	0.022902869757174392	0.048013245033112585	0.0074503311258278145	0.0033112582781456954	0.016004415011037526	0.0	0.006070640176600441	0.0	0.016280353200883002	0.04083885209713024	0.02455849889624724	0.004690949227373068	0.052980132450331126	0.023730684326710817	0.008554083885209713	0.0030353200883002206	0.019591611479028697	0.0369757174392936	0.006622516556291391	0.0033112582781456954	0.01131346578366446	0.012969094922737307	0.002207505518763797	0.0016556291390728477	0.003863134657836645	0.04111479028697572	0.009933774834437087	0.0033112582781456954	0.016556291390728478	0.022350993377483443	0.006622516556291391	0.003863134657836645	0.015176600441501103	0.06181015452538632	0.009933774834437087	0.0041390728476821195	0.015176600441501103	0.0358719646799117	0.006898454746136865	0.00358719646799117	0.014624724061810155	0.03449227373068433	0.006898454746136865	0.0033112582781456954	0.01076158940397351	0.0	0.008830022075055188	0.0	0.019591611479028697	0.027317880794701987	0.002207505518763797	0.0019315673289183224	0.008554083885209713	0.028421633554083885	0.0019315673289183224	0.0033112582781456954	0.004690949227373068	0.09078366445916115	0.01793598233995585	0.008554083885209713	0.04056291390728477
0.01903973509933775	0.01076158940397351	0.002207505518763797	0.022902869757174392	0.046357615894039736	0.00772626931567329	0.004966887417218543	0.015728476821192054	0.0	0.0052428256070640175	0.0	0.017108167770419427	0.04056291390728477	0.024282560706401765	0.004966887417218543	0.0532560706401766	0.023730684326710817	0.008278145695364239	0.0030353200883002206	0.019867549668874173	0.036699779249448124	0.006622516556291391	0.00358719646799117	0.01131346578366446	0.013245033112582781	0.0016556291390728477	0.0019315673289183224	0.003863134657836645	0.041666666666666664	0.009933774834437087	0.0041390728476821195	0.016004415011037526	0.023178807947019868	0.006898454746136865	0.0030353200883002206	0.014900662251655629	0.061258278145695365	0.009933774834437087	0.0041390728476821195	0.015728476821192054	0.03642384105960265	0.006898454746136865	0.0033112582781456954	0.01434878587196468	0.035044150110375274	0.006898454746136865	0.0030353200883002206	0.010485651214128035	0.0	0.009105960264900662	0.0	0.019315673289183224	0.027869757174392936	0.002207505518763797	0.0013796909492273732	0.008554083885209713	0.028145695364238412	0.0019315673289183224	0.00358719646799117	0.004690949227373068	0.0891280353200883	0.01793598233995585	0.009381898454746136	0.04056291390728477
0.01903973509933775	0.011037527593818985	0.002207505518763797	0.02262693156732892	0.04663355408388521	0.00772626931567329	0.004690949227373068	0.015728476821192054	0.0	0.005518763796909493	0.0	0.01683222958057395	0.041390728476821195	0.02455849889624724	0.0041390728476821195	0.052980132450331126	0.023730684326710817	0.008278145695364239	0.0030353200883002206	0.019867549668874173	0.0369757174392936	0.0063465783664459164	0.00358719646799117	0.01131346578366446	0.013520971302428256	0.0024834437086092716	0.0011037527593818985	0.00358719646799117	0.04056291390728477	0.01020971302428256	0.004415011037527594	0.01545253863134658	0.023178807947019868	0.00717439293598234	0.0030353200883002206	0.014624724061810155	0.061258278145695365	0.008830022075055188	0.004966887417218543	0.016004415011037526	0.0369757174392936	0.006898454746136865	0.0027593818984547464	0.01434878587196468	0.03532008830022075	0.006898454746136865	0.0027593818984547464	0.010485651214128035	0.0	0.009105960264900662	0.0	0.019315673289183224	0.028421633554083885	0.0024834437086092716	0.0008278145695364238	0.008278145695364239	0.027869757174392936	0.002207505518763797	0.003863134657836645	0.004415011037527594	0.09078366445916115	0.017108167770419427	0.008830022075055188	0.041390728476821195
0.01903973509933775	0.011865342163355408	0.002207505518763797	0.021799116997792495	0.04663355408388521	0.008002207505518763	0.004415011037527594	0.015728476821192054	0.0	0.005518763796909493	0.0	0.01683222958057395	0.042218543046357616	0.024282560706401765	0.0033112582781456954	0.0532560706401766	0.02345474613686534	0.008554083885209713	0.0033112582781456954	0.019591611479028697	0.037251655629139076	0.006622516556291391	0.003863134657836645	0.010485651214128035	0.013520971302428256	0.0027593818984547464	0.0011037527593818985	0.0033112582781456954	0.04083885209713024	0.009933774834437087	0.0041390728476821195	0.015728476821192054	0.023178807947019868	0.0063465783664459164	0.0030353200883002206	0.01545253863134658	0.062086092715231786	0.008830022075055188	0.004415011037527594	0.015728476821192054	0.037251655629139076	0.006898454746136865	0.0024834437086092716	0.01434878587196468	0.03449227373068433	0.0074503311258278145	0.003863134657836645	0.009657836644591612	0.0	0.009105960264900662	0.0	0.019315673289183224	0.028421633554083885	0.0024834437086092716	0.0008278145695364238	0.008278145695364239	0.028973509933774833	0.002207505518763797	0.0027593818984547464	0.004415011037527594	0.09050772626931568	0.016556291390728478	0.009105960264900662	0.04194260485651214
0.01903973509933775	0.01131346578366446	0.002207505518763797	0.022350993377483443	0.04773730684326711	0.00772626931567329	0.003863134657836645	0.01545253863134658	0.0	0.005794701986754967	0.0	0.016556291390728478	0.041666666666666664	0.02455849889624724	0.003863134657836645	0.052980132450331126	0.022902869757174392	0.008278145695364239	0.003863134657836645	0.019867549668874173	0.0369757174392936	0.0063465783664459164	0.0041390728476821195	0.01076158940397351	0.01379690949227373	0.0024834437086092716	0.0008278145695364238	0.00358719646799117	0.041390728476821195	0.009933774834437087	0.00358719646799117	0.015728476821192054	0.023178807947019868	0.006070640176600441	0.0030353200883002206	0.015728476821192054	0.062086092715231786	0.008830022075055188	0.004415011037527594	0.015728476821192054	0.0369757174392936	0.006622516556291391	0.0030353200883002206	0.01434878587196468	0.035044150110375274	0.006622516556291391	0.0033112582781456954	0.010485651214128035	0.0	0.008554083885209713	0.0	0.019867549668874173	0.027869757174392936	0.0030353200883002206	0.0013796909492273732	0.00772626931567329	0.028421633554083885	0.0024834437086092716	0.0033112582781456954	0.0041390728476821195	0.09105960264900662	0.01683222958057395	0.008554083885209713	0.041666666666666664
0.0184878587196468	0.01131346578366446	0.0027593818984547464	0.022350993377483443	0.04746136865342163	0.00717439293598234	0.0041390728476821195	0.016004415011037526	0.0	0.005794701986754967	0.0	0.016556291390728478	0.041390728476821195	0.024282560706401765	0.0041390728476821195	0.0532560706401766	0.023178807947019868	0.008278145695364239	0.00358719646799117	0.019867549668874173	0.0369757174392936	0.006622516556291391	0.003863134657836645	0.01076158940397351	0.013520971302428256	0.0024834437086092716	0.0011037527593818985	0.00358719646799117	0.039735099337748346	0.009657836644591612	0.0052428256070640175	0.016004415011037526	0.023730684326710817	0.006070640176600441	0.0024834437086092716	0.015728476821192054	0.06181015452538632	0.009105960264900662	0.004966887417218543	0.015176600441501103	0.037251655629139076	0.006898454746136865	0.0024834437086092716	0.01434878587196468	0.035044150110375274	0.0063465783664459164	0.0033112582781456954	0.01076158940397351	0.0	0.009381898454746136	0.0	0.01903973509933775	0.02759381898454746	0.0033112582781456954	0.002207505518763797	0.006898454746136865	0.028421633554083885	0.0024834437086092716	0.0033112582781456954	0.0041390728476821195	0.08995584988962473	0.017108167770419427	0.009657836644591612	0.041390728476821195
0.0184878587196468	0.01131346578366446	0.0027593818984547464	0.022350993377483443	0.04773730684326711	0.00717439293598234	0.00358719646799117	0.016280353200883002	0.0	0.0052428256070640175	0.0	0.017108167770419427	0.04083885209713024	0.024006622516556293	0.004690949227373068	0.05353200883002208	0.02262693156732892	0.008554083885209713	0.0041390728476821195	0.019591611479028697	0.03780353200883002	0.006622516556291391	0.0030353200883002206	0.01076158940397351	0.01379690949227373	0.0024834437086092716	0.0008278145695364238	0.00358719646799117	0.039735099337748346	0.009657836644591612	0.0052428256070640175	0.016280353200883002	0.024006622516556293	0.006070640176600441	0.002207505518763797	0.015728476821192054	0.06153421633554084	0.009381898454746136	0.0052428256070640175	0.014900662251655629	0.03835540838852097	0.0063465783664459164	0.0016556291390728477	0.014624724061810155	0.03559602649006623	0.006622516556291391	0.0027593818984547464	0.010485651214128035	0.0	0.009657836644591612	0.0	0.018763796909492272	0.027317880794701987	0.0033112582781456954	0.0024834437086092716	0.006898454746136865	0.02924944812362031	0.0024834437086092716	0.0024834437086092716	0.0041390728476821195	0.08967991169977925	0.017660044150110375	0.009657836644591612	0.04083885209713024
0.0184878587196468	0.011037527593818985	0.0027593818984547464	0.02262693156732892	0.04663355408388521	0.0074503311258278145	0.004415011037527594	0.016280353200883002	0.0	0.0052428256070640175	0.0	0.017108167770419427	0.041390728476821195	0.024834437086092714	0.0041390728476821195	0.05270419426048565	0.023178807947019868	0.008554083885209713	0.00358719646799117	0.019591611479028697	0.03780353200883002	0.006898454746136865	0.0027593818984547464	0.01076158940397351	0.01379690949227373	0.002207505518763797	0.0011037527593818985	0.00358719646799117	0.04056291390728477	0.009657836644591612	0.004690949227373068	0.016280353200883002	0.02455849889624724	0.006622516556291391	0.0016556291390728477	0.015176600441501103	0.062086092715231786	0.009105960264900662	0.004966887417218543	0.014900662251655629	0.03780353200883002	0.006070640176600441	0.0019315673289183224	0.015176600441501103	0.035044150110375274	0.006898454746136865	0.0033112582781456954	0.01020971302428256	0.0	0.01020971302428256	0.0	0.018211920529801324	0.027869757174392936	0.0030353200883002206	0.0019315673289183224	0.00717439293598234	0.028973509933774833	0.0019315673289183224	0.0027593818984547464	0.004690949227373068	0.08940397350993377	0.017660044150110375	0.009657836644591612	0.04083885209713024
0.0184878587196468	0.011037527593818985	0.0027593818984547464	0.02262693156732892	0.04608167770419426	0.008002207505518763	0.004690949227373068	0.016004415011037526	0.0	0.0052428256070640175	0.0	0.017108167770419427	0.041390728476821195	0.024834437086092714	0.0041390728476821195	0.05270419426048565	0.023178807947019868	0.008830022075055188	0.00358719646799117	0.019315673289183224	0.03835540838852097	0.00717439293598234	0.0024834437086092716	0.01020971302428256	0.01379690949227373	0.002207505518763797	0.0011037527593818985	0.00358719646799117	0.039735099337748346	0.009933774834437087	0.004415011037527594	0.016280353200883002	0.02455849889624724	0.00717439293598234	0.0016556291390728477	0.014624724061810155	0.06291390728476821	0.009105960264900662	0.004415011037527594	0.014624724061810155	0.0380794701986755	0.005794701986754967	0.0016556291390728477	0.01545253863134658	0.03394039735099338	0.00717439293598234	0.004415011037527594	0.009933774834437087	0.0	0.010485651214128035	0.0	0.01793598233995585	0.027869757174392936	0.0033112582781456954	0.0019315673289183224	0.006898454746136865	0.028421633554083885	0.0019315673289183224	0.0033112582781456954	0.004690949227373068	0.09050772626931568	0.017660044150110375	0.009381898454746136	0.04083885209713024
0.0184878587196468	0.01076158940397351	0.0027593818984547464	0.022902869757174392	0.04608167770419426	0.008002207505518763	0.004966887417218543	0.015728476821192054	0.0	0.005518763796909493	0.0	0.01683222958057395	0.04194260485651214	0.024834437086092714	0.00358719646799117	0.05270419426048565	0.024006622516556293	0.008554083885209713	0.0027593818984547464	0.019591611479028697	0.0380794701986755	0.00717439293598234	0.0030353200883002206	0.009933774834437087	0.014072847682119206	0.002207505518763797	0.0008278145695364238	0.00358719646799117	0.04083885209713024	0.008830022075055188	0.004966887417218543	0.01683222958057395	0.025386313465783666	0.0074503311258278145	0.0008278145695364238	0.01434878587196468	0.06374172185430464	0.008830022075055188	0.0033112582781456954	0.015176600441501103	0.03835540838852097	0.0052428256070640175	0.0016556291390728477	0.015728476821192054	0.03449227373068433	0.0074503311258278145	0.00358719646799117	0.009933774834437087	0.0	0.01020971302428256	0.0	0.018211920529801324	0.028145695364238412	0.0033112582781456954	0.0016556291390728477	0.006898454746136865	0.02869757174392936	0.0019315673289183224	0.0030353200883002206	0.004690949227373068	0.09105960264900662	0.01683222958057395	0.00772626931567329	0.041666666666666664
0.01793598233995585	0.01076158940397351	0.0033112582781456954	0.022902869757174392	0.046357615894039736	0.008002207505518763	0.004966887417218543	0.01545253863134658	0.0	0.005518763796909493	0.0	0.01683222958057395	0.04083885209713024	0.02455849889624724	0.004690949227373068	0.052980132450331126	0.024006622516556293	0.009105960264900662	0.0027593818984547464	0.01903973509933775	0.03780353200883002	0.006898454746136865	0.00358719646799117	0.009933774834437087	0.014072847682119206	0.002207505518763797	0.0008278145695364238	0.00358719646799117	0.041666666666666664	0.008554083885209713	0.004690949227373068	0.017108167770419427	0.025386313465783666	0.0074503311258278145	0.0008278145695364238	0.01434878587196468	0.06291390728476821	0.008554083885209713	0.004415011037527594	0.015176600441501103	0.03780353200883002	0.005518763796909493	0.002207505518763797	0.01545253863134658	0.035044150110375274	0.0074503311258278145	0.0024834437086092716	0.010485651214128035	0.0	0.009657836644591612	0.0	0.018763796909492272	0.027869757174392936	0.0033112582781456954	0.0019315673289183224	0.006898454746136865	0.02924944812362031	0.0019315673289183224	0.0024834437086092716	0.004690949227373068	0.09078366445916115	0.01683222958057395	0.0074503311258278145	0.041666666666666664
