AAA	AAC	AAG	AAT	ACA	ACC	ACG	ACT	AGA	AGC	AGG	AGT	ATA	ATC	ATG	ATT	CAA	CAC	CAG	CAT	CCA	CCC	CCG	CCT	CGA	CGC	CGG	CGT	CTA	CTC	CTG	CTT	GAA	GAC	GAG	GAT	GCA	GCC	GCG	GCT	GGA	GGC	GGG	GGT	GTA	GTC	GTG	GTT	TAA	TAC	TAG	TAT	TCA	TCC	TCG	TCT	TGA	TGC	TGG	TGT	TTA	TTC	TTG	TTT
43	66	53	83	79	93	72	79	0	43	0	43	110	156	105	165	53	52	36	55	56	42	49	51	14	12	21	17	95	104	84	85	38	29	43	37	52	71	64	49	43	43	49	52	43	38	41	39	0	52	0	56	46	54	52	43	49	16	50	9	116	99	107	116
44	67	52	82	81	98	70	74	0	44	0	42	112	156	103	165	53	52	36	55	57	47	47	47	14	12	21	17	100	105	81	84	36	30	45	36	55	72	63	46	43	44	50	50	42	37	42	40	0	51	0	57	46	58	52	39	49	16	50	9	113	99	108	116
44	68	52	81	83	98	67	75	0	45	0	41	114	158	101	163	50	53	39	54	58	44	47	49	14	13	21	16	101	106	81	83	39	29	42	37	57	73	60	46	48	42	47	50	46	38	39	38	0	50	0	58	51	58	48	38	51	17	48	8	118	100	102	115
47	74	49	75	86	98	67	72	0	45	0	41	116	156	99	165	51	54	38	53	61	44	44	49	15	13	20	16	101	106	81	84	40	31	41	35	59	74	58	45	49	44	46	48	49	38	39	35	0	50	0	58	53	57	46	39	53	18	46	7	117	106	102	109
49	74	47	75	88	97	66	72	0	43	0	43	121	158	94	163	54	54	35	53	60	45	44	49	15	14	19	16	107	108	84	81	42	34	39	32	59	76	58	43	48	44	47	48	51	37	38	35	0	51	0	57	54	58	46	37	53	18	46	7	116	109	95	106
51	74	45	75	90	100	64	69	0	41	0	45	123	163	92	158	55	56	34	51	61	46	42	49	15	15	19	15	109	107	83	82	44	33	37	33	59	75	58	44	49	47	47	44	52	36	37	36	0	51	0	57	54	56	46	39	54	18	45	7	120	111	90	104
54	78	42	71	91	102	62	68	0	39	0	47	128	166	87	155	54	55	35	52	62	43	41	52	15	15	19	15	113	107	83	80	45	33	36	33	61	74	56	45	51	48	45	43	50	37	39	35	0	54	0	54	57	55	44	39	54	18	45	7	119	115	89	100
54	77	42	72	95	103	58	67	0	41	0	45	127	168	88	153	54	54	35	53	62	43	41	52	15	16	19	14	111	106	85	80	45	36	36	30	61	74	56	45	50	51	46	40	51	37	38	35	0	54	0	54	60	54	41	40	55	18	44	7	122	116	87	99
55	78	41	71	99	98	56	70	0	41	0	45	126	170	89	151	54	56	35	51	64	42	39	53	15	17	19	13	112	105	88	79	45	36	36	30	64	75	54	43	49	51	46	41	51	37	38	35	0	56	0	52	62	54	40	39	54	18	45	7	123	119	84	96
55	77	41	72	102	97	53	71	0	42	0	44	126	172	89	149	56	59	33	48	65	41	38	54	17	18	18	11	117	108	87	75	47	35	34	31	66	75	54	41	50	51	45	41	51	35	38	37	0	55	0	53	63	52	40	40	53	18	46	7	125	118	79	97
55	79	41	70	100	100	55	68	0	43	0	43	127	171	88	150	56	61	33	46	67	42	37	52	18	19	17	10	118	109	88	73	48	37	33	29	67	77	55	37	50	50	45	42	52	32	38	39	0	56	0	52	61	54	43	37	53	18	46	7	125	117	78	98
58	76	38	73	95	101	60	67	0	40	0	46	131	176	84	145	56	62	33	45	69	42	36	51	18	19	17	10	121	115	85	68	49	37	32	29	66	78	56	36	52	52	44	39	49	32	41	39	0	56	0	52	59	53	45	38	56	19	43	6	125	119	77	96
59	81	37	68	99	99	58	67	0	41	0	45	132	175	83	146	57	65	32	42	68	43	36	51	19	18	16	11	126	118	84	63	49	37	32	29	68	76	55	37	53	53	45	36	49	34	40	38	0	60	0	48	59	53	45	38	56	19	43	6	125	119	75	96
58	84	38	65	99	98	59	67	0	40	0	46	132	175	83	146	55	67	34	40	66	46	38	48	20	18	15	11	128	120	81	61	50	37	31	29	69	76	54	37	56	53	44	34	49	34	40	38	0	63	0	45	58	54	46	37	57	19	42	6	127	121	74	94
58	84	38	65	101	98	58	66	0	41	0	45	136	179	79	142	56	66	33	41	65	47	39	47	20	18	16	10	135	118	79	63	51	37	30	29	70	76	53	37	58	54	43	32	50	34	38	39	0	66	0	42	60	57	43	35	58	19	41	6	123	124	73	91
58	85	38	64	100	97	61	65	0	43	0	43	139	184	76	137	56	63	33	44	65	48	39	46	21	18	15	10	136	117	80	62	52	34	29	32	72	76	51	37	60	53	42	32	52	36	36	37	0	67	0	41	61	59	43	32	60	19	39	6	124	125	72	90
62	88	34	61	104	96	57	66	0	44	0	42	139	185	76	136	57	61	32	46	66	48	38	46	21	18	15	10	136	113	82	66	54	34	27	32	74	74	49	39	60	52	42	33	52	37	35	37	0	70	0	38	63	57	40	35	61	20	38	5	124	127	70	88
63	86	33	63	106	98	55	64	0	45	0	41	140	185	75	136	57	62	32	45	68	46	36	48	23	17	14	10	141	112	77	65	56	35	25	31	74	71	49	42	60	53	41	33	51	38	35	37	0	70	0	38	62	59	41	33	61	22	38	3	124	126	72	89
64	90	32	59	106	97	55	65	0	45	0	41	143	192	72	129	57	64	32	43	68	48	36	46	24	18	13	9	145	114	73	64	56	35	25	31	76	70	48	42	58	52	43	34	52	38	35	36	0	68	0	40	64	61	39	31	59	22	40	3	122	125	73	90
64	90	32	59	105	98	57	63	0	44	0	42	143	196	72	125	60	68	29	39	70	49	34	45	24	19	13	8	146	113	72	66	57	35	24	31	76	69	47	44	60	53	41	33	52	37	35	37	0	69	0	39	64	63	38	30	58	22	41	3	121	119	73	96
66	92	30	57	105	102	56	60	0	43	0	43	143	198	72	123	59	69	30	38	71	50	33	44	25	18	12	9	146	113	73	66	57	34	24	32	75	68	49	44	60	53	41	33	53	38	34	36	0	73	0	35	65	62	39	29	59	22	40	3	126	121	67	94
68	93	28	56	105	105	56	57	0	44	0	42	143	199	72	122	59	68	30	39	72	48	32	46	24	17	13	10	155	111	68	68	56	34	25	32	78	72	46	40	59	54	41	33	55	37	33	36	0	73	0	35	67	60	37	31	62	22	37	3	121	116	68	99
68	90	28	59	104	109	57	53	0	44	0	42	144	201	71	120	60	69	29	38	70	50	34	44	23	19	13	9	157	108	68	71	56	31	25	35	79	74	46	37	59	54	41	33	60	37	29	35	0	74	0	34	67	60	36	32	66	20	33	5	121	118	66	97
67	89	29	60	104	103	57	59	0	45	0	41	144	198	71	123	59	69	30	38	71	50	32	45	23	20	13	8	167	108	64	71	56	32	25	34	79	75	46	36	58	53	42	34	63	39	26	33	0	73	0	35	66	59	37	33	66	20	33	5	119	121	62	94
67	88	29	61	108	107	53	55	0	45	0	41	145	200	70	121	60	69	29	38	73	48	31	46	23	20	13	8	174	109	61	68	58	32	23	34	78	76	47	35	61	52	40	34	60	39	27	35	0	73	0	35	68	55	37	35	65	19	34	6	121	122	58	93
66	88	30	61	110	107	51	55	0	46	0	40	148	201	67	120	57	72	32	35	73	47	30	48	23	20	13	8	177	110	62	66	57	34	24	32	81	76	44	35	58	55	41	33	59	39	27	36	0	74	0	34	70	56	35	34	65	19	34	6	121	121	55	94
69	88	27	61	110	108	50	55	0	45	0	41	146	204	69	117	59	72	30	35	74	49	30	45	23	18	13	10	182	108	60	70	58	34	23	32	81	74	45	36	57	54	42	34	60	42	26	33	0	75	0	33	70	54	35	36	66	19	33	6	120	125	51	90
71	85	25	64	110	102	50	61	0	47	0	39	148	202	67	119	60	70	29	37	77	48	27	46	24	17	13	10	183	109	59	70	58	36	23	30	81	76	44	35	58	55	41	33	61	42	25	33	0	74	0	34	72	52	33	38	65	18	34	7	117	123	53	92
71	82	25	67	112	100	49	62	0	47	0	39	148	204	67	117	57	73	32	34	80	46	25	47	25	17	12	10	187	109	57	68	57	36	24	30	78	77	46	35	56	56	43	32	59	42	27	33	0	75	0	33	71	52	34	38	66	19	33	6	118	128	52	87
70	84	26	65	115	101	46	61	0	45	0	41	147	204	68	117	57	72	32	35	80	48	25	45	24	16	12	12	195	111	54	65	56	36	25	30	82	77	44	33	57	54	43	33	59	43	27	32	0	78	0	30	69	52	36	38	68	18	31	7	117	130	49	85
69	86	27	63	115	105	46	57	0	47	0	39	149	205	66	116	57	73	32	34	80	48	25	45	23	15	13	13	201	112	53	64	57	37	24	29	84	76	43	33	57	52	43	35	59	42	27	33	0	73	0	35	70	54	35	36	68	16	31	9	115	136	46	79
69	86	27	63	115	104	47	57	0	48	0	38	148	208	67	113	60	72	29	35	80	48	26	44	23	16	13	12	203	110	56	65	57	37	24	29	88	75	41	32	56	52	44	35	59	43	26	33	0	75	0	33	70	56	36	33	68	17	31	8	112	134	45	81
68	84	28	65	114	105	49	55	0	49	0	37	146	205	69	116	58	73	31	34	83	48	24	43	22	16	14	12	203	108	56	67	57	35	24	31	86	73	43	34	58	50	42	37	61	44	25	31	0	76	0	32	69	55	37	34	66	16	33	9	113	132	44	83
67	84	29	65	117	107	46	53	0	48	0	38	143	207	72	114	56	76	33	31	83	49	24	42	23	16	13	12	203	109	54	67	59	37	22	29	92	70	40	34	61	49	39	38	59	45	27	30	0	78	0	30	70	54	37	34	68	15	31	10	113	131	45	84
66	85	30	64	116	106	47	54	0	48	0	38	142	205	73	116	57	74	32	33	85	49	22	42	25	16	11	12	200	108	59	69	58	38	23	28	90	69	41	36	64	51	37	35	59	44	28	30	0	76	0	32	71	56	36	32	69	14	30	11	111	129	44	86
67	88	29	61	118	104	46	55	0	49	0	37	144	202	71	119	57	75	32	32	84	49	23	42	25	17	11	11	201	106	57	71	58	39	23	27	95	73	36	32	63	52	38	34	56	43	32	30	0	76	0	32	72	56	36	31	67	13	32	12	110	131	46	84
67	90	29	59	120	105	44	54	0	49	0	37	146	206	69	115	56	74	33	33	85	48	22	43	24	19	11	10	205	108	59	69	58	40	23	26	95	74	35	32	67	54	35	31	55	43	33	30	0	77	0	31	73	56	35	31	67	14	32	11	106	131	44	84
67	92	29	57	120	106	44	53	0	50	0	36	145	201	70	120	58	72	31	35	84	50	23	41	23	19	12	10	203	109	55	69	60	40	21	26	95	73	35	33	65	54	37	31	54	44	34	29	0	73	0	35	73	58	35	29	69	15	30	10	109	130	46	85
69	94	27	55	117	105	45	56	0	49	0	37	147	202	68	119	58	74	31	33	83	51	25	39	23	19	12	10	202	108	58	71	60	40	21	26	96	69	35	36	68	53	34	32	56	44	32	29	0	74	0	34	73	61	35	26	70	15	29	10	108	129	44	86
69	94	27	55	117	101	45	60	0	49	0	37	148	196	67	125	56	75	33	32	85	49	24	40	24	19	11	10	203	106	63	74	62	40	19	26	98	70	32	36	70	55	32	30	56	43	33	29	0	72	0	36	75	62	33	25	69	17	30	8	105	125	40	90
70	98	26	51	121	101	41	60	0	49	0	37	152	197	63	124	56	76	33	31	86	49	24	39	25	21	10	8	200	107	63	72	62	39	19	27	97	71	33	35	69	54	33	31	56	43	33	29	0	74	0	34	75	63	32	25	69	18	30	7	111	125	38	90
70	96	26	53	123	102	40	58	0	48	0	38	152	207	63	114	56	77	33	30	87	49	23	39	24	22	10	8	198	113	64	66	61	40	20	26	97	74	33	32	68	53	33	33	57	41	33	30	0	74	0	34	77	63	31	24	70	18	29	7	113	129	37	86
72	94	24	55	124	101	39	59	0	49	0	37	152	206	63	115	55	75	34	32	88	51	22	37	26	19	10	9	199	111	66	67	61	41	20	25	97	74	33	32	69	54	32	32	58	40	33	30	0	74	0	34	75	64	32	24	71	18	28	7	111	127	37	88
69	94	27	55	121	100	41	61	0	51	0	35	152	204	63	117	56	75	33	32	89	54	21	34	26	20	10	8	195	112	69	66	59	40	22	26	98	73	33	32	72	50	29	36	58	41	33	29	0	72	0	36	75	65	33	22	68	17	31	8	114	125	35	90
70	96	26	53	124	99	40	60	0	51	0	35	152	202	63	119	55	74	34	33	89	51	21	37	27	20	9	8	198	113	68	65	59	38	22	28	99	72	33	32	71	51	30	35	61	43	31	26	0	70	0	38	75	66	34	20	69	16	30	9	114	123	33	92
69	96	27	53	128	101	39	55	0	51	0	35	153	197	62	124	55	72	34	35	89	53	20	36	27	20	9	8	191	116	68	63	59	42	22	24	101	71	31	33	73	50	29	35	59	44	32	26	0	70	0	38	75	64	35	21	71	16	28	9	118	124	35	91
70	93	26	56	125	102	40	56	0	52	0	34	157	200	58	121	55	73	34	34	89	53	21	35	27	19	9	9	198	115	67	62	59	41	22	25	100	71	31	34	71	50	30	36	59	44	33	25	0	69	0	39	77	63	32	23	71	16	28	9	117	121	32	94
71	89	25	60	125	101	40	57	0	53	0	33	157	203	58	118	56	71	33	36	90	52	21	35	27	19	9	9	197	112	71	65	57	43	24	23	97	72	32	35	72	48	30	37	59	44	33	25	0	69	0	39	75	61	33	26	71	16	28	9	118	124	28	91
69	88	27	61	126	103	41	53	0	52	0	34	156	204	59	117	58	72	31	35	92	51	20	35	27	19	9	9	202	111	66	65	56	44	25	22	98	73	33	32	72	52	30	33	59	44	33	25	0	69	0	39	75	60	33	27	71	16	28	9	114	121	33	94
71	88	25	61	126	103	41	53	0	53	0	33	161	202	54	119	57	72	32	35	91	46	22	39	27	19	9	9	206	106	68	67	56	44	25	22	98	73	33	32	70	53	31	33	61	44	30	26	0	68	0	40	77	61	32	25	70	19	29	6	115	121	29	94
71	88	25	61	125	103	42	53	0	53	0	33	162	201	53	120	56	74	33	33	90	50	22	36	27	19	9	9	209	105	67	69	58	45	23	21	99	74	31	32	69	54	33	31	63	43	29	26	0	69	0	39	77	60	32	26	71	18	28	7	110	122	31	93
72	85	24	64	126	103	42	52	0	55	0	31	161	199	54	122	59	76	30	31	88	50	23	37	26	18	10	10	213	103	69	68	61	45	20	21	101	74	29	32	68	55	34	30	64	42	28	27	0	69	0	39	75	58	35	27	71	18	28	7	107	127	31	88
71	83	25	66	126	103	42	52	0	59	0	27	157	199	58	122	59	73	30	34	89	55	22	32	26	19	10	9	210	105	68	67	58	45	23	21	104	72	28	32	69	54	34	30	65	42	27	27	0	69	0	39	73	57	37	28	73	18	26	7	111	130	30	85
71	82	25	67	122	104	46	51	0	56	0	30	159	205	56	116	59	76	30	31	86	57	24	31	26	18	10	10	210	103	68	68	61	47	20	19	102	71	30	33	69	53	34	31	65	42	27	27	0	70	0	38	75	55	36	29	73	18	26	7	112	130	30	85
73	82	23	67	120	99	49	55	0	56	0	30	156	202	59	119	61	77	28	30	84	60	27	27	25	18	11	10	213	100	67	69	61	45	20	21	101	71	31	33	70	53	33	31	61	42	29	29	0	72	0	36	76	54	36	29	72	18	27	7	113	130	29	85
71	86	25	63	125	94	48	56	0	56	0	30	158	203	57	118	60	76	29	31	84	60	27	27	23	18	13	10	212	100	65	68	62	46	19	20	98	67	34	37	70	54	33	30	58	44	31	28	0	70	0	38	76	55	36	28	72	18	27	7	116	129	30	86
71	89	25	60	127	99	45	52	0	54	0	32	159	200	56	121	60	74	29	33	79	59	30	30	23	18	13	10	217	103	68	66	62	45	19	21	100	69	32	35	70	54	33	30	60	42	30	29	0	72	0	36	74	56	37	28	74	18	25	7	114	130	23	85
71	90	25	59	128	101	43	51	0	53	0	33	159	203	56	118	62	75	27	32	79	58	30	31	22	18	14	10	215	104	67	66	63	44	18	22	96	72	34	34	70	54	33	30	62	44	29	26	0	70	0	38	75	60	36	24	74	19	25	6	113	129	26	86
72	91	24	58	128	100	44	51	0	53	0	33	157	204	58	117	61	76	28	31	79	60	30	29	23	19	13	9	218	109	64	63	62	43	19	23	96	73	34	33	68	56	33	30	62	44	29	26	0	68	0	40	74	61	37	23	74	19	25	6	111	129	26	86
73	96	23	53	130	99	44	50	0	53	0	33	161	201	54	120	62	75	27	32	81	62	29	26	22	21	14	7	223	109	61	63	62	42	19	24	96	74	35	31	69	56	32	30	64	45	27	25	0	68	0	40	72	64	37	22	72	19	27	6	110	127	25	88
72	98	24	51	130	102	44	47	0	53	0	33	160	199	55	122	62	73	27	34	83	64	27	24	22	21	14	7	221	106	54	67	63	43	18	23	97	76	34	29	71	57	31	28	66	44	25	26	0	69	0	39	71	64	38	22	73	19	26	6	113	126	30	89
72	97	24	52	131	98	46	48	0	52	0	34	157	199	58	122	64	74	25	33	81	65	29	23	22	20	14	8	218	108	53	65	64	45	17	21	95	76	36	29	72	57	31	27	66	43	25	27	0	67	0	41	71	64	39	21	71	19	28	6	116	121	31	94
71	98	25	51	135	96	42	50	0	52	0	34	158	196	57	125	64	74	25	33	80	66	31	21	22	21	14	7	219	113	52	60	64	45	17	21	97	75	33	31	72	58	31	26	66	41	24	30	0	67	0	41	71	63	39	22	71	20	28	5	114	118	33	97
71	95	25	54	136	95	42	50	0	48	0	38	155	194	60	127	63	73	26	34	82	61	29	26	22	21	14	7	218	111	52	64	64	46	17	20	98	75	32	31	72	58	31	26	67	40	24	30	0	66	0	42	73	64	36	22	69	20	30	5	116	119	30	96
72	95	24	54	136	94	42	51	0	47	0	39	161	193	54	128	62	71	27	36	83	63	28	24	24	20	12	8	216	111	55	64	64	46	17	20	97	75	32	32	73	56	31	27	67	39	24	31	0	65	0	43	72	64	37	22	67	20	32	5	118	117	27	98
72	98	24	51	137	94	41	51	0	50	0	36	160	192	55	129	62	68	27	39	83	61	28	26	25	19	12	8	213	112	54	63	65	47	16	19	97	75	33	31	72	58	32	25	69	39	23	30	0	65	0	43	72	64	37	22	68	19	31	6	122	120	27	95
73	99	23	50	138	92	40	53	0	50	0	36	161	195	54	126	61	70	28	37	84	57	27	30	24	19	12	9	210	114	51	62	65	48	16	18	95	76	33	32	73	61	31	22	69	41	22	29	0	64	0	44	77	62	33	23	71	19	28	6	126	116	28	99
73	103	23	46	138	94	40	51	0	50	0	36	160	193	55	128	59	67	30	40	82	58	28	30	25	18	12	9	215	113	50	63	65	48	16	18	93	75	35	33	71	59	33	24	69	41	22	29	0	66	0	42	80	61	30	24	75	19	24	6	121	119	29	96
71	104	25	45	140	94	38	51	0	53	0	33	158	190	57	131	58	66	31	41	79	58	31	30	25	19	12	8	216	116	52	59	65	46	16	20	94	73	34	35	72	57	34	24	69	40	23	29	0	65	0	43	80	62	30	23	74	19	25	6	119	120	29	95
70	102	26	47	140	94	39	50	0	53	0	33	158	192	57	129	58	65	31	42	78	58	32	30	25	17	12	10	217	118	55	57	64	47	17	19	95	70	34	37	75	56	33	23	69	39	23	30	0	63	0	45	81	59	31	24	76	19	23	6	117	123	27	92
69	99	27	50	140	95	39	49	0	53	0	33	156	193	59	128	58	66	31	41	81	58	30	29	25	18	12	9	210	114	59	60	63	48	18	18	95	69	33	39	75	55	32	25	70	39	23	29	0	64	0	44	82	60	30	23	77	19	22	6	122	121	26	94
71	94	25	55	139	97	39	48	0	56	0	30	153	194	62	127	59	66	30	41	84	56	28	30	28	18	9	9	208	119	62	57	64	46	17	20	94	69	34	39	76	52	31	28	71	41	22	27	0	67	0	41	85	60	28	22	77	18	22	7	120	122	25	93
71	98	25	51	137	93	40	53	0	57	0	29	150	195	65	126	60	64	29	43	80	55	31	32	29	18	9	8	213	117	62	58	66	46	15	20	95	70	34	37	74	51	33	29	71	40	22	28	0	68	0	40	87	59	26	23	76	18	23	7	116	120	25	95
72	99	24	50	134	91	43	55	0	61	0	25	152	198	63	123	60	66	29	41	80	59	31	28	29	18	9	8	209	114	64	58	66	46	15	20	93	72	36	35	75	50	33	29	74	40	20	27	0	70	0	38	87	56	27	25	77	19	22	6	121	118	25	97
71	100	25	49	135	89	43	56	0	60	0	26	152	201	63	120	59	68	30	39	82	61	29	26	28	17	10	9	199	115	66	58	67	48	14	18	89	71	40	36	76	50	32	29	75	41	19	26	0	70	0	38	88	55	26	26	76	19	23	6	126	117	27	98
72	99	24	50	133	89	43	58	0	61	0	25	155	203	60	118	57	63	32	44	82	59	30	27	29	17	9	9	199	112	66	62	66	49	15	17	90	72	38	36	76	49	34	28	74	41	19	27	0	71	0	37	86	55	28	26	77	17	22	8	123	122	29	93
73	97	23	52	132	94	44	53	0	60	0	26	156	203	59	118	59	63	30	44	83	58	29	28	29	18	9	8	198	114	67	62	65	50	16	16	89	73	37	37	75	50	34	28	72	40	20	29	0	71	0	37	85	54	29	27	77	18	22	7	124	118	26	97
73	97	23	52	132	93	44	54	0	60	0	26	154	207	61	114	58	63	31	44	80	57	32	29	29	17	9	9	199	113	72	63	66	49	15	17	88	76	38	34	74	48	35	30	72	40	19	30	0	72	0	36	83	55	31	26	79	19	20	6	120	119	24	96
73	95	23	54	133	96	43	51	0	60	0	26	154	208	61	113	58	64	31	43	79	59	32	28	28	18	10	8	202	116	70	61	67	48	14	18	90	75	36	35	74	48	35	30	72	38	20	31	0	74	0	34	83	57	31	24	80	19	19	6	117	117	25	98
73	97	23	52	134	94	43	52	0	60	0	26	149	205	66	116	58	66	31	41	78	62	32	26	28	17	10	9	204	115	68	61	68	49	13	17	90	77	36	33	75	48	35	29	72	39	19	31	0	74	0	34	83	57	31	24	79	19	20	6	114	117	29	98
75	96	21	53	132	96	45	50	0	58	0	28	152	208	63	113	59	64	30	43	76	59	34	29	29	17	9	9	208	118	66	58	68	49	13	17	87	79	37	33	74	47	35	31	71	40	20	30	0	75	0	33	85	56	30	24	78	20	21	5	111	110	30	105
72	98	24	51	132	98	45	48	0	57	0	29	150	208	65	113	58	68	31	39	78	58	33	29	29	18	9	8	211	119	64	55	69	47	12	19	90	82	33	31	72	45	36	34	70	38	21	32	0	72	0	36	84	55	30	26	80	20	19	5	113	112	29	103
71	99	25	50	132	96	45	50	0	58	0	28	149	202	66	119	57	67	32	40	78	57	33	30	31	16	9	8	206	118	66	57	69	45	12	21	87	82	35	32	70	45	38	34	69	37	22	33	0	73	0	35	84	51	31	29	81	21	18	4	115	117	29	98
72	98	24	51	127	95	49	52	0	58	0	28	152	205	63	116	58	66	31	41	76	59	35	28	32	16	8	8	204	119	69	55	69	45	12	21	88	80	34	34	71	45	37	34	73	40	18	30	0	72	0	36	82	52	32	29	82	21	17	4	114	116	30	99
72	96	24	53	126	95	50	52	0	59	0	27	152	207	63	114	55	64	34	43	78	60	33	27	32	16	8	8	209	119	67	55	69	44	12	22	88	80	34	34	70	43	38	36	73	42	17	29	0	73	0	35	82	52	32	29	81	21	18	4	109	116	32	99
71	97	25	52	126	94	51	52	0	60	0	26	153	207	62	114	55	62	34	45	79	61	32	26	31	16	9	8	212	119	67	54	69	44	12	22	92	77	32	35	70	39	39	39	70	43	20	28	0	73	0	35	83	53	32	27	79	21	20	4	107	117	32	98
71	97	25	52	128	93	50	52	0	62	0	24	155	207	60	114	54	62	35	45	80	58	31	29	31	16	9	8	215	121	67	52	69	44	12	22	92	75	32	37	71	40	38	38	71	44	19	27	0	74	0	34	84	50	31	30	80	21	19	4	106	120	30	95
72	98	24	51	130	91	49	53	0	62	0	24	156	204	59	117	54	63	35	44	82	56	30	30	30	17	10	7	224	120	65	53	67	43	14	23	90	76	34	36	71	42	38	36	69	44	20	28	0	73	0	35	88	52	28	27	80	21	19	4	102	124	27	91
72	95	24	54	131	90	49	53	0	64	0	22	157	205	58	116	55	65	34	42	79	56	32	31	32	17	10	5	225	118	67	52	66	42	15	24	87	74	37	38	72	43	37	35	70	44	20	27	0	73	0	35	89	52	28	26	79	21	20	4	103	122	26	93
72	98	24	51	130	91	50	52	0	62	0	24	156	209	59	112	54	64	35	43	80	56	31	31	32	20	8	4	224	119	65	51	68	41	13	25	90	73	36	37	73	42	37	35	69	45	20	27	0	72	0	36	84	54	32	25	79	22	20	3	106	123	26	92
73	97	23	52	132	90	48	53	0	63	0	23	156	211	59	110	53	62	36	45	83	54	28	33	30	20	9	5	220	121	60	51	67	42	14	24	90	74	36	36	74	42	37	34	67	45	22	27	0	72	0	36	84	56	32	23	78	22	21	3	109	121	30	94
73	99	23	50	135	89	46	53	0	65	0	21	157	208	58	113	54	63	35	44	82	55	28	33	30	20	8	6	220	119	59	53	66	40	15	26	89	78	36	33	77	41	36	33	67	44	22	28	0	69	0	39	83	55	32	25	79	22	20	3	110	121	30	94
72	99	24	50	137	85	44	57	0	63	0	23	157	205	58	116	54	62	35	45	82	57	28	31	30	19	8	7	217	120	59	55	65	41	16	25	89	76	36	35	77	40	35	35	67	41	23	30	0	67	0	41	84	54	31	26	77	22	22	3	109	116	31	99
73	96	23	53	138	86	42	57	0	64	0	22	156	205	59	116	54	65	35	42	81	59	29	29	30	19	8	7	223	118	56	57	63	41	18	25	87	77	38	34	80	39	32	36	67	42	22	30	0	66	0	42	86	54	30	25	77	22	22	3	107	118	30	97
74	92	22	57	136	89	44	54	0	62	0	24	158	210	57	111	54	63	35	44	82	60	28	28	30	18	8	8	224	118	54	57	66	41	15	25	86	78	38	34	78	40	33	36	68	43	21	29	0	67	0	41	87	55	29	24	77	22	22	3	108	119	30	96
73	92	23	57	135	93	43	52	0	61	0	25	157	213	58	108	55	64	34	43	82	59	28	29	32	17	8	7	226	120	51	56	65	41	16	25	88	78	36	34	79	37	32	39	72	42	19	28	0	67	0	41	86	55	31	23	78	21	21	4	108	120	30	95
72	89	24	60	139	90	39	55	0	62	0	24	157	213	58	108	55	62	34	45	83	58	27	30	32	16	8	8	228	124	51	52	65	40	16	26	88	78	37	33	79	36	33	39	74	42	18	27	0	67	0	41	86	57	30	22	76	21	23	4	108	121	28	94
72	90	24	59	140	92	37	54	0	62	0	24	160	213	55	108	55	61	34	46	84	59	25	30	32	16	8	8	223	123	56	54	65	40	16	26	90	75	37	34	80	36	32	39	75	42	17	27	0	69	0	39	85	53	29	28	78	21	21	4	109	121	26	94
71	87	25	62	140	91	38	54	0	62	0	24	156	216	59	105	57	59	32	48	83	62	25	28	31	16	8	9	222	121	50	58	65	40	16	26	89	77	39	31	81	35	31	40	75	42	17	27	0	67	0	41	84	54	29	28	76	21	23	4	111	124	29	91
71	86	25	63	134	91	44	54	0	63	0	23	156	217	59	104	57	59	32	48	87	61	22	28	29	16	9	10	218	123	54	57	66	41	15	25	88	75	41	32	82	39	30	36	74	41	18	28	0	67	0	41	85	52	28	30	76	21	23	4	112	122	27	93
70	88	26	61	131	92	47	53	0	61	0	25	154	214	61	107	57	60	32	47	88	60	22	28	29	17	9	9	218	122	55	57	66	42	15	24	89	76	40	31	85	38	29	35	72	40	19	30	0	69	0	39	86	52	28	29	78	21	21	4	110	125	29	90
70	89	26	60	130	89	48	56	0	60	0	26	153	216	62	105	58	59	31	48	90	59	21	28	30	17	9	8	216	119	54	61	66	42	15	24	91	77	39	29	87	39	27	34	72	40	19	30	0	70	0	38	85	50	29	31	79	21	20	4	111	128	30	87
69	89	27	60	132	90	46	55	0	60	0	26	159	212	56	109	59	61	30	46	90	58	22	28	29	17	10	8	215	119	53	61	65	40	16	26	90	77	40	29	87	40	27	33	70	43	20	28	0	70	0	38	86	48	30	31	77	21	22	4	114	128	29	87
68	89	28	60	133	87	46	57	0	59	0	27	160	209	55	112	59	61	30	46	88	58	23	29	29	18	10	7	213	118	52	61	63	39	18	27	91	79	39	27	86	44	28	29	70	42	20	29	0	67	0	41	85	49	30	31	79	21	20	4	118	128	29	87
69	90	27	59	132	85	47	59	0	56	0	30	159	208	56	113	61	61	28	46	90	58	21	29	29	18	10	7	212	118	55	60	64	39	17	27	89	80	41	26	89	45	25	28	73	43	18	27	0	70	0	38	86	46	30	33	79	21	20	4	117	126	29	89
69	91	27	58	136	85	45	57	0	54	0	32	157	206	58	115	63	61	26	46	88	59	23	28	31	18	8	7	209	120	49	59	64	41	17	25	91	80	39	26	89	48	24	26	73	44	17	27	0	69	0	39	85	45	31	34	81	22	18	3	121	126	33	89
67	98	29	51	135	85	46	57	0	54	0	32	159	208	56	113	63	61	26	46	88	59	24	27	31	18	8	7	210	118	49	62	63	42	18	24	92	79	38	27	88	46	24	29	72	43	18	28	0	68	0	40	84	46	32	33	82	22	17	3	120	126	32	89
66	99	30	50	140	86	42	55	0	54	0	32	160	210	55	111	63	60	26	47	86	59	26	27	31	17	8	8	202	121	52	60	61	41	20	25	92	79	38	27	86	48	26	27	71	45	19	26	0	69	0	39	84	49	32	30	82	22	17	3	125	125	31	90
66	100	30	49	138	86	42	57	0	55	0	31	159	208	56	113	65	59	24	48	90	56	25	27	31	17	8	8	207	120	49	59	62	43	19	23	92	76	38	30	88	47	25	27	71	44	20	26	0	67	0	41	82	52	33	28	83	22	16	3	126	127	30	88
66	98	30	51	140	88	40	55	0	57	0	29	164	208	51	113	67	60	22	47	92	56	23	27	31	18	8	7	205	120	52	61	61	42	20	24	93	76	37	30	90	45	24	28	71	45	21	24	0	68	0	40	81	54	33	27	80	21	19	4	126	133	27	82
65	96	31	53	139	89	41	54	0	56	0	30	164	210	51	111	67	62	22	45	96	57	21	24	31	17	8	8	204	120	53	61	63	45	18	21	92	76	37	31	89	48	24	26	69	44	23	25	0	70	0	38	80	52	34	29	80	21	19	4	128	135	25	80
64	96	32	53	141	89	41	52	0	57	0	29	162	211	53	110	68	65	21	42	97	58	20	23	32	17	8	7	203	118	52	64	65	44	16	22	92	75	39	30	87	46	26	28	68	43	24	26	0	69	0	39	78	49	36	32	81	21	18	4	129	137	25	78
64	94	32	55	143	92	40	48	0	58	0	28	163	212	52	109	68	65	21	42	97	59	21	21	33	17	8	6	206	112	52	68	65	47	16	19	94	71	38	33	87	47	27	26	66	42	26	27	0	68	0	40	81	49	33	32	80	21	19	4	126	134	27	81
62	96	34	53	142	90	42	49	0	58	0	28	160	204	55	117	66	65	23	42	97	59	21	21	36	17	5	6	201	115	55	65	63	47	18	19	95	71	37	33	89	46	26	26	67	43	26	25	0	68	0	40	84	51	31	29	80	22	19	3	125	134	30	81
64	96	32	53	142	83	43	55	0	56	0	30	163	202	52	119	67	64	22	43	96	58	22	22	36	16	5	7	204	117	52	64	62	48	19	18	94	71	38	33	90	48	24	25	69	45	24	23	0	69	0	39	82	50	32	31	82	22	17	3	121	135	33	80
65	93	31	56	143	79	42	59	0	53	0	33	163	204	52	117	66	64	23	43	95	60	22	21	37	15	4	8	203	118	56	61	64	47	17	19	97	72	36	31	90	47	23	27	70	44	23	24	0	70	0	38	78	50	35	32	81	22	18	3	122	136	31	79
66	93	30	56	138	82	45	58	0	53	0	33	160	206	55	115	70	65	19	42	93	60	24	21	37	15	4	8	202	118	56	61	66	47	15	19	97	71	35	33	90	48	23	26	70	42	23	26	0	70	0	38	76	50	37	32	79	22	20	3	121	134	33	81
65	94	31	55	139	81	44	59	0	51	0	35	163	207	52	114	73	64	16	43	91	59	27	21	37	15	4	8	198	118	54	62	66	46	15	20	94	72	37	33	89	46	24	28	72	41	21	27	0	69	0	39	76	49	37	33	81	22	18	3	126	132	33	83
66	95	30	54	140	83	43	57	0	52	0	34	162	207	53	114	73	66	16	41	91	57	27	23	38	16	3	7	196	120	58	60	65	46	16	20	95	70	36	35	91	47	22	27	72	40	22	27	0	69	0	39	75	51	38	31	81	21	18	4	126	135	31	80
68	94	28	55	141	85	42	55	0	56	0	30	160	206	55	115	73	65	16	42	90	58	27	23	38	16	3	7	197	120	57	61	65	44	16	22	93	69	38	36	92	46	21	28	71	41	23	26	0	68	0	40	73	53	38	31	79	19	20	6	125	140	31	75
67	94	29	55	141	86	42	54	0	54	0	32	160	209	55	112	72	68	17	39	93	59	26	20	36	17	5	6	195	121	56	60	66	45	15	21	94	66	38	38	93	46	21	27	71	41	23	26	0	66	0	42	74	52	37	32	79	18	20	7	128	137	31	78
67	94	29	55	142	85	42	54	0	54	0	32	160	206	55	115	71	68	18	39	88	63	27	20	36	18	5	5	199	119	60	62	66	43	15	23	96	68	37	35	97	46	18	26	72	42	23	24	0	67	0	41	75	51	36	33	76	17	23	8	121	140	30	75
67	94	29	55	142	84	43	54	0	57	0	29	160	206	55	115	71	67	18	40	88	64	27	19	36	17	5	6	193	117	63	64	66	43	15	23	97	68	38	33	97	46	18	26	72	43	23	23	0	66	0	42	73	52	37	33	75	16	24	9	122	138	32	77
67	95	29	54	140	86	45	52	0	56	0	30	161	208	54	113	72	64	17	43	88	63	27	20	35	17	5	7	194	118	61	63	67	42	14	24	98	68	37	33	97	47	18	25	73	42	21	25	0	70	0	38	74	51	37	33	75	17	24	8	123	136	32	79
70	97	26	52	144	83	43	53	0	55	0	31	163	210	52	111	74	66	15	41	90	61	26	21	34	17	6	7	195	121	64	60	67	41	14	25	95	66	40	35	97	45	18	27	75	45	20	21	0	71	0	37	74	52	37	32	74	17	25	8	117	136	34	79
70	94	26	55	147	85	42	49	0	54	0	32	164	212	51	109	74	67	15	40	90	62	26	20	33	18	6	7	191	123	59	59	67	39	14	27	98	66	37	35	98	44	17	28	73	47	22	19	0	71	0	37	73	53	37	32	74	18	25	7	122	138	37	77
71	95	25	54	145	85	43	50	0	53	0	33	163	213	52	108	73	70	16	37	91	64	24	19	33	18	6	7	196	123	58	57	66	39	15	27	99	66	36	35	99	45	17	26	72	49	23	17	0	71	0	37	71	52	39	33	75	17	24	8	122	138	35	77
71	96	25	53	142	85	46	50	0	53	0	33	164	215	51	106	73	70	16	37	90	62	26	20	32	17	7	8	198	123	57	56	64	39	17	27	98	69	37	32	98	46	18	25	72	49	23	17	0	72	0	36	75	54	37	29	74	17	25	8	121	136	36	79
70	94	26	55	142	87	46	48	0	52	0	34	164	212	51	109	73	70	16	37	88	64	27	19	31	17	7	9	191	121	59	58	64	40	17	26	99	67	37	33	97	48	18	24	75	48	22	16	0	73	0	35	76	55	36	28	73	17	26	8	125	139	37	76
71	95	25	54	140	89	48	46	0	52	0	34	165	210	50	111	71	67	18	40	88	64	28	18	31	19	7	7	193	122	61	55	67	40	14	26	100	68	36	32	97	49	18	23	75	46	23	17	0	74	0	34	76	58	35	26	73	18	26	7	124	144	36	71
72	95	24	54	140	85	48	50	0	51	0	35	165	208	50	113	71	68	18	39	88	63	28	19	31	19	7	7	197	120	60	56	66	42	15	24	98	68	37	33	96	50	19	22	74	45	24	18	0	73	0	35	76	55	35	29	73	18	26	7	124	146	34	69
72	98	24	51	142	85	46	50	0	49	0	37	167	213	48	108	71	71	18	36	89	63	28	18	31	19	7	7	196	119	61	58	67	45	14	21	96	68	39	33	95	48	20	24	74	46	24	17	0	73	0	35	75	55	36	29	71	18	28	7	120	146	37	69
72	98	24	51	142	90	46	45	0	49	0	37	166	214	49	107	70	71	19	36	89	62	27	20	32	20	6	6	196	116	62	61	67	46	14	20	94	63	41	38	94	47	20	26	73	46	25	17	0	76	0	32	75	53	37	30	71	17	28	8	121	148	35	67
72	97	24	52	141	90	47	45	0	51	0	35	167	211	48	110	71	71	18	36	89	62	26	21	32	19	6	7	202	114	59	62	64	47	17	19	95	63	40	38	93	43	21	30	73	45	26	17	0	76	0	32	79	55	34	27	72	18	27	7	116	150	38	65
72	97	24	52	142	91	47	43	0	50	0	36	162	211	53	110	71	72	18	35	87	62	27	22	31	18	7	8	198	116	61	60	65	48	16	18	93	62	42	39	92	45	22	28	71	43	28	19	0	75	0	33	82	55	32	26	72	19	27	6	118	146	38	69
74	94	22	55	140	92	49	42	0	48	0	38	160	207	55	114	72	72	17	35	85	56	29	28	32	18	6	8	197	112	59	64	65	48	16	18	97	58	40	41	94	45	20	28	73	40	26	22	0	75	0	33	81	57	32	25	71	19	28	6	119	147	40	68
73	94	23	55	142	93	46	42	0	50	0	36	163	206	52	115	72	72	17	35	84	54	30	30	34	17	4	9	195	111	61	65	63	48	18	18	98	59	39	40	94	44	20	29	72	42	27	20	0	73	0	35	83	56	31	25	72	19	27	6	122	146	37	69
74	91	22	58	140	92	49	42	0	50	0	36	162	206	53	115	72	71	17	36	80	57	32	29	33	18	5	8	192	110	61	66	62	46	19	20	100	59	37	40	93	45	19	30	74	39	26	22	0	72	0	36	84	59	30	22	72	20	27	5	123	148	39	67
75	91	21	58	138	91	52	42	0	50	0	36	161	205	54	116	72	71	17	36	81	55	32	30	33	18	5	8	190	109	59	67	62	47	19	19	98	61	38	39	92	46	19	30	74	38	27	22	0	74	0	34	87	58	29	21	70	21	29	4	122	145	44	70
75	91	21	58	142	93	48	40	0	48	0	38	161	205	54	116	72	73	17	34	84	53	30	31	34	19	4	7	190	107	59	68	61	48	20	18	98	59	38	41	91	45	19	32	73	39	27	22	0	73	0	35	88	52	29	26	73	22	26	3	125	146	42	69
73	90	23	59	143	94	47	39	0	48	0	38	160	207	55	114	72	76	17	31	84	53	29	32	34	20	4	6	193	105	60	68	60	47	21	19	97	59	38	42	91	44	19	33	74	38	27	22	0	75	0	33	88	51	29	27	70	21	29	4	122	148	43	67
73	91	23	58	139	96	49	39	0	48	0	38	162	206	53	115	70	73	19	34	82	53	30	33	34	21	4	5	189	106	57	69	63	49	18	17	97	60	38	41	92	44	19	32	72	39	29	21	0	75	0	33	88	52	29	26	69	20	30	5	126	146	44	69
74	91	22	58	137	95	50	41	0	46	0	40	164	207	51	114	70	72	19	35	81	55	30	32	34	19	4	7	184	112	61	65	64	48	17	18	97	62	38	39	93	44	19	31	73	39	28	21	0	74	0	34	89	52	29	25	70	20	29	5	122	145	47	70
73	93	23	56	142	94	45	42	0	47	0	39	165	205	50	116	70	74	19	33	83	54	30	31	34	19	4	7	185	108	58	69	64	47	17	19	99	62	36	39	93	45	19	30	73	40	27	21	0	77	0	31	90	52	28	25	73	20	26	5	125	143	46	72
72	94	24	55	142	94	44	43	0	47	0	39	167	199	48	122	71	73	18	34	84	52	29	33	34	19	4	7	188	109	58	67	65	48	16	18	99	61	37	39	93	43	19	32	74	43	25	19	0	77	0	31	89	51	28	27	72	18	27	7	121	140	48	75
74	92	22	57	141	95	44	43	0	47	0	39	167	202	48	119	71	73	18	34	83	52	30	33	34	18	4	8	193	107	56	69	66	47	15	19	98	59	37	42	91	44	21	31	76	43	23	19	0	78	0	30	90	50	28	27	70	18	29	7	121	138	45	77
73	94	23	55	138	95	47	43	0	48	0	38	167	200	48	121	70	74	19	33	83	52	29	34	34	19	4	7	195	110	53	66	66	47	15	19	98	59	37	42	90	45	22	30	76	43	23	19	0	81	0	27	88	47	30	30	68	18	31	7	122	138	45	77
73	92	23	57	136	93	49	45	0	49	0	37	168	194	47	127	70	72	19	35	83	51	28	36	33	19	4	8	199	112	52	65	66	48	15	18	99	57	36	44	90	45	22	30	75	44	22	20	0	77	0	31	89	45	29	32	67	18	32	7	116	139	47	76
71	92	25	57	136	93	49	45	0	51	0	35	166	192	49	129	71	73	18	34	83	50	27	38	33	20	4	7	199	112	55	65	67	47	14	19	100	58	34	44	91	45	21	30	77	43	20	21	0	77	0	31	89	44	29	33	66	17	33	8	117	135	43	80
71	91	25	58	134	92	51	46	0	49	0	37	168	193	47	128	70	72	19	35	83	48	29	38	31	20	6	7	198	110	54	68	67	48	14	18	101	59	33	43	90	48	22	27	78	43	19	21	0	79	0	29	90	45	28	32	66	17	33	8	118	132	43	83
70	92	26	57	130	96	53	44	0	49	0	37	167	190	48	131	71	70	18	37	83	48	29	38	30	19	7	8	207	110	52	67	66	47	15	19	102	60	31	43	90	48	22	27	80	42	18	21	0	77	0	31	89	45	29	32	66	17	33	8	113	134	42	81
71	91	25	58	133	96	50	44	0	50	0	36	168	186	47	135	70	69	19	38	84	46	28	40	30	20	7	7	204	112	56	65	67	47	14	19	101	62	32	41	92	46	20	29	81	42	18	20	0	72	0	36	87	45	31	32	65	17	34	8	110	133	44	82
71	94	25	55	134	97	49	43	0	50	0	36	168	186	47	135	68	70	21	37	85	48	28	37	31	21	6	6	201	108	58	68	67	46	14	20	100	65	31	40	92	45	20	30	81	41	18	21	0	71	0	37	89	43	30	33	66	17	33	8	108	133	48	82
71	94	25	55	135	99	49	40	0	51	0	35	167	181	48	140	67	73	22	34	86	48	27	37	31	22	6	5	197	106	57	69	67	48	14	18	99	67	31	39	91	43	21	32	81	41	18	21	0	70	0	38	90	45	28	32	68	16	31	9	114	133	48	82
72	95	24	54	136	101	47	39	0	49	0	37	166	183	49	138	65	74	24	33	86	50	27	35	31	23	6	4	203	110	55	66	66	47	15	19	100	68	29	39	87	43	24	33	82	44	16	19	0	71	0	37	94	42	26	33	69	15	30	10	109	133	48	82
73	96	23	53	137	97	47	42	0	49	0	37	168	181	47	140	64	74	25	33	83	49	30	36	31	23	6	4	196	114	58	66	65	44	16	22	99	72	30	35	84	46	26	31	81	45	16	19	0	72	0	36	95	43	26	31	69	16	30	9	109	133	48	82
72	98	24	51	138	94	46	45	0	48	0	38	167	180	48	141	66	72	23	35	84	49	29	36	31	22	6	5	191	111	62	68	65	43	16	23	101	68	28	39	84	46	26	31	80	43	17	21	0	72	0	36	95	43	26	31	70	16	29	9	116	132	43	83
72	99	24	50	135	91	48	49	0	48	0	38	166	184	49	137	68	68	21	39	84	48	29	37	30	22	7	5	194	113	64	66	64	43	17	23	100	66	28	42	83	46	27	31	77	45	20	19	0	72	0	36	94	44	27	30	70	16	29	9	113	129	41	86
73	102	23	47	136	90	48	49	0	49	0	37	167	188	48	133	69	68	20	39	83	48	31	36	29	22	8	5	195	117	64	61	64	45	17	21	100	66	28	42	82	45	28	32	78	45	19	19	0	72	0	36	95	43	27	30	71	16	28	9	115	129	39	86
73	104	23	45	136	91	48	48	0	51	0	35	164	187	51	134	69	67	20	40	81	50	31	36	27	22	10	5	196	119	64	59	65	43	16	23	99	66	29	42	80	45	29	33	76	45	20	20	0	72	0	36	94	42	28	31	70	17	29	8	112	133	41	82
75	100	21	49	139	93	46	45	0	50	0	36	169	186	46	135	70	68	19	39	81	50	32	35	26	22	11	5	190	120	68	58	65	40	16	26	98	64	30	44	80	46	29	32	77	44	19	21	0	74	0	34	92	42	30	31	69	16	30	9	113	132	42	83
75	100	21	49	140	93	46	44	0	50	0	36	169	187	46	134	70	66	19	41	82	47	31	38	27	22	10	5	191	120	67	58	64	38	17	28	95	63	32	46	80	46	29	32	77	44	19	21	0	75	0	33	92	41	30	32	69	15	30	10	113	131	42	84
75	98	21	51	136	93	47	47	0	50	0	36	166	187	49	134	69	64	20	43	85	48	28	37	26	22	11	5	188	121	69	57	65	38	16	28	94	61	33	48	80	47	29	31	78	45	18	20	0	75	0	33	93	43	29	30	67	15	32	10	119	135	37	80
78	101	18	48	139	92	43	49	0	51	0	35	163	190	52	131	69	63	20	44	85	50	29	34	26	21	11	6	188	121	69	56	63	39	18	27	95	61	33	47	79	49	29	30	78	44	18	21	0	74	0	34	94	41	28	32	66	15	33	10	120	134	37	81
79	106	17	43	138	92	43	50	0	54	0	32	163	191	52	130	69	64	20	43	85	49	29	35	26	21	11	6	191	121	68	56	63	39	18	27	97	59	32	48	79	50	29	29	77	42	20	22	0	75	0	33	93	42	29	31	67	14	32	11	115	134	40	81
78	106	18	43	139	90	43	51	0	52	0	34	169	194	46	127	69	65	20	42	84	48	30	36	27	21	10	6	195	122	71	55	64	41	17	25	99	59	31	47	77	51	30	29	77	43	20	21	0	75	0	33	92	41	30	32	68	14	31	11	107	134	41	81
78	108	18	41	142	90	41	50	0	54	0	32	169	197	46	124	67	63	22	44	83	46	30	39	27	21	10	6	198	120	73	57	63	40	18	26	98	59	31	48	77	51	28	31	79	45	18	19	0	75	0	33	94	41	30	30	69	14	30	11	105	129	38	86
78	106	18	43	141	92	43	47	0	55	0	31	168	194	47	127	66	65	23	42	84	48	28	38	26	21	11	6	203	122	68	54	62	42	19	24	101	58	28	49	77	52	28	30	76	46	21	18	0	74	0	34	95	40	29	31	72	14	27	11	104	132	40	83
78	107	18	42	139	91	45	48	0	55	0	31	169	196	46	125	65	66	24	41	85	48	29	36	23	22	13	6	198	122	68	55	62	41	19	25	101	57	28	50	77	55	27	28	76	45	21	19	0	76	0	32	94	41	31	29	71	16	28	9	108	131	40	84
80	105	16	44	136	91	47	49	0	56	0	30	168	191	47	130	66	68	23	39	82	50	31	35	24	23	12	5	199	124	69	55	62	41	19	25	100	55	29	52	79	54	25	29	78	44	19	20	0	76	0	32	94	42	31	28	69	16	30	9	104	133	40	82
80	104	16	45	136	91	47	49	0	54	0	32	170	190	45	131	66	69	23	38	81	53	31	33	24	22	12	6	201	126	71	53	63	41	18	25	101	57	28	50	78	54	26	29	78	44	18	21	0	76	0	32	93	40	33	29	67	15	32	10	101	133	39	82
80	103	16	46	138	92	46	47	0	55	0	31	169	193	46	128	66	69	23	38	77	54	35	32	24	22	11	7	196	127	71	52	63	41	18	25	102	57	27	50	80	52	25	30	77	42	19	23	0	77	0	31	91	40	34	30	67	16	32	9	105	133	40	82
80	103	16	46	140	91	45	47	0	53	0	33	168	189	47	132	65	71	24	36	80	55	33	30	25	22	10	7	197	124	68	56	64	40	17	26	105	60	25	46	79	53	26	29	78	43	19	21	0	79	0	29	90	41	35	29	67	17	32	8	103	133	43	82
79	104	17	45	140	93	45	45	0	53	0	33	167	193	48	128	66	69	23	38	80	54	33	31	25	22	10	7	200	121	60	57	64	40	17	26	108	60	23	45	80	54	26	27	81	42	17	21	0	80	0	28	89	43	36	27	68	17	31	8	106	133	47	82
78	100	18	49	141	95	44	43	0	52	0	34	165	194	50	127	66	69	23	38	81	55	32	30	26	23	9	6	197	123	61	55	62	40	19	26	106	59	25	46	80	53	26	28	81	42	16	22	0	79	0	29	90	44	36	25	68	17	31	8	108	128	47	87
77	98	19	51	138	94	46	45	0	52	0	34	162	196	53	125	67	69	22	38	83	56	31	28	27	22	8	7	200	118	62	59	62	40	19	26	102	59	29	46	80	54	27	26	80	42	17	22	0	80	0	28	91	44	34	26	70	17	29	8	108	126	44	89
76	97	20	52	138	93	47	45	0	54	0	32	164	195	51	126	69	70	20	37	83	57	32	26	27	21	8	8	200	118	66	59	62	38	19	28	102	59	29	46	79	52	27	29	80	43	16	22	0	79	0	29	92	46	33	24	70	16	29	9	106	127	42	88
76	95	20	54	139	91	46	47	0	58	0	28	164	197	51	124	70	73	19	34	84	59	31	24	26	22	8	8	203	118	63	59	62	36	19	30	102	62	28	44	82	52	25	28	78	45	18	20	0	76	0	32	89	49	34	23	67	17	32	8	106	130	42	85
76	93	20	56	143	90	43	47	0	59	0	27	165	193	50	128	71	73	18	34	86	57	30	25	26	23	8	7	196	120	66	57	62	36	19	30	101	61	29	45	81	52	26	28	77	46	18	20	0	75	0	33	87	47	36	25	68	17	31	8	111	136	41	79
79	92	17	57	145	90	42	46	0	57	0	29	168	195	47	126	69	72	20	35	86	57	30	25	26	24	8	6	195	122	63	57	63	37	18	29	100	61	30	45	82	54	25	26	79	44	18	20	0	72	0	36	90	47	33	25	66	17	33	8	113	134	41	81
76	94	20	55	141	88	46	48	0	57	0	29	170	194	45	127	66	74	23	33	85	59	30	24	25	23	9	7	201	123	62	55	63	36	18	30	99	61	31	45	83	54	25	25	79	43	19	20	0	70	0	38	90	51	33	21	66	18	33	7	109	134	41	81
75	90	21	59	142	88	45	48	0	57	0	29	168	192	47	129	64	75	25	32	82	57	33	26	25	23	9	7	200	123	65	54	63	38	18	28	99	60	29	48	81	56	27	23	79	43	19	20	0	70	0	38	92	53	31	19	67	16	32	9	109	130	40	85
77	92	19	57	142	92	45	44	0	58	0	28	168	198	47	123	64	75	25	32	82	54	33	29	25	23	9	7	194	121	67	56	63	39	18	27	97	61	31	47	82	56	26	23	79	45	19	18	0	70	0	38	91	52	32	20	68	15	31	10	113	132	40	83
77	91	19	58	140	91	47	45	0	56	0	30	164	199	51	122	65	76	24	31	81	57	33	27	27	21	8	8	189	122	71	55	63	38	18	28	95	60	33	48	82	56	26	23	76	46	21	18	0	71	0	37	89	49	33	24	70	15	29	10	117	129	37	86
76	97	20	52	140	91	47	45	0	55	0	31	163	201	52	120	67	76	22	31	80	56	34	28	27	21	8	8	188	117	75	61	62	39	19	27	95	61	34	46	80	54	28	25	76	47	22	16	0	74	0	34	88	45	34	28	71	15	28	10	114	132	36	83
76	96	20	53	140	88	47	48	0	53	0	33	162	200	53	121	68	75	21	32	79	56	35	28	25	20	10	9	186	118	76	60	61	38	20	28	97	60	33	46	81	53	27	26	77	46	21	17	0	71	0	37	87	45	35	28	70	16	29	9	116	132	35	83
73	96	23	53	136	88	50	49	0	53	0	33	160	205	55	116	70	72	19	35	79	54	36	29	27	21	9	7	186	119	76	59	60	38	21	28	96	60	34	46	82	52	27	26	75	49	21	16	0	70	0	38	84	44	38	29	72	15	27	10	116	132	35	83
73	95	23	54	137	88	50	48	0	56	0	30	164	212	51	109	71	74	18	33	79	53	36	30	27	21	9	7	188	122	77	55	61	37	20	29	94	60	35	47	83	52	26	26	74	48	22	17	0	71	0	37	84	44	38	29	72	15	27	10	112	132	37	83
73	95	23	54	136	91	49	47	0	54	0	32	163	210	52	111	69	73	20	34	79	53	36	30	26	21	10	7	194	121	71	55	60	37	21	29	95	61	34	46	84	52	25	26	74	47	22	18	0	73	0	35	82	43	40	30	72	16	27	9	112	128	38	87
73	98	23	51	138	92	48	45	0	55	0	31	164	209	51	112	69	73	20	34	78	55	37	28	26	22	10	6	193	122	70	52	60	33	21	33	99	62	30	45	88	53	22	24	74	46	22	19	0	75	0	33	81	43	41	30	72	17	27	8	117	131	37	84
73	95	23	54	137	93	49	44	0	55	0	31	163	206	52	115	68	71	21	36	75	53	39	31	26	22	10	6	193	122	67	52	60	35	21	31	101	65	28	42	86	55	22	24	75	46	21	19	0	73	0	35	83	41	40	31	71	17	28	8	116	130	41	85
72	96	24	53	136	92	49	46	0	54	0	32	161	201	54	120	68	71	21	36	77	54	38	29	26	22	10	6	197	121	68	51	61	36	20	30	100	62	31	43	85	51	23	28	74	46	22	19	0	70	0	38	83	43	40	29	72	16	27	9	116	127	38	88
74	95	22	54	138	89	47	49	0	52	0	34	162	202	53	119	69	71	20	36	80	52	37	29	27	22	10	5	196	119	68	54	62	36	19	30	102	62	30	42	81	51	25	30	74	46	22	19	0	72	0	36	82	42	41	30	71	17	28	8	118	129	36	86
75	95	21	54	137	91	47	48	0	53	0	33	163	205	52	116	69	74	20	33	79	51	38	30	26	22	11	5	192	119	66	56	61	37	20	29	102	61	30	43	79	52	26	30	74	47	22	18	0	73	0	35	82	42	41	30	70	18	29	7	118	127	40	88
75	92	21	57	133	93	50	47	0	54	0	32	162	206	53	115	69	72	20	35	78	49	39	32	26	22	11	5	197	115	63	60	62	35	19	31	103	60	30	43	75	52	29	31	74	47	22	18	0	74	0	34	82	44	41	28	71	18	28	7	116	133	40	82
72	95	24	54	133	91	50	49	0	54	0	32	163	202	52	119	69	75	20	32	78	50	39	31	28	22	9	5	191	115	66	60	61	37	20	29	101	61	31	43	79	51	28	29	74	47	22	18	0	73	0	35	81	43	42	29	70	17	29	8	119	134	40	81
72	94	24	55	131	91	51	50	0	54	0	32	159	207	56	114	68	75	21	32	80	51	37	30	28	22	9	5	187	113	68	64	61	37	20	29	102	62	30	42	81	51	26	29	75	46	20	20	0	71	0	37	82	41	41	31	69	17	30	8	118	132	41	83
71	93	25	56	134	87	48	54	0	54	0	32	155	206	60	115	69	74	20	33	83	52	36	27	29	22	9	4	196	113	67	63	59	38	22	28	100	64	32	40	82	51	25	29	75	49	20	17	0	72	0	36	82	44	41	28	70	17	29	8	112	132	40	83
71	92	25	57	134	87	49	53	0	54	0	32	159	207	56	114	69	73	20	34	87	51	33	27	29	20	9	6	192	114	69	60	60	39	21	27	96	63	36	41	83	50	24	30	74	50	21	16	0	73	0	35	83	44	41	27	70	16	29	9	114	132	42	83
71	91	25	58	133	90	49	51	0	54	0	32	162	205	53	116	70	73	19	34	84	50	35	29	30	18	9	7	189	116	71	57	60	39	21	27	99	61	35	41	83	48	24	32	75	47	21	18	0	76	0	32	81	44	43	27	69	16	30	9	117	134	41	81
70	91	26	58	135	90	47	51	0	55	0	31	162	204	53	117	68	73	21	34	87	50	32	29	28	18	11	7	186	113	75	60	61	38	20	28	104	59	32	41	81	49	26	31	73	46	22	20	0	74	0	34	80	46	42	27	70	16	29	9	116	136	41	79
71	93	25	56	137	91	46	49	0	55	0	31	165	203	50	118	68	74	21	33	85	51	33	29	27	18	12	7	193	114	69	59	63	38	18	28	104	59	32	41	79	48	28	32	74	43	21	23	0	75	0	33	83	46	40	26	71	16	28	9	113	134	43	81
73	95	23	54	135	93	48	47	0	56	0	30	165	204	50	117	67	72	22	35	84	51	35	28	28	16	11	9	194	116	72	58	60	37	21	29	104	57	34	41	74	49	31	33	74	42	20	25	0	76	0	32	83	46	40	26	71	16	28	9	110	133	41	82
73	97	23	52	137	93	46	47	0	56	0	30	160	201	55	120	67	73	22	34	84	51	35	28	28	15	11	10	198	114	71	60	59	37	22	29	103	56	35	42	77	49	28	33	74	39	21	27	0	75	0	33	86	45	39	25	71	16	28	9	109	132	39	83
70	98	26	51	139	93	45	46	0	55	0	31	161	200	54	121	67	72	22	35	83	54	35	26	29	15	11	9	197	111	71	64	60	38	21	28	105	57	32	42	80	50	26	31	75	41	20	25	0	74	0	34	88	44	38	25	70	16	29	9	110	131	38	84
70	98	26	51	137	93	48	45	0	56	0	30	160	202	55	119	65	73	24	34	83	53	36	26	27	15	12	10	198	110	68	63	61	39	20	27	106	57	31	42	83	52	25	27	74	40	20	27	0	71	0	37	87	44	39	25	69	16	30	9	111	136	41	79
71	102	25	47	137	90	48	48	0	56	0	30	159	201	56	120	67	76	22	31	84	53	35	26	26	14	13	11	204	110	65	63	60	39	21	27	106	57	31	42	87	50	24	26	75	41	19	26	0	74	0	34	89	41	38	27	69	16	30	9	110	137	39	78
71	101	25	48	139	88	47	49	0	56	0	30	158	197	57	124	67	75	22	32	82	51	38	27	26	13	13	12	213	108	62	64	59	41	22	25	104	60	32	40	89	48	23	27	74	41	19	27	0	73	0	35	86	39	40	30	69	15	30	10	104	139	40	76
71	99	25	50	140	88	46	49	0	54	0	32	156	196	59	125	67	77	22	30	82	51	39	26	25	13	13	13	215	109	62	63	59	42	22	24	105	61	31	39	90	49	23	25	73	42	20	26	0	74	0	34	86	41	40	28	68	14	31	11	102	139	40	76
73	100	23	49	139	88	48	48	0	54	0	32	157	195	58	126	67	79	22	28	82	50	39	27	26	13	12	13	218	108	60	64	60	43	21	23	105	66	31	34	91	48	22	26	73	42	19	27	0	74	0	34	88	42	39	26	67	14	32	11	100	145	41	70
72	102	24	47	139	89	47	48	0	53	0	33	157	189	58	132	65	79	24	28	81	49	40	28	27	13	11	13	215	111	61	62	61	44	20	22	104	64	33	35	90	48	23	26	71	41	21	28	0	72	0	36	91	41	36	27	68	14	31	11	98	147	44	68
75	103	21	46	135	87	50	51	0	53	0	33	158	187	57	134	65	79	24	28	81	48	40	29	27	13	11	13	216	112	64	61	60	43	21	23	104	65	34	33	90	48	24	25	69	42	22	28	0	71	0	37	90	41	37	27	69	14	30	11	95	143	43	72
75	107	21	42	133	90	53	47	0	54	0	32	156	192	59	129	65	79	24	28	81	48	40	29	26	12	13	13	216	113	65	60	61	44	20	22	103	64	34	35	90	48	23	26	69	41	23	28	0	71	0	37	89	42	38	26	69	14	30	11	94	140	43	75
75	109	21	40	133	89	53	48	0	55	0	31	154	193	61	128	63	78	26	29	79	49	41	29	28	13	11	12	213	116	68	56	62	45	19	21	105	63	34	34	92	45	21	29	68	41	23	29	0	70	0	38	89	41	38	27	69	13	30	12	95	143	43	72
75	108	21	41	133	92	52	46	0	57	0	29	153	195	62	126	62	79	27	28	81	51	39	27	27	13	11	13	214	116	69	54	62	46	19	20	108	63	31	34	92	45	21	29	68	41	23	29	0	71	0	37	90	42	37	26	67	13	32	12	94	145	44	70
75	109	21	40	132	92	52	47	0	59	0	27	154	196	61	125	61	78	28	29	82	52	38	26	28	13	11	12	209	113	72	55	63	48	18	18	108	62	32	34	93	45	20	29	68	44	22	27	0	74	0	34	90	42	36	27	69	13	30	12	100	142	42	73
75	110	21	39	130	89	54	50	0	57	0	29	155	190	60	131	59	79	30	28	82	50	38	28	28	14	10	12	208	111	75	57	62	49	19	17	111	62	30	33	91	48	21	27	65	46	22	28	0	73	0	35	92	40	35	28	67	13	32	12	101	144	39	71
77	108	19	41	128	92	56	47	0	58	0	28	155	186	60	135	60	79	29	28	80	50	39	29	29	14	10	11	213	111	71	57	62	49	19	17	111	61	30	34	88	49	23	27	66	46	22	27	0	73	0	35	91	41	36	27	67	13	32	12	101	142	38	73
78	106	18	43	126	92	58	47	0	61	0	25	154	190	61	131	60	78	29	29	80	49	39	30	30	13	10	11	212	108	71	60	59	49	22	17	112	62	28	34	89	46	22	30	65	49	23	24	0	72	0	36	91	42	35	27	67	14	32	11	105	140	35	75
78	105	18	44	123	91	59	50	0	58	0	28	159	190	56	131	59	74	30	33	82	50	36	30	29	13	10	12	212	107	72	60	58	49	23	17	112	62	28	34	88	45	22	32	65	50	23	23	0	71	0	37	89	42	36	28	70	15	29	10	106	139	34	76
75	106	21	43	124	93	58	48	0	59	0	27	161	182	54	139	59	74	30	33	82	53	36	27	29	14	10	11	212	103	69	63	58	48	23	18	112	63	28	33	89	44	21	33	65	50	24	22	0	71	0	37	91	43	34	27	73	16	26	9	111	138	33	77
76	108	20	41	126	90	56	51	0	58	0	28	164	187	51	134	58	73	31	34	82	53	37	26	28	13	11	12	206	101	70	65	56	48	25	18	110	62	30	34	90	44	20	33	65	50	22	24	0	74	0	34	91	44	34	26	75	16	24	9	113	135	36	80
77	107	19	42	129	88	53	53	0	58	0	28	167	188	48	133	57	72	32	35	88	54	33	23	28	14	11	11	204	98	66	70	55	50	26	16	111	62	29	34	88	45	22	32	63	52	24	22	0	73	0	35	90	44	35	26	76	16	23	9	118	140	35	75
77	108	19	41	129	88	54	52	0	58	0	28	169	187	46	134	58	73	31	34	88	54	33	23	28	13	11	12	209	97	64	68	58	50	23	16	110	62	30	34	90	43	21	33	64	49	23	25	0	70	0	38	88	43	36	28	77	16	22	9	119	136	34	79
78	107	18	42	131	88	52	52	0	57	0	29	166	188	49	133	58	73	31	34	87	54	34	23	28	13	12	11	205	95	65	71	58	50	23	16	106	63	33	34	90	42	21	34	67	47	21	26	0	69	0	39	90	46	34	25	75	16	24	9	119	135	36	80
