AAA	AAC	AAG	AAT	ACA	ACC	ACG	ACT	AGA	AGC	AGG	AGT	ATA	ATC	ATG	ATT	CAA	CAC	CAG	CAT	CCA	CCC	CCG	CCT	CGA	CGC	CGG	CGT	CTA	CTC	CTG	CTT	GAA	GAC	GAG	GAT	GCA	GCC	GCG	GCT	GGA	GGC	GGG	GGT	GTA	GTC	GTG	GTT	TAA	TAC	TAG	TAT	TCA	TCC	TCG	TCT	TGA	TGC	TGG	TGT	TTA	TTC	TTG	TTT
36	50	35	69	65	75	85	66	0	47	0	34	73	146	71	133	52	56	48	47	41	59	57	52	18	15	16	24	101	112	108	88	43	32	49	44	84	93	73	83	43	56	64	61	41	60	47	56	0	48	0	53	40	36	38	43	61	9	53	14	105	127	90	105
39	50	32	69	70	76	80	65	0	48	0	33	80	146	64	133	53	56	47	47	43	57	54	55	20	16	15	22	114	112	93	88	46	32	46	44	97	94	62	80	47	56	59	62	43	59	45	57	0	48	0	53	41	36	38	42	63	9	51	14	111	127	86	105
40	51	31	68	75	71	75	70	0	48	0	33	83	149	61	130	56	54	44	49	46	57	50	56	22	16	14	21	121	112	86	87	47	33	45	43	101	96	56	80	55	56	51	62	47	59	41	57	0	49	0	52	46	38	32	41	67	10	47	13	116	123	82	109
41	49	30	70	81	71	70	69	0	48	0	33	84	149	60	130	61	56	39	47	48	58	46	57	23	15	13	22	131	114	81	85	48	34	44	42	104	97	53	79	63	57	43	61	52	60	35	57	0	52	0	49	49	37	29	42	70	10	44	13	117	123	76	109
43	49	28	70	90	69	61	71	0	48	0	33	88	149	56	130	63	58	37	45	54	60	39	56	24	15	12	22	139	113	75	82	53	36	39	40	108	96	49	80	69	56	38	61	56	60	32	56	0	51	0	50	51	37	27	42	73	10	41	13	128	123	67	109
46	49	25	70	95	68	57	71	0	48	0	33	92	149	52	130	67	59	33	44	56	64	35	54	25	16	10	22	147	112	68	84	56	35	36	41	112	96	45	80	74	55	33	62	59	56	30	59	0	50	0	51	55	37	23	42	75	10	39	13	132	125	61	107
50	48	21	71	101	68	51	71	0	47	0	34	98	150	46	129	68	60	32	43	60	63	30	56	26	15	10	22	157	114	59	83	60	35	32	41	118	95	40	80	78	54	29	63	65	55	25	59	0	49	0	52	58	36	20	43	77	11	37	12	136	125	55	107
50	48	21	71	106	68	46	71	0	47	0	34	103	149	41	130	69	61	31	42	63	62	27	57	26	15	10	22	169	111	45	88	62	36	30	40	119	95	39	80	84	51	25	64	66	54	25	59	0	48	0	53	60	38	18	41	80	11	34	12	138	126	53	106
51	48	20	71	110	72	40	69	0	48	0	33	107	149	37	130	71	60	29	43	67	62	25	55	28	16	8	21	171	113	41	87	65	35	27	41	120	93	38	82	86	52	23	63	69	54	21	60	0	49	0	52	61	39	16	41	82	11	32	12	147	126	45	106
53	49	18	70	119	71	32	69	0	47	0	34	110	148	34	131	75	61	25	42	70	60	21	58	31	15	6	21	177	113	38	87	67	35	25	41	124	92	35	82	88	52	22	62	72	50	19	63	0	49	0	52	60	39	17	41	84	10	30	13	153	122	36	110
54	49	17	70	124	70	27	70	0	46	0	35	114	145	30	134	81	61	19	42	71	63	20	55	32	15	6	20	185	114	31	88	70	37	22	39	129	92	31	81	92	53	19	60	77	50	16	61	0	46	0	55	61	40	16	40	89	10	25	13	152	120	34	112
54	50	17	69	132	69	19	71	0	46	0	35	116	144	28	135	82	60	18	43	73	65	17	54	33	15	5	20	185	113	28	87	73	37	19	39	133	91	26	83	93	54	18	59	82	50	13	59	0	46	0	55	64	38	12	43	94	10	20	13	164	120	27	112
54	52	17	67	133	71	17	70	0	45	0	36	122	143	22	136	85	60	15	43	77	65	13	54	33	16	5	19	191	110	25	89	77	37	15	39	137	90	25	81	96	54	15	59	84	50	11	59	0	47	0	54	64	38	11	44	99	10	15	13	167	120	22	112
57	52	14	67	138	71	12	70	0	45	0	36	125	143	19	136	85	62	15	41	82	64	9	54	34	16	4	19	196	110	21	87	79	37	13	39	142	89	22	80	97	52	14	61	85	49	9	61	0	48	0	53	63	40	10	44	101	10	13	13	168	122	22	110
61	53	10	66	138	72	10	71	0	42	0	39	126	146	18	133	87	64	13	39	83	66	8	52	34	16	4	19	200	108	18	87	82	38	10	38	145	90	18	80	98	52	14	60	87	47	7	63	0	50	0	51	66	42	7	42	103	10	11	13	169	123	22	109
62	52	9	67	140	76	7	68	0	44	0	37	131	144	13	135	90	63	10	40	84	66	6	53	35	16	4	18	198	109	16	88	82	38	10	38	150	92	13	78	96	51	15	62	85	45	9	65	0	48	0	53	70	42	4	41	105	10	9	13	175	121	18	111
61	50	10	69	137	77	10	67	0	45	0	36	133	145	11	134	90	63	10	40	85	65	5	54	36	15	4	18	201	107	14	89	84	37	8	39	152	95	12	74	98	49	14	63	87	45	8	64	0	47	0	54	71	43	3	40	107	10	7	13	177	120	16	112
62	50	9	69	137	78	10	66	0	45	0	36	135	146	9	133	93	60	7	43	84	63	5	57	37	17	2	17	204	110	8	86	83	36	9	40	153	91	10	79	102	48	12	62	90	47	7	60	0	47	0	54	71	44	3	39	109	11	5	12	183	119	13	113
63	49	8	70	135	82	8	66	0	42	0	39	136	145	8	134	93	59	7	44	84	61	5	59	37	17	1	18	205	109	8	86	84	35	8	41	157	91	8	77	105	47	9	63	92	49	7	56	0	47	0	54	72	46	3	36	108	11	6	12	183	118	13	114
63	49	8	70	136	82	7	66	0	42	0	39	138	145	6	134	93	62	7	41	84	61	4	60	37	18	1	17	204	108	7	87	84	34	8	42	156	90	8	79	109	48	6	61	93	52	6	53	0	48	0	53	72	45	3	37	110	9	4	14	190	117	8	115
66	49	5	70	136	81	5	69	0	42	0	39	138	152	6	127	94	61	6	42	86	59	5	59	38	18	1	16	200	109	7	87	86	35	6	41	156	88	9	80	110	49	6	59	96	54	4	50	0	47	0	54	72	43	3	39	111	9	3	14	194	121	7	111
65	48	6	71	136	80	5	70	0	40	0	41	138	153	6	126	91	61	9	42	87	62	5	55	39	18	1	15	205	105	5	89	86	36	6	40	161	86	5	81	111	47	4	62	96	55	3	50	0	47	0	54	72	42	3	40	111	8	3	15	196	119	4	113
67	50	4	69	139	81	3	68	0	39	0	42	139	155	5	124	93	60	7	43	88	62	5	54	37	19	0	17	205	107	6	84	87	36	5	40	163	84	4	82	112	48	2	62	96	57	3	48	0	47	0	54	73	42	2	40	113	9	1	14	197	119	5	113
67	52	4	67	142	78	2	69	0	37	0	44	138	153	6	126	94	58	6	45	88	63	3	55	38	18	0	17	208	102	5	88	88	35	4	41	160	85	6	82	112	47	2	63	98	59	1	46	0	47	0	54	72	43	2	40	112	9	2	14	196	119	5	113
67	51	4	68	142	77	2	70	0	37	0	44	140	157	4	122	94	56	6	47	86	62	4	57	39	15	0	19	213	101	3	90	89	34	3	42	164	80	4	85	112	46	1	65	97	59	3	45	0	45	0	56	72	44	1	40	112	8	2	15	192	119	5	113
68	51	3	68	142	74	2	73	0	40	0	41	140	151	4	128	96	57	4	46	89	64	2	54	38	16	0	19	216	102	4	87	90	37	2	39	161	79	7	86	110	48	3	63	98	56	3	47	0	44	0	57	73	43	2	39	113	8	1	15	192	118	3	114
70	53	1	66	142	73	3	73	0	39	0	42	139	151	5	128	96	57	4	46	89	66	3	51	36	18	0	19	219	101	4	87	92	37	0	39	163	78	6	86	110	48	3	63	99	55	3	47	0	45	0	56	75	43	1	38	113	8	1	15	189	120	4	112
70	53	1	66	143	72	2	74	0	41	0	40	139	150	5	129	95	56	5	47	91	65	1	52	36	18	0	19	217	98	7	88	91	36	1	40	164	82	4	83	111	50	2	61	101	53	3	47	0	43	0	58	75	43	1	38	113	9	1	14	191	122	3	110
70	53	1	66	141	72	3	75	0	42	0	39	140	147	4	132	97	57	3	46	92	67	1	49	36	18	0	19	218	99	10	85	91	37	1	39	163	85	4	81	111	51	2	60	102	51	2	49	0	45	0	56	75	44	1	37	112	8	2	15	188	117	4	115
70	55	1	64	138	76	3	74	0	40	0	41	141	148	3	131	99	57	1	46	92	70	1	46	36	20	0	17	221	98	11	84	91	37	1	39	164	81	5	83	110	52	2	60	102	54	2	46	0	44	0	57	76	41	2	38	114	9	0	14	187	118	3	114
70	56	1	63	136	79	3	73	0	41	0	40	143	148	1	131	98	55	2	48	93	67	1	48	36	20	0	17	220	100	9	86	89	34	3	42	170	78	4	81	110	53	2	59	100	56	1	47	0	45	0	56	77	41	2	37	114	11	0	12	187	120	2	112
69	56	2	63	137	77	3	74	0	44	0	37	143	145	1	134	100	55	0	48	94	67	1	47	36	19	1	17	222	102	9	83	90	34	2	42	170	77	4	82	113	53	2	56	100	58	1	45	0	43	0	58	77	43	2	35	114	13	0	10	184	121	4	111
70	59	1	60	137	77	3	74	0	44	0	37	143	146	1	133	99	55	1	48	95	65	1	48	37	18	1	17	219	101	8	82	90	35	2	41	173	81	3	76	113	56	2	53	100	58	1	45	0	45	0	56	75	47	2	33	113	11	1	12	191	124	3	108
70	57	1	62	138	73	3	77	0	46	0	35	143	147	1	132	99	56	1	47	95	67	2	45	37	18	1	17	223	102	4	79	90	36	2	40	172	84	3	74	112	58	4	50	101	57	1	45	0	48	0	53	77	47	2	31	113	11	1	12	192	125	4	107
71	56	0	63	139	72	3	77	0	45	0	36	143	145	1	134	99	54	1	49	94	68	2	45	35	22	1	15	226	104	5	80	88	37	4	39	171	82	3	77	110	59	5	50	100	56	2	46	0	49	0	52	77	47	1	32	112	11	2	12	187	128	2	104
71	55	0	64	139	71	4	77	0	44	0	37	143	150	1	129	99	56	1	47	96	67	1	45	34	22	2	15	226	100	3	85	89	38	3	38	167	88	5	73	110	59	4	51	99	58	3	44	0	49	0	52	76	46	1	34	112	11	2	12	188	128	2	104
70	55	1	64	136	73	5	77	0	46	0	35	142	152	2	127	99	54	1	49	97	66	1	45	35	22	1	15	218	102	2	86	89	40	3	36	169	86	5	73	108	58	4	54	101	57	3	43	0	49	0	52	74	47	1	35	112	11	2	12	192	127	4	105
71	59	0	60	137	78	3	73	0	46	0	35	142	149	2	130	98	53	2	50	97	69	1	42	36	22	1	14	218	102	2	87	90	37	2	39	171	86	5	71	110	56	2	56	101	57	3	43	0	48	0	53	75	48	1	33	112	11	2	12	188	128	7	104
71	59	0	60	138	76	3	74	0	46	0	35	142	145	2	134	97	52	3	51	97	68	1	43	38	22	0	13	220	104	3	88	90	38	2	38	173	86	3	71	111	53	2	58	100	56	2	46	0	50	0	51	73	51	2	31	111	11	3	12	184	133	5	99
69	59	2	60	141	74	3	73	0	46	0	35	142	142	2	137	95	50	5	53	97	68	1	43	38	22	0	13	214	103	4	91	90	41	2	35	172	95	3	63	110	52	3	59	100	56	3	45	0	51	0	50	74	50	2	31	112	10	2	13	189	133	3	99
69	64	2	55	141	74	3	73	0	47	0	34	141	138	3	141	98	51	2	52	97	68	2	42	38	22	0	13	212	103	4	92	90	41	2	35	170	96	4	63	108	54	5	57	98	58	3	45	0	54	0	47	76	48	0	33	112	10	2	13	188	135	5	97
70	67	1	52	143	72	3	73	0	47	0	34	142	135	2	144	98	52	2	51	96	67	3	43	38	21	0	14	213	100	4	95	90	40	2	36	175	94	3	61	105	55	5	59	101	54	2	47	0	56	0	45	76	46	0	35	113	10	1	13	184	133	8	99
71	67	0	52	143	77	2	69	0	47	0	34	142	136	2	143	98	50	2	53	97	64	3	45	37	23	0	13	215	101	5	95	90	37	2	39	175	93	4	61	110	55	4	55	103	48	2	51	0	55	0	46	76	46	0	35	112	10	2	13	180	134	8	98
71	69	0	50	141	78	2	70	0	46	0	35	142	135	2	144	98	52	2	51	99	64	3	43	38	21	0	14	218	102	5	96	91	36	1	40	175	92	5	61	112	53	2	57	107	46	1	50	0	55	0	46	77	44	0	36	112	10	2	13	177	131	6	101
71	72	0	47	141	77	3	70	0	45	0	36	143	134	1	145	98	52	2	51	99	63	3	44	37	20	1	15	218	99	4	98	90	36	2	40	175	90	5	63	112	53	3	56	106	48	1	49	0	56	0	45	77	46	0	34	113	11	1	12	179	133	6	99
71	72	0	47	138	75	4	74	0	47	0	34	143	141	1	138	99	53	1	50	101	60	1	47	37	19	1	16	216	94	4	106	90	35	2	41	175	91	5	62	113	53	3	55	105	46	1	52	0	57	0	44	75	47	0	35	113	12	1	11	175	135	9	97
71	70	0	49	142	77	4	68	0	47	0	34	142	144	2	135	99	54	1	49	101	58	0	50	37	19	1	16	219	84	4	115	90	36	2	40	179	88	3	63	113	54	3	54	104	46	1	53	0	56	0	45	74	45	1	37	112	12	2	11	175	134	7	98
70	71	1	48	143	73	4	71	0	48	0	33	141	147	3	132	98	54	2	49	102	57	1	49	37	19	1	16	219	84	5	116	91	34	1	42	178	85	4	66	115	52	4	53	104	44	1	55	0	55	0	46	74	45	1	37	112	12	2	11	174	130	6	102
70	73	1	46	144	70	4	73	0	48	0	33	141	148	3	131	99	55	1	48	103	58	0	48	37	18	1	17	224	80	5	118	91	36	1	40	176	84	3	70	114	51	5	54	105	45	2	52	0	54	0	47	73	46	3	35	112	10	2	13	172	131	5	101
70	72	1	47	143	67	4	77	0	47	0	34	141	149	3	130	99	55	1	48	101	59	1	48	37	18	1	17	223	80	4	119	91	35	1	41	173	88	5	67	114	49	6	55	107	48	2	47	0	54	0	47	75	49	2	31	112	10	2	13	173	130	5	102
70	73	1	46	143	68	2	78	0	46	0	35	142	152	2	127	99	57	1	46	101	59	1	48	35	18	2	18	226	81	3	116	91	36	1	40	173	87	5	68	117	51	3	53	107	48	2	47	0	51	0	50	73	49	2	33	111	9	3	14	172	130	6	102
71	73	0	46	143	60	5	83	0	46	0	35	141	157	3	122	99	55	1	48	103	57	1	48	35	16	2	20	224	84	4	114	90	38	2	38	173	87	5	68	120	52	1	51	107	46	2	49	0	48	0	53	74	48	1	34	110	9	4	14	173	128	5	104
71	72	0	47	144	60	7	80	0	46	0	35	140	159	4	120	99	55	1	48	102	59	3	45	36	16	1	20	223	81	5	115	91	41	1	35	175	86	3	69	120	49	1	54	106	46	2	50	0	49	0	52	74	51	1	31	111	11	3	12	175	128	5	104
71	70	0	49	145	65	5	76	0	45	0	36	139	157	5	122	98	52	2	51	100	61	3	45	35	17	1	20	218	88	2	111	90	44	2	32	175	89	2	67	120	49	1	54	107	46	2	49	0	50	0	51	73	53	1	30	111	11	3	12	180	121	5	111
71	70	0	49	148	66	2	75	0	44	0	37	142	155	2	124	98	53	2	50	100	59	2	48	35	17	1	20	221	88	1	110	90	44	2	32	177	89	2	65	120	47	1	56	109	44	2	49	0	49	0	52	74	51	1	31	112	11	2	12	179	122	5	110
71	69	0	50	149	66	1	75	0	46	0	35	144	155	0	124	97	56	3	47	104	58	0	47	35	16	1	21	216	89	1	110	89	45	3	31	178	85	3	67	119	46	2	57	110	44	2	48	0	51	0	50	74	47	2	34	112	10	2	13	185	119	3	113
69	69	2	50	147	71	1	72	0	51	0	30	143	153	1	126	97	57	3	46	104	59	0	46	35	16	1	21	214	92	4	107	90	43	2	33	178	80	4	71	118	47	2	57	110	45	2	47	0	52	0	49	73	49	2	33	112	11	2	12	181	120	6	112
68	65	3	54	151	70	3	67	0	49	0	32	143	149	1	130	97	57	3	46	106	57	0	46	35	17	1	20	212	96	2	104	90	44	2	32	180	78	3	72	119	48	3	54	110	46	1	47	0	50	0	51	73	47	2	35	112	12	2	11	184	120	6	112
69	63	2	56	152	69	3	67	0	49	0	32	141	147	3	132	99	56	1	47	109	56	0	44	34	18	1	20	211	97	3	104	89	45	3	31	182	79	2	70	118	48	3	55	112	48	0	44	0	48	0	53	73	46	1	37	111	12	3	11	185	117	4	115
70	64	1	55	156	72	1	62	0	47	0	34	141	146	3	133	99	57	1	46	112	52	0	45	34	21	0	18	223	94	1	104	90	44	2	32	181	84	4	64	118	47	2	57	110	51	1	42	0	49	0	52	75	43	1	38	111	12	3	11	176	119	6	113
70	64	1	55	152	75	3	61	0	45	0	36	144	146	0	133	99	54	1	49	111	52	0	46	33	21	0	19	221	94	0	105	89	44	3	32	182	81	4	66	121	45	3	55	113	48	2	41	0	49	0	52	75	45	1	36	112	12	2	11	179	118	5	114
70	67	1	52	150	72	4	65	0	46	0	35	143	147	1	132	99	55	1	48	113	52	0	44	34	21	0	18	210	101	0	102	90	43	2	33	184	82	2	65	120	47	4	53	113	47	2	42	0	49	0	52	75	44	2	36	111	13	3	10	186	121	5	111
70	67	1	52	148	75	5	63	0	46	0	35	143	142	1	137	98	54	2	49	114	52	0	43	35	19	0	19	211	100	0	103	90	41	2	35	183	79	1	70	116	49	5	54	114	47	2	41	0	50	0	51	74	43	3	37	112	14	2	9	186	123	4	109
70	65	1	54	149	76	6	60	0	45	0	36	141	147	3	132	98	54	2	49	113	52	0	44	35	19	0	19	216	98	0	104	89	41	3	35	185	77	2	69	118	47	4	55	114	48	0	42	0	51	0	50	74	44	3	36	112	14	2	9	182	120	4	112
70	64	1	55	149	75	6	61	0	45	0	36	142	147	2	132	97	55	3	48	112	54	0	43	33	19	2	19	219	97	2	103	89	39	3	37	185	80	2	66	117	50	4	53	110	49	2	43	0	51	0	50	75	44	3	35	113	14	1	9	180	120	3	112
70	67	1	52	152	71	6	62	0	44	0	37	143	150	1	129	95	58	5	45	111	55	0	43	35	16	2	20	211	99	3	102	89	39	3	37	186	83	3	61	118	49	3	54	109	48	2	45	0	50	0	51	76	44	3	34	112	15	2	8	185	118	4	114
70	68	1	51	155	69	6	61	0	45	0	36	144	145	0	134	97	58	3	45	112	54	0	43	36	17	2	18	205	98	2	105	89	40	3	36	184	83	6	60	121	50	2	51	110	49	2	43	0	51	0	50	75	41	5	36	110	14	4	9	189	122	5	110
68	68	3	51	155	68	7	61	0	45	0	36	144	143	0	136	98	59	2	44	110	54	0	45	38	16	1	18	209	96	3	104	90	40	2	36	187	84	5	57	121	51	2	50	107	51	2	44	0	52	0	49	74	41	5	37	110	14	4	9	187	124	5	108
68	70	3	49	158	69	4	60	0	44	0	37	144	144	0	135	99	58	1	45	109	56	0	44	37	15	1	20	209	99	4	101	90	42	2	34	188	83	4	58	124	53	3	44	108	49	2	45	0	53	0	48	76	41	3	37	111	14	3	9	187	122	4	110
68	71	3	48	159	68	2	62	0	43	0	38	143	145	1	134	99	57	1	46	111	56	0	42	38	16	1	18	208	102	3	98	91	41	1	35	189	81	3	60	123	52	4	45	110	47	1	46	0	53	0	48	77	43	2	35	111	14	3	9	191	118	2	114
69	69	2	50	158	69	3	61	0	41	0	40	143	146	1	133	99	56	1	47	112	55	0	42	38	16	1	18	210	105	4	92	91	39	1	37	192	77	2	62	124	48	4	48	108	47	0	49	0	52	0	49	79	43	0	35	110	14	4	9	191	115	2	117
69	68	2	51	159	70	2	60	0	41	0	40	143	147	1	132	99	56	1	47	113	54	0	42	37	18	1	17	208	103	3	95	90	39	2	37	193	74	1	65	125	48	3	48	106	46	1	51	0	53	0	48	80	42	0	35	111	13	3	10	193	116	2	116
69	68	2	51	158	71	2	60	0	42	0	39	143	144	1	135	99	54	1	49	111	51	4	43	37	19	1	16	206	104	3	93	89	37	3	39	191	68	2	72	125	50	3	46	106	46	1	51	0	52	0	49	80	45	0	32	112	14	2	9	195	111	3	121
69	66	2	53	155	74	2	60	0	41	0	40	143	143	1	136	99	51	1	52	111	54	5	39	37	19	0	17	210	101	4	94	90	38	2	38	191	69	1	72	126	48	2	48	106	47	1	50	0	49	0	52	81	41	0	35	111	14	3	9	192	115	3	117
69	66	2	53	157	72	2	60	0	41	0	40	143	143	1	136	100	50	0	53	112	55	3	39	39	17	0	17	209	103	4	94	90	37	2	39	193	65	3	72	129	46	1	48	106	50	1	47	0	50	0	51	81	39	1	36	111	13	3	10	192	118	2	114
69	67	2	52	159	72	2	58	0	41	0	40	142	148	2	131	100	51	0	52	114	56	3	36	39	16	0	18	214	98	4	93	91	37	1	39	193	64	4	72	126	46	3	49	105	52	2	45	0	51	0	50	81	37	1	38	111	13	3	10	192	117	3	115
69	67	2	52	159	73	1	58	0	38	0	43	140	150	4	129	100	52	0	51	113	58	3	35	40	15	0	18	212	100	4	91	91	33	1	43	190	68	4	71	125	47	4	48	105	52	2	45	0	51	0	50	80	37	2	38	111	14	3	9	192	112	5	120
70	67	1	52	161	73	1	56	0	37	0	44	141	147	3	132	99	50	1	53	114	58	3	34	39	16	0	18	223	95	2	88	91	31	1	45	190	70	6	67	125	45	4	50	105	54	2	43	0	50	0	51	82	37	2	36	112	14	2	9	192	111	4	121
70	68	1	51	157	71	5	58	0	36	0	45	144	149	0	130	99	49	1	54	115	61	1	32	40	16	0	17	219	91	2	92	91	30	1	46	196	66	4	67	125	46	4	49	104	56	1	43	0	50	0	51	79	39	3	36	112	15	2	8	195	117	5	115
70	66	1	53	153	69	7	62	0	36	0	45	144	147	0	132	99	47	1	56	113	63	1	32	42	15	0	16	223	94	2	88	91	32	1	44	196	69	3	65	123	45	4	52	105	55	0	44	0	50	0	51	80	37	2	38	113	15	1	8	191	122	6	110
70	65	1	54	156	73	5	57	0	36	0	45	144	146	0	133	99	46	1	57	110	66	2	31	42	16	0	15	225	92	2	89	90	30	2	46	197	70	3	63	121	45	5	53	103	57	1	43	0	50	0	51	81	38	1	37	112	15	2	8	194	120	2	112
71	65	0	54	156	76	3	56	0	38	0	43	144	145	0	134	100	49	0	54	112	64	2	31	42	15	0	16	224	90	5	90	90	29	2	47	195	72	3	63	127	42	3	52	104	54	1	45	0	52	0	49	81	39	1	36	112	13	2	10	194	122	1	110
71	64	0	55	153	74	6	58	0	38	0	43	144	143	0	136	100	50	0	53	112	61	2	34	43	15	0	15	222	91	5	88	90	30	2	46	192	68	6	67	128	42	2	52	104	56	0	44	0	51	0	50	82	37	1	37	113	13	1	10	197	120	1	112
71	63	0	56	153	74	3	61	0	38	0	43	143	139	1	140	100	47	0	56	113	61	1	34	43	15	0	15	224	90	5	88	90	33	2	43	191	72	4	66	126	44	2	52	101	60	0	43	0	53	0	48	81	37	1	38	113	13	1	10	194	117	3	115
71	60	0	59	152	73	3	63	0	38	0	43	141	139	3	140	99	47	1	56	113	62	1	33	43	13	0	17	231	90	6	88	89	33	3	43	193	69	3	68	126	43	2	53	101	59	0	44	0	49	0	52	78	39	1	39	113	11	1	12	186	119	3	113
71	59	0	60	156	70	1	64	0	38	0	43	141	142	3	137	99	49	1	54	113	61	1	34	45	12	0	16	233	88	5	90	90	33	2	43	194	70	2	67	126	44	2	52	99	58	0	47	0	49	0	52	79	38	1	39	114	12	0	11	183	121	5	111
71	56	0	63	152	71	4	64	0	39	0	42	141	143	3	136	99	49	1	54	112	58	2	37	45	13	0	15	236	87	4	90	90	34	2	42	195	69	3	66	125	48	4	47	97	58	0	49	0	51	0	50	78	39	1	39	114	13	0	10	182	123	5	109
71	56	0	63	154	70	4	63	0	38	0	43	142	141	2	138	98	47	2	56	112	57	2	38	45	13	0	15	236	88	5	90	90	34	2	42	196	70	2	65	125	48	5	46	97	58	1	48	0	52	0	49	78	40	0	39	113	13	1	10	181	119	4	113
71	57	0	62	157	68	3	63	0	37	0	44	142	142	2	137	99	49	1	54	112	56	3	38	45	13	0	15	238	86	5	91	90	33	2	43	197	69	2	65	127	50	3	44	97	59	0	48	0	53	0	48	80	40	0	37	113	13	1	10	181	118	3	114
70	58	1	61	159	68	2	62	0	37	0	44	143	136	1	143	99	50	1	53	111	57	3	38	46	13	0	14	236	85	5	95	87	32	5	44	194	72	3	64	127	50	3	44	97	57	0	50	0	55	0	46	78	41	0	38	113	13	1	10	180	120	3	112
69	58	2	61	159	70	0	62	0	39	0	42	144	130	0	149	99	49	1	54	110	61	3	35	47	11	0	15	244	87	3	91	90	31	2	45	193	71	3	66	127	48	4	45	96	56	0	52	0	55	0	46	77	44	0	36	112	13	2	10	176	119	3	113
69	61	2	58	158	71	0	62	0	41	0	40	144	134	0	145	99	48	1	55	113	60	1	35	47	11	0	15	244	86	1	92	91	33	1	43	194	70	4	65	126	52	5	41	96	57	0	51	0	56	0	45	79	42	0	36	110	10	4	13	178	118	3	114
69	61	2	58	158	69	2	62	0	43	0	38	142	140	2	139	100	46	0	57	113	59	1	36	48	11	0	14	238	86	2	89	91	30	1	46	192	74	4	63	128	50	3	43	96	56	0	52	0	56	0	45	78	41	0	38	108	9	6	14	186	118	3	114
69	65	2	54	161	68	1	61	0	46	0	35	142	141	2	138	99	44	1	59	112	56	2	39	49	9	0	15	231	91	1	88	91	32	1	44	192	79	5	57	129	52	2	41	99	55	0	50	0	58	0	43	80	39	0	38	110	7	4	16	190	120	3	112
69	62	2	57	158	67	3	63	0	43	0	38	141	141	3	138	100	48	0	55	112	55	1	41	49	9	0	15	230	96	0	86	91	35	1	41	195	80	2	56	129	52	2	41	100	52	0	52	0	59	0	42	78	41	2	36	111	6	3	17	189	120	3	112
67	63	4	56	157	69	3	62	0	45	0	36	141	141	3	138	100	49	0	54	111	53	2	43	49	9	0	15	229	96	1	85	91	34	1	42	195	79	2	57	130	56	1	37	99	56	0	49	0	60	0	41	78	43	2	34	110	6	4	17	187	123	6	109
69	63	2	56	158	70	2	61	0	48	0	33	143	141	1	138	100	47	0	56	112	53	2	42	49	10	0	14	227	95	4	85	91	36	1	40	196	78	2	57	131	54	1	38	97	58	0	49	0	59	0	42	78	44	2	33	111	6	3	17	188	120	5	112
70	63	1	56	160	68	1	62	0	48	0	33	143	137	1	142	99	47	1	56	111	53	2	43	49	11	0	13	226	99	5	80	91	37	1	39	198	75	3	57	131	55	1	37	96	58	0	50	0	59	0	42	81	40	2	34	111	6	3	17	190	123	4	109
70	63	1	56	161	64	1	65	0	48	0	33	143	138	1	141	99	48	1	55	110	53	2	44	49	11	0	13	229	97	4	78	90	37	2	39	196	74	4	59	130	57	2	35	95	59	1	49	0	61	0	40	81	39	2	35	113	5	1	18	193	121	3	111
70	59	1	60	158	64	2	67	0	46	0	35	140	141	4	138	99	46	1	57	111	52	2	44	49	12	0	12	230	96	4	78	91	36	1	40	198	73	2	60	131	57	1	35	94	57	4	49	0	62	0	39	82	39	1	35	113	5	1	18	193	121	3	111
70	57	1	62	157	63	2	69	0	47	0	34	142	144	2	135	99	46	1	57	113	49	2	45	48	12	0	13	231	99	5	74	91	37	1	39	199	71	3	60	132	56	1	35	93	57	5	49	0	62	0	39	83	37	1	36	112	6	2	17	192	124	3	108
69	59	2	60	155	66	2	68	0	46	0	35	142	146	2	133	99	45	1	58	112	48	1	48	48	13	0	12	232	99	6	75	91	37	1	39	198	70	5	60	134	57	0	33	94	55	5	50	0	62	0	39	85	37	1	34	113	4	1	19	190	121	2	111
70	58	1	61	154	65	3	69	0	44	0	37	142	145	2	134	99	44	1	59	113	46	3	47	48	15	0	10	236	100	4	73	90	39	2	37	197	74	5	57	135	56	0	33	95	56	4	49	0	61	0	40	84	38	1	34	113	4	1	19	188	121	3	111
70	56	1	63	153	67	3	68	0	43	0	38	143	147	1	132	99	43	1	60	114	46	2	47	49	14	0	10	234	99	7	73	90	39	2	37	193	80	4	56	135	54	1	34	97	56	1	50	0	60	0	41	85	40	0	32	113	4	1	19	188	120	3	112
70	57	1	62	155	68	0	68	0	46	0	35	143	145	1	134	99	42	1	61	114	46	1	48	48	15	0	10	240	97	5	75	90	40	2	36	192	79	5	57	135	54	1	34	97	57	1	49	0	60	0	41	84	41	0	32	113	4	1	19	185	125	2	107
70	57	1	62	153	65	1	72	0	46	0	35	143	145	1	134	99	44	1	59	115	47	1	46	48	15	0	10	242	99	5	71	90	39	2	37	194	74	5	60	134	54	2	34	97	57	3	47	0	61	0	40	86	40	1	30	113	6	1	17	184	125	3	107
70	55	1	64	153	62	2	74	0	43	0	38	142	144	2	135	97	45	3	58	113	48	1	47	49	16	0	8	245	103	4	68	90	38	2	38	195	73	4	61	133	54	2	35	96	58	3	47	0	59	0	42	87	40	0	30	114	5	0	18	181	125	3	107
70	54	1	65	152	64	4	71	0	42	0	39	142	145	2	134	98	45	2	58	113	47	1	48	49	16	0	8	243	102	2	67	89	38	3	38	195	75	3	60	136	51	3	34	96	59	4	45	0	61	0	40	87	39	0	31	113	3	1	20	186	123	4	109
70	52	1	67	153	66	4	68	0	42	0	39	142	148	2	131	98	46	2	57	114	47	0	48	50	14	0	9	249	97	0	71	91	39	1	37	189	79	4	61	136	52	2	34	98	55	3	48	0	62	0	39	87	39	1	30	114	5	0	18	182	126	5	106
70	51	1	68	156	64	3	68	0	42	0	39	142	144	2	135	98	46	2	57	115	50	0	44	50	13	0	10	243	98	3	72	91	40	1	36	189	82	4	58	136	52	2	34	98	54	4	48	0	65	0	36	86	36	2	33	113	6	1	17	184	127	4	105
70	51	1	68	154	65	3	69	0	42	0	39	142	145	2	134	98	46	2	57	113	53	0	43	51	12	0	10	247	96	4	73	91	37	1	39	190	81	3	59	136	52	2	34	100	52	4	48	0	64	0	37	86	36	2	33	113	8	1	15	181	125	3	107
70	49	1	70	151	68	4	68	0	44	0	37	143	145	1	134	98	45	2	58	115	52	1	41	51	12	0	10	242	97	4	73	92	37	0	39	192	79	2	60	139	46	2	37	102	51	2	49	0	65	0	36	84	38	2	33	112	8	2	15	184	125	4	107
70	48	1	71	148	70	4	69	0	43	0	38	143	150	1	129	97	46	3	57	114	49	3	43	50	12	1	10	236	102	3	69	92	37	0	39	193	74	3	63	134	48	4	38	103	52	1	48	0	61	0	40	85	39	1	32	112	8	2	15	192	124	2	108
70	50	1	69	149	68	4	70	0	40	0	41	144	148	0	131	97	47	3	56	114	46	4	45	50	11	1	11	242	103	2	69	92	37	0	39	192	72	4	65	133	49	3	39	105	54	1	44	0	62	0	39	86	36	1	34	113	10	1	13	185	126	3	106
70	50	1	69	148	70	4	69	0	40	0	41	144	142	0	137	98	48	2	55	115	46	3	45	50	10	1	12	238	103	3	68	92	39	0	37	194	72	3	64	130	51	6	37	108	48	1	47	0	62	0	39	87	34	1	35	113	10	1	13	189	124	3	108
69	52	2	67	147	70	3	71	0	40	0	41	143	142	1	137	99	49	1	54	116	48	2	43	49	11	1	12	237	103	2	66	90	38	2	38	195	72	2	64	129	51	7	37	108	49	1	46	0	59	0	42	86	34	2	35	114	7	0	16	192	126	4	106
69	52	2	67	148	72	4	67	0	41	0	40	142	144	2	135	98	50	2	53	115	48	3	43	49	10	1	13	229	103	4	67	90	40	2	36	194	72	1	66	131	50	4	39	108	48	1	47	0	60	0	41	87	36	1	33	113	6	1	17	198	128	3	104
70	53	1	66	149	72	2	68	0	42	0	39	142	138	2	141	98	46	2	57	118	46	2	43	48	11	2	12	226	97	3	70	90	40	2	36	189	74	2	68	134	52	1	37	108	49	1	46	0	60	0	41	88	31	1	37	113	7	1	16	205	127	3	105
70	54	1	65	148	72	2	69	0	44	0	37	143	136	1	143	97	46	3	57	118	45	3	43	49	11	2	11	225	100	5	68	91	42	1	34	186	68	4	75	136	52	0	36	104	49	3	48	0	61	0	40	90	29	1	37	113	7	1	16	203	124	3	108
70	55	1	64	146	75	2	68	0	41	0	40	144	135	0	144	97	46	3	57	119	45	3	42	48	11	3	11	228	97	5	73	90	39	2	37	187	68	2	76	131	52	3	38	106	50	3	45	0	59	0	42	90	29	1	37	114	7	0	16	198	122	3	110
70	58	1	61	148	76	3	64	0	38	0	43	142	135	2	144	97	46	3	57	119	44	2	44	49	12	2	10	235	99	3	71	90	39	2	37	187	67	1	78	130	54	3	37	106	48	3	47	0	58	0	43	89	29	1	38	114	9	0	14	194	118	2	114
70	59	1	60	147	77	2	65	0	38	0	43	139	137	5	142	98	46	2	57	122	47	1	39	49	13	1	10	228	97	3	74	91	39	1	37	184	67	2	80	133	54	1	36	110	46	3	45	0	58	0	43	90	28	1	38	114	9	0	14	198	119	4	113
71	58	0	61	149	75	3	64	0	38	0	43	140	135	4	144	97	47	3	56	120	50	2	37	50	11	1	11	229	97	2	70	91	40	1	36	182	73	1	77	133	53	1	37	110	46	3	45	0	61	0	40	88	30	1	38	114	9	0	14	200	117	6	115
71	61	0	58	149	73	3	66	0	37	0	44	141	139	3	140	94	50	6	53	121	48	2	38	50	10	1	12	227	95	2	72	91	41	1	35	181	72	2	78	131	52	4	37	109	47	3	45	0	62	0	39	89	29	2	37	114	10	0	13	201	119	7	113
71	59	0	60	154	70	3	64	0	38	0	43	141	138	3	141	95	52	5	51	120	50	1	38	49	9	2	13	227	95	2	70	92	40	0	36	182	74	1	76	132	53	4	35	111	45	3	45	0	63	0	38	86	33	5	33	112	11	2	12	203	116	7	116
70	60	1	59	155	70	3	63	0	38	0	43	141	141	3	138	97	52	3	51	118	49	2	40	49	9	2	13	230	95	4	69	91	39	1	37	183	72	2	76	133	52	3	36	110	49	3	42	0	64	0	37	87	32	3	35	114	12	0	11	199	115	7	117
69	61	2	58	155	71	3	62	0	41	0	40	142	145	2	134	99	51	1	52	118	49	2	40	49	9	2	13	232	89	2	74	91	37	1	39	184	72	2	75	134	53	3	34	111	46	2	45	0	68	0	33	88	28	4	37	114	12	0	11	200	115	7	117
69	63	2	56	158	67	3	63	0	42	0	39	143	143	1	136	99	50	1	53	120	45	2	42	50	9	2	12	233	91	2	71	91	37	1	39	186	73	2	72	133	55	2	34	112	44	1	47	0	65	0	36	87	30	4	36	113	14	1	9	203	117	4	115
69	63	2	56	158	64	3	66	0	41	0	40	142	144	2	135	97	50	3	53	120	46	1	42	49	8	4	12	234	92	1	73	90	37	2	39	192	69	1	71	133	54	2	35	111	45	1	47	0	63	0	38	85	27	4	41	114	14	0	9	199	118	5	114
69	64	2	55	162	60	2	67	0	44	0	37	139	142	5	137	97	51	3	52	119	49	0	41	49	8	3	13	236	89	0	75	90	38	2	38	190	70	2	71	136	49	1	38	111	46	1	46	0	60	0	41	86	29	3	39	114	13	0	10	200	124	4	108
70	66	1	53	162	59	2	68	0	46	0	35	140	141	4	138	97	50	3	53	121	47	0	41	49	9	2	13	231	95	1	71	90	38	2	38	192	69	3	69	136	48	1	39	111	50	1	42	0	58	0	43	86	27	3	41	114	13	0	10	201	124	5	108
70	67	1	52	161	61	3	66	0	45	0	36	140	140	4	139	99	49	1	54	121	45	0	43	50	8	3	12	229	94	3	74	91	36	1	40	192	65	5	71	136	50	1	37	112	46	1	45	0	56	0	45	81	30	7	39	114	13	0	10	200	124	4	108
69	68	2	51	158	63	4	66	0	45	0	36	140	138	4	141	98	50	2	53	119	45	2	43	50	8	3	12	223	99	4	72	91	36	1	40	193	65	6	69	137	48	1	38	112	51	0	41	0	52	0	49	81	32	5	39	112	12	2	11	202	121	4	111
69	67	2	52	159	63	2	67	0	44	0	37	141	135	3	144	96	50	4	53	119	46	3	41	51	8	1	13	225	100	4	70	91	35	1	41	190	70	5	68	139	47	1	37	111	49	0	44	0	50	0	51	79	33	6	39	111	12	3	11	201	115	4	117
70	64	1	55	160	60	3	68	0	44	0	37	139	135	5	144	97	51	3	52	118	45	3	43	51	8	1	13	221	99	6	71	91	35	1	41	187	74	5	67	138	48	0	38	111	49	0	44	0	50	0	51	78	32	6	41	113	11	1	12	203	115	4	117
69	67	2	52	159	59	4	69	0	46	0	35	140	139	4	140	98	48	2	55	120	44	3	42	50	10	1	12	226	97	4	72	92	38	0	38	190	69	6	68	134	51	0	39	110	50	1	43	0	52	0	49	78	33	6	40	113	11	1	12	200	116	5	116
70	64	1	55	159	60	5	67	0	45	0	36	140	139	4	140	98	47	2	56	119	46	3	41	50	9	1	13	220	95	5	74	92	37	0	39	188	71	5	69	136	49	1	38	110	50	2	42	0	54	0	47	81	34	3	39	113	12	1	11	206	118	4	114
70	65	1	54	157	61	5	68	0	46	0	35	137	140	7	139	97	46	3	57	119	46	3	41	49	9	1	14	216	98	4	72	92	36	0	40	188	71	5	69	132	51	1	40	111	51	2	40	0	51	0	50	82	34	2	39	113	13	1	10	210	117	4	115
70	62	1	57	158	57	5	71	0	44	0	37	138	143	6	136	96	46	4	57	120	45	3	41	50	9	0	14	221	94	4	74	92	36	0	40	189	69	4	71	133	53	0	38	108	52	3	41	0	51	0	50	81	35	2	39	114	13	0	10	206	113	5	119
68	64	3	55	159	59	4	69	0	41	0	40	140	145	4	134	96	47	4	56	120	44	3	42	49	12	0	12	224	91	3	76	92	36	0	40	194	65	3	71	131	55	0	38	110	47	3	44	0	52	0	49	82	38	1	36	114	13	0	10	204	112	6	120
67	64	4	55	158	60	5	68	0	40	0	41	139	144	5	135	96	48	4	55	122	45	1	41	48	12	0	13	221	87	2	79	92	35	0	41	193	63	5	72	133	54	0	37	110	49	3	42	0	53	0	48	79	39	2	37	114	14	0	9	210	115	5	117
69	63	2	56	161	62	4	64	0	40	0	41	139	146	5	133	98	49	2	54	122	44	0	43	48	11	0	14	222	86	3	79	91	34	1	42	190	67	6	70	133	56	0	35	111	50	2	41	0	52	0	49	78	38	3	38	114	14	0	9	210	114	4	118
69	63	2	56	161	62	6	62	0	37	0	44	140	142	4	137	98	49	2	54	121	45	0	43	48	10	1	14	221	83	3	82	91	35	1	41	189	67	8	69	133	57	0	34	115	47	1	41	0	52	0	49	78	36	3	40	114	14	0	9	210	115	5	117
69	63	2	56	162	61	6	62	0	39	0	42	139	143	5	136	99	49	1	54	121	44	0	44	47	9	1	16	222	83	2	82	91	34	1	42	189	71	6	67	131	56	1	36	117	48	1	38	0	51	0	50	79	38	2	38	114	14	0	9	209	110	6	122
69	67	2	52	159	65	6	61	0	39	0	42	139	144	5	135	99	47	1	56	123	43	0	43	46	10	3	14	219	81	2	84	89	35	3	41	191	70	4	68	129	59	2	34	117	46	1	40	0	50	0	51	79	37	2	39	113	14	1	9	214	113	4	119
69	67	2	52	157	63	8	63	0	38	0	43	138	143	6	136	99	47	1	56	118	46	2	43	46	9	3	15	221	79	0	87	89	35	3	41	194	69	3	67	129	62	1	32	116	47	2	39	0	49	0	52	81	39	2	35	112	14	2	9	213	115	4	117
69	63	2	56	158	62	6	65	0	41	0	40	140	141	4	138	98	49	2	54	119	44	2	44	46	7	3	17	222	78	1	86	88	33	4	43	195	70	3	65	130	61	1	32	115	46	2	41	0	50	0	51	81	40	2	34	112	13	2	10	214	112	3	120
70	60	1	59	161	60	6	64	0	40	0	41	140	143	4	136	98	51	2	52	117	46	4	42	48	7	2	16	225	80	1	84	88	33	4	43	194	73	2	64	129	61	2	32	114	45	2	43	0	51	0	50	82	41	1	33	112	13	2	10	211	114	3	118
70	58	1	61	160	62	4	65	0	43	0	38	142	142	2	137	98	50	2	53	115	49	4	41	48	8	2	15	223	82	1	84	90	35	2	41	191	76	1	65	128	61	3	32	116	43	1	44	0	51	0	50	81	43	1	32	112	13	2	10	209	117	5	115
69	59	2	60	160	63	4	64	0	43	0	38	143	142	1	137	97	51	3	52	114	50	3	42	49	6	2	16	224	79	1	86	90	36	2	40	190	75	3	65	128	63	3	30	118	38	1	47	0	49	0	52	81	41	1	34	112	13	2	10	209	116	5	116
69	57	2	62	160	66	2	63	0	46	0	35	143	144	1	135	96	52	4	51	115	55	2	37	49	5	2	17	222	77	1	86	90	35	2	41	188	75	4	66	126	62	3	33	116	39	1	48	0	47	0	54	81	42	1	33	111	13	3	10	213	114	5	118
68	59	3	60	163	63	2	63	0	46	0	35	142	144	2	135	97	53	3	50	115	54	2	38	49	5	1	18	217	74	2	88	91	38	1	38	187	72	6	68	126	61	3	34	116	38	1	49	0	45	0	56	80	43	0	34	110	12	4	11	218	116	5	116
69	61	2	58	160	61	2	68	0	44	0	37	142	147	2	132	96	52	4	51	114	54	3	38	49	4	1	19	221	74	2	86	91	38	1	38	192	69	3	69	127	61	2	34	115	37	1	51	0	46	0	55	80	43	0	34	110	13	4	10	217	111	4	121
70	57	1	62	161	62	2	66	0	45	0	36	143	150	1	129	96	52	4	51	112	53	4	40	50	3	1	19	223	73	2	84	92	39	0	37	190	69	4	70	130	59	1	34	111	40	2	51	0	48	0	53	81	43	0	33	110	13	4	10	217	114	5	118
70	59	1	60	162	66	2	61	0	45	0	36	143	151	1	128	96	53	4	50	112	55	3	39	51	4	1	17	225	75	3	82	92	40	0	36	190	71	4	68	132	56	2	34	112	41	1	50	0	47	0	54	82	40	0	35	109	13	5	10	216	110	3	122
70	60	1	59	160	66	4	61	0	43	0	38	142	150	2	129	96	51	4	52	113	54	3	39	50	4	2	17	226	73	2	86	92	40	0	36	191	74	2	66	132	54	1	37	114	39	1	50	0	47	0	54	83	40	0	34	112	13	2	10	215	110	2	122
70	59	1	60	159	65	4	63	0	40	0	41	142	150	2	129	96	51	4	52	114	51	3	41	51	5	1	16	231	73	1	83	92	37	0	39	191	74	2	66	133	54	2	35	115	39	1	49	0	49	0	52	82	41	0	34	112	13	2	10	214	109	2	123
70	59	1	60	160	65	3	63	0	40	0	41	141	151	3	128	96	54	4	49	115	49	3	42	51	6	0	16	235	73	1	81	92	37	0	39	189	75	4	65	132	52	3	37	115	38	0	51	0	49	0	52	80	41	1	35	112	12	2	11	211	110	3	122
69	60	2	59	162	62	3	64	0	40	0	41	142	147	2	132	98	55	2	48	115	52	3	39	51	6	0	16	241	71	1	79	92	37	0	39	189	76	5	63	131	55	4	34	117	35	0	52	0	51	0	50	80	42	1	34	111	11	3	12	210	111	2	121
70	57	1	62	161	62	4	64	0	41	0	40	141	147	3	132	99	55	1	48	114	57	3	35	51	7	0	15	237	74	3	76	91	37	1	39	189	78	4	62	131	56	3	34	118	31	1	54	0	51	0	50	81	43	2	31	111	10	3	13	212	112	2	120
70	57	1	62	163	63	3	62	0	43	0	38	143	146	1	133	99	53	1	50	119	55	2	33	51	7	0	15	243	71	4	76	91	36	1	40	190	75	4	64	132	56	3	33	117	32	1	54	0	49	0	52	82	43	2	30	111	10	3	13	209	110	1	122
70	59	1	60	165	60	3	63	0	44	0	37	143	143	1	136	97	51	3	52	120	56	2	31	50	7	0	16	246	68	3	78	91	36	1	40	189	76	3	65	131	55	3	35	115	34	1	54	0	48	0	53	82	42	3	30	110	11	4	12	203	112	6	120
70	61	1	58	165	59	2	65	0	45	0	36	142	142	2	137	97	49	3	54	120	59	2	28	50	7	0	16	244	73	3	74	90	35	2	41	191	75	1	66	130	56	3	35	113	32	3	56	0	48	0	53	80	42	4	31	110	12	4	11	206	113	4	119
71	63	0	56	167	59	1	64	0	46	0	35	143	144	1	135	97	49	3	54	121	54	2	32	50	7	0	16	247	78	3	73	90	35	2	41	190	78	0	65	136	53	0	35	114	34	2	54	0	46	0	55	79	41	4	33	111	11	3	12	198	116	5	116
70	63	1	56	166	61	1	63	0	46	0	35	143	149	1	130	98	50	2	53	121	52	2	34	50	8	0	15	246	79	4	71	90	35	2	41	193	72	0	68	136	50	1	37	110	37	1	56	0	47	0	54	78	41	4	34	111	11	3	12	200	113	4	119
69	62	2	57	163	67	2	59	0	45	0	36	140	151	4	128	97	52	3	51	119	52	2	36	50	6	0	17	250	77	4	71	90	38	2	38	195	71	0	67	134	49	2	39	112	37	2	53	0	47	0	54	78	40	5	34	111	11	3	12	199	113	3	119
69	63	2	56	165	65	3	58	0	45	0	36	139	153	5	126	97	52	3	51	120	49	2	38	49	6	1	17	257	76	5	71	91	38	1	38	192	74	1	66	133	52	3	36	111	36	4	53	0	48	0	53	79	41	4	33	111	10	3	13	191	115	4	117
70	64	1	55	162	65	6	58	0	43	0	38	138	147	6	132	97	54	3	49	120	49	2	38	48	6	2	17	258	75	5	72	92	37	0	39	190	74	2	67	135	49	2	38	110	38	5	51	0	49	0	52	78	41	4	34	110	10	4	13	189	114	5	118
70	67	1	52	165	62	4	60	0	42	0	39	138	145	6	134	96	56	4	47	120	47	3	39	49	6	1	17	260	73	3	73	92	36	0	40	192	70	2	69	137	50	1	36	112	37	5	50	0	48	0	53	81	40	4	32	111	11	3	12	190	110	5	122
70	68	1	51	165	64	4	58	0	42	0	39	139	147	5	132	98	57	2	46	120	48	3	38	48	6	1	18	252	75	3	74	91	37	1	39	191	74	2	66	136	50	2	36	114	40	3	47	0	47	0	54	81	39	3	34	111	12	3	11	194	107	6	125
68	69	3	50	162	61	6	62	0	41	0	40	139	145	5	134	99	56	1	47	119	46	2	42	49	5	1	18	256	72	2	76	90	38	2	38	191	74	3	65	137	50	2	35	114	41	2	47	0	48	0	53	84	37	4	32	111	13	3	10	193	110	5	122
68	69	3	50	163	59	7	62	0	39	0	42	141	148	3	131	99	56	1	47	117	44	4	44	49	5	1	18	251	73	1	77	90	39	2	37	193	76	3	61	137	48	2	37	114	43	2	45	0	50	0	51	86	36	3	32	112	13	2	10	197	108	5	124
67	70	4	49	164	59	6	62	0	41	0	40	139	149	5	130	99	58	1	45	115	44	5	45	49	7	1	16	248	75	1	75	90	40	2	36	192	77	5	59	135	46	3	40	113	43	4	44	0	50	0	51	86	36	4	31	112	14	2	9	200	108	5	124
67	70	4	49	164	63	5	59	0	44	0	37	139	149	5	130	99	56	1	47	116	44	6	43	48	7	2	16	245	81	1	73	91	41	1	35	194	77	3	59	134	49	1	40	115	44	2	43	0	48	0	53	87	35	3	32	112	15	2	8	199	106	5	126
68	67	3	52	165	67	5	54	0	45	0	36	140	154	4	125	99	56	1	47	114	44	7	44	49	7	1	16	237	81	4	72	91	40	1	36	191	81	3	58	135	48	1	40	114	45	1	44	0	48	0	53	85	36	3	33	110	15	4	8	205	107	5	125
69	66	2	53	164	66	5	56	0	44	0	37	141	158	3	121	98	54	2	49	116	46	5	42	48	7	2	16	237	81	4	72	91	41	1	35	190	81	3	59	132	49	2	41	112	48	1	43	0	48	0	53	86	33	2	36	109	15	5	8	203	109	7	123
69	70	2	49	166	62	4	59	0	46	0	35	140	158	4	121	98	54	2	49	116	46	5	42	46	8	2	17	235	81	5	71	91	40	1	36	190	82	3	58	130	49	2	43	110	51	1	42	0	49	0	52	87	32	1	37	109	14	5	9	205	111	7	121
69	70	2	49	163	64	4	60	0	44	0	37	142	158	2	121	98	54	2	49	118	46	4	41	46	7	3	17	230	81	4	71	90	41	2	35	193	81	2	57	132	48	1	43	112	50	1	41	0	49	0	52	89	32	0	36	109	13	5	10	210	110	8	122
69	69	2	50	162	66	6	57	0	44	0	37	143	159	1	120	97	54	3	49	117	46	5	41	44	8	3	18	227	81	4	71	90	42	2	34	193	80	3	57	130	52	5	37	114	44	1	45	0	49	0	52	90	32	1	34	109	13	5	10	213	109	8	123
69	69	2	50	164	63	5	59	0	46	0	35	142	155	2	124	98	56	2	47	119	44	3	43	44	8	3	18	232	79	5	73	89	43	3	33	191	78	5	59	131	49	5	39	109	46	4	45	0	51	0	50	90	32	1	34	110	14	4	9	209	110	6	122
70	69	1	50	163	64	7	57	0	46	0	35	142	153	2	126	98	55	2	48	121	45	1	42	44	8	3	18	237	83	3	68	89	44	3	32	193	76	3	61	130	53	4	37	109	45	4	46	0	52	0	49	91	30	2	34	109	14	5	9	208	111	5	121
70	69	1	50	164	63	7	57	0	47	0	34	143	152	1	127	98	57	2	46	121	44	1	43	43	8	3	19	239	86	2	67	89	44	3	32	192	75	2	64	131	49	4	40	108	46	3	47	0	51	0	50	91	33	1	32	112	13	2	10	206	109	4	123
70	68	1	51	160	63	8	60	0	47	0	34	144	151	0	128	97	55	3	48	121	44	1	43	42	9	4	18	240	84	1	71	89	42	3	34	194	69	2	68	133	48	1	42	108	52	3	41	0	52	0	49	92	34	0	31	110	14	4	9	204	110	4	122
70	65	1	54	161	64	5	61	0	48	0	33	144	150	0	129	95	61	5	42	123	43	2	41	43	10	3	17	238	81	1	72	88	41	4	35	198	66	1	68	133	49	1	41	110	50	3	41	0	53	0	48	91	33	0	33	110	14	4	9	208	109	4	123
70	64	1	55	160	63	3	65	0	48	0	33	143	156	1	123	95	64	5	39	125	40	2	42	43	12	2	16	236	82	1	72	87	39	5	37	200	68	1	64	134	48	1	41	109	49	3	43	0	53	0	48	89	35	0	33	109	14	5	9	208	112	5	120
71	63	0	56	162	65	3	61	0	49	0	32	142	157	2	122	97	63	3	40	126	39	2	42	45	13	2	13	233	81	3	72	87	36	5	40	198	66	3	66	136	46	2	40	109	46	6	43	0	52	0	49	89	37	0	31	111	14	3	9	212	110	3	122
71	62	0	57	163	65	2	61	0	50	0	31	142	156	2	123	97	65	3	38	125	37	2	45	44	12	4	13	233	80	3	72	89	37	3	39	197	67	3	66	135	48	1	40	106	44	9	45	0	48	0	53	88	37	0	32	111	14	3	9	212	113	4	119
69	63	2	56	163	65	3	60	0	53	0	28	142	156	2	123	97	64	3	39	121	39	4	45	44	12	4	13	230	80	3	73	91	35	1	41	195	68	2	68	137	46	1	40	108	41	7	48	0	52	0	49	87	35	1	34	111	14	3	9	213	112	5	120
70	62	1	57	165	64	3	59	0	51	0	30	141	158	3	121	97	63	3	40	123	40	2	44	46	12	3	12	230	80	3	72	91	35	1	41	195	69	1	68	137	44	2	41	108	42	5	49	0	52	0	49	89	33	1	34	111	14	3	9	216	112	3	120
69	62	2	57	168	64	2	57	0	51	0	30	141	158	3	121	99	61	1	42	126	39	2	42	51	11	0	11	232	82	3	70	91	34	1	42	195	69	2	67	136	47	2	39	110	42	2	50	0	50	0	51	88	35	1	33	111	15	3	8	213	115	4	117
70	61	1	58	167	65	2	57	0	49	0	32	141	159	3	120	99	63	1	40	125	41	2	41	52	11	0	10	232	83	3	71	91	34	1	42	194	68	3	68	137	49	3	35	104	45	5	50	0	51	0	50	89	36	1	31	111	16	3	7	212	116	3	116
69	59	2	60	164	67	3	57	0	50	0	31	142	154	2	125	100	62	0	41	124	41	3	41	52	11	0	10	227	83	6	70	91	33	1	43	192	73	3	65	136	48	5	35	107	44	3	50	0	51	0	50	89	34	1	33	111	16	3	7	215	120	3	112
69	59	2	60	164	68	3	56	0	50	0	31	143	154	1	125	99	61	1	42	126	40	3	40	53	10	0	10	228	84	2	69	91	35	1	41	197	72	1	63	135	50	5	34	110	44	2	48	0	48	0	53	87	32	2	36	110	16	4	7	217	123	4	109
69	61	2	58	164	66	3	58	0	53	0	28	143	156	1	123	100	59	0	44	127	41	3	38	53	10	0	10	225	83	2	70	91	33	1	43	196	73	2	62	134	51	5	34	111	44	1	48	0	50	0	51	86	32	2	37	110	16	4	7	221	118	3	114
69	59	2	60	165	63	3	60	0	52	0	29	143	158	1	121	99	59	1	44	127	42	2	38	52	12	0	9	224	83	2	72	91	32	1	44	194	77	1	61	136	51	3	34	110	47	1	46	0	50	0	51	87	32	2	36	110	16	4	7	219	112	4	120
69	61	2	58	166	60	4	61	0	55	0	26	142	160	2	119	99	58	1	45	127	41	2	39	52	13	1	7	229	81	2	72	91	34	1	42	195	75	0	63	136	51	4	33	110	45	1	48	0	52	0	49	89	31	1	36	111	16	3	7	216	116	4	116
69	59	2	60	167	54	4	66	0	56	0	25	141	166	3	113	98	60	2	43	127	41	2	39	53	12	1	7	232	80	2	72	92	34	0	42	194	78	0	61	134	51	4	35	110	46	1	47	0	57	0	44	90	34	1	32	112	15	2	8	213	121	5	111
69	57	2	62	168	54	4	65	0	56	0	25	141	166	3	113	98	60	2	43	128	43	1	37	53	13	1	6	236	76	3	75	91	34	1	42	195	76	0	62	133	48	5	38	110	47	1	46	0	55	0	46	87	36	1	33	113	16	1	7	211	120	3	112
69	58	2	61	172	56	1	62	0	58	0	23	142	161	2	118	97	62	3	41	126	42	2	39	53	13	1	6	239	75	1	75	91	34	1	42	195	77	0	61	135	49	4	36	109	47	1	47	0	54	0	47	87	36	0	34	112	16	2	7	212	116	2	116
70	60	1	59	174	54	2	61	0	56	0	25	143	159	1	120	97	61	3	42	126	44	1	38	51	14	1	7	245	79	1	74	90	35	2	41	190	82	0	61	134	48	5	37	107	51	1	45	0	55	0	46	87	36	0	34	113	16	1	7	204	117	1	115
70	61	1	58	172	55	5	59	0	56	0	25	143	156	1	123	95	63	5	40	126	43	1	39	51	15	1	6	246	79	0	75	89	38	3	38	188	78	0	67	135	47	5	37	106	53	1	44	0	59	0	42	82	41	0	34	113	16	1	7	204	121	0	111
71	62	0	57	174	57	3	57	0	57	0	24	142	156	2	123	95	62	5	41	125	44	2	38	50	14	1	8	240	75	3	77	89	37	3	39	189	75	1	68	136	45	3	40	108	53	0	43	0	58	0	43	82	42	0	33	114	15	0	8	208	122	1	110
71	61	0	58	176	56	2	57	0	55	0	26	141	157	3	122	94	63	6	40	126	44	1	38	49	14	2	8	236	76	2	75	90	35	2	41	189	71	1	72	135	48	4	37	107	52	2	43	0	58	0	43	83	38	0	36	114	15	0	8	214	124	1	108
71	61	0	58	175	58	3	55	0	54	0	27	141	152	3	127	97	62	3	41	124	44	1	40	49	13	2	9	233	76	2	77	91	38	1	38	190	66	1	76	135	51	3	35	106	52	1	45	0	58	0	43	83	36	2	36	114	14	0	9	214	126	2	106
71	56	0	63	175	55	4	57	0	55	0	26	139	152	5	127	97	62	3	41	125	43	1	40	49	14	1	9	227	78	4	76	91	39	1	37	188	70	0	75	135	48	5	36	106	49	0	49	0	57	0	44	84	36	2	35	110	14	4	9	216	126	3	106
71	54	0	65	174	59	3	55	0	53	0	28	138	157	6	122	98	61	2	42	125	42	1	41	49	13	1	10	224	77	4	77	91	40	1	36	188	70	1	74	137	48	4	35	105	49	1	49	0	58	0	43	81	37	3	36	111	14	3	9	221	126	1	106
71	51	0	68	173	59	4	55	0	52	0	29	139	157	5	122	97	59	3	44	126	45	1	37	49	13	1	10	223	81	3	73	91	40	1	36	190	70	1	72	139	47	3	35	105	47	2	50	0	59	0	42	83	35	3	36	111	13	3	10	223	129	1	103
71	53	0	66	171	57	4	59	0	50	0	31	141	153	3	126	97	58	3	45	128	45	1	35	49	14	0	10	233	80	4	73	90	40	2	36	189	67	1	76	139	47	3	35	104	47	3	50	0	60	0	41	83	36	2	36	112	13	2	10	211	125	3	107
71	55	0	64	175	54	2	60	0	48	0	33	141	151	3	128	97	59	3	44	128	45	1	35	48	15	0	10	229	81	2	75	90	41	2	35	188	66	3	76	137	47	5	35	104	48	3	49	0	59	0	42	83	36	1	37	111	12	3	11	214	128	3	104
71	54	0	65	176	58	2	55	0	48	0	33	141	146	3	133	97	59	3	44	128	44	1	36	48	16	0	9	231	80	3	75	90	40	2	36	190	66	1	76	136	46	4	38	103	51	3	47	0	61	0	40	82	38	0	37	111	13	3	10	212	133	3	99
71	53	0	66	178	57	3	53	0	46	0	35	142	140	2	139	98	58	2	45	128	44	1	36	46	17	0	10	230	82	3	72	91	42	1	34	190	65	0	78	137	45	4	38	106	49	2	47	0	58	0	43	83	35	0	39	111	12	3	11	215	133	2	99
71	51	0	68	177	55	3	56	0	45	0	36	142	139	2	140	98	57	2	46	127	45	1	36	44	18	0	11	228	82	3	71	91	43	1	33	189	66	1	77	137	43	3	41	106	47	2	49	0	58	0	43	83	34	1	39	111	12	3	11	216	131	4	101
71	51	0	68	178	52	2	59	0	42	0	39	141	139	3	140	97	52	3	51	127	44	1	37	44	17	0	12	232	81	6	71	92	43	0	33	190	63	2	78	134	48	4	38	104	49	3	48	0	59	0	42	83	36	1	37	113	12	1	11	210	134	4	98
71	50	0	69	178	50	2	61	0	42	0	39	140	136	4	143	96	51	4	52	126	45	2	36	44	17	0	12	241	81	5	70	89	40	3	36	188	64	2	79	134	48	3	39	104	48	3	49	0	58	0	43	83	34	1	39	113	11	1	12	203	127	4	105
71	50	0	69	174	53	4	60	0	42	0	39	141	140	3	139	97	50	3	53	126	44	2	37	45	17	0	11	249	79	3	74	89	42	3	34	186	65	4	78	136	44	3	41	103	51	3	47	0	61	0	40	82	34	1	40	112	12	2	11	193	123	6	109
71	50	0	69	172	57	3	59	0	42	0	39	140	143	4	136	99	49	1	54	124	45	2	38	46	17	0	10	248	78	4	74	88	42	4	34	187	59	2	85	140	42	0	42	103	55	4	42	0	62	0	39	83	35	1	38	111	13	3	10	196	126	4	106
71	50	0	69	172	57	3	59	0	44	0	37	139	145	5	134	99	50	1	53	126	42	1	40	46	18	0	9	242	81	6	73	86	43	6	33	184	65	2	82	140	43	0	41	103	56	3	42	0	62	0	39	84	35	1	37	111	13	3	10	198	126	4	106
70	49	1	70	174	58	2	57	0	45	0	36	139	143	5	136	99	47	1	56	125	42	2	40	46	18	0	9	239	82	5	73	87	43	5	33	179	67	7	80	139	41	1	43	106	52	2	44	0	58	0	43	84	35	0	38	110	15	4	8	201	128	4	104
70	49	1	70	172	62	3	54	0	44	0	37	141	143	3	136	99	51	1	52	126	41	2	40	45	18	1	9	233	83	5	71	86	45	6	31	182	63	6	82	141	43	0	40	102	50	4	48	0	60	0	41	84	33	0	40	110	16	4	7	207	125	5	107
68	52	3	67	172	61	2	56	0	45	0	36	142	141	2	138	100	50	0	53	126	41	1	41	46	18	1	8	236	82	5	72	87	46	5	30	180	67	6	80	139	44	1	40	102	51	4	47	0	59	0	42	83	33	0	41	112	16	2	7	203	127	6	105
68	51	3	68	169	62	2	58	0	45	0	36	142	145	2	134	100	47	0	56	127	40	1	41	45	17	2	9	228	87	4	71	87	45	5	31	180	71	7	75	144	41	0	39	103	52	4	45	0	59	0	42	82	36	0	39	112	14	2	9	208	123	6	109
68	50	3	69	169	58	3	61	0	44	0	37	142	143	2	136	99	50	1	53	127	41	1	40	46	17	1	9	226	85	5	74	88	45	4	31	181	71	9	72	143	41	2	38	105	51	2	46	0	59	0	42	82	35	1	39	112	14	2	9	210	123	4	109
68	51	3	68	170	57	3	61	0	45	0	36	143	142	1	137	99	51	1	52	128	43	2	36	45	17	0	11	218	86	6	76	89	45	3	31	182	72	8	71	143	42	3	36	105	50	2	47	0	60	0	41	81	35	1	40	112	13	2	10	215	126	3	106
66	50	5	69	169	59	2	61	0	45	0	36	144	146	0	133	99	50	1	53	128	44	1	36	42	18	2	11	215	89	6	76	89	45	3	31	182	72	8	71	141	42	2	39	104	48	3	49	0	61	0	40	81	35	1	40	111	13	3	10	214	127	4	105
67	53	4	66	170	58	2	61	0	46	0	35	144	143	0	136	98	50	2	53	128	44	1	36	42	19	2	10	216	89	5	74	90	43	2	33	180	73	8	72	141	43	2	38	103	47	4	50	0	60	0	41	79	35	2	41	109	13	5	10	215	126	5	106
