AAA	AAC	AAG	AAT	ACA	ACC	ACG	ACT	AGA	AGC	AGG	AGT	ATA	ATC	ATG	ATT	CAA	CAC	CAG	CAT	CCA	CCC	CCG	CCT	CGA	CGC	CGG	CGT	CTA	CTC	CTG	CTT	GAA	GAC	GAG	GAT	GCA	GCC	GCG	GCT	GGA	GGC	GGG	GGT	GTA	GTC	GTG	GTT	TAA	TAC	TAG	TAT	TCA	TCC	TCG	TCT	TGA	TGC	TGG	TGT	TTA	TTC	TTG	TTT
33	59	40	59	77	67	88	65	0	29	0	41	71	126	74	139	44	52	49	53	63	60	43	51	14	23	19	16	117	106	97	90	54	40	45	34	86	86	97	75	50	66	55	48	43	44	55	56	0	52	0	49	38	38	41	36	67	13	47	9	98	109	115	115
33	60	40	58	84	69	80	64	0	30	0	40	73	128	72	137	48	52	45	53	66	62	41	48	15	23	18	16	125	106	92	89	56	40	43	34	90	86	93	75	52	66	53	48	48	45	50	55	0	53	0	48	40	41	39	33	68	13	46	9	105	108	106	116
35	60	38	58	90	70	73	64	0	32	0	38	79	128	66	137	51	51	42	54	68	64	39	46	19	23	13	17	131	107	87	90	61	41	38	33	95	85	88	76	54	68	53	44	51	46	47	54	0	53	0	48	45	41	34	33	70	13	44	9	109	107	99	117
35	61	38	57	99	68	64	66	0	32	0	38	81	128	64	137	52	51	41	54	69	65	39	44	19	23	13	17	139	110	79	88	64	39	35	35	104	84	80	76	62	68	42	47	54	46	44	54	0	55	0	46	48	41	32	32	69	12	45	10	116	110	91	114
38	63	35	55	102	65	63	67	0	32	0	38	84	127	61	138	53	53	40	52	73	66	35	43	19	24	13	16	143	111	77	87	64	39	35	35	107	84	77	76	68	71	36	44	57	45	41	55	0	55	0	46	48	40	33	32	72	11	42	11	124	113	81	111
41	66	32	52	109	67	57	64	0	32	0	38	87	130	58	135	58	55	35	50	74	65	34	44	21	24	11	16	153	113	71	85	65	39	34	35	109	86	75	74	70	69	36	44	60	45	38	55	0	54	0	47	48	41	34	30	77	11	37	11	123	115	78	109
43	67	30	51	112	70	54	61	0	33	0	37	95	131	50	134	60	54	33	51	77	64	31	45	22	25	10	15	155	112	70	86	69	39	30	35	116	87	68	73	72	68	34	45	59	46	40	53	0	54	0	47	48	42	35	28	79	11	35	11	130	114	70	110
44	68	29	50	118	73	49	57	0	35	0	35	97	133	48	132	62	56	31	49	80	64	28	45	26	25	7	14	164	114	65	83	69	40	30	34	124	88	62	70	73	68	32	46	60	46	38	54	0	55	0	46	50	42	33	28	81	12	33	10	131	118	66	106
47	68	26	50	122	72	44	59	0	35	0	35	99	133	46	132	63	56	30	49	81	65	27	44	28	25	5	14	171	110	61	87	70	41	29	33	132	89	56	67	73	68	33	45	62	46	36	54	0	56	0	45	51	43	32	27	83	12	31	10	136	119	58	105
46	68	27	50	124	74	43	56	0	36	0	34	100	131	45	134	66	55	27	50	84	63	23	47	28	25	5	14	177	113	57	84	71	40	28	34	135	92	54	63	76	67	32	44	65	48	32	53	0	57	0	44	51	44	32	26	85	12	29	10	137	123	55	101
47	69	26	49	123	76	43	55	0	37	0	33	102	136	43	129	68	55	25	50	86	63	23	45	29	24	5	14	182	113	56	81	75	40	24	34	139	94	51	60	79	66	30	44	66	48	30	54	0	60	0	41	53	43	31	26	88	12	26	10	140	124	51	100
49	71	24	47	123	77	43	54	0	37	0	33	107	143	38	122	69	56	24	49	90	63	19	45	31	24	4	13	186	114	53	79	76	39	23	35	142	95	48	59	82	65	27	45	69	49	27	53	0	61	0	40	57	43	27	26	89	14	25	8	144	127	47	97
49	71	24	47	125	76	42	54	0	37	0	33	108	144	37	121	72	57	21	48	95	63	16	43	29	24	7	12	192	114	49	78	80	41	19	33	147	94	45	58	86	66	24	43	73	47	24	54	0	60	0	41	61	43	23	26	89	14	25	8	146	126	44	98
50	73	23	45	130	77	37	53	0	37	0	33	110	140	35	125	72	58	21	47	99	63	13	42	28	24	8	12	197	113	48	76	79	40	20	34	154	94	38	58	88	67	22	42	73	48	24	53	0	61	0	40	68	43	16	26	90	14	24	8	145	124	44	100
49	73	24	45	131	76	37	53	0	38	0	32	114	142	31	123	74	59	19	46	99	63	11	44	29	25	7	11	206	115	44	74	80	40	19	34	154	95	37	58	91	67	21	40	73	48	24	53	0	60	0	41	67	42	17	27	92	14	22	8	142	124	42	100
51	77	22	41	132	78	36	51	0	38	0	32	115	143	30	122	73	61	20	44	100	63	11	43	30	25	6	11	209	116	43	74	79	40	20	34	156	97	37	54	92	67	20	40	76	47	22	53	0	61	0	40	70	42	14	27	96	14	18	8	142	128	39	96
52	78	21	40	136	76	32	53	0	38	0	32	117	143	28	122	77	61	16	44	100	65	12	40	31	26	5	10	209	117	44	74	80	41	19	33	160	95	33	56	91	66	22	40	78	49	20	51	0	61	0	40	69	42	15	27	95	14	19	8	141	128	38	96
53	78	20	40	141	77	26	53	0	40	0	30	118	147	27	118	77	61	16	44	99	66	14	38	34	25	3	10	213	116	41	76	81	41	18	33	158	93	35	58	91	69	22	37	78	49	19	52	0	62	0	39	69	44	15	25	94	14	20	8	139	129	38	95
55	78	18	40	145	79	23	50	0	39	0	31	121	153	24	112	78	59	15	46	100	67	13	37	34	25	3	10	217	114	40	77	81	40	18	34	164	92	33	55	91	69	22	37	78	49	19	52	0	68	0	33	68	44	17	24	96	14	18	8	140	130	35	94
57	78	16	40	145	79	23	50	0	40	0	30	121	153	24	112	78	62	15	43	100	65	13	39	33	24	4	11	221	115	38	76	82	40	17	34	161	94	36	53	92	71	21	35	81	48	16	53	0	69	0	32	69	43	18	23	96	14	18	8	141	131	32	93
62	79	11	39	146	80	21	50	0	41	0	29	123	156	22	109	80	63	13	42	99	66	14	38	35	25	3	9	223	115	37	75	84	39	15	35	168	91	32	53	93	71	20	35	80	49	17	52	0	69	0	32	70	42	18	23	97	14	17	8	145	136	28	88
63	79	10	39	148	82	20	47	0	40	0	30	126	157	19	108	81	63	12	42	102	66	11	38	34	26	4	8	231	115	33	75	85	40	14	34	174	91	29	50	94	74	20	31	84	50	14	50	0	70	0	31	70	42	18	23	99	14	15	8	141	138	28	86
61	77	12	41	149	80	21	47	0	38	0	32	128	164	17	101	82	62	11	43	105	64	10	38	34	25	4	9	235	114	31	75	86	40	13	34	174	90	30	50	96	73	18	32	85	50	13	50	0	71	0	30	70	42	18	23	97	14	17	8	138	141	30	83
64	78	9	40	150	82	20	45	0	37	0	33	125	166	20	99	83	63	10	42	105	66	10	36	33	25	5	9	234	112	29	80	86	43	13	31	172	92	31	49	96	73	20	30	89	50	12	47	0	72	0	29	72	45	16	20	98	15	16	7	139	140	29	84
65	77	8	41	149	81	21	46	0	39	0	31	122	166	23	99	84	64	9	41	107	67	8	35	34	25	4	9	239	112	27	78	87	44	12	30	174	92	30	48	94	73	22	30	89	51	11	47	0	70	0	31	75	43	14	21	101	14	13	8	137	140	30	84
63	75	10	43	150	81	20	46	0	41	0	29	121	170	24	95	85	62	8	43	109	67	8	33	35	24	3	10	242	111	30	77	86	44	13	30	178	90	27	49	94	73	24	28	89	52	12	45	0	72	0	29	75	42	14	22	100	13	14	9	137	142	26	82
65	75	8	43	148	81	21	47	0	41	0	29	122	168	23	97	82	64	11	41	107	66	10	34	35	27	4	6	247	106	31	81	86	45	13	29	179	93	26	46	95	74	24	26	89	53	11	45	0	72	0	29	76	41	14	22	100	13	14	9	133	146	25	78
65	73	8	45	149	79	19	50	0	41	0	29	124	171	21	94	80	64	13	41	107	65	11	34	36	27	4	5	251	107	31	79	87	45	12	29	182	94	24	44	98	75	20	26	89	57	12	40	0	69	0	32	76	42	14	21	102	13	12	9	130	147	25	77
65	70	8	48	147	79	23	48	0	40	0	30	124	168	21	97	82	63	11	42	108	66	11	32	38	27	2	5	255	109	33	76	87	43	12	31	187	94	19	44	98	75	20	26	92	57	9	40	0	68	0	33	75	43	15	20	101	13	13	9	128	147	22	77
65	72	8	46	148	81	24	44	0	39	0	31	123	163	22	102	82	62	11	43	107	65	13	32	38	29	2	3	256	111	31	72	87	43	12	31	186	94	21	43	99	74	20	26	92	57	9	40	0	66	0	35	77	43	13	20	101	13	13	9	129	146	24	78
64	72	9	46	146	82	25	44	0	40	0	30	124	168	21	97	83	63	10	42	108	66	12	31	38	29	2	3	254	113	29	70	89	44	10	30	189	94	20	41	101	71	19	28	92	57	10	39	0	67	0	34	77	44	14	18	102	13	12	9	131	147	26	77
64	72	9	46	145	82	26	44	0	39	0	31	123	166	22	99	84	65	9	40	107	66	14	30	38	28	2	4	251	112	33	69	88	44	11	30	193	93	17	41	103	72	18	26	90	58	12	38	0	66	0	35	81	43	10	19	100	13	14	9	130	147	28	77
66	74	7	44	153	83	18	43	0	39	0	31	128	171	17	94	84	64	9	41	110	65	11	31	38	27	3	4	253	111	32	68	88	44	11	30	192	92	19	41	100	73	21	25	91	60	11	36	0	67	0	34	77	41	15	20	101	13	13	9	130	151	29	73
68	74	5	44	148	80	23	46	0	38	0	32	128	172	17	93	84	62	9	43	111	65	10	31	38	26	3	5	257	110	30	69	88	44	11	30	192	92	21	39	107	70	18	24	92	60	11	35	0	68	0	33	79	42	13	19	102	14	12	8	129	148	28	76
68	79	5	39	152	82	22	41	0	40	0	30	126	171	19	94	85	64	8	41	113	62	10	32	36	26	5	5	253	109	31	70	88	43	11	31	189	91	25	39	110	70	17	22	93	62	10	33	0	69	0	32	80	42	12	19	103	14	11	8	133	148	27	76
68	79	5	39	154	78	20	45	0	40	0	30	128	171	17	94	83	63	10	42	115	65	8	29	36	25	5	6	259	108	28	69	85	43	14	31	192	91	23	38	113	67	14	25	94	59	9	36	0	69	0	32	82	42	10	19	104	15	10	7	132	146	27	78
67	78	6	40	158	77	17	45	0	40	0	30	129	171	16	94	85	63	8	42	115	65	9	28	34	24	7	7	264	108	28	68	86	45	13	29	194	88	21	41	111	63	16	29	93	59	10	36	0	70	0	31	83	40	10	20	105	14	9	8	132	143	23	81
67	76	6	42	153	78	23	43	0	41	0	29	129	176	16	89	85	64	8	41	114	66	11	26	35	24	6	7	264	109	26	68	85	44	14	30	195	89	20	40	116	64	13	26	92	61	12	33	0	69	0	32	84	40	9	20	103	14	11	8	139	148	17	76
67	76	6	42	152	80	24	41	0	40	0	30	128	176	17	89	85	63	8	42	112	65	14	26	35	24	5	8	268	107	27	66	86	44	13	30	191	90	26	37	116	64	13	26	93	64	12	29	0	69	0	32	82	40	11	20	104	15	10	7	137	148	18	76
68	77	5	41	156	78	20	43	0	41	0	29	124	176	21	89	84	63	9	42	113	66	15	23	36	23	5	8	268	111	27	63	86	44	13	30	192	90	27	35	118	63	12	26	94	62	11	31	0	68	0	33	85	39	9	20	101	15	13	7	133	148	21	76
67	80	6	38	156	78	21	42	0	42	0	28	122	176	23	89	83	65	10	40	112	64	15	26	36	23	4	9	275	112	25	59	85	42	14	32	196	92	24	32	117	62	13	27	94	62	12	30	0	68	0	33	84	39	10	20	99	15	15	7	131	147	21	77
68	80	5	38	161	78	19	39	0	40	0	30	122	179	23	86	84	65	9	40	112	68	16	21	35	23	5	9	275	108	23	63	86	45	13	29	197	91	25	31	118	62	14	25	95	64	11	28	0	69	0	32	84	40	10	19	100	15	14	7	135	148	19	76
69	82	4	36	160	79	20	38	0	40	0	30	126	178	19	87	84	63	9	42	110	68	18	21	35	23	5	9	266	108	31	61	87	45	12	29	193	93	29	29	120	59	15	25	94	65	12	27	0	70	0	31	82	41	13	17	102	15	12	7	140	149	17	75
67	81	6	37	163	77	18	39	0	40	0	30	124	177	21	88	85	64	8	41	113	67	16	21	35	23	5	9	272	109	26	62	87	46	12	28	192	93	30	29	123	57	14	25	95	67	12	24	0	69	0	32	82	42	13	16	104	15	10	7	136	151	18	73
68	76	5	42	161	77	20	39	0	41	0	29	126	179	19	86	86	66	7	39	115	66	15	21	35	24	5	8	272	106	25	67	87	48	12	26	196	94	26	28	124	58	12	25	91	66	17	24	0	70	0	31	83	41	12	17	105	15	9	7	137	151	16	73
67	75	6	43	165	76	15	41	0	38	0	32	127	176	18	89	87	68	6	37	116	66	15	20	36	25	4	7	276	109	28	63	86	47	13	27	195	93	28	28	126	57	12	24	93	67	15	23	0	72	0	29	85	39	10	19	104	16	10	6	133	154	14	70
66	77	7	41	167	77	16	37	0	41	0	29	125	173	20	92	87	69	6	36	119	64	12	22	36	25	4	7	277	109	27	62	84	48	15	26	194	91	30	29	128	57	10	24	96	66	12	24	0	72	0	29	82	40	11	20	103	15	11	7	136	149	12	75
69	76	4	42	166	74	17	40	0	41	0	29	124	171	21	94	87	69	6	36	120	65	11	21	37	24	3	8	274	109	31	62	83	48	16	26	195	89	28	32	130	56	10	23	99	65	10	24	0	71	0	30	83	39	10	21	102	16	12	6	134	151	13	73
68	77	5	41	169	73	15	40	0	40	0	30	125	173	20	92	88	68	5	37	122	66	9	20	38	24	2	8	283	109	31	60	83	48	16	26	199	89	24	32	129	56	10	24	101	63	8	26	0	70	0	31	79	39	14	21	103	15	11	7	128	152	12	72
69	75	4	43	167	74	16	40	0	41	0	29	126	175	19	90	86	69	7	36	124	64	9	20	38	23	2	9	284	108	32	59	81	49	18	25	200	88	23	33	131	57	9	22	102	62	7	27	0	71	0	30	81	38	12	22	104	16	10	6	129	152	11	72
68	78	5	40	167	74	16	40	0	42	0	28	127	173	18	92	86	68	7	37	122	65	11	19	38	23	2	9	284	106	40	58	82	50	17	24	205	88	18	33	130	59	10	20	104	62	5	27	0	74	0	27	80	38	13	22	101	16	13	6	127	153	8	71
68	77	5	41	168	75	17	37	0	43	0	27	128	174	17	91	87	67	6	38	119	63	15	20	38	22	2	10	289	106	38	56	81	51	18	23	202	85	21	36	131	55	9	24	101	60	9	28	0	74	0	27	84	38	9	22	100	16	14	6	124	151	10	73
68	73	5	45	165	78	22	32	0	45	0	25	125	176	20	89	85	70	8	35	122	61	13	21	38	22	3	9	291	104	35	58	82	52	17	22	203	84	21	36	131	55	9	24	98	60	12	28	0	74	0	27	83	38	11	21	98	16	16	6	125	150	10	74
67	73	6	45	166	76	23	32	0	44	0	26	123	179	22	86	85	71	8	34	122	61	11	23	39	19	3	11	290	102	39	61	85	51	14	23	202	84	22	36	128	55	12	24	99	59	12	28	0	74	0	27	83	37	11	22	97	16	17	6	121	149	10	75
67	73	6	45	164	79	25	29	0	43	0	27	125	176	20	89	84	71	9	34	120	62	13	22	39	18	3	12	297	102	34	59	86	51	13	23	205	84	19	36	128	53	13	25	98	59	13	28	0	74	0	27	84	37	10	22	99	16	15	6	118	150	13	74
66	75	7	43	164	80	25	28	0	46	0	24	122	172	23	93	83	73	10	32	121	62	12	22	38	17	4	13	299	101	38	58	85	51	14	23	204	86	20	34	127	53	14	25	99	59	12	28	0	76	0	25	85	38	9	21	99	16	15	6	116	149	11	75
67	77	6	41	169	78	20	30	0	46	0	24	125	175	20	90	84	73	9	32	121	64	12	20	38	17	4	13	299	100	37	61	88	51	11	23	203	87	20	34	129	53	12	25	100	57	12	29	0	75	0	26	83	39	11	20	98	16	16	6	116	149	10	75
68	81	5	37	171	75	19	32	0	45	0	25	124	171	21	94	81	72	12	33	120	64	12	21	38	16	4	14	307	101	37	59	88	52	11	22	203	87	22	32	132	53	9	25	100	57	12	29	0	74	0	27	83	38	11	21	96	16	18	6	109	148	10	76
68	80	5	38	169	72	21	35	0	45	0	25	126	172	19	93	80	74	13	31	121	65	11	20	38	16	4	14	300	99	42	59	87	51	12	23	200	86	24	34	131	52	10	26	100	57	12	29	0	76	0	25	85	37	10	21	95	17	19	5	114	146	9	78
68	82	5	36	172	71	18	36	0	44	0	26	129	175	16	90	84	74	9	31	124	66	10	17	38	16	4	14	305	94	38	65	88	52	11	22	201	86	24	33	133	52	9	25	99	57	14	28	0	78	0	23	88	37	8	20	95	17	19	5	111	147	10	77
68	80	5	38	173	70	18	36	0	45	0	25	128	173	17	92	85	72	8	33	124	62	11	20	37	18	5	12	304	95	41	62	86	51	13	23	204	85	21	34	128	50	13	28	100	58	13	27	0	76	0	25	90	38	6	19	95	17	19	5	112	144	9	80
69	80	4	38	171	71	20	35	0	46	0	24	128	176	17	89	86	74	7	31	126	61	11	19	37	18	4	13	306	97	34	60	87	51	12	23	202	84	23	35	127	50	13	29	99	58	14	27	0	75	0	26	90	39	7	17	96	16	18	6	115	145	11	79
69	79	4	39	172	70	19	36	0	46	0	24	126	175	19	90	88	76	5	29	125	60	12	20	37	19	6	10	303	97	35	59	89	50	10	24	207	85	19	33	128	50	12	29	102	56	12	28	0	77	0	24	92	40	5	16	96	15	18	7	118	144	11	80
69	78	4	40	171	69	19	38	0	44	0	26	127	173	18	92	85	77	8	28	123	62	14	18	36	17	7	12	303	94	35	60	89	49	10	25	208	86	18	32	130	50	11	28	102	56	12	28	0	76	0	25	93	40	4	16	97	15	17	7	121	142	10	82
70	79	3	39	173	68	16	40	0	47	0	23	127	174	18	91	86	79	7	26	124	61	13	19	36	17	7	12	307	91	28	64	89	50	10	24	204	86	22	32	131	50	10	28	102	55	12	29	0	76	0	25	94	41	3	15	99	15	15	7	120	143	13	81
69	78	4	40	173	68	16	40	0	47	0	23	128	171	17	94	85	76	8	29	126	61	12	18	38	17	5	12	311	91	29	62	88	51	11	23	202	86	24	32	130	48	10	31	103	55	12	28	0	74	0	27	94	41	3	15	99	16	15	6	115	146	15	78
68	81	5	37	169	69	20	39	0	48	0	22	128	173	17	92	86	77	7	28	127	61	11	18	39	17	4	12	312	94	35	57	88	50	11	24	204	86	25	29	130	46	10	33	102	56	14	26	0	74	0	27	95	41	2	15	102	16	12	6	115	147	10	77
67	84	6	34	167	68	22	40	0	48	0	22	131	174	14	91	84	76	9	29	131	59	9	18	41	18	3	10	313	96	33	55	87	52	12	22	206	82	24	32	130	46	11	32	102	59	14	23	0	74	0	27	93	43	4	13	102	18	12	4	118	146	8	78
68	83	5	35	166	67	26	38	0	48	0	22	129	169	16	96	85	78	8	27	127	58	13	19	42	18	2	10	317	100	31	51	87	53	12	21	208	79	22	35	135	46	7	31	105	59	12	22	0	72	0	29	92	44	5	12	103	17	11	5	115	147	9	77
66	83	7	35	171	67	23	36	0	47	0	23	130	172	15	93	84	76	9	29	119	58	22	18	42	17	2	11	321	102	24	48	89	52	10	22	207	79	23	35	135	46	9	29	109	59	8	22	0	73	0	28	89	44	8	12	101	16	13	6	118	147	10	77
65	83	8	35	173	68	21	35	0	45	0	25	129	173	16	92	84	77	9	28	124	56	18	19	42	16	2	12	318	101	27	47	89	52	10	22	201	78	28	37	137	48	7	27	111	58	4	25	0	73	0	28	88	43	10	12	98	17	16	5	116	149	14	75
65	84	8	34	173	67	21	36	0	45	0	25	128	174	17	91	83	76	10	29	122	56	20	19	43	17	1	11	318	99	23	49	90	52	9	22	201	79	27	37	136	45	9	29	112	57	4	25	0	72	0	29	87	41	11	14	101	17	13	5	120	154	14	70
65	84	8	34	177	67	17	36	0	44	0	26	132	176	13	89	83	76	10	29	123	58	20	16	42	17	2	11	323	101	24	46	90	51	9	23	198	78	30	38	138	45	7	29	113	57	4	24	0	72	0	29	90	39	10	14	101	17	13	5	117	158	12	66
66	80	7	38	179	67	15	36	0	45	0	25	135	177	10	88	82	76	11	29	124	57	21	15	43	18	1	10	318	100	26	47	89	51	10	23	202	76	25	41	140	43	6	30	112	56	5	25	0	75	0	26	90	40	10	13	103	16	11	6	123	158	9	66
64	80	9	38	181	67	14	35	0	47	0	23	133	172	12	93	84	76	9	29	124	55	21	17	43	20	1	8	316	98	30	48	89	49	10	25	204	78	24	38	140	43	8	28	110	55	8	25	0	78	0	23	92	42	8	11	99	16	15	6	121	155	10	69
64	79	9	39	181	67	14	35	0	47	0	23	131	172	14	93	85	78	8	27	125	55	21	16	41	21	3	7	315	99	32	46	90	52	9	22	204	80	23	37	141	43	8	27	111	56	7	24	0	79	0	22	91	42	8	12	97	16	17	6	122	150	9	74
62	79	11	39	179	67	17	34	0	49	0	21	132	171	13	94	86	78	7	27	127	53	20	17	40	22	4	6	310	100	35	45	91	52	8	22	205	80	22	37	140	43	9	27	107	57	11	23	0	79	0	22	91	42	8	12	98	16	16	6	123	145	10	79
61	77	12	41	179	67	17	34	0	54	0	16	130	171	15	94	87	76	6	29	127	52	19	19	40	21	6	5	309	100	34	45	91	53	8	21	207	80	20	37	136	45	14	24	106	57	13	22	0	79	0	22	92	41	7	13	98	15	16	7	119	143	16	81
59	78	14	40	177	69	20	31	0	55	0	15	126	171	19	94	88	75	5	30	131	51	15	20	39	21	7	5	310	101	36	44	92	52	7	22	211	81	17	35	135	45	15	24	107	59	12	20	0	82	0	19	93	42	6	12	97	15	17	7	119	143	13	81
62	78	11	40	178	68	19	32	0	55	0	15	127	171	18	94	88	77	5	28	129	49	18	21	41	22	5	4	305	99	37	47	93	52	6	22	206	82	22	34	135	46	15	23	105	57	13	23	0	82	0	19	92	42	7	12	96	14	18	8	124	143	11	81
63	79	10	39	181	67	20	29	0	53	0	17	127	173	18	92	87	77	6	28	130	47	18	22	42	21	4	5	293	99	37	50	92	51	7	23	208	79	21	36	136	46	14	23	105	56	13	24	0	81	0	20	93	42	7	11	95	13	19	9	133	144	11	80
65	79	8	39	182	65	22	28	0	53	0	17	124	180	21	85	87	78	6	27	128	47	20	22	42	21	5	4	292	97	36	52	91	51	8	23	207	78	21	38	137	48	12	22	104	55	15	24	0	81	0	20	90	42	10	11	98	14	16	8	136	146	10	78
65	80	8	38	181	65	23	28	0	52	0	18	127	182	18	83	86	78	7	27	130	45	19	23	45	21	3	3	291	101	38	47	90	51	9	23	208	77	20	39	137	49	11	22	105	55	15	23	0	80	0	21	89	43	11	10	95	15	19	7	137	145	9	79
64	81	9	37	176	65	28	28	0	52	0	18	128	185	17	80	86	77	7	28	130	44	20	23	45	21	3	3	295	102	34	44	91	52	8	22	209	75	20	40	136	48	12	23	107	54	11	26	0	79	0	22	91	42	10	10	98	14	16	8	136	146	12	78
64	83	9	35	179	66	26	26	0	53	0	17	128	185	17	80	86	77	7	28	131	44	19	23	45	21	3	3	298	101	32	44	91	51	8	23	213	73	18	40	133	47	16	23	107	53	10	28	0	74	0	27	89	41	12	11	100	13	14	9	132	144	16	80
65	82	8	36	184	65	21	27	0	52	0	18	126	186	19	79	87	74	6	31	134	45	18	20	45	21	3	3	298	100	35	46	92	51	7	23	216	73	15	40	133	47	16	23	108	54	9	27	0	73	0	28	90	42	11	10	101	13	13	9	130	145	14	79
63	80	10	38	182	62	25	28	0	51	0	19	127	189	18	76	86	75	7	30	132	45	20	20	45	21	3	3	299	98	38	49	92	51	7	23	214	74	17	39	136	44	14	25	109	50	8	31	0	71	0	30	89	41	12	11	98	14	16	8	126	145	13	79
66	79	7	39	179	62	28	28	0	52	0	18	126	190	19	75	85	74	8	31	135	46	17	19	46	21	2	3	303	98	35	49	91	51	8	23	215	73	17	39	134	42	17	26	111	48	7	32	0	71	0	30	91	40	10	12	99	14	15	8	129	145	9	79
67	81	6	37	178	61	29	29	0	53	0	17	124	191	21	74	84	74	9	31	140	46	11	20	47	21	1	3	304	98	34	49	90	50	9	24	218	75	15	36	132	42	21	24	112	49	6	31	0	71	0	30	90	39	12	12	101	15	13	7	130	149	8	75
67	79	6	39	176	61	32	28	0	54	0	16	126	191	19	74	85	73	8	32	143	46	9	19	47	21	1	3	299	98	36	47	88	46	11	28	217	76	18	33	135	44	17	23	112	50	8	28	0	70	0	31	89	39	13	12	102	14	12	8	135	147	8	77
67	77	6	41	174	62	33	28	0	55	0	15	128	194	17	71	86	73	7	32	142	47	10	18	46	21	2	3	300	98	35	46	87	46	12	28	219	74	17	34	132	45	20	22	111	49	10	28	0	70	0	31	90	40	11	12	106	14	8	8	134	150	10	74
66	75	7	43	173	62	33	29	0	55	0	15	126	189	19	76	85	71	8	34	143	46	9	19	46	22	2	2	295	99	39	43	88	43	11	31	219	74	17	34	134	46	19	20	108	49	13	28	0	73	0	28	90	40	11	12	106	14	8	8	132	153	15	71
68	77	5	41	172	60	35	30	0	53	0	17	128	187	17	78	84	71	9	34	141	47	11	18	45	22	3	2	296	99	41	43	87	44	12	30	216	76	21	31	135	47	19	18	111	52	10	25	0	72	0	29	92	41	8	12	105	14	9	8	127	154	17	70
70	79	3	39	176	60	32	29	0	52	0	18	131	187	14	78	83	68	10	37	141	48	13	15	44	22	4	2	301	98	35	42	87	44	12	30	215	76	23	30	132	47	22	18	110	52	11	25	0	71	0	30	89	42	11	11	104	14	10	8	129	151	18	73
69	78	4	40	177	61	30	29	0	52	0	18	129	183	16	82	82	72	11	33	140	47	14	16	45	23	3	1	301	97	39	43	86	45	13	29	219	76	19	30	137	47	18	17	111	53	10	24	0	70	0	31	90	42	11	10	102	14	12	8	126	155	17	69
71	80	2	38	177	61	31	28	0	53	0	17	129	182	16	83	83	74	10	31	140	47	15	15	44	23	4	1	308	96	35	43	83	42	16	32	217	73	22	32	137	48	18	16	113	53	9	23	0	71	0	30	90	42	12	9	99	14	15	8	125	154	16	70
70	77	3	41	175	60	33	29	0	55	0	15	127	183	18	82	82	72	11	33	141	47	15	14	45	21	3	3	311	94	33	46	82	42	17	32	219	73	20	32	139	49	16	15	113	51	11	23	0	71	0	30	88	41	16	8	99	14	15	8	121	155	18	69
70	78	3	40	176	60	30	31	0	54	0	16	128	186	17	79	81	73	12	32	137	47	19	14	44	21	3	4	314	94	28	46	86	44	13	30	217	73	22	32	136	50	19	14	113	50	11	24	0	71	0	30	87	41	17	8	101	14	13	8	122	153	19	71
71	77	2	41	177	60	30	30	0	55	0	15	128	186	17	79	81	72	12	33	136	49	19	13	44	21	3	4	322	93	22	48	88	44	11	30	219	73	21	31	137	50	18	14	113	49	11	25	0	71	0	30	88	41	16	8	102	15	12	7	120	152	18	72
69	78	4	40	178	61	29	29	0	55	0	15	126	187	19	78	81	73	12	32	137	46	17	17	44	22	3	3	321	93	23	49	87	45	12	29	216	73	25	30	137	50	19	13	112	51	12	23	0	71	0	30	92	40	12	9	100	15	14	7	120	153	17	71
68	79	5	39	181	63	25	28	0	55	0	15	126	188	19	77	81	73	12	32	136	44	17	20	44	22	3	3	322	92	20	50	87	44	12	30	212	72	30	30	134	50	22	13	111	52	12	23	0	71	0	30	92	40	11	10	100	15	14	7	123	150	16	74
66	78	7	40	185	62	24	26	0	55	0	15	129	187	16	78	81	71	12	34	134	45	18	20	46	20	3	3	326	91	22	51	88	44	11	30	216	71	27	30	135	49	21	14	109	51	14	24	0	73	0	28	91	40	12	10	101	15	13	7	116	151	17	73
65	80	8	38	187	63	22	25	0	52	0	18	131	186	14	79	81	71	12	34	131	45	21	20	47	20	2	3	323	93	23	51	86	44	13	30	219	71	25	29	133	48	24	14	111	50	14	23	0	73	0	28	91	39	13	10	101	15	13	7	117	150	16	74
66	79	7	39	190	63	20	24	0	53	0	17	132	185	13	80	81	71	12	34	132	45	20	20	47	20	2	3	318	90	23	54	87	45	12	29	220	72	25	27	137	48	19	15	112	49	13	24	0	74	0	27	89	39	15	10	103	15	11	7	119	152	19	72
66	79	7	39	188	63	22	24	0	53	0	17	128	184	17	81	81	72	12	33	134	44	18	21	47	19	2	4	315	92	28	51	87	45	12	29	222	74	24	24	136	46	20	17	112	51	15	20	0	75	0	26	92	38	12	11	101	14	13	8	122	150	15	74
67	80	6	38	190	62	22	23	0	53	0	17	127	184	18	81	81	68	12	37	131	44	21	21	47	19	2	4	315	94	29	48	87	42	12	32	223	72	24	25	136	45	22	16	114	50	14	20	0	74	0	27	94	38	11	10	100	15	14	7	120	150	17	74
66	78	7	40	193	61	20	23	0	54	0	16	126	187	19	78	80	66	13	39	137	45	16	19	47	19	2	4	314	96	27	45	85	45	14	29	224	72	23	25	135	47	23	14	115	52	13	18	0	73	0	28	93	37	12	11	99	16	15	6	126	149	15	75
67	77	6	41	196	62	17	22	0	54	0	16	127	188	18	77	80	67	13	38	136	46	20	15	48	19	1	4	314	98	26	42	86	46	13	28	222	72	25	25	135	48	21	15	115	51	13	19	0	72	0	29	91	38	14	10	98	16	16	6	131	146	12	78
67	79	6	39	197	60	17	23	0	54	0	16	127	185	18	80	77	67	16	38	138	46	18	15	48	20	1	3	306	97	31	41	85	48	14	26	223	73	24	24	135	49	19	16	118	51	10	19	0	71	0	30	93	37	12	11	97	15	17	7	136	145	12	79
69	82	4	36	197	59	19	22	0	55	0	15	125	180	20	85	75	68	18	37	137	44	19	17	49	21	1	1	306	98	27	38	85	48	14	26	221	73	26	24	138	49	15	17	117	50	11	20	0	70	0	31	91	36	14	12	98	15	16	7	143	145	11	79
70	81	3	37	198	58	18	23	0	56	0	14	126	172	19	93	77	67	16	38	139	43	17	18	47	21	2	2	308	98	28	39	87	48	12	26	219	73	28	24	136	49	17	17	117	48	13	20	0	70	0	31	92	35	12	14	97	15	17	7	138	143	12	81
70	83	3	35	198	56	18	25	0	55	0	15	129	171	16	94	77	70	16	35	139	43	17	18	46	21	3	2	305	96	29	41	88	47	11	27	215	72	31	26	132	49	21	17	120	47	10	21	0	69	0	32	95	34	11	13	98	13	16	9	137	141	15	83
70	85	3	33	202	56	15	24	0	54	0	16	130	168	15	97	76	68	17	37	139	42	17	19	47	21	2	2	300	89	29	47	89	42	10	32	218	71	27	28	134	49	19	17	117	47	13	21	0	69	0	32	95	34	11	13	97	13	17	9	138	143	20	81
69	88	4	30	199	58	18	22	0	54	0	16	131	169	14	96	76	70	17	35	144	41	14	18	47	21	2	2	302	90	27	44	89	43	10	31	217	71	30	26	132	47	20	20	118	46	14	20	0	70	0	31	91	35	14	13	97	13	17	9	143	145	17	79
69	88	4	30	201	57	16	23	0	54	0	16	130	167	15	98	77	70	16	35	139	41	19	18	46	21	3	2	298	89	30	45	90	46	9	28	218	65	30	31	133	48	19	19	119	47	14	18	0	71	0	30	94	35	11	13	96	12	18	10	146	146	15	78
69	87	4	31	199	57	18	23	0	52	0	18	131	163	14	102	78	70	15	35	141	43	17	16	46	21	3	2	295	88	31	45	89	47	10	27	223	65	25	31	136	50	17	16	122	47	11	18	0	73	0	28	93	37	12	11	97	12	17	10	143	149	21	75
69	87	4	31	200	56	17	24	0	50	0	20	132	162	13	103	80	68	13	37	143	42	15	17	45	20	4	3	293	92	30	42	89	47	10	27	218	65	30	31	138	49	15	17	122	46	11	19	0	72	0	29	92	37	13	11	94	12	20	10	144	150	22	74
69	87	4	31	194	55	23	25	0	48	0	22	132	158	13	107	81	66	12	39	141	43	18	15	44	20	5	3	300	90	32	44	85	47	14	27	216	63	32	33	136	48	17	18	121	45	12	20	0	72	0	29	91	38	13	11	94	12	20	10	134	147	23	77
70	87	3	31	193	56	25	23	0	49	0	21	129	155	16	110	80	67	13	38	141	42	18	16	44	19	5	4	299	90	27	45	86	47	13	27	216	63	32	33	136	47	18	18	120	44	13	21	0	73	0	28	93	37	12	11	95	12	19	10	137	146	25	78
69	87	4	31	197	57	20	23	0	48	0	22	131	158	14	107	81	68	12	37	141	42	18	16	44	19	5	4	298	91	29	44	88	47	11	27	214	62	34	34	138	47	17	17	121	44	12	21	0	74	0	27	94	36	11	12	96	12	18	10	135	144	26	80
70	86	3	32	197	57	20	23	0	48	0	22	132	160	13	105	82	69	11	36	141	42	18	16	44	19	5	4	301	91	33	39	90	48	9	26	215	65	33	31	137	47	18	17	121	44	12	21	0	73	0	28	95	35	10	13	96	12	18	10	139	146	20	78
70	86	3	32	198	56	20	23	0	47	0	23	131	160	14	105	81	69	12	36	141	41	18	17	46	19	3	4	295	90	33	41	91	49	8	25	213	65	35	31	137	47	18	17	119	44	14	21	0	73	0	28	94	34	11	14	93	12	21	10	143	144	21	80
69	87	4	31	201	55	17	24	0	46	0	24	132	161	13	104	82	68	11	37	141	39	19	18	47	19	2	4	292	87	33	44	91	52	8	22	216	65	33	30	136	48	20	15	120	45	15	18	0	72	0	29	96	34	9	14	95	12	19	10	147	140	20	84
69	88	4	30	199	54	18	26	0	46	0	24	131	161	14	104	84	70	9	35	139	39	21	18	44	19	5	4	286	88	29	44	89	53	10	21	217	63	31	33	136	48	20	15	124	46	11	17	0	72	0	29	97	34	7	15	96	13	18	9	156	142	20	82
69	88	4	30	201	55	17	24	0	46	0	24	130	164	15	101	85	71	8	34	140	39	20	18	44	19	5	4	288	86	28	47	91	55	8	19	215	61	34	34	133	48	23	15	123	46	12	17	0	72	0	29	97	34	7	15	99	14	15	8	154	140	20	84
72	90	1	28	198	56	20	23	0	47	0	23	129	163	16	102	84	70	9	35	143	38	17	19	45	19	4	4	287	85	34	46	90	55	9	19	216	60	33	35	128	50	28	13	126	45	9	18	0	70	0	31	96	36	8	13	101	13	13	9	149	140	22	84
72	89	1	29	200	56	18	23	0	47	0	23	129	161	16	104	83	70	10	35	142	36	18	21	46	19	3	4	290	84	30	49	94	54	5	20	218	63	29	34	126	49	28	16	126	43	10	19	0	69	0	32	97	35	8	13	100	13	14	9	148	140	22	84
73	89	0	29	202	54	17	24	0	49	0	21	132	160	13	105	81	72	12	33	141	35	20	21	45	19	4	4	288	85	37	47	94	52	5	22	218	64	30	32	127	49	28	15	125	44	12	17	0	69	0	32	99	32	7	15	99	14	15	8	146	139	20	85
73	90	0	28	200	54	20	23	0	49	0	21	130	163	15	102	81	73	12	32	143	35	18	21	44	19	5	4	286	85	36	47	93	51	6	23	216	63	33	32	128	49	27	15	124	44	14	16	0	70	0	31	99	31	7	16	100	14	14	8	153	140	16	84
72	89	1	29	200	54	19	24	0	49	0	21	133	162	12	103	83	72	10	33	144	35	16	22	42	19	7	4	283	82	38	49	92	51	7	23	216	61	33	34	129	49	26	15	123	43	15	17	0	68	0	33	98	31	8	16	101	14	13	8	154	141	17	83
73	88	0	30	200	53	20	24	0	49	0	21	132	167	13	98	85	73	8	32	144	35	16	22	42	19	7	4	292	82	37	47	94	51	5	23	216	62	34	32	131	49	23	16	123	43	16	16	0	68	0	33	100	31	6	16	102	15	12	7	150	140	15	84
72	89	1	29	203	54	17	23	0	49	0	21	130	165	15	100	86	73	7	32	146	35	15	21	42	18	8	4	293	82	33	49	97	51	2	23	220	62	32	30	130	51	24	14	124	42	15	17	0	68	0	33	100	31	6	16	100	17	14	5	151	145	15	79
73	93	0	25	203	55	17	22	0	50	0	20	130	166	15	99	85	73	8	32	148	35	13	21	43	18	5	6	298	85	33	46	96	51	3	23	220	61	31	32	131	52	23	13	124	41	15	18	0	69	0	32	101	29	7	16	96	16	18	6	145	143	16	81
72	95	1	23	200	53	20	24	0	50	0	20	132	167	13	98	85	72	8	33	145	37	16	19	43	17	4	8	297	83	39	47	96	50	3	24	219	61	31	33	134	52	20	13	123	41	16	18	0	70	0	31	103	27	6	17	96	16	18	6	142	142	15	82
71	94	2	24	202	53	19	23	0	50	0	20	131	170	14	95	84	71	9	34	146	35	14	22	44	17	3	8	301	84	35	45	96	50	3	24	223	59	28	34	134	52	19	14	123	39	16	20	0	72	0	29	103	26	5	19	97	16	17	6	140	140	18	84
71	91	2	27	198	52	24	23	0	50	0	20	134	170	11	95	84	72	9	33	147	34	13	23	44	17	3	8	309	85	28	41	93	50	6	24	221	60	30	33	133	52	20	14	127	40	14	17	0	68	0	33	102	28	7	16	98	16	16	6	140	137	20	87
68	91	5	27	199	52	25	21	0	50	0	20	134	175	11	90	83	73	10	32	147	34	13	23	44	16	3	9	310	87	28	39	92	50	7	24	219	58	32	35	136	52	19	12	128	39	14	17	0	68	0	33	105	26	6	16	96	16	18	6	141	138	18	86
66	92	7	26	196	52	26	23	0	50	0	20	132	174	13	91	84	74	9	31	148	35	12	22	44	15	3	10	306	88	35	38	92	50	7	24	224	58	30	32	141	52	14	12	127	39	16	16	0	66	0	35	108	26	3	16	95	16	19	6	140	138	16	86
66	90	7	28	199	51	24	23	0	50	0	20	130	175	15	90	84	73	9	32	147	36	13	21	45	15	3	9	314	88	27	38	93	49	6	25	226	57	28	33	140	53	15	11	128	39	17	14	0	67	0	34	106	26	5	16	97	17	17	5	139	141	17	83
67	90	6	28	198	51	24	24	0	49	0	21	129	171	16	94	83	73	10	32	147	36	13	21	45	15	3	9	316	87	28	37	93	50	6	24	225	60	30	29	139	52	16	12	132	42	12	12	0	71	0	30	108	26	4	15	94	17	20	5	136	142	19	82
67	90	6	28	197	51	26	23	0	49	0	21	129	172	16	93	84	71	9	34	148	37	11	21	46	15	2	9	319	85	26	39	94	49	5	25	229	59	25	31	138	52	18	11	129	42	15	12	0	72	0	29	107	26	6	14	96	17	18	5	140	145	14	79
67	86	6	32	197	51	26	23	0	49	0	21	130	170	15	95	87	72	6	33	150	36	10	21	47	14	4	7	316	85	33	37	92	50	7	24	231	59	23	31	138	53	18	10	131	41	14	12	0	74	0	27	107	26	6	14	97	17	17	5	138	147	14	77
67	85	6	33	200	50	23	24	0	50	0	20	132	169	13	96	85	72	8	33	147	35	13	22	48	15	3	6	313	85	33	36	93	51	6	23	235	60	22	27	138	52	17	12	129	41	16	12	0	70	0	31	108	26	7	12	96	16	18	6	141	146	15	78
67	84	6	34	200	49	24	24	0	50	0	20	134	175	11	90	85	71	8	34	148	37	12	20	48	15	3	6	314	84	33	36	95	52	4	22	232	60	25	27	139	51	15	14	130	39	16	13	0	69	0	32	107	25	8	13	97	16	17	6	144	144	12	80
71	86	2	32	202	51	23	21	0	51	0	19	134	177	11	88	85	69	8	36	145	35	15	22	48	15	3	6	309	85	34	35	95	51	4	23	234	59	23	28	141	50	13	15	130	39	16	13	0	69	0	32	109	25	6	13	96	14	18	8	150	145	10	79
70	86	3	32	197	51	28	21	0	51	0	19	133	181	12	84	84	72	9	33	151	35	9	22	48	15	3	6	310	81	36	37	94	50	5	24	234	59	23	28	138	51	16	14	132	39	14	13	0	70	0	31	110	26	6	11	95	14	19	8	148	147	11	77
70	86	3	32	201	52	25	19	0	52	0	18	130	179	15	86	84	72	9	33	149	35	11	22	48	14	3	7	312	81	34	37	94	49	5	25	235	58	24	27	138	51	16	14	132	39	14	13	0	68	0	33	107	26	8	12	95	14	19	8	147	146	12	78
69	85	4	33	202	51	24	20	0	52	0	18	129	178	16	87	84	72	9	33	148	36	12	21	48	13	3	8	317	82	31	35	91	47	8	27	230	57	29	28	138	50	15	16	136	39	11	12	0	69	0	32	105	26	10	12	94	13	20	9	145	146	13	78
69	85	4	33	204	50	20	23	0	52	0	18	131	176	14	89	80	70	13	35	150	37	9	21	47	13	4	8	315	84	33	32	93	48	6	26	230	55	29	30	139	50	13	17	139	37	8	14	0	69	0	32	105	26	10	12	94	13	20	9	144	148	15	76
70	83	3	35	206	51	18	22	0	51	0	19	129	179	16	86	79	70	14	35	146	35	14	22	48	12	3	9	316	86	33	31	93	49	6	25	232	53	28	31	138	50	14	17	138	37	9	14	0	70	0	31	107	26	9	11	94	13	20	9	139	147	18	77
70	81	3	37	205	52	19	21	0	51	0	19	130	184	15	81	79	70	14	35	146	35	15	21	47	12	4	9	319	87	34	29	91	48	8	26	232	54	27	31	137	49	15	18	132	36	15	15	0	70	0	31	105	26	11	11	96	13	18	9	136	147	18	77
70	80	3	38	207	51	17	22	0	51	0	19	127	189	18	76	78	70	15	35	145	35	17	20	45	13	6	8	310	86	39	32	90	47	9	27	235	55	25	29	137	49	15	18	128	36	19	15	0	67	0	34	105	26	11	11	93	12	21	10	140	147	16	77
69	84	4	34	205	52	19	21	0	51	0	19	128	189	17	76	80	69	13	36	145	35	18	19	43	13	8	8	315	87	32	31	89	45	10	29	232	56	29	27	137	47	15	20	128	34	18	18	0	65	0	36	105	27	11	10	95	12	19	10	140	151	18	73
67	85	6	33	202	53	22	20	0	53	0	17	128	186	17	79	79	69	14	36	145	35	18	19	42	14	9	7	310	87	34	31	90	45	9	29	232	55	28	29	139	49	13	18	126	36	19	17	0	65	0	36	104	27	11	11	93	13	21	9	144	153	17	71
66	85	7	33	203	51	20	23	0	52	0	18	131	188	14	77	79	73	14	32	146	34	17	20	42	12	9	9	310	87	32	31	93	46	6	28	233	54	28	29	138	48	14	19	129	37	15	17	0	63	0	38	105	27	9	12	91	12	23	10	145	153	18	71
66	88	7	30	205	52	18	22	0	51	0	19	132	192	13	73	81	72	12	33	147	34	18	18	42	13	9	8	310	85	37	32	91	47	8	27	233	55	29	27	142	47	11	19	129	37	15	17	0	66	0	35	104	27	9	13	93	12	21	10	139	152	20	72
66	87	7	31	205	50	20	22	0	51	0	19	132	193	13	72	81	72	12	33	151	33	14	19	41	12	10	9	312	82	37	34	91	47	8	27	233	53	30	28	139	48	13	19	131	36	12	19	0	64	0	37	102	28	13	10	93	11	21	11	138	150	20	74
65	87	8	31	204	51	22	20	0	51	0	19	133	196	12	69	82	76	11	29	149	33	16	19	40	12	11	9	316	83	33	33	91	47	8	27	235	53	28	28	138	50	14	17	130	36	12	20	0	66	0	35	99	28	16	10	96	11	18	11	136	152	22	72
64	90	9	28	203	52	22	20	0	49	0	21	130	195	15	70	83	75	10	30	141	31	24	21	41	12	9	10	321	80	27	34	92	48	7	26	235	54	27	28	137	50	15	17	130	37	13	18	0	68	0	33	101	30	14	8	96	12	18	10	140	151	21	73
64	88	9	30	205	49	21	22	0	50	0	20	133	195	12	70	82	76	11	29	143	30	22	22	43	12	7	10	323	81	29	33	92	49	7	25	239	53	24	28	136	50	16	17	131	37	11	19	0	69	0	32	100	31	15	7	97	13	17	9	138	147	19	77
67	86	6	32	203	48	23	23	0	50	0	20	133	193	12	72	83	76	10	29	143	29	21	24	43	11	8	10	319	81	35	33	90	49	9	25	240	53	26	25	137	51	14	17	132	37	10	19	0	70	0	31	99	31	15	8	97	13	17	9	135	149	20	75
68	88	5	30	202	48	25	22	0	50	0	20	133	195	12	70	85	77	8	28	144	30	19	24	45	11	6	10	322	80	33	34	90	48	9	26	238	53	27	26	135	50	16	18	132	38	10	18	0	69	0	32	101	31	13	8	95	13	19	9	133	148	21	76
68	87	5	31	202	48	26	21	0	51	0	19	134	189	11	76	85	79	8	26	145	31	19	22	44	11	7	10	327	79	31	34	89	49	10	25	238	54	29	23	133	50	17	19	131	39	11	17	0	67	0	34	100	31	14	8	94	13	20	9	131	147	21	77
69	86	4	32	198	50	30	19	0	49	0	21	134	186	11	79	85	75	8	30	146	32	17	22	45	12	7	8	323	78	33	35	89	52	10	22	240	53	27	24	134	49	17	19	129	39	14	16	0	67	0	34	102	31	11	9	94	14	20	8	133	149	21	75
70	85	3	33	198	51	31	17	0	48	0	22	135	186	10	79	85	75	8	30	149	32	15	21	47	13	5	7	325	76	37	37	90	52	9	22	242	53	25	24	137	50	13	19	130	40	12	16	0	68	0	33	101	30	12	10	93	14	21	8	124	150	24	74
70	86	3	32	202	53	23	19	0	49	0	21	136	186	9	79	83	76	10	29	151	32	13	21	48	13	4	7	325	75	39	38	89	52	10	22	244	50	24	26	137	49	11	22	129	41	13	15	0	68	0	33	103	31	10	9	94	14	20	8	122	150	24	74
70	87	3	31	200	54	26	17	0	50	0	20	133	187	12	78	83	76	10	29	151	31	13	22	49	13	4	6	325	76	40	37	88	52	11	22	242	50	26	26	138	49	11	21	133	41	11	13	0	67	0	34	104	31	9	9	96	14	18	8	123	150	22	74
68	86	5	32	202	54	26	15	0	49	0	21	133	188	12	77	85	76	8	29	151	30	15	21	50	13	3	6	325	77	43	35	88	53	11	21	241	48	29	26	137	48	12	22	132	40	11	15	0	68	0	33	106	30	8	9	94	14	20	8	119	149	24	75
69	85	4	33	206	54	21	16	0	48	0	22	133	185	12	80	85	75	8	30	153	30	13	21	50	13	3	6	326	80	41	33	89	52	10	22	245	47	28	24	139	46	10	24	130	40	14	14	0	68	0	33	106	30	7	10	97	14	17	8	121	149	22	75
68	85	5	33	210	54	17	16	0	48	0	22	130	188	15	77	81	75	12	30	152	30	15	20	50	13	3	6	321	80	44	33	88	50	11	24	245	47	27	25	136	48	13	22	127	40	17	14	0	69	0	32	106	30	7	10	97	14	17	8	121	152	24	72
70	87	3	31	212	54	16	15	0	49	0	21	134	185	11	80	82	74	11	31	150	29	17	21	51	13	2	6	309	78	48	36	88	51	11	23	247	46	25	26	137	47	14	21	129	40	15	14	0	68	0	33	106	30	7	10	96	12	18	10	132	151	20	73
69	87	4	31	211	53	17	16	0	48	0	22	130	187	15	78	83	72	10	33	150	30	16	21	50	13	3	6	313	78	48	35	92	51	7	23	244	45	28	27	141	44	10	24	127	40	17	14	0	69	0	32	104	31	9	9	96	12	18	10	130	148	19	76
69	85	4	33	210	53	18	16	0	47	0	23	128	186	17	79	83	71	10	34	148	30	18	21	49	13	4	6	324	77	40	36	90	51	9	23	244	46	28	26	143	45	8	23	129	39	15	15	0	70	0	31	102	32	12	7	93	12	21	10	125	148	21	76
68	84	5	34	210	53	18	16	0	46	0	24	128	190	17	75	82	71	11	34	147	29	19	22	46	13	7	6	325	74	37	38	88	51	11	23	244	45	28	27	141	44	10	24	130	39	14	15	0	71	0	30	104	32	10	7	94	15	20	7	128	148	21	76
67	84	6	34	212	52	18	15	0	46	0	24	124	188	21	77	84	69	9	36	149	28	16	24	45	13	8	6	324	74	38	38	90	51	9	23	242	46	33	23	141	45	10	23	130	40	14	14	0	70	0	31	105	32	9	7	96	15	18	7	130	145	19	79
66	84	7	34	211	52	19	15	0	47	0	23	125	187	20	78	83	71	10	34	148	29	19	21	46	12	7	7	321	74	39	38	88	50	11	24	246	44	29	25	141	45	11	22	132	39	11	16	0	70	0	31	106	32	8	7	100	14	14	8	131	145	20	79
65	87	8	31	209	52	21	15	0	47	0	23	127	187	18	78	83	74	10	31	149	26	18	24	48	12	5	7	333	76	37	36	89	50	10	24	253	44	22	25	141	43	12	23	135	39	8	16	0	68	0	33	107	33	7	6	100	14	14	8	122	144	19	80
63	88	10	30	209	49	23	16	0	46	0	24	127	184	18	81	81	76	12	29	149	26	18	24	48	12	5	7	329	75	34	37	91	50	8	24	252	44	23	25	139	43	14	23	134	38	10	16	0	66	0	35	107	31	7	8	101	14	13	8	132	144	16	80
64	89	9	29	211	49	18	19	0	46	0	24	130	189	15	76	83	76	10	29	147	25	20	25	49	11	4	8	326	74	37	38	89	52	10	22	253	44	21	26	140	47	12	20	133	39	10	16	0	66	0	35	105	31	9	8	100	13	14	9	131	144	17	80
64	88	9	30	213	49	17	18	0	44	0	26	126	192	19	73	83	77	10	28	146	26	21	24	50	11	3	8	331	72	36	39	89	52	10	22	251	45	23	25	138	47	14	20	132	39	10	17	0	65	0	36	106	29	7	11	102	13	12	9	131	140	14	84
64	87	9	31	212	49	19	17	0	45	0	25	129	189	16	76	82	76	11	29	150	27	17	23	51	11	2	8	335	70	33	41	91	52	8	22	249	45	25	25	138	45	14	22	135	37	7	19	0	64	0	37	106	29	7	11	100	13	14	9	129	139	15	85
64	85	9	33	213	49	18	17	0	44	0	26	128	190	17	75	84	75	9	30	151	29	15	22	52	11	1	8	329	67	33	44	91	52	8	22	247	46	27	24	137	45	15	22	135	37	8	18	0	64	0	37	103	28	10	12	100	13	14	9	133	140	17	84
66	84	7	34	212	46	18	21	0	44	0	26	127	191	18	74	82	75	11	30	151	28	15	23	52	11	1	8	325	66	37	42	87	52	12	22	249	42	26	27	138	45	14	22	136	37	9	16	0	64	0	37	102	28	11	12	101	13	13	9	140	140	13	84
66	82	7	36	211	45	19	22	0	45	0	25	130	190	15	75	80	75	13	30	150	29	16	22	50	10	3	9	326	67	34	42	87	49	12	25	248	41	27	28	136	48	18	17	136	37	9	16	0	64	0	37	102	30	11	10	103	13	11	9	142	138	12	86
68	82	5	36	213	45	17	22	0	45	0	25	130	191	15	74	80	72	13	33	151	29	15	22	49	9	4	10	320	67	33	43	88	50	11	24	249	43	25	27	138	47	17	17	135	35	11	17	0	61	0	40	104	29	10	10	100	13	14	9	145	139	15	85
67	84	6	34	215	44	15	23	0	45	0	25	130	195	15	70	80	72	13	33	152	29	15	21	49	9	4	10	320	69	37	40	88	49	11	25	249	43	26	26	137	46	17	19	134	36	12	16	0	60	0	41	103	30	11	9	99	14	15	8	142	134	15	90
68	82	5	36	213	45	17	22	0	45	0	25	133	199	12	66	80	73	13	32	154	30	13	20	51	10	3	8	322	69	39	39	89	48	10	26	252	44	24	24	136	46	18	19	133	36	13	16	0	58	0	43	107	31	7	8	100	14	14	8	136	134	18	90
68	83	5	35	210	45	19	23	0	45	0	25	135	198	10	67	82	75	11	30	153	30	14	20	50	10	4	8	324	71	37	36	91	48	8	26	253	46	23	22	137	47	18	17	136	36	10	16	0	57	0	44	107	30	8	8	100	14	14	8	136	134	19	90
67	82	6	36	208	44	21	24	0	45	0	25	137	197	8	68	82	74	11	31	153	30	14	20	52	10	3	7	325	75	36	32	91	47	8	27	250	46	26	22	133	47	22	17	135	36	12	15	0	55	0	46	110	30	5	8	101	15	13	7	137	135	18	89
68	82	5	36	208	44	21	24	0	44	0	26	136	199	9	66	82	73	11	32	150	29	18	20	52	10	3	7	334	74	35	32	88	45	11	29	248	44	28	24	137	46	19	17	135	34	12	17	0	56	0	45	109	27	6	11	104	15	10	7	130	137	18	87
69	82	4	36	209	44	20	24	0	43	0	27	137	201	8	64	84	73	9	32	152	28	17	20	52	10	3	7	330	73	39	32	87	46	12	28	250	44	27	23	137	45	19	18	136	34	10	18	0	57	0	44	109	27	6	11	103	15	11	7	133	139	16	85
69	82	4	36	208	45	21	23	0	43	0	27	136	196	9	69	83	72	10	33	151	29	19	18	51	10	4	7	334	72	35	33	88	46	11	28	253	44	25	22	138	45	17	19	135	35	10	18	0	57	0	44	109	26	7	11	103	15	11	7	130	138	19	86
69	83	4	35	207	45	21	24	0	45	0	25	137	197	8	68	85	71	8	34	152	31	18	16	50	10	5	7	328	71	39	33	85	47	14	27	256	42	25	21	141	44	16	18	131	38	14	15	0	56	0	45	109	27	7	10	103	15	11	7	138	137	14	87
68	84	5	34	201	44	27	25	0	48	0	22	134	195	11	70	85	72	8	33	154	32	17	14	48	9	6	9	331	70	37	36	86	49	13	25	256	44	25	19	140	43	17	19	130	37	15	16	0	56	0	45	108	28	8	9	104	15	10	7	135	138	14	86
66	82	7	36	204	45	23	25	0	47	0	23	133	194	12	71	83	73	10	32	152	30	18	17	47	9	7	9	323	71	42	36	86	50	13	24	254	43	27	20	140	42	15	22	133	37	12	16	0	56	0	45	105	28	11	9	105	16	9	6	135	138	16	86
67	82	6	36	204	46	23	24	0	46	0	24	130	188	15	77	83	71	10	34	152	30	18	17	47	10	7	8	317	72	39	35	84	50	15	24	256	42	25	21	142	40	13	24	133	37	12	16	0	59	0	42	104	27	12	10	105	16	9	6	142	137	18	87
67	81	6	37	206	46	21	24	0	46	0	24	129	191	16	74	82	73	11	32	155	29	15	18	48	10	6	8	314	72	36	36	83	49	16	25	253	42	28	21	143	39	12	25	131	38	13	16	0	60	0	41	102	28	13	10	107	18	7	4	145	139	20	85
67	81	6	37	207	46	19	25	0	46	0	24	128	194	17	71	83	73	10	32	156	29	14	18	46	11	8	7	315	73	42	32	83	49	16	25	248	40	32	24	144	41	12	22	129	39	15	15	0	60	0	41	104	28	11	10	107	17	7	5	142	138	19	86
67	79	6	39	207	48	19	23	0	46	0	24	127	192	18	73	82	74	11	31	156	28	14	19	47	11	6	8	314	75	42	30	85	50	14	24	246	43	34	21	142	42	13	22	130	39	15	14	0	60	0	41	104	28	11	10	106	17	8	5	143	139	19	85
66	78	7	40	206	49	18	24	0	48	0	22	127	194	18	71	82	75	11	30	158	27	12	20	46	11	6	9	307	77	45	29	84	52	15	22	243	43	37	21	142	40	13	24	131	40	14	13	0	59	0	42	106	26	12	9	103	17	11	5	146	138	19	86
65	77	8	41	206	49	19	23	0	46	0	24	129	193	16	72	82	76	11	29	158	29	11	19	46	10	7	9	310	76	45	30	85	52	14	22	247	43	33	21	141	41	15	22	128	40	16	14	0	59	0	42	108	26	11	8	104	17	10	5	139	140	23	84
67	80	6	38	206	48	19	24	0	48	0	22	128	192	17	73	84	77	9	28	158	30	11	18	47	10	6	9	309	77	43	29	86	55	13	19	247	45	33	19	140	42	17	20	128	40	17	13	0	60	0	41	108	27	10	8	103	17	11	5	139	140	26	84
68	81	5	37	203	48	22	24	0	47	0	23	130	191	15	74	85	76	8	29	158	32	11	16	47	9	6	10	308	78	43	28	88	53	11	21	253	41	28	22	142	41	14	22	128	40	18	12	0	62	0	39	109	28	9	7	99	17	15	5	141	140	25	84
67	80	6	38	205	48	20	24	0	47	0	23	131	193	14	72	86	76	7	29	159	31	10	17	46	9	7	10	307	77	41	29	89	53	10	21	252	41	30	21	141	41	15	22	131	40	15	12	0	62	0	39	108	28	9	8	101	16	13	6	147	140	22	84
67	78	6	40	199	48	25	25	0	45	0	25	133	193	12	72	88	75	5	30	159	30	12	16	46	9	7	10	314	77	39	28	89	53	10	21	252	43	29	20	141	42	15	21	131	40	15	12	0	60	0	41	109	28	7	9	100	17	14	5	144	140	21	84
67	78	6	40	199	49	25	24	0	43	0	27	131	194	14	71	90	75	3	30	161	31	10	15	46	9	7	10	314	76	40	28	89	52	10	22	253	44	28	19	142	44	14	19	135	40	11	12	0	60	0	41	109	28	7	9	101	16	13	6	145	140	20	84
67	77	6	41	198	50	26	23	0	44	0	26	128	195	17	70	88	76	5	29	161	31	11	14	45	8	8	11	310	73	39	29	89	50	10	24	254	45	27	18	143	45	13	18	135	40	10	13	0	62	0	39	110	28	7	8	101	15	13	7	153	141	19	83
66	80	7	38	198	48	28	23	0	44	0	26	126	191	19	74	88	77	5	28	158	29	14	16	45	9	8	10	310	73	35	29	89	49	10	25	256	45	26	17	140	45	16	18	135	40	10	13	0	61	0	40	109	28	8	8	97	16	17	6	156	138	20	86
65	82	8	36	204	47	24	22	0	44	0	26	128	189	17	76	86	77	7	28	159	28	13	17	45	10	8	9	307	73	35	31	88	50	11	24	256	43	26	19	139	45	17	18	135	38	9	16	0	59	0	42	109	29	8	7	98	16	16	6	156	140	21	84
66	83	7	35	205	45	23	24	0	46	0	24	130	186	15	79	88	77	5	28	159	28	13	17	47	10	7	8	310	73	30	32	87	49	12	25	254	43	28	19	138	46	18	17	135	38	9	16	0	59	0	42	111	28	6	8	101	16	13	6	159	139	19	85
67	82	6	36	208	46	21	22	0	44	0	26	129	187	16	78	88	75	5	30	159	27	13	18	47	10	7	8	313	73	29	30	86	50	13	24	254	42	29	19	142	45	15	17	135	37	10	16	0	62	0	39	107	28	10	8	98	16	16	6	159	139	19	85
68	81	5	37	206	47	23	21	0	46	0	24	128	186	17	79	87	77	6	28	159	29	12	17	47	10	7	8	314	74	30	28	85	49	14	25	250	40	34	20	143	46	13	17	134	37	11	16	0	64	0	37	107	27	13	6	96	16	18	6	156	137	21	87
69	81	4	37	207	48	23	19	0	48	0	22	129	185	16	80	87	77	6	28	157	29	14	17	48	10	6	8	307	73	31	31	88	49	11	25	251	39	33	21	145	45	12	17	131	37	14	16	0	68	0	33	107	27	13	6	93	16	21	6	162	139	19	85
68	78	5	40	210	48	20	19	0	48	0	22	131	182	14	83	86	78	7	27	154	29	17	17	47	10	7	8	307	73	37	32	88	47	11	27	255	40	29	20	143	44	14	18	131	39	14	14	0	66	0	35	110	27	11	5	91	16	23	6	157	139	17	85
69	79	4	39	206	48	24	19	0	49	0	21	132	181	13	84	88	78	5	27	152	29	19	17	47	11	7	7	303	73	35	33	87	49	12	25	253	40	31	20	144	43	14	18	132	39	13	14	0	64	0	37	109	29	12	3	91	17	23	5	165	139	14	85
70	80	3	38	204	47	26	20	0	47	0	23	131	178	14	87	87	77	6	28	154	28	17	18	47	12	7	6	306	73	34	32	90	52	9	22	253	39	32	20	145	42	14	18	135	39	10	14	0	65	0	36	109	28	12	4	90	15	24	7	166	141	12	83
68	80	5	38	204	47	26	20	0	48	0	22	131	178	14	87	86	77	7	28	158	27	13	19	48	12	6	6	311	74	29	31	87	52	12	22	253	38	33	20	145	42	16	16	136	39	9	14	0	65	0	36	108	27	13	5	95	13	19	9	166	138	12	86
68	78	5	40	202	48	28	19	0	48	0	22	134	176	11	89	85	80	8	25	162	27	10	18	48	11	6	7	314	73	30	31	87	51	12	23	252	37	33	22	141	42	20	16	135	40	10	13	0	64	0	37	109	27	12	5	94	13	20	9	160	140	15	84
66	76	7	42	202	48	29	18	0	48	0	22	135	174	10	91	82	78	11	27	161	28	11	17	48	10	6	8	315	72	28	32	86	50	13	24	255	36	29	24	143	42	16	18	136	40	9	13	0	62	0	39	111	27	9	6	94	15	20	7	160	139	16	85
64	74	9	44	202	48	29	18	0	47	0	23	137	172	8	93	81	76	12	29	164	27	10	16	48	11	6	7	316	73	29	30	87	50	12	24	252	36	31	25	143	42	16	18	136	41	9	12	0	60	0	41	110	27	10	6	94	15	20	7	158	141	17	83
62	75	11	43	206	48	25	18	0	50	0	20	137	171	8	94	82	77	11	28	164	27	10	16	48	11	6	7	320	74	22	32	87	51	12	23	252	36	29	27	145	42	14	18	136	42	9	11	0	60	0	41	109	26	11	7	94	15	20	7	156	142	19	82
62	74	11	44	205	48	27	17	0	49	0	21	136	171	9	94	84	78	9	27	161	27	13	16	47	11	7	7	321	76	25	30	86	52	13	22	258	39	23	24	145	41	13	20	137	41	8	12	0	60	0	41	110	26	10	7	95	16	19	6	152	142	19	82
61	73	12	45	205	47	27	18	0	52	0	18	133	174	12	91	83	78	10	27	163	25	12	17	48	10	6	8	322	76	25	31	89	53	10	21	261	40	20	23	143	41	15	20	133	41	13	11	0	58	0	43	109	26	11	7	91	16	23	6	151	143	18	81
62	73	11	45	208	45	25	19	0	51	0	19	131	169	14	96	82	78	11	27	165	24	10	18	46	10	8	8	316	76	28	29	89	51	10	23	260	41	21	22	144	41	16	18	135	41	12	10	0	57	0	44	110	27	11	5	93	18	21	4	157	139	17	85
63	72	10	46	213	45	20	19	0	51	0	19	130	171	15	94	81	78	12	27	164	24	11	18	47	10	7	8	317	73	29	30	90	52	9	22	258	42	23	21	147	40	16	16	136	40	13	9	0	54	0	47	112	27	9	5	94	18	20	4	158	137	16	87
