AAA	AAC	AAG	AAT	ACA	ACC	ACG	ACT	AGA	AGC	AGG	AGT	ATA	ATC	ATG	ATT	CAA	CAC	CAG	CAT	CCA	CCC	CCG	CCT	CGA	CGC	CGG	CGT	CTA	CTC	CTG	CTT	GAA	GAC	GAG	GAT	GCA	GCC	GCG	GCT	GGA	GGC	GGG	GGT	GTA	GTC	GTG	GTT	TAA	TAC	TAG	TAT	TCA	TCC	TCG	TCT	TGA	TGC	TGG	TGT	TTA	TTC	TTG	TTT
0.02131782945736434	0.028792912513842743	0.0019379844961240308	0.0069213732004429675	0.03239202657807309	0.03599114064230343	0.003045404208194906	0.01688815060908084	0.0	0.0132890365448505	0.0	0.0013842746400885935	0.027408637873754152	0.05232558139534884	0.013565891472868215	0.02685492801771872	0.022978959025470654	0.0221483942414175	0.0022148394241417496	0.006090808416389812	0.028516057585825032	0.021040974529346626	0.0011074197120708748	0.012181616832779624	0.01079734219269103	0.005813953488372093	0.0002768549280177187	0.0019379844961240308	0.07308970099667775	0.041805094130675534	0.015780730897009966	0.01937984496124031	0.020210409745293468	0.015780730897009966	0.003045404208194906	0.0024916943521594683	0.025193798449612403	0.040420819490586936	0.0027685492801771874	0.015227021040974531	0.020487264673311183	0.024916943521594685	0.004152823920265781	0.004706533776301218	0.020764119601328904	0.015503875968992246	0.0035991140642303437	0.0052602436323366565	0.0	0.024363233665559248	0.0	0.004706533776301218	0.023809523809523808	0.01910299003322259	0.0016611295681063125	0.015227021040974531	0.02602436323366556	0.008028792912513842	0.0022148394241417496	0.0	0.021040974529346626	0.04623477297895903	0.0008305647840531563	0.014950166112956813
0.010243632336655593	0.015780730897009966	0.01301218161683278	0.019933554817275746	0.01744186046511628	0.02602436323366556	0.022425249169435217	0.022425249169435217	0.0	0.009689922480620155	0.0	0.013842746400885935	0.02353266888150609	0.04125138427464009	0.01744186046511628	0.037929125138427465	0.011627906976744186	0.014119601328903655	0.013565891472868217	0.014119601328903655	0.01744186046511628	0.016611295681063124	0.014396456256921373	0.014396456256921373	0.006090808416389812	0.004152823920265781	0.0049833887043189366	0.0035991140642303433	0.026578073089700997	0.02547065337763012	0.03737541528239203	0.027408637873754152	0.01107419712070875	0.011904761904761904	0.012181616832779624	0.00636766334440753	0.020210409745293468	0.02353266888150609	0.020210409745293468	0.019656699889258028	0.016057585825027684	0.01301218161683278	0.01273532668881506	0.012458471760797342	0.009136212624584718	0.01273532668881506	0.010520487264673311	0.01273532668881506	0.0	0.01301218161683278	0.0	0.016057585825027684	0.011904761904761904	0.016057585825027684	0.009136212624584718	0.013842746400885935	0.013289036544850499	0.004429678848283499	0.014950166112956811	0.0035991140642303433	0.02602436323366556	0.028792912513842746	0.029069767441860465	0.03239202657807309
0.012181616832779624	0.015780730897009966	0.01107419712070875	0.019933554817275746	0.020487264673311186	0.02574750830564784	0.019656699889258028	0.022425249169435217	0.0	0.009689922480620155	0.0	0.013842746400885935	0.02602436323366556	0.04180509413067553	0.014950166112956811	0.03737541528239203	0.011904761904761904	0.014396456256921373	0.013289036544850499	0.013842746400885935	0.017995570321151715	0.016611295681063124	0.013842746400885935	0.014396456256921373	0.007198228128460687	0.004152823920265781	0.003875968992248062	0.0035991140642303433	0.0296234772978959	0.02630121816168328	0.033776301218161685	0.026578073089700997	0.013565891472868217	0.011627906976744186	0.009689922480620155	0.006644518272425249	0.021040974529346623	0.023809523809523808	0.01937984496124031	0.01937984496124031	0.016334440753045402	0.01273532668881506	0.01273532668881506	0.012458471760797342	0.009413067552602437	0.013565891472868217	0.009689922480620155	0.012458471760797342	0.0	0.013565891472868217	0.0	0.015503875968992248	0.012181616832779624	0.015780730897009966	0.008859357696566999	0.014119601328903655	0.014119601328903655	0.004429678848283499	0.014119601328903655	0.0035991140642303433	0.02768549280177187	0.029069767441860465	0.027962347729789592	0.03211517165005537
0.01273532668881506	0.016334440753045402	0.010520487264673311	0.01937984496124031	0.022425249169435217	0.02574750830564784	0.017718715393133997	0.022425249169435217	0.0	0.010243632336655593	0.0	0.013289036544850499	0.026578073089700997	0.04180509413067553	0.014396456256921373	0.03737541528239203	0.01301218161683278	0.014396456256921373	0.012181616832779624	0.013842746400885935	0.01910299003322259	0.016888150609080842	0.01273532668881506	0.014119601328903655	0.007198228128460687	0.004152823920265781	0.003875968992248062	0.0035991140642303433	0.03294573643410853	0.02630121816168328	0.03017718715393134	0.026578073089700997	0.013842746400885935	0.011627906976744186	0.009413067552602437	0.006644518272425249	0.022702104097452935	0.024363233665559248	0.017995570321151715	0.018549280177187155	0.017995570321151715	0.01273532668881506	0.011351052048726468	0.012181616832779624	0.010243632336655593	0.014673311184939091	0.008305647840531562	0.011904761904761904	0.0	0.013842746400885935	0.0	0.01522702104097453	0.01301218161683278	0.015780730897009966	0.008028792912513842	0.014119601328903655	0.014673311184939091	0.004429678848283499	0.013565891472868217	0.0035991140642303433	0.02823920265780731	0.0296234772978959	0.02768549280177187	0.03156146179401993
0.01301218161683278	0.016334440753045402	0.010243632336655593	0.01937984496124031	0.023255813953488372	0.02602436323366556	0.016611295681063124	0.022425249169435217	0.0	0.010243632336655593	0.0	0.013289036544850499	0.027962347729789592	0.042081949058693245	0.01301218161683278	0.03709856035437431	0.013565891472868217	0.014950166112956811	0.011627906976744186	0.013289036544850499	0.019656699889258028	0.01716500553709856	0.011904761904761904	0.014119601328903655	0.008028792912513842	0.0035991140642303433	0.003045404208194906	0.004152823920265781	0.03626799557032115	0.02574750830564784	0.027962347729789592	0.027131782945736434	0.014119601328903655	0.011904761904761904	0.009136212624584718	0.00636766334440753	0.024363233665559248	0.02547065337763012	0.016334440753045402	0.01744186046511628	0.01910299003322259	0.01273532668881506	0.010243632336655593	0.012181616832779624	0.010520487264673311	0.014396456256921373	0.008028792912513842	0.012181616832779624	0.0	0.013842746400885935	0.0	0.01522702104097453	0.013289036544850499	0.015780730897009966	0.007751937984496124	0.014119601328903655	0.015503875968992248	0.004706533776301218	0.01273532668881506	0.0033222591362126247	0.0296234772978959	0.0296234772978959	0.025193798449612403	0.03156146179401993
0.013565891472868217	0.01716500553709856	0.009689922480620155	0.018549280177187155	0.024916943521594685	0.026578073089700997	0.014673311184939091	0.0221483942414175	0.0	0.010243632336655593	0.0	0.013289036544850499	0.029069767441860465	0.042081949058693245	0.011904761904761904	0.03709856035437431	0.014673311184939091	0.01522702104097453	0.010520487264673311	0.01301218161683278	0.020764119601328904	0.017995570321151715	0.010520487264673311	0.013565891472868217	0.00858250276854928	0.0033222591362126247	0.0027685492801771874	0.004152823920265781	0.03875968992248062	0.02547065337763012	0.026578073089700997	0.027131782945736434	0.01522702104097453	0.011627906976744186	0.008028792912513842	0.006644518272425249	0.02547065337763012	0.02602436323366556	0.014950166112956811	0.01716500553709856	0.02131782945736434	0.013289036544850499	0.008028792912513842	0.011627906976744186	0.011627906976744186	0.014396456256921373	0.0069213732004429675	0.012181616832779624	0.0	0.014950166112956811	0.0	0.014119601328903655	0.014396456256921373	0.015780730897009966	0.007198228128460687	0.013565891472868217	0.015780730897009966	0.004706533776301218	0.012458471760797342	0.0033222591362126247	0.0296234772978959	0.03017718715393134	0.024363233665559248	0.031007751937984496
0.013565891472868217	0.01716500553709856	0.009689922480620155	0.018549280177187155	0.02574750830564784	0.02630121816168328	0.014119601328903655	0.0221483942414175	0.0	0.010520487264673311	0.0	0.01301218161683278	0.031007751937984496	0.04263565891472868	0.009966777408637873	0.036544850498338874	0.015503875968992248	0.01522702104097453	0.009689922480620155	0.01301218161683278	0.021871539313399777	0.017995570321151715	0.009689922480620155	0.013289036544850499	0.008859357696566999	0.0035991140642303433	0.0024916943521594683	0.003875968992248062	0.04318936877076412	0.02602436323366556	0.023255813953488372	0.026578073089700997	0.016057585825027684	0.011904761904761904	0.007198228128460687	0.00636766334440753	0.02574750830564784	0.027131782945736434	0.014673311184939091	0.016057585825027684	0.02131782945736434	0.01301218161683278	0.008028792912513842	0.011904761904761904	0.012458471760797342	0.014396456256921373	0.006090808416389812	0.012181616832779624	0.0	0.014673311184939091	0.0	0.014396456256921373	0.014396456256921373	0.016057585825027684	0.007198228128460687	0.013289036544850499	0.016611295681063124	0.004429678848283499	0.011627906976744186	0.0035991140642303433	0.0296234772978959	0.029900332225913623	0.023255813953488372	0.031284606866002214
0.014950166112956811	0.01744186046511628	0.008305647840531562	0.018272425249169437	0.027131782945736434	0.026854928017718716	0.01273532668881506	0.02159468438538206	0.0	0.010520487264673311	0.0	0.01301218161683278	0.031284606866002214	0.0429125138427464	0.009689922480620155	0.03626799557032115	0.01522702104097453	0.015503875968992248	0.009966777408637873	0.01273532668881506	0.022702104097452935	0.018272425249169437	0.008859357696566999	0.01301218161683278	0.009136212624584718	0.0035991140642303433	0.0022148394241417496	0.003875968992248062	0.04512735326688815	0.027131782945736434	0.02159468438538206	0.02574750830564784	0.016611295681063124	0.011904761904761904	0.006644518272425249	0.00636766334440753	0.026578073089700997	0.027408637873754152	0.014396456256921373	0.01522702104097453	0.022425249169435217	0.01301218161683278	0.007198228128460687	0.011627906976744186	0.013565891472868217	0.014396456256921373	0.005537098560354375	0.011627906976744186	0.0	0.01522702104097453	0.0	0.013842746400885935	0.014673311184939091	0.015780730897009966	0.0069213732004429675	0.013565891472868217	0.018272425249169437	0.004429678848283499	0.009966777408637873	0.0035991140642303433	0.03183831672203765	0.03045404208194906	0.020487264673311186	0.030730897009966777
0.01522702104097453	0.017718715393133997	0.008028792912513842	0.017995570321151715	0.02823920265780731	0.027962347729789592	0.01107419712070875	0.021040974529346623	0.0	0.01079734219269103	0.0	0.01273532668881506	0.03183831672203765	0.043743078626799554	0.009136212624584718	0.035437430786267994	0.016611295681063124	0.015503875968992248	0.00858250276854928	0.01273532668881506	0.023255813953488372	0.018272425249169437	0.008305647840531562	0.01301218161683278	0.009966777408637873	0.0035991140642303433	0.0016611295681063123	0.0035991140642303433	0.0473421926910299	0.027408637873754152	0.020210409745293468	0.02574750830564784	0.017718715393133997	0.011904761904761904	0.005537098560354375	0.00636766334440753	0.027962347729789592	0.027408637873754152	0.013289036544850499	0.014950166112956811	0.023255813953488372	0.013842746400885935	0.00636766334440753	0.01079734219269103	0.013565891472868217	0.01522702104097453	0.005537098560354375	0.01079734219269103	0.0	0.01522702104097453	0.0	0.013842746400885935	0.016888150609080842	0.015780730897009966	0.0049833887043189366	0.013289036544850499	0.01937984496124031	0.004429678848283499	0.008859357696566999	0.0035991140642303433	0.03156146179401993	0.03183831672203765	0.019656699889258028	0.029346622369878183
0.016057585825027684	0.01744186046511628	0.007198228128460687	0.018272425249169437	0.028792912513842746	0.029069767441860465	0.010243632336655593	0.020210409745293468	0.0	0.01107419712070875	0.0	0.012458471760797342	0.032668881506090805	0.043743078626799554	0.008305647840531562	0.035437430786267994	0.01716500553709856	0.01522702104097453	0.008028792912513842	0.01301218161683278	0.025193798449612403	0.017995570321151715	0.0069213732004429675	0.01273532668881506	0.010243632336655593	0.0035991140642303433	0.0013842746400885937	0.0035991140642303433	0.04928017718715393	0.02823920265780731	0.018826135105204873	0.02574750830564784	0.017718715393133997	0.011904761904761904	0.005537098560354375	0.00636766334440753	0.03017718715393134	0.027408637873754152	0.01107419712070875	0.014950166112956811	0.022978959025470654	0.014119601328903655	0.006644518272425249	0.010520487264673311	0.014119601328903655	0.01522702104097453	0.004706533776301218	0.01107419712070875	0.0	0.015503875968992248	0.0	0.013565891472868217	0.017995570321151715	0.015780730897009966	0.003875968992248062	0.013289036544850499	0.019656699889258028	0.004706533776301218	0.00858250276854928	0.0033222591362126247	0.03294573643410853	0.03211517165005537	0.016888150609080842	0.029069767441860465
0.016334440753045402	0.018549280177187155	0.0069213732004429675	0.01716500553709856	0.029900332225913623	0.029069767441860465	0.00858250276854928	0.020764119601328904	0.0	0.01079734219269103	0.0	0.01273532668881506	0.033776301218161685	0.043743078626799554	0.007198228128460687	0.035437430786267994	0.017718715393133997	0.015780730897009966	0.007475083056478406	0.012458471760797342	0.02630121816168328	0.017995570321151715	0.005813953488372093	0.01273532668881506	0.010520487264673311	0.0035991140642303433	0.0011074197120708748	0.0035991140642303433	0.04955703211517165	0.02851605758582503	0.020210409745293468	0.02547065337763012	0.017718715393133997	0.011904761904761904	0.005537098560354375	0.00636766334440753	0.03211517165005537	0.027408637873754152	0.009413067552602437	0.014673311184939091	0.02408637873754153	0.014119601328903655	0.005813953488372093	0.010243632336655593	0.014396456256921373	0.014950166112956811	0.004706533776301218	0.01107419712070875	0.0	0.015503875968992248	0.0	0.013565891472868217	0.017718715393133997	0.016334440753045402	0.004152823920265781	0.01273532668881506	0.01937984496124031	0.004706533776301218	0.008859357696566999	0.0033222591362126247	0.032668881506090805	0.03239202657807309	0.015503875968992248	0.028792912513842746
0.01744186046511628	0.01937984496124031	0.005813953488372093	0.016334440753045402	0.031284606866002214	0.028792912513842746	0.008028792912513842	0.020210409745293468	0.0	0.01107419712070875	0.0	0.012458471760797342	0.033776301218161685	0.044573643410852716	0.007198228128460687	0.03460686600221484	0.018549280177187155	0.015780730897009966	0.006644518272425249	0.012458471760797342	0.026854928017718716	0.017718715393133997	0.005537098560354375	0.01273532668881506	0.010243632336655593	0.003875968992248062	0.0013842746400885937	0.0033222591362126247	0.050664451827242524	0.0296234772978959	0.019656699889258028	0.024363233665559248	0.018272425249169437	0.012181616832779624	0.0049833887043189366	0.006090808416389812	0.03294573643410853	0.02823920265780731	0.008305647840531562	0.014119601328903655	0.024363233665559248	0.013842746400885935	0.006090808416389812	0.009966777408637873	0.014673311184939091	0.01522702104097453	0.004429678848283499	0.01079734219269103	0.0	0.015780730897009966	0.0	0.013289036544850499	0.018272425249169437	0.015780730897009966	0.003875968992248062	0.01301218161683278	0.020487264673311186	0.004706533776301218	0.007751937984496124	0.0033222591362126247	0.03433001107419712	0.03211517165005537	0.013289036544850499	0.029069767441860465
0.017718715393133997	0.01937984496124031	0.005537098560354375	0.016334440753045402	0.03294573643410853	0.029069767441860465	0.006644518272425249	0.019656699889258028	0.0	0.011627906976744186	0.0	0.011904761904761904	0.0340531561461794	0.04512735326688815	0.0069213732004429675	0.0340531561461794	0.01937984496124031	0.016057585825027684	0.005813953488372093	0.012181616832779624	0.026854928017718716	0.017718715393133997	0.005537098560354375	0.01273532668881506	0.010520487264673311	0.004152823920265781	0.0011074197120708748	0.003045404208194906	0.05370985603543743	0.0296234772978959	0.018272425249169437	0.02408637873754153	0.018549280177187155	0.012458471760797342	0.004706533776301218	0.005813953488372093	0.03294573643410853	0.029069767441860465	0.008305647840531562	0.013289036544850499	0.024916943521594685	0.014119601328903655	0.005537098560354375	0.009689922480620155	0.016334440753045402	0.015503875968992248	0.0033222591362126247	0.009966777408637873	0.0	0.015780730897009966	0.0	0.013289036544850499	0.018826135105204873	0.016057585825027684	0.0033222591362126247	0.01273532668881506	0.02159468438538206	0.004429678848283499	0.006644518272425249	0.0035991140642303433	0.03433001107419712	0.03349944629014397	0.011904761904761904	0.02768549280177187
0.017718715393133997	0.019656699889258028	0.005537098560354375	0.016057585825027684	0.035160575858250276	0.029069767441860465	0.004706533776301218	0.01937984496124031	0.0	0.011904761904761904	0.0	0.011627906976744186	0.03433001107419712	0.046511627906976744	0.006644518272425249	0.032668881506090805	0.019656699889258028	0.016057585825027684	0.005537098560354375	0.012181616832779624	0.02768549280177187	0.017718715393133997	0.004706533776301218	0.01273532668881506	0.009966777408637873	0.004152823920265781	0.0013842746400885937	0.0033222591362126247	0.05343300110741971	0.03017718715393134	0.018272425249169437	0.02353266888150609	0.018549280177187155	0.012458471760797342	0.004706533776301218	0.005813953488372093	0.03433001107419712	0.029346622369878183	0.0069213732004429675	0.01301218161683278	0.024640088593576966	0.014396456256921373	0.005813953488372093	0.009413067552602437	0.016334440753045402	0.015503875968992248	0.0033222591362126247	0.009966777408637873	0.0	0.016888150609080842	0.0	0.012181616832779624	0.01937984496124031	0.01744186046511628	0.0024916943521594683	0.011627906976744186	0.022425249169435217	0.004429678848283499	0.005813953488372093	0.0035991140642303433	0.03599114064230343	0.03433001107419712	0.010520487264673311	0.026854928017718716
0.018549280177187155	0.019656699889258028	0.004706533776301218	0.016057585825027684	0.03626799557032115	0.029069767441860465	0.004152823920265781	0.018826135105204873	0.0	0.011904761904761904	0.0	0.011627906976744186	0.03488372093023256	0.0473421926910299	0.006090808416389812	0.03183831672203765	0.020487264673311186	0.016611295681063124	0.004706533776301218	0.011627906976744186	0.02823920265780731	0.01744186046511628	0.004429678848283499	0.01273532668881506	0.009966777408637873	0.004152823920265781	0.0013842746400885937	0.0033222591362126247	0.055924695459579184	0.031007751937984496	0.016334440753045402	0.022702104097452935	0.01910299003322259	0.012458471760797342	0.004152823920265781	0.005813953488372093	0.035437430786267994	0.0296234772978959	0.005813953488372093	0.01273532668881506	0.024916943521594685	0.014119601328903655	0.005537098560354375	0.009689922480620155	0.015780730897009966	0.015503875968992248	0.0035991140642303433	0.010243632336655593	0.0	0.01716500553709856	0.0	0.011904761904761904	0.020210409745293468	0.01744186046511628	0.0024916943521594683	0.01079734219269103	0.022425249169435217	0.004706533776301218	0.005813953488372093	0.0033222591362126247	0.03626799557032115	0.035437430786267994	0.009689922480620155	0.02574750830564784
0.018549280177187155	0.020210409745293468	0.004706533776301218	0.015503875968992248	0.03599114064230343	0.02823920265780731	0.004429678848283499	0.019656699889258028	0.0	0.012181616832779624	0.0	0.011351052048726468	0.035437430786267994	0.047895902547065335	0.005537098560354375	0.031284606866002214	0.02159468438538206	0.016888150609080842	0.0035991140642303433	0.011351052048726468	0.027962347729789592	0.01744186046511628	0.004706533776301218	0.01273532668881506	0.009966777408637873	0.003875968992248062	0.0011074197120708748	0.003875968992248062	0.05758582502768549	0.03183831672203765	0.014673311184939091	0.022702104097452935	0.018549280177187155	0.012181616832779624	0.004706533776301218	0.006090808416389812	0.035437430786267994	0.0296234772978959	0.005537098560354375	0.01301218161683278	0.026578073089700997	0.014119601328903655	0.004152823920265781	0.009413067552602437	0.016057585825027684	0.015780730897009966	0.0033222591362126247	0.009966777408637873	0.0	0.01744186046511628	0.0	0.011627906976744186	0.020210409745293468	0.01744186046511628	0.0024916943521594683	0.01079734219269103	0.023809523809523808	0.004706533776301218	0.004429678848283499	0.0033222591362126247	0.03682170542635659	0.035160575858250276	0.008305647840531562	0.02602436323366556
0.018549280177187155	0.020210409745293468	0.004706533776301218	0.015503875968992248	0.036544850498338874	0.029069767441860465	0.004429678848283499	0.018272425249169437	0.0	0.012458471760797342	0.0	0.01107419712070875	0.03571428571428571	0.048726467331118496	0.005260243632336656	0.03045404208194906	0.02159468438538206	0.01716500553709856	0.0035991140642303433	0.01107419712070875	0.02851605758582503	0.018272425249169437	0.003875968992248062	0.012181616832779624	0.009966777408637873	0.004429678848283499	0.0011074197120708748	0.0033222591362126247	0.058970099667774084	0.03239202657807309	0.013289036544850499	0.0221483942414175	0.018549280177187155	0.012458471760797342	0.004706533776301218	0.005813953488372093	0.03626799557032115	0.028792912513842746	0.0049833887043189366	0.013565891472868217	0.02768549280177187	0.014119601328903655	0.003045404208194906	0.009413067552602437	0.016334440753045402	0.016057585825027684	0.003045404208194906	0.009689922480620155	0.0	0.017718715393133997	0.0	0.011351052048726468	0.020210409745293468	0.017995570321151715	0.0024916943521594683	0.010243632336655593	0.02408637873754153	0.004706533776301218	0.004152823920265781	0.0033222591362126247	0.036544850498338874	0.03571428571428571	0.00858250276854928	0.02547065337763012
0.01910299003322259	0.020210409745293468	0.004152823920265781	0.015503875968992248	0.03737541528239203	0.02823920265780731	0.004429678848283499	0.018272425249169437	0.0	0.012458471760797342	0.0	0.01107419712070875	0.035437430786267994	0.05011074197120709	0.005537098560354375	0.029069767441860465	0.022425249169435217	0.01744186046511628	0.0027685492801771874	0.01079734219269103	0.028792912513842746	0.018272425249169437	0.003875968992248062	0.011904761904761904	0.009966777408637873	0.004429678848283499	0.0011074197120708748	0.0033222591362126247	0.060077519379844964	0.032668881506090805	0.01301218161683278	0.021871539313399777	0.018549280177187155	0.01301218161683278	0.004706533776301218	0.005260243632336656	0.03709856035437431	0.0296234772978959	0.004152823920265781	0.01273532668881506	0.027962347729789592	0.01273532668881506	0.0033222591362126247	0.010243632336655593	0.018272425249169437	0.015780730897009966	0.0016611295681063123	0.009413067552602437	0.0	0.018272425249169437	0.0	0.01079734219269103	0.020210409745293468	0.018272425249169437	0.0024916943521594683	0.009966777408637873	0.024363233665559248	0.0049833887043189366	0.003875968992248062	0.003045404208194906	0.03682170542635659	0.03599114064230343	0.007475083056478406	0.025193798449612403
0.01937984496124031	0.021040974529346623	0.003875968992248062	0.014673311184939091	0.03737541528239203	0.027962347729789592	0.0049833887043189366	0.017995570321151715	0.0	0.01273532668881506	0.0	0.01079734219269103	0.03488372093023256	0.049003322259136214	0.006090808416389812	0.03017718715393134	0.022702104097452935	0.01744186046511628	0.0024916943521594683	0.01079734219269103	0.03017718715393134	0.017718715393133997	0.0027685492801771874	0.012181616832779624	0.009966777408637873	0.004152823920265781	0.0011074197120708748	0.0035991140642303433	0.06173864894795127	0.03211517165005537	0.012458471760797342	0.0221483942414175	0.01910299003322259	0.01301218161683278	0.004152823920265781	0.005260243632336656	0.03682170542635659	0.029346622369878183	0.004706533776301218	0.01273532668881506	0.02851605758582503	0.01273532668881506	0.003045404208194906	0.009966777408637873	0.017995570321151715	0.015503875968992248	0.0022148394241417496	0.009413067552602437	0.0	0.018272425249169437	0.0	0.01079734219269103	0.020210409745293468	0.017718715393133997	0.0024916943521594683	0.010520487264673311	0.024916943521594685	0.0049833887043189366	0.0033222591362126247	0.003045404208194906	0.03571428571428571	0.03682170542635659	0.007751937984496124	0.024363233665559248
0.01910299003322259	0.02159468438538206	0.004152823920265781	0.014119601328903655	0.03765227021040975	0.028792912513842746	0.005260243632336656	0.016611295681063124	0.0	0.01273532668881506	0.0	0.01079734219269103	0.035160575858250276	0.049003322259136214	0.005813953488372093	0.03017718715393134	0.022425249169435217	0.017995570321151715	0.0027685492801771874	0.010243632336655593	0.029900332225913623	0.018549280177187155	0.003045404208194906	0.011351052048726468	0.009966777408637873	0.004152823920265781	0.0011074197120708748	0.0035991140642303433	0.06478405315614617	0.03211517165005537	0.01107419712070875	0.021871539313399777	0.01937984496124031	0.01301218161683278	0.003875968992248062	0.005260243632336656	0.03875968992248062	0.02823920265780731	0.0033222591362126247	0.013289036544850499	0.029069767441860465	0.012458471760797342	0.0022148394241417496	0.010520487264673311	0.018272425249169437	0.015503875968992248	0.001937984496124031	0.009413067552602437	0.0	0.018272425249169437	0.0	0.01079734219269103	0.01937984496124031	0.018272425249169437	0.0027685492801771874	0.010520487264673311	0.02547065337763012	0.0049833887043189366	0.0027685492801771874	0.003045404208194906	0.036544850498338874	0.03682170542635659	0.005537098560354375	0.024363233665559248
0.019656699889258028	0.02159468438538206	0.0035991140642303433	0.014119601328903655	0.037929125138427465	0.028792912513842746	0.005260243632336656	0.016334440753045402	0.0	0.01301218161683278	0.0	0.010520487264673311	0.03488372093023256	0.04928017718715393	0.006090808416389812	0.029900332225913623	0.022702104097452935	0.018272425249169437	0.0024916943521594683	0.009966777408637873	0.030730897009966777	0.018826135105204873	0.0024916943521594683	0.01079734219269103	0.010243632336655593	0.004152823920265781	0.0008305647840531562	0.0035991140642303433	0.06561461794019934	0.03294573643410853	0.009966777408637873	0.02131782945736434	0.01937984496124031	0.013565891472868217	0.003875968992248062	0.004706533776301218	0.03875968992248062	0.028792912513842746	0.0033222591362126247	0.01273532668881506	0.03017718715393134	0.012181616832779624	0.001937984496124031	0.009966777408637873	0.018272425249169437	0.015780730897009966	0.001937984496124031	0.009136212624584718	0.0	0.018272425249169437	0.0	0.01079734219269103	0.020764119601328904	0.018272425249169437	0.0016611295681063123	0.010243632336655593	0.02574750830564784	0.0049833887043189366	0.0024916943521594683	0.003045404208194906	0.03599114064230343	0.03737541528239203	0.006090808416389812	0.023809523809523808
0.020210409745293468	0.0221483942414175	0.003045404208194906	0.013565891472868217	0.03820598006644518	0.029900332225913623	0.0049833887043189366	0.01522702104097453	0.0	0.01301218161683278	0.0	0.010520487264673311	0.035160575858250276	0.050387596899224806	0.005813953488372093	0.028792912513842746	0.022978959025470654	0.018549280177187155	0.0022148394241417496	0.009689922480620155	0.031007751937984496	0.018549280177187155	0.0024916943521594683	0.01079734219269103	0.010243632336655593	0.004152823920265781	0.0008305647840531562	0.0035991140642303433	0.06755260243632337	0.03322259136212625	0.008859357696566999	0.020764119601328904	0.020210409745293468	0.014119601328903655	0.003045404208194906	0.004152823920265781	0.03986710963455149	0.029346622369878183	0.0024916943521594683	0.011904761904761904	0.03017718715393134	0.011904761904761904	0.0022148394241417496	0.009966777408637873	0.01910299003322259	0.016334440753045402	0.0011074197120708748	0.00858250276854928	0.0	0.018826135105204873	0.0	0.010243632336655593	0.02159468438538206	0.018549280177187155	0.0011074197120708748	0.009689922480620155	0.02602436323366556	0.005260243632336656	0.0022148394241417496	0.0027685492801771874	0.03599114064230343	0.03765227021040975	0.005537098560354375	0.02353266888150609
0.020487264673311186	0.02131782945736434	0.0027685492801771874	0.014396456256921373	0.037929125138427465	0.029346622369878183	0.005260243632336656	0.015780730897009966	0.0	0.012458471760797342	0.0	0.01107419712070875	0.035160575858250276	0.05149501661129568	0.005813953488372093	0.02768549280177187	0.022978959025470654	0.018549280177187155	0.0022148394241417496	0.009689922480620155	0.03156146179401993	0.018549280177187155	0.0022148394241417496	0.010520487264673311	0.01079734219269103	0.003875968992248062	0.0005537098560354374	0.0035991140642303433	0.06699889258028793	0.03294573643410853	0.008859357696566999	0.02131782945736434	0.019933554817275746	0.013565891472868217	0.0033222591362126247	0.004706533776301218	0.04097452934662237	0.029346622369878183	0.001937984496124031	0.011351052048726468	0.03017718715393134	0.011904761904761904	0.0024916943521594683	0.009689922480620155	0.019656699889258028	0.016611295681063124	0.0005537098560354374	0.008305647840531562	0.0	0.01910299003322259	0.0	0.009966777408637873	0.02159468438538206	0.018272425249169437	0.0011074197120708748	0.009966777408637873	0.02602436323366556	0.005260243632336656	0.0022148394241417496	0.0027685492801771874	0.036544850498338874	0.0384828349944629	0.005260243632336656	0.022702104097452935
0.02131782945736434	0.02131782945736434	0.001937984496124031	0.014396456256921373	0.0384828349944629	0.03017718715393134	0.004706533776301218	0.014950166112956811	0.0	0.01301218161683278	0.0	0.010520487264673311	0.03571428571428571	0.0517718715393134	0.005260243632336656	0.027408637873754152	0.022425249169435217	0.018549280177187155	0.0027685492801771874	0.009689922480620155	0.03183831672203765	0.018549280177187155	0.0022148394241417496	0.010243632336655593	0.01079734219269103	0.0035991140642303433	0.0005537098560354374	0.003875968992248062	0.06727574750830564	0.03294573643410853	0.008859357696566999	0.02159468438538206	0.020210409745293468	0.013289036544850499	0.003045404208194906	0.0049833887043189366	0.04125138427464009	0.029069767441860465	0.0022148394241417496	0.01107419712070875	0.03045404208194906	0.011904761904761904	0.0022148394241417496	0.009689922480620155	0.01937984496124031	0.016888150609080842	0.0005537098560354374	0.008305647840531562	0.0	0.019656699889258028	0.0	0.009413067552602437	0.02131782945736434	0.018826135105204873	0.0013842746400885937	0.009413067552602437	0.02602436323366556	0.005260243632336656	0.0022148394241417496	0.0027685492801771874	0.03599114064230343	0.037929125138427465	0.005260243632336656	0.023255813953488372
0.021040974529346623	0.021871539313399777	0.0022148394241417496	0.013842746400885935	0.039313399778516056	0.029900332225913623	0.004429678848283499	0.014673311184939091	0.0	0.01273532668881506	0.0	0.01079734219269103	0.03599114064230343	0.05204872646733112	0.0049833887043189366	0.027131782945736434	0.02353266888150609	0.01937984496124031	0.0016611295681063123	0.008859357696566999	0.03239202657807309	0.018549280177187155	0.0016611295681063123	0.010243632336655593	0.01079734219269103	0.0035991140642303433	0.0005537098560354374	0.003875968992248062	0.06921373200442968	0.03322259136212625	0.00858250276854928	0.020764119601328904	0.020764119601328904	0.013565891472868217	0.0024916943521594683	0.004706533776301218	0.04125138427464009	0.029069767441860465	0.001937984496124031	0.011351052048726468	0.03211517165005537	0.011627906976744186	0.0013842746400885937	0.009136212624584718	0.019656699889258028	0.016888150609080842	0.0005537098560354374	0.008028792912513842	0.0	0.01937984496124031	0.0	0.009689922480620155	0.021871539313399777	0.018826135105204873	0.0013842746400885937	0.008859357696566999	0.02602436323366556	0.005260243632336656	0.0022148394241417496	0.0027685492801771874	0.035437430786267994	0.03875968992248062	0.004706533776301218	0.022425249169435217
0.02131782945736434	0.0221483942414175	0.001937984496124031	0.013565891472868217	0.039313399778516056	0.029900332225913623	0.0049833887043189366	0.014119601328903655	0.0	0.01273532668881506	0.0	0.01079734219269103	0.03709856035437431	0.05204872646733112	0.003875968992248062	0.027131782945736434	0.023255813953488372	0.01937984496124031	0.001937984496124031	0.008859357696566999	0.03183831672203765	0.01937984496124031	0.0022148394241417496	0.009413067552602437	0.01079734219269103	0.0035991140642303433	0.0005537098560354374	0.003875968992248062	0.07032115171650055	0.033776301218161685	0.00858250276854928	0.020487264673311186	0.020210409745293468	0.013565891472868217	0.003045404208194906	0.004706533776301218	0.040697674418604654	0.029900332225913623	0.0022148394241417496	0.01079734219269103	0.03211517165005537	0.01107419712070875	0.0013842746400885937	0.009689922480620155	0.01910299003322259	0.01716500553709856	0.0008305647840531562	0.008028792912513842	0.0	0.01937984496124031	0.0	0.009689922480620155	0.022425249169435217	0.01910299003322259	0.0016611295681063123	0.007751937984496124	0.02574750830564784	0.0049833887043189366	0.0024916943521594683	0.003045404208194906	0.03460686600221484	0.03875968992248062	0.004152823920265781	0.022425249169435217
0.02159468438538206	0.022425249169435217	0.0016611295681063123	0.013289036544850499	0.040420819490586936	0.0296234772978959	0.004706533776301218	0.013565891472868217	0.0	0.012458471760797342	0.0	0.01107419712070875	0.03682170542635659	0.053156146179401995	0.004152823920265781	0.02602436323366556	0.023255813953488372	0.019933554817275746	0.001937984496124031	0.008305647840531562	0.03183831672203765	0.020210409745293468	0.001937984496124031	0.008859357696566999	0.01079734219269103	0.0033222591362126247	0.0005537098560354374	0.004152823920265781	0.07281284606866002	0.033776301218161685	0.008305647840531562	0.020487264673311186	0.020210409745293468	0.013565891472868217	0.003045404208194906	0.004706533776301218	0.04014396456256921	0.03045404208194906	0.0024916943521594683	0.010520487264673311	0.031284606866002214	0.01079734219269103	0.0022148394241417496	0.009966777408637873	0.018549280177187155	0.01716500553709856	0.0013842746400885937	0.008028792912513842	0.0	0.01937984496124031	0.0	0.009689922480620155	0.022702104097452935	0.018826135105204873	0.0013842746400885937	0.008028792912513842	0.02602436323366556	0.005260243632336656	0.0022148394241417496	0.0027685492801771874	0.03322259136212625	0.03875968992248062	0.0033222591362126247	0.022425249169435217
0.02159468438538206	0.022425249169435217	0.0016611295681063123	0.013289036544850499	0.04263565891472868	0.02851605758582503	0.0033222591362126247	0.013842746400885935	0.0	0.012458471760797342	0.0	0.01107419712070875	0.036544850498338874	0.05343300110741971	0.004429678848283499	0.02574750830564784	0.023809523809523808	0.019933554817275746	0.0013842746400885937	0.008305647840531562	0.03156146179401993	0.019933554817275746	0.001937984496124031	0.009413067552602437	0.01079734219269103	0.0033222591362126247	0.0005537098560354374	0.004152823920265781	0.07641196013289037	0.03599114064230343	0.006644518272425249	0.018272425249169437	0.020210409745293468	0.013565891472868217	0.003045404208194906	0.004706533776301218	0.04014396456256921	0.029069767441860465	0.0035991140642303433	0.01079734219269103	0.03156146179401993	0.01079734219269103	0.001937984496124031	0.009966777408637873	0.018549280177187155	0.018272425249169437	0.0011074197120708748	0.007198228128460687	0.0	0.01937984496124031	0.0	0.009689922480620155	0.022702104097452935	0.01910299003322259	0.0011074197120708748	0.008028792912513842	0.02602436323366556	0.005260243632336656	0.0022148394241417496	0.0027685492801771874	0.031007751937984496	0.03903654485049834	0.0035991140642303433	0.0221483942414175
0.02159468438538206	0.022425249169435217	0.0016611295681063123	0.013289036544850499	0.04125138427464009	0.029069767441860465	0.004429678848283499	0.013565891472868217	0.0	0.01273532668881506	0.0	0.01079734219269103	0.03682170542635659	0.05232558139534884	0.004152823920265781	0.026854928017718716	0.022702104097452935	0.020210409745293468	0.0024916943521594683	0.008028792912513842	0.03156146179401993	0.01937984496124031	0.0022148394241417496	0.009689922480620155	0.010520487264673311	0.0035991140642303433	0.0008305647840531562	0.003875968992248062	0.07475083056478406	0.03737541528239203	0.007475083056478406	0.01744186046511628	0.020487264673311186	0.013842746400885935	0.0027685492801771874	0.004429678848283499	0.040697674418604654	0.029346622369878183	0.0033222591362126247	0.010243632336655593	0.03183831672203765	0.010243632336655593	0.001937984496124031	0.010243632336655593	0.018826135105204873	0.01744186046511628	0.0011074197120708748	0.007751937984496124	0.0	0.018826135105204873	0.0	0.010243632336655593	0.022978959025470654	0.018826135105204873	0.0011074197120708748	0.008028792912513842	0.02602436323366556	0.005260243632336656	0.0022148394241417496	0.0027685492801771874	0.03211517165005537	0.03986710963455149	0.0027685492801771874	0.02131782945736434
0.0221483942414175	0.022425249169435217	0.0011074197120708748	0.013289036544850499	0.04152823920265781	0.029346622369878183	0.004429678848283499	0.01301218161683278	0.0	0.01301218161683278	0.0	0.010520487264673311	0.03709856035437431	0.05343300110741971	0.003875968992248062	0.02574750830564784	0.0221483942414175	0.020487264673311186	0.003045404208194906	0.007751937984496124	0.03183831672203765	0.01910299003322259	0.0022148394241417496	0.009689922480620155	0.01079734219269103	0.003875968992248062	0.0005537098560354374	0.0035991140642303433	0.07447397563676633	0.039313399778516056	0.007751937984496124	0.016611295681063124	0.020210409745293468	0.014119601328903655	0.003045404208194906	0.004152823920265781	0.04014396456256921	0.0296234772978959	0.0033222591362126247	0.010520487264673311	0.031007751937984496	0.010520487264673311	0.0024916943521594683	0.010243632336655593	0.01910299003322259	0.01716500553709856	0.0013842746400885937	0.007475083056478406	0.0	0.01910299003322259	0.0	0.009966777408637873	0.022702104097452935	0.018826135105204873	0.0013842746400885937	0.008028792912513842	0.02602436323366556	0.005537098560354375	0.0022148394241417496	0.0024916943521594683	0.03156146179401993	0.03986710963455149	0.0022148394241417496	0.02131782945736434
0.0221483942414175	0.022978959025470654	0.0011074197120708748	0.01273532668881506	0.04235880398671096	0.029069767441860465	0.0035991140642303433	0.013289036544850499	0.0	0.013289036544850499	0.0	0.010243632336655593	0.03682170542635659	0.05343300110741971	0.004152823920265781	0.02574750830564784	0.022425249169435217	0.020487264673311186	0.0027685492801771874	0.007751937984496124	0.03183831672203765	0.019656699889258028	0.001937984496124031	0.009413067552602437	0.01107419712070875	0.003875968992248062	0.0005537098560354374	0.0033222591362126247	0.07724252491694353	0.03986710963455149	0.006644518272425249	0.016334440753045402	0.020764119601328904	0.014396456256921373	0.0024916943521594683	0.003875968992248062	0.040420819490586936	0.029900332225913623	0.003045404208194906	0.010243632336655593	0.03045404208194906	0.01079734219269103	0.003045404208194906	0.009966777408637873	0.018549280177187155	0.016611295681063124	0.001937984496124031	0.008028792912513842	0.0	0.01910299003322259	0.0	0.009966777408637873	0.023809523809523808	0.01910299003322259	0.0008305647840531562	0.007198228128460687	0.02630121816168328	0.005537098560354375	0.001937984496124031	0.0024916943521594683	0.029346622369878183	0.039590254706533774	0.0024916943521594683	0.02159468438538206
0.021871539313399777	0.023255813953488372	0.0013842746400885937	0.012458471760797342	0.04263565891472868	0.029069767441860465	0.0033222591362126247	0.013289036544850499	0.0	0.013842746400885935	0.0	0.009689922480620155	0.03709856035437431	0.05370985603543743	0.003875968992248062	0.02547065337763012	0.0221483942414175	0.021040974529346623	0.003045404208194906	0.007198228128460687	0.03211517165005537	0.019933554817275746	0.0011074197120708748	0.009689922480620155	0.01079734219269103	0.004152823920265781	0.0008305647840531562	0.003045404208194906	0.07807308970099668	0.039590254706533774	0.007198228128460687	0.016057585825027684	0.020764119601328904	0.014119601328903655	0.0024916943521594683	0.004152823920265781	0.039313399778516056	0.029900332225913623	0.004152823920265781	0.010243632336655593	0.03045404208194906	0.01107419712070875	0.0033222591362126247	0.009413067552602437	0.01910299003322259	0.01744186046511628	0.0013842746400885937	0.007198228128460687	0.0	0.019656699889258028	0.0	0.009413067552602437	0.02353266888150609	0.01910299003322259	0.0008305647840531562	0.007475083056478406	0.026578073089700997	0.005537098560354375	0.0016611295681063123	0.0024916943521594683	0.028792912513842746	0.039590254706533774	0.0022148394241417496	0.02159468438538206
0.021871539313399777	0.02408637873754153	0.0013842746400885937	0.011627906976744186	0.04318936877076412	0.02851605758582503	0.0035991140642303433	0.01301218161683278	0.0	0.014396456256921373	0.0	0.009136212624584718	0.03682170542635659	0.054540420819490586	0.004152823920265781	0.024640088593576966	0.022702104097452935	0.020764119601328904	0.0024916943521594683	0.007475083056478406	0.03294573643410853	0.020210409745293468	0.0008305647840531562	0.008859357696566999	0.01079734219269103	0.004152823920265781	0.0008305647840531562	0.003045404208194906	0.0783499446290144	0.03986710963455149	0.006644518272425249	0.016334440753045402	0.021040974529346623	0.014119601328903655	0.0022148394241417496	0.004152823920265781	0.039590254706533774	0.029069767441860465	0.004429678848283499	0.010520487264673311	0.03045404208194906	0.01107419712070875	0.003045404208194906	0.009689922480620155	0.01937984496124031	0.016611295681063124	0.0013842746400885937	0.007751937984496124	0.0	0.01937984496124031	0.0	0.009689922480620155	0.02353266888150609	0.01937984496124031	0.0005537098560354374	0.007475083056478406	0.026854928017718716	0.005537098560354375	0.0013842746400885937	0.0024916943521594683	0.027962347729789592	0.039590254706533774	0.0027685492801771874	0.02159468438538206
0.02159468438538206	0.024640088593576966	0.0016611295681063123	0.01107419712070875	0.04263565891472868	0.02851605758582503	0.004706533776301218	0.012458471760797342	0.0	0.014119601328903655	0.0	0.009413067552602437	0.03737541528239203	0.05370985603543743	0.0035991140642303433	0.02547065337763012	0.022978959025470654	0.02131782945736434	0.0022148394241417496	0.0069213732004429675	0.03322259136212625	0.019933554817275746	0.0008305647840531562	0.008859357696566999	0.010243632336655593	0.004429678848283499	0.0011074197120708748	0.003045404208194906	0.08084163898117387	0.039590254706533774	0.005813953488372093	0.015780730897009966	0.021871539313399777	0.013842746400885935	0.0013842746400885937	0.004429678848283499	0.039313399778516056	0.0296234772978959	0.004429678848283499	0.010243632336655593	0.031007751937984496	0.011627906976744186	0.0027685492801771874	0.008859357696566999	0.01910299003322259	0.016888150609080842	0.0013842746400885937	0.007751937984496124	0.0	0.01937984496124031	0.0	0.009689922480620155	0.023255813953488372	0.01910299003322259	0.0008305647840531562	0.007751937984496124	0.02630121816168328	0.005537098560354375	0.001937984496124031	0.0024916943521594683	0.027131782945736434	0.03986710963455149	0.0027685492801771874	0.02131782945736434
0.02131782945736434	0.024916943521594685	0.001937984496124031	0.01079734219269103	0.04263565891472868	0.02823920265780731	0.005260243632336656	0.012181616832779624	0.0	0.014119601328903655	0.0	0.009413067552602437	0.03709856035437431	0.054817275747508304	0.003875968992248062	0.024363233665559248	0.022978959025470654	0.02159468438538206	0.0022148394241417496	0.006644518272425249	0.03349944629014397	0.020764119601328904	0.0005537098560354374	0.008028792912513842	0.010243632336655593	0.004429678848283499	0.0011074197120708748	0.003045404208194906	0.08056478405315615	0.039313399778516056	0.007198228128460687	0.015503875968992248	0.0221483942414175	0.013842746400885935	0.0011074197120708748	0.004429678848283499	0.039590254706533774	0.029346622369878183	0.003875968992248062	0.01079734219269103	0.031284606866002214	0.012181616832779624	0.0027685492801771874	0.008028792912513842	0.019656699889258028	0.016611295681063124	0.0011074197120708748	0.007751937984496124	0.0	0.01937984496124031	0.0	0.009689922480620155	0.022978959025470654	0.019656699889258028	0.0011074197120708748	0.007198228128460687	0.02630121816168328	0.005537098560354375	0.001937984496124031	0.0024916943521594683	0.027408637873754152	0.040420819490586936	0.001937984496124031	0.020764119601328904
0.021871539313399777	0.024916943521594685	0.0013842746400885937	0.01079734219269103	0.04318936877076412	0.02823920265780731	0.0049833887043189366	0.011904761904761904	0.0	0.014673311184939091	0.0	0.008859357696566999	0.03765227021040975	0.05564784053156146	0.0033222591362126247	0.02353266888150609	0.023255813953488372	0.02131782945736434	0.001937984496124031	0.0069213732004429675	0.03349944629014397	0.021871539313399777	0.0005537098560354374	0.0069213732004429675	0.009966777408637873	0.004429678848283499	0.0013842746400885937	0.003045404208194906	0.08250276854928018	0.039313399778516056	0.00636766334440753	0.014673311184939091	0.02131782945736434	0.013842746400885935	0.001937984496124031	0.004429678848283499	0.03903654485049834	0.029346622369878183	0.003875968992248062	0.011351052048726468	0.031284606866002214	0.01273532668881506	0.0024916943521594683	0.007751937984496124	0.019656699889258028	0.016611295681063124	0.0011074197120708748	0.007751937984496124	0.0	0.01937984496124031	0.0	0.009689922480620155	0.022978959025470654	0.019933554817275746	0.0011074197120708748	0.0069213732004429675	0.02602436323366556	0.005537098560354375	0.0022148394241417496	0.0024916943521594683	0.026578073089700997	0.04097452934662237	0.0024916943521594683	0.020210409745293468
0.0221483942414175	0.023809523809523808	0.0011074197120708748	0.011904761904761904	0.04263565891472868	0.028792912513842746	0.0049833887043189366	0.011904761904761904	0.0	0.014396456256921373	0.0	0.009136212624584718	0.037929125138427465	0.05537098560354374	0.003045404208194906	0.023809523809523808	0.023255813953488372	0.021871539313399777	0.001937984496124031	0.00636766334440753	0.033776301218161685	0.02159468438538206	0.0005537098560354374	0.0069213732004429675	0.009966777408637873	0.004429678848283499	0.0013842746400885937	0.003045404208194906	0.08222591362126246	0.039590254706533774	0.006644518272425249	0.014119601328903655	0.021040974529346623	0.013842746400885935	0.0022148394241417496	0.004429678848283499	0.03820598006644518	0.029069767441860465	0.004429678848283499	0.011904761904761904	0.03156146179401993	0.01301218161683278	0.0022148394241417496	0.007475083056478406	0.019656699889258028	0.016334440753045402	0.0011074197120708748	0.008028792912513842	0.0	0.019656699889258028	0.0	0.009413067552602437	0.02353266888150609	0.01910299003322259	0.0008305647840531562	0.007475083056478406	0.02630121816168328	0.005813953488372093	0.001937984496124031	0.0022148394241417496	0.026854928017718716	0.04125138427464009	0.0024916943521594683	0.019933554817275746
0.0221483942414175	0.02353266888150609	0.0011074197120708748	0.012181616832779624	0.04318936877076412	0.029069767441860465	0.004706533776301218	0.011351052048726468	0.0	0.014673311184939091	0.0	0.008859357696566999	0.0384828349944629	0.05537098560354374	0.0024916943521594683	0.023809523809523808	0.023255813953488372	0.02131782945736434	0.001937984496124031	0.0069213732004429675	0.032668881506090805	0.02159468438538206	0.0013842746400885937	0.007198228128460687	0.010243632336655593	0.004706533776301218	0.0013842746400885937	0.0024916943521594683	0.08250276854928018	0.039313399778516056	0.00636766334440753	0.014119601328903655	0.020764119601328904	0.014119601328903655	0.0024916943521594683	0.004152823920265781	0.03903654485049834	0.02823920265780731	0.004429678848283499	0.011904761904761904	0.031007751937984496	0.01301218161683278	0.003045404208194906	0.007198228128460687	0.01937984496124031	0.016334440753045402	0.0013842746400885937	0.008028792912513842	0.0	0.019656699889258028	0.0	0.009413067552602437	0.024640088593576966	0.018826135105204873	0.0002768549280177187	0.007198228128460687	0.02574750830564784	0.006090808416389812	0.0024916943521594683	0.001937984496124031	0.027131782945736434	0.04097452934662237	0.0024916943521594683	0.020210409745293468
0.022425249169435217	0.02353266888150609	0.0008305647840531562	0.012181616832779624	0.043466223698781836	0.029346622369878183	0.004429678848283499	0.01107419712070875	0.0	0.014673311184939091	0.0	0.008859357696566999	0.03820598006644518	0.0562015503875969	0.0027685492801771874	0.022978959025470654	0.02353266888150609	0.020764119601328904	0.0016611295681063123	0.007475083056478406	0.03211517165005537	0.02159468438538206	0.0016611295681063123	0.007475083056478406	0.010243632336655593	0.004706533776301218	0.0013842746400885937	0.0024916943521594683	0.0844407530454042	0.0384828349944629	0.005813953488372093	0.014673311184939091	0.020210409745293468	0.014119601328903655	0.003045404208194906	0.004152823920265781	0.039313399778516056	0.027131782945736434	0.004706533776301218	0.012458471760797342	0.031007751937984496	0.013842746400885935	0.0024916943521594683	0.0069213732004429675	0.01910299003322259	0.01716500553709856	0.0013842746400885937	0.007475083056478406	0.0	0.019656699889258028	0.0	0.009413067552602437	0.024363233665559248	0.01937984496124031	0.0005537098560354374	0.006644518272425249	0.02574750830564784	0.005813953488372093	0.0024916943521594683	0.0022148394241417496	0.026578073089700997	0.042081949058693245	0.001937984496124031	0.01910299003322259
0.0221483942414175	0.023809523809523808	0.0011074197120708748	0.011904761904761904	0.04318936877076412	0.029069767441860465	0.004152823920265781	0.011904761904761904	0.0	0.014673311184939091	0.0	0.008859357696566999	0.03820598006644518	0.055924695459579184	0.0027685492801771874	0.023255813953488372	0.02353266888150609	0.020487264673311186	0.0016611295681063123	0.007751937984496124	0.03211517165005537	0.02159468438538206	0.0016611295681063123	0.007475083056478406	0.010520487264673311	0.0049833887043189366	0.0011074197120708748	0.0022148394241417496	0.0844407530454042	0.04014396456256921	0.0049833887043189366	0.013289036544850499	0.020764119601328904	0.014119601328903655	0.0024916943521594683	0.004152823920265781	0.04014396456256921	0.027408637873754152	0.004152823920265781	0.011904761904761904	0.031284606866002214	0.014119601328903655	0.0022148394241417496	0.006644518272425249	0.01910299003322259	0.01744186046511628	0.0022148394241417496	0.00636766334440753	0.0	0.020487264673311186	0.0	0.00858250276854928	0.024363233665559248	0.019933554817275746	0.0005537098560354374	0.006090808416389812	0.02602436323366556	0.005813953488372093	0.0022148394241417496	0.0022148394241417496	0.027408637873754152	0.0429125138427464	0.0016611295681063123	0.018272425249169437
0.022425249169435217	0.02408637873754153	0.0008305647840531562	0.011627906976744186	0.043743078626799554	0.0296234772978959	0.0035991140642303433	0.011351052048726468	0.0	0.014396456256921373	0.0	0.009136212624584718	0.0384828349944629	0.05647840531561462	0.0024916943521594683	0.022702104097452935	0.022978959025470654	0.020210409745293468	0.0022148394241417496	0.008028792912513842	0.03183831672203765	0.0221483942414175	0.0016611295681063123	0.007198228128460687	0.010243632336655593	0.005260243632336656	0.0013842746400885937	0.001937984496124031	0.08527131782945736	0.039590254706533774	0.004706533776301218	0.01301218161683278	0.021040974529346623	0.014396456256921373	0.0022148394241417496	0.003875968992248062	0.04125138427464009	0.02768549280177187	0.0035991140642303433	0.01107419712070875	0.03211517165005537	0.014396456256921373	0.001937984496124031	0.005813953488372093	0.018826135105204873	0.01744186046511628	0.0024916943521594683	0.00636766334440753	0.0	0.02131782945736434	0.0	0.007751937984496124	0.023809523809523808	0.019656699889258028	0.0008305647840531562	0.006644518272425249	0.026854928017718716	0.006090808416389812	0.0013842746400885937	0.001937984496124031	0.026854928017718716	0.043743078626799554	0.0024916943521594683	0.01744186046511628
0.022702104097452935	0.024363233665559248	0.0005537098560354374	0.011351052048726468	0.04401993355481727	0.029069767441860465	0.0035991140642303433	0.011627906976744186	0.0	0.014396456256921373	0.0	0.009136212624584718	0.03875968992248062	0.05647840531561462	0.0022148394241417496	0.022702104097452935	0.022978959025470654	0.019656699889258028	0.0022148394241417496	0.00858250276854928	0.03183831672203765	0.021871539313399777	0.0016611295681063123	0.007475083056478406	0.009966777408637873	0.005537098560354375	0.0013842746400885937	0.001937984496124031	0.08416389811738649	0.03903654485049834	0.005260243632336656	0.013289036544850499	0.02131782945736434	0.014396456256921373	0.001937984496124031	0.003875968992248062	0.042081949058693245	0.02823920265780731	0.0027685492801771874	0.010520487264673311	0.03211517165005537	0.014673311184939091	0.0016611295681063123	0.005813953488372093	0.01910299003322259	0.01716500553709856	0.0022148394241417496	0.006644518272425249	0.0	0.02131782945736434	0.0	0.007751937984496124	0.023255813953488372	0.020487264673311186	0.0013842746400885937	0.005813953488372093	0.026578073089700997	0.006090808416389812	0.0016611295681063123	0.001937984496124031	0.02768549280177187	0.043743078626799554	0.0024916943521594683	0.01744186046511628
0.022425249169435217	0.024640088593576966	0.0008305647840531562	0.01107419712070875	0.044850498338870434	0.028792912513842746	0.0033222591362126247	0.011351052048726468	0.0	0.014673311184939091	0.0	0.008859357696566999	0.03903654485049834	0.05703211517165006	0.001937984496124031	0.0221483942414175	0.022425249169435217	0.01937984496124031	0.0027685492801771874	0.008859357696566999	0.03183831672203765	0.0221483942414175	0.001937984496124031	0.0069213732004429675	0.010520487264673311	0.005537098560354375	0.0008305647840531562	0.001937984496124031	0.08194905869324474	0.0384828349944629	0.00636766334440753	0.013289036544850499	0.02159468438538206	0.014396456256921373	0.0016611295681063123	0.003875968992248062	0.042081949058693245	0.02823920265780731	0.003045404208194906	0.010243632336655593	0.03294573643410853	0.013842746400885935	0.0013842746400885937	0.006090808416389812	0.01937984496124031	0.01744186046511628	0.0022148394241417496	0.006090808416389812	0.0	0.021871539313399777	0.0	0.007198228128460687	0.023809523809523808	0.020210409745293468	0.0013842746400885937	0.005537098560354375	0.026578073089700997	0.006090808416389812	0.0016611295681063123	0.001937984496124031	0.0296234772978959	0.043466223698781836	0.0022148394241417496	0.017718715393133997
0.0221483942414175	0.025193798449612403	0.0011074197120708748	0.010520487264673311	0.044296788482835	0.029346622369878183	0.004152823920265781	0.010520487264673311	0.0	0.014673311184939091	0.0	0.008859357696566999	0.03903654485049834	0.05675526024363234	0.001937984496124031	0.022425249169435217	0.022425249169435217	0.019656699889258028	0.0027685492801771874	0.00858250276854928	0.03183831672203765	0.022978959025470654	0.0016611295681063123	0.00636766334440753	0.010520487264673311	0.005537098560354375	0.0008305647840531562	0.001937984496124031	0.08139534883720931	0.03903654485049834	0.00636766334440753	0.012458471760797342	0.021040974529346623	0.014119601328903655	0.0022148394241417496	0.004152823920265781	0.0429125138427464	0.02768549280177187	0.0022148394241417496	0.01079734219269103	0.033776301218161685	0.01301218161683278	0.0013842746400885937	0.006090808416389812	0.020764119601328904	0.01716500553709856	0.0013842746400885937	0.005813953488372093	0.0	0.021871539313399777	0.0	0.007198228128460687	0.02408637873754153	0.020487264673311186	0.0013842746400885937	0.0049833887043189366	0.02630121816168328	0.006090808416389812	0.001937984496124031	0.001937984496124031	0.03017718715393134	0.043466223698781836	0.0024916943521594683	0.017718715393133997
0.0221483942414175	0.024916943521594685	0.0011074197120708748	0.01079734219269103	0.044573643410852716	0.0296234772978959	0.003875968992248062	0.010243632336655593	0.0	0.014396456256921373	0.0	0.009136212624584718	0.0384828349944629	0.05703211517165006	0.0024916943521594683	0.0221483942414175	0.022425249169435217	0.020210409745293468	0.0027685492801771874	0.008028792912513842	0.03183831672203765	0.023809523809523808	0.001937984496124031	0.005260243632336656	0.01107419712070875	0.005260243632336656	0.0005537098560354374	0.001937984496124031	0.08250276854928018	0.03875968992248062	0.00636766334440753	0.012181616832779624	0.021040974529346623	0.014119601328903655	0.0022148394241417496	0.004152823920265781	0.04263565891472868	0.02768549280177187	0.0024916943521594683	0.01079734219269103	0.0340531561461794	0.01301218161683278	0.0011074197120708748	0.006090808416389812	0.020764119601328904	0.016888150609080842	0.0013842746400885937	0.006090808416389812	0.0	0.02159468438538206	0.0	0.007475083056478406	0.02408637873754153	0.020487264673311186	0.0013842746400885937	0.0049833887043189366	0.02574750830564784	0.006090808416389812	0.0024916943521594683	0.001937984496124031	0.03017718715393134	0.04401993355481727	0.001937984496124031	0.01716500553709856
0.021871539313399777	0.024640088593576966	0.0013842746400885937	0.01107419712070875	0.04568106312292359	0.029069767441860465	0.003875968992248062	0.009689922480620155	0.0	0.014119601328903655	0.0	0.009413067552602437	0.03765227021040975	0.05813953488372093	0.0033222591362126247	0.021040974529346623	0.022702104097452935	0.020487264673311186	0.0024916943521594683	0.007751937984496124	0.030730897009966777	0.023809523809523808	0.003045404208194906	0.005260243632336656	0.01107419712070875	0.0049833887043189366	0.0008305647840531562	0.001937984496124031	0.08277962347729789	0.03765227021040975	0.00636766334440753	0.013289036544850499	0.020764119601328904	0.014119601328903655	0.0024916943521594683	0.004152823920265781	0.04318936877076412	0.027962347729789592	0.0022148394241417496	0.010243632336655593	0.03460686600221484	0.01273532668881506	0.0005537098560354374	0.00636766334440753	0.020210409745293468	0.016611295681063124	0.001937984496124031	0.00636766334440753	0.0	0.02131782945736434	0.0	0.007751937984496124	0.02408637873754153	0.019933554817275746	0.0016611295681063123	0.005260243632336656	0.02574750830564784	0.00636766334440753	0.0024916943521594683	0.0016611295681063123	0.029346622369878183	0.04318936877076412	0.0024916943521594683	0.017995570321151715
0.02131782945736434	0.024363233665559248	0.001937984496124031	0.011351052048726468	0.04540420819490587	0.027962347729789592	0.004429678848283499	0.010520487264673311	0.0	0.013842746400885935	0.0	0.009689922480620155	0.03737541528239203	0.05786267995570321	0.0035991140642303433	0.02131782945736434	0.023255813953488372	0.020210409745293468	0.001937984496124031	0.008028792912513842	0.030730897009966777	0.024363233665559248	0.0027685492801771874	0.0049833887043189366	0.01107419712070875	0.004706533776301218	0.0008305647840531562	0.0022148394241417496	0.08527131782945736	0.03820598006644518	0.005260243632336656	0.012458471760797342	0.020487264673311186	0.014119601328903655	0.0027685492801771874	0.004152823920265781	0.04235880398671096	0.02823920265780731	0.0024916943521594683	0.010520487264673311	0.03488372093023256	0.012181616832779624	0.0002768549280177187	0.0069213732004429675	0.020210409745293468	0.016611295681063124	0.001937984496124031	0.00636766334440753	0.0	0.02131782945736434	0.0	0.007751937984496124	0.024363233665559248	0.019933554817275746	0.0013842746400885937	0.005260243632336656	0.02547065337763012	0.00636766334440753	0.0027685492801771874	0.0016611295681063123	0.027962347729789592	0.043466223698781836	0.0027685492801771874	0.017718715393133997
0.02131782945736434	0.02547065337763012	0.001937984496124031	0.010243632336655593	0.046234772978959025	0.02768549280177187	0.003875968992248062	0.010520487264673311	0.0	0.013842746400885935	0.0	0.009689922480620155	0.03709856035437431	0.05813953488372093	0.003875968992248062	0.021040974529346623	0.02353266888150609	0.020210409745293468	0.0016611295681063123	0.008028792912513842	0.03156146179401993	0.023809523809523808	0.0022148394241417496	0.005260243632336656	0.011627906976744186	0.004152823920265781	0.0008305647840531562	0.0022148394241417496	0.08499446290143965	0.039313399778516056	0.0049833887043189366	0.012181616832779624	0.020764119601328904	0.014119601328903655	0.0024916943521594683	0.004152823920265781	0.0429125138427464	0.027131782945736434	0.0027685492801771874	0.01079734219269103	0.03433001107419712	0.012181616832779624	0.0005537098560354374	0.007198228128460687	0.020210409745293468	0.016611295681063124	0.001937984496124031	0.00636766334440753	0.0	0.021040974529346623	0.0	0.008028792912513842	0.025193798449612403	0.020210409745293468	0.0011074197120708748	0.004429678848283499	0.02574750830564784	0.00636766334440753	0.0024916943521594683	0.0016611295681063123	0.027408637873754152	0.043743078626799554	0.003045404208194906	0.01744186046511628
0.0221483942414175	0.02574750830564784	0.0011074197120708748	0.009966777408637873	0.04568106312292359	0.027408637873754152	0.004429678848283499	0.01079734219269103	0.0	0.014119601328903655	0.0	0.009413067552602437	0.03709856035437431	0.05841638981173865	0.003875968992248062	0.020764119601328904	0.02353266888150609	0.020210409745293468	0.0016611295681063123	0.008028792912513842	0.03183831672203765	0.023809523809523808	0.001937984496124031	0.005260243632336656	0.011351052048726468	0.004429678848283499	0.0011074197120708748	0.001937984496124031	0.0872093023255814	0.03903654485049834	0.0049833887043189366	0.011627906976744186	0.021040974529346623	0.014119601328903655	0.0022148394241417496	0.004152823920265781	0.042081949058693245	0.027408637873754152	0.0033222591362126247	0.01079734219269103	0.033776301218161685	0.011904761904761904	0.0011074197120708748	0.007475083056478406	0.019933554817275746	0.016611295681063124	0.0022148394241417496	0.00636766334440753	0.0	0.02131782945736434	0.0	0.007751937984496124	0.025193798449612403	0.019933554817275746	0.0011074197120708748	0.004706533776301218	0.02574750830564784	0.00636766334440753	0.0024916943521594683	0.0016611295681063123	0.026854928017718716	0.043743078626799554	0.0022148394241417496	0.01744186046511628
0.02159468438538206	0.02547065337763012	0.0016611295681063123	0.010243632336655593	0.04595791805094131	0.026854928017718716	0.004152823920265781	0.011351052048726468	0.0	0.014673311184939091	0.0	0.008859357696566999	0.03737541528239203	0.058970099667774084	0.0035991140642303433	0.020210409745293468	0.02353266888150609	0.020210409745293468	0.0016611295681063123	0.008028792912513842	0.03183831672203765	0.022978959025470654	0.0022148394241417496	0.005813953488372093	0.011351052048726468	0.004429678848283499	0.0011074197120708748	0.001937984496124031	0.0872093023255814	0.03986710963455149	0.005537098560354375	0.01107419712070875	0.021871539313399777	0.013842746400885935	0.0013842746400885937	0.004429678848283499	0.04263565891472868	0.027131782945736434	0.0027685492801771874	0.01107419712070875	0.0340531561461794	0.012458471760797342	0.0011074197120708748	0.006644518272425249	0.019933554817275746	0.016888150609080842	0.0022148394241417496	0.006090808416389812	0.0	0.021040974529346623	0.0	0.008028792912513842	0.024640088593576966	0.020210409745293468	0.0016611295681063123	0.004429678848283499	0.02574750830564784	0.00636766334440753	0.0024916943521594683	0.0016611295681063123	0.026854928017718716	0.044573643410852716	0.0013842746400885937	0.016611295681063124
0.021871539313399777	0.025193798449612403	0.0013842746400885937	0.010520487264673311	0.04540420819490587	0.026854928017718716	0.004706533776301218	0.011351052048726468	0.0	0.013842746400885935	0.0	0.009689922480620155	0.037929125138427465	0.059800664451827246	0.003045404208194906	0.01937984496124031	0.023255813953488372	0.020487264673311186	0.001937984496124031	0.007751937984496124	0.03211517165005537	0.02353266888150609	0.001937984496124031	0.005260243632336656	0.011627906976744186	0.004429678848283499	0.0008305647840531562	0.001937984496124031	0.0872093023255814	0.0384828349944629	0.005260243632336656	0.012181616832779624	0.0221483942414175	0.013842746400885935	0.0011074197120708748	0.004429678848283499	0.04152823920265781	0.027962347729789592	0.0035991140642303433	0.010520487264673311	0.03433001107419712	0.01301218161683278	0.0005537098560354374	0.00636766334440753	0.019656699889258028	0.01716500553709856	0.0024916943521594683	0.005813953488372093	0.0	0.02131782945736434	0.0	0.007751937984496124	0.024363233665559248	0.020487264673311186	0.0016611295681063123	0.004429678848283499	0.025193798449612403	0.00636766334440753	0.003045404208194906	0.0016611295681063123	0.027131782945736434	0.04568106312292359	0.0016611295681063123	0.015503875968992248
0.02131782945736434	0.024916943521594685	0.001937984496124031	0.01079734219269103	0.04540420819490587	0.027131782945736434	0.004706533776301218	0.01107419712070875	0.0	0.013842746400885935	0.0	0.009689922480620155	0.03820598006644518	0.060077519379844964	0.0027685492801771874	0.01910299003322259	0.02353266888150609	0.020487264673311186	0.0016611295681063123	0.007751937984496124	0.03349944629014397	0.022702104097452935	0.0013842746400885937	0.005260243632336656	0.011351052048726468	0.004152823920265781	0.0011074197120708748	0.0022148394241417496	0.08693244739756367	0.0384828349944629	0.006090808416389812	0.01273532668881506	0.021871539313399777	0.013565891472868217	0.0013842746400885937	0.004706533776301218	0.04152823920265781	0.028792912513842746	0.0033222591362126247	0.009966777408637873	0.03322259136212625	0.013289036544850499	0.0016611295681063123	0.006090808416389812	0.019656699889258028	0.016888150609080842	0.0024916943521594683	0.006090808416389812	0.0	0.02159468438538206	0.0	0.007475083056478406	0.024640088593576966	0.020764119601328904	0.0016611295681063123	0.003875968992248062	0.02547065337763012	0.00636766334440753	0.0027685492801771874	0.0016611295681063123	0.02630121816168328	0.046234772978959025	0.0013842746400885937	0.014950166112956811
0.02131782945736434	0.025193798449612403	0.001937984496124031	0.010520487264673311	0.046511627906976744	0.027131782945736434	0.003875968992248062	0.01079734219269103	0.0	0.014673311184939091	0.0	0.008859357696566999	0.0384828349944629	0.06090808416389812	0.0024916943521594683	0.018272425249169437	0.022978959025470654	0.020210409745293468	0.0022148394241417496	0.008028792912513842	0.033776301218161685	0.022702104097452935	0.0016611295681063123	0.004706533776301218	0.011351052048726468	0.004152823920265781	0.0011074197120708748	0.0022148394241417496	0.08554817275747509	0.039313399778516056	0.0069213732004429675	0.01273532668881506	0.02159468438538206	0.013289036544850499	0.0016611295681063123	0.0049833887043189366	0.04235880398671096	0.029069767441860465	0.0027685492801771874	0.009413067552602437	0.032668881506090805	0.014396456256921373	0.001937984496124031	0.005260243632336656	0.020487264673311186	0.016888150609080842	0.001937984496124031	0.005813953488372093	0.0	0.021871539313399777	0.0	0.007198228128460687	0.025193798449612403	0.020210409745293468	0.0013842746400885937	0.004152823920265781	0.02547065337763012	0.00636766334440753	0.0027685492801771874	0.0016611295681063123	0.02574750830564784	0.047619047619047616	0.0016611295681063123	0.013565891472868217
0.02131782945736434	0.025193798449612403	0.001937984496124031	0.010520487264673311	0.0473421926910299	0.027408637873754152	0.003045404208194906	0.010520487264673311	0.0	0.014673311184939091	0.0	0.008859357696566999	0.037929125138427465	0.06201550387596899	0.003045404208194906	0.01716500553709856	0.022978959025470654	0.020210409745293468	0.0022148394241417496	0.008028792912513842	0.033776301218161685	0.021871539313399777	0.001937984496124031	0.005260243632336656	0.011627906976744186	0.004429678848283499	0.0008305647840531562	0.001937984496124031	0.08776301218161683	0.03903654485049834	0.006090808416389812	0.01301218161683278	0.0221483942414175	0.013842746400885935	0.0011074197120708748	0.004429678848283499	0.0429125138427464	0.029346622369878183	0.0022148394241417496	0.009136212624584718	0.03239202657807309	0.013565891472868217	0.0027685492801771874	0.005537098560354375	0.020764119601328904	0.01716500553709856	0.0016611295681063123	0.005537098560354375	0.0	0.021871539313399777	0.0	0.007198228128460687	0.02574750830564784	0.020210409745293468	0.0011074197120708748	0.003875968992248062	0.02547065337763012	0.00636766334440753	0.0027685492801771874	0.0016611295681063123	0.024363233665559248	0.04706533776301218	0.0016611295681063123	0.014119601328903655
0.021871539313399777	0.02574750830564784	0.0013842746400885937	0.009966777408637873	0.04706533776301218	0.02768549280177187	0.0035991140642303433	0.009966777408637873	0.0	0.01522702104097453	0.0	0.008305647840531562	0.03820598006644518	0.06256921373200443	0.0027685492801771874	0.016611295681063124	0.022702104097452935	0.019933554817275746	0.0024916943521594683	0.008305647840531562	0.03349944629014397	0.021871539313399777	0.0022148394241417496	0.005260243632336656	0.011627906976744186	0.004706533776301218	0.0008305647840531562	0.0016611295681063123	0.08776301218161683	0.0384828349944629	0.005813953488372093	0.013565891472868217	0.022425249169435217	0.014119601328903655	0.0008305647840531562	0.004152823920265781	0.04318936877076412	0.0296234772978959	0.0022148394241417496	0.00858250276854928	0.03349944629014397	0.013289036544850499	0.001937984496124031	0.005537098560354375	0.020764119601328904	0.01744186046511628	0.0016611295681063123	0.005260243632336656	0.0	0.021871539313399777	0.0	0.007198228128460687	0.02547065337763012	0.019933554817275746	0.0016611295681063123	0.003875968992248062	0.02602436323366556	0.006090808416389812	0.0022148394241417496	0.001937984496124031	0.024916943521594685	0.0473421926910299	0.0013842746400885937	0.013842746400885935
0.021871539313399777	0.026578073089700997	0.0013842746400885937	0.009136212624584718	0.047895902547065335	0.027408637873754152	0.0027685492801771874	0.010243632336655593	0.0	0.015780730897009966	0.0	0.007751937984496124	0.037929125138427465	0.06256921373200443	0.003045404208194906	0.016611295681063124	0.023255813953488372	0.020487264673311186	0.001937984496124031	0.007751937984496124	0.033776301218161685	0.0221483942414175	0.0022148394241417496	0.004706533776301218	0.011904761904761904	0.004706533776301218	0.0005537098560354374	0.0016611295681063123	0.08637873754152824	0.03903654485049834	0.005813953488372093	0.013289036544850499	0.022425249169435217	0.014119601328903655	0.0008305647840531562	0.004152823920265781	0.04235880398671096	0.029900332225913623	0.0024916943521594683	0.008859357696566999	0.03433001107419712	0.013565891472868217	0.0013842746400885937	0.0049833887043189366	0.02131782945736434	0.01744186046511628	0.0013842746400885937	0.0049833887043189366	0.0	0.021871539313399777	0.0	0.007198228128460687	0.02574750830564784	0.020487264673311186	0.0011074197120708748	0.0035991140642303433	0.02630121816168328	0.00636766334440753	0.001937984496124031	0.0016611295681063123	0.02574750830564784	0.047619047619047616	0.0016611295681063123	0.013565891472868217
0.020764119601328904	0.02602436323366556	0.0024916943521594683	0.009689922480620155	0.047619047619047616	0.027962347729789592	0.003045404208194906	0.009689922480620155	0.0	0.015503875968992248	0.0	0.008028792912513842	0.03765227021040975	0.061461794019933555	0.0033222591362126247	0.017718715393133997	0.02353266888150609	0.020764119601328904	0.0016611295681063123	0.007475083056478406	0.0340531561461794	0.0221483942414175	0.0022148394241417496	0.004429678848283499	0.011627906976744186	0.0049833887043189366	0.0008305647840531562	0.0013842746400885937	0.08665559246954596	0.039313399778516056	0.00636766334440753	0.01273532668881506	0.022425249169435217	0.013842746400885935	0.0008305647840531562	0.004429678848283499	0.04235880398671096	0.029900332225913623	0.0027685492801771874	0.00858250276854928	0.03433001107419712	0.014396456256921373	0.0013842746400885937	0.004152823920265781	0.022425249169435217	0.01716500553709856	0.0008305647840531562	0.004706533776301218	0.0	0.0221483942414175	0.0	0.0069213732004429675	0.02574750830564784	0.020210409745293468	0.0013842746400885937	0.0035991140642303433	0.02630121816168328	0.00636766334440753	0.001937984496124031	0.0016611295681063123	0.02574750830564784	0.047895902547065335	0.0011074197120708748	0.013289036544850499
0.020487264673311186	0.026854928017718716	0.0027685492801771874	0.008859357696566999	0.047895902547065335	0.02768549280177187	0.0027685492801771874	0.009966777408637873	0.0	0.01522702104097453	0.0	0.008305647840531562	0.037929125138427465	0.06090808416389812	0.003045404208194906	0.018272425249169437	0.02353266888150609	0.020487264673311186	0.0016611295681063123	0.007751937984496124	0.035437430786267994	0.02131782945736434	0.001937984496124031	0.004152823920265781	0.011627906976744186	0.0049833887043189366	0.0008305647840531562	0.0013842746400885937	0.08637873754152824	0.0384828349944629	0.00636766334440753	0.013842746400885935	0.022425249169435217	0.013842746400885935	0.0008305647840531562	0.004429678848283499	0.04152823920265781	0.03017718715393134	0.0035991140642303433	0.008305647840531562	0.03349944629014397	0.014673311184939091	0.001937984496124031	0.004152823920265781	0.022425249169435217	0.01744186046511628	0.0008305647840531562	0.004429678848283499	0.0	0.022425249169435217	0.0	0.006644518272425249	0.02602436323366556	0.019933554817275746	0.0013842746400885937	0.0035991140642303433	0.02630121816168328	0.00636766334440753	0.001937984496124031	0.0016611295681063123	0.024916943521594685	0.047619047619047616	0.001937984496124031	0.013565891472868217
0.021040974529346623	0.026854928017718716	0.0022148394241417496	0.008859357696566999	0.0473421926910299	0.026578073089700997	0.0035991140642303433	0.01079734219269103	0.0	0.015780730897009966	0.0	0.007751937984496124	0.03820598006644518	0.06090808416389812	0.0027685492801771874	0.018272425249169437	0.02353266888150609	0.021040974529346623	0.0016611295681063123	0.007198228128460687	0.035437430786267994	0.020487264673311186	0.0024916943521594683	0.004429678848283499	0.011904761904761904	0.0049833887043189366	0.0005537098560354374	0.0013842746400885937	0.08471760797342193	0.039313399778516056	0.008305647840531562	0.013289036544850499	0.022425249169435217	0.013565891472868217	0.0008305647840531562	0.004706533776301218	0.042081949058693245	0.0296234772978959	0.0033222591362126247	0.00858250276854928	0.032668881506090805	0.014950166112956811	0.0027685492801771874	0.003875968992248062	0.022702104097452935	0.01744186046511628	0.0008305647840531562	0.004152823920265781	0.0	0.022425249169435217	0.0	0.006644518272425249	0.02574750830564784	0.01937984496124031	0.0016611295681063123	0.004152823920265781	0.02602436323366556	0.006644518272425249	0.0022148394241417496	0.0013842746400885937	0.023809523809523808	0.047895902547065335	0.0024916943521594683	0.013289036544850499
0.02159468438538206	0.02630121816168328	0.0016611295681063123	0.009413067552602437	0.047619047619047616	0.02574750830564784	0.0033222591362126247	0.011627906976744186	0.0	0.016057585825027684	0.0	0.007475083056478406	0.0384828349944629	0.06090808416389812	0.0024916943521594683	0.018272425249169437	0.02353266888150609	0.02131782945736434	0.0016611295681063123	0.0069213732004429675	0.03626799557032115	0.018826135105204873	0.0022148394241417496	0.005537098560354375	0.011627906976744186	0.0049833887043189366	0.0008305647840531562	0.0013842746400885937	0.0844407530454042	0.03875968992248062	0.009966777408637873	0.01301218161683278	0.0221483942414175	0.013842746400885935	0.0011074197120708748	0.004429678848283499	0.04235880398671096	0.03045404208194906	0.003045404208194906	0.007751937984496124	0.032668881506090805	0.014673311184939091	0.0027685492801771874	0.004152823920265781	0.022978959025470654	0.01716500553709856	0.0008305647840531562	0.004152823920265781	0.0	0.022425249169435217	0.0	0.006644518272425249	0.02574750830564784	0.018549280177187155	0.001937984496124031	0.004706533776301218	0.026578073089700997	0.006644518272425249	0.0016611295681063123	0.0013842746400885937	0.023809523809523808	0.047619047619047616	0.001937984496124031	0.013565891472868217
0.021040974529346623	0.027131782945736434	0.0022148394241417496	0.00858250276854928	0.04817275747508306	0.02574750830564784	0.0024916943521594683	0.011904761904761904	0.0	0.016334440753045402	0.0	0.007198228128460687	0.039313399778516056	0.06090808416389812	0.0016611295681063123	0.018272425249169437	0.023255813953488372	0.020764119601328904	0.001937984496124031	0.007475083056478406	0.03682170542635659	0.018826135105204873	0.001937984496124031	0.005260243632336656	0.011351052048726468	0.0049833887043189366	0.0011074197120708748	0.0013842746400885937	0.08222591362126246	0.03875968992248062	0.01079734219269103	0.01273532668881506	0.021871539313399777	0.013842746400885935	0.0013842746400885937	0.004429678848283499	0.04263565891472868	0.030730897009966777	0.0027685492801771874	0.007475083056478406	0.032668881506090805	0.014950166112956811	0.0027685492801771874	0.003875968992248062	0.022702104097452935	0.01716500553709856	0.0011074197120708748	0.004152823920265781	0.0	0.022702104097452935	0.0	0.00636766334440753	0.02574750830564784	0.017995570321151715	0.0022148394241417496	0.0049833887043189366	0.026854928017718716	0.00636766334440753	0.0013842746400885937	0.0016611295681063123	0.02547065337763012	0.0473421926910299	0.001937984496124031	0.013842746400885935
0.02131782945736434	0.027408637873754152	0.001937984496124031	0.008305647840531562	0.047895902547065335	0.025193798449612403	0.0033222591362126247	0.011904761904761904	0.0	0.016611295681063124	0.0	0.0069213732004429675	0.039313399778516056	0.06201550387596899	0.0016611295681063123	0.01716500553709856	0.023255813953488372	0.021040974529346623	0.001937984496124031	0.007198228128460687	0.03682170542635659	0.018549280177187155	0.001937984496124031	0.005537098560354375	0.011351052048726468	0.0049833887043189366	0.0011074197120708748	0.0013842746400885937	0.08250276854928018	0.03765227021040975	0.010520487264673311	0.013565891472868217	0.02131782945736434	0.013842746400885935	0.001937984496124031	0.004429678848283499	0.04318936877076412	0.031007751937984496	0.0024916943521594683	0.0069213732004429675	0.03239202657807309	0.01522702104097453	0.003045404208194906	0.0035991140642303433	0.022702104097452935	0.01716500553709856	0.0013842746400885937	0.003875968992248062	0.0	0.021871539313399777	0.0	0.007198228128460687	0.025193798449612403	0.018549280177187155	0.0024916943521594683	0.004706533776301218	0.026854928017718716	0.00636766334440753	0.0013842746400885937	0.0016611295681063123	0.02547065337763012	0.04706533776301218	0.0022148394241417496	0.014119601328903655
0.02131782945736434	0.027408637873754152	0.001937984496124031	0.008305647840531562	0.047895902547065335	0.025193798449612403	0.0035991140642303433	0.011627906976744186	0.0	0.01744186046511628	0.0	0.006090808416389812	0.03903654485049834	0.06173864894795127	0.001937984496124031	0.01744186046511628	0.023809523809523808	0.02131782945736434	0.0013842746400885937	0.0069213732004429675	0.03626799557032115	0.018549280177187155	0.003045404208194906	0.0049833887043189366	0.011627906976744186	0.0049833887043189366	0.0008305647840531562	0.0013842746400885937	0.08250276854928018	0.03682170542635659	0.010520487264673311	0.014119601328903655	0.021040974529346623	0.014119601328903655	0.0022148394241417496	0.004152823920265781	0.04152823920265781	0.030730897009966777	0.0035991140642303433	0.007751937984496124	0.03239202657807309	0.01522702104097453	0.003045404208194906	0.0035991140642303433	0.022702104097452935	0.016888150609080842	0.0013842746400885937	0.004152823920265781	0.0	0.022425249169435217	0.0	0.006644518272425249	0.02547065337763012	0.017718715393133997	0.0022148394241417496	0.005537098560354375	0.026578073089700997	0.00636766334440753	0.0016611295681063123	0.0016611295681063123	0.02547065337763012	0.04706533776301218	0.0024916943521594683	0.014119601328903655
0.021871539313399777	0.027408637873754152	0.0013842746400885937	0.008305647840531562	0.04844961240310078	0.02547065337763012	0.003045404208194906	0.011351052048726468	0.0	0.01716500553709856	0.0	0.00636766334440753	0.03903654485049834	0.061461794019933555	0.001937984496124031	0.017718715393133997	0.02408637873754153	0.021040974529346623	0.0011074197120708748	0.007198228128460687	0.03599114064230343	0.018826135105204873	0.003045404208194906	0.0049833887043189366	0.012181616832779624	0.0049833887043189366	0.0002768549280177187	0.0013842746400885937	0.08361018826135105	0.03682170542635659	0.009136212624584718	0.014119601328903655	0.020764119601328904	0.014119601328903655	0.0024916943521594683	0.004152823920265781	0.04180509413067553	0.030730897009966777	0.0033222591362126247	0.007751937984496124	0.03211517165005537	0.014673311184939091	0.003045404208194906	0.004429678848283499	0.022425249169435217	0.016611295681063124	0.0016611295681063123	0.004429678848283499	0.0	0.021871539313399777	0.0	0.007198228128460687	0.02547065337763012	0.017718715393133997	0.0022148394241417496	0.005537098560354375	0.02630121816168328	0.006090808416389812	0.001937984496124031	0.001937984496124031	0.02574750830564784	0.047619047619047616	0.0024916943521594683	0.013565891472868217
0.021871539313399777	0.027962347729789592	0.0013842746400885937	0.007751937984496124	0.0473421926910299	0.02547065337763012	0.004152823920265781	0.011351052048726468	0.0	0.01744186046511628	0.0	0.006090808416389812	0.03875968992248062	0.06090808416389812	0.0022148394241417496	0.018272425249169437	0.023809523809523808	0.020764119601328904	0.0013842746400885937	0.007475083056478406	0.036544850498338874	0.018826135105204873	0.0024916943521594683	0.0049833887043189366	0.011351052048726468	0.0049833887043189366	0.0011074197120708748	0.0013842746400885937	0.08554817275747509	0.036544850498338874	0.007751937984496124	0.014119601328903655	0.020764119601328904	0.014119601328903655	0.0024916943521594683	0.004152823920265781	0.042081949058693245	0.03156146179401993	0.0027685492801771874	0.007198228128460687	0.03239202657807309	0.014396456256921373	0.003045404208194906	0.004429678848283499	0.022702104097452935	0.016334440753045402	0.0013842746400885937	0.004706533776301218	0.0	0.0221483942414175	0.0	0.0069213732004429675	0.024640088593576966	0.018549280177187155	0.0024916943521594683	0.005260243632336656	0.02602436323366556	0.006090808416389812	0.0022148394241417496	0.001937984496124031	0.02574750830564784	0.04678848283499446	0.0022148394241417496	0.014396456256921373
0.0221483942414175	0.02823920265780731	0.0011074197120708748	0.007475083056478406	0.0473421926910299	0.024916943521594685	0.004152823920265781	0.011904761904761904	0.0	0.01744186046511628	0.0	0.006090808416389812	0.03875968992248062	0.0606312292358804	0.0022148394241417496	0.018549280177187155	0.023255813953488372	0.020764119601328904	0.001937984496124031	0.007475083056478406	0.036544850498338874	0.01937984496124031	0.0022148394241417496	0.004706533776301218	0.011627906976744186	0.0049833887043189366	0.0008305647840531562	0.0013842746400885937	0.08776301218161683	0.03709856035437431	0.006090808416389812	0.013565891472868217	0.021040974529346623	0.014119601328903655	0.0022148394241417496	0.004152823920265781	0.04263565891472868	0.030730897009966777	0.0027685492801771874	0.007475083056478406	0.032668881506090805	0.014673311184939091	0.0022148394241417496	0.004706533776301218	0.022702104097452935	0.016334440753045402	0.0013842746400885937	0.004706533776301218	0.0	0.022425249169435217	0.0	0.006644518272425249	0.025193798449612403	0.017718715393133997	0.0024916943521594683	0.005537098560354375	0.026578073089700997	0.006090808416389812	0.0016611295681063123	0.001937984496124031	0.024916943521594685	0.047619047619047616	0.0024916943521594683	0.013565891472868217
0.021871539313399777	0.027962347729789592	0.0013842746400885937	0.007751937984496124	0.048726467331118496	0.025193798449612403	0.003045404208194906	0.011351052048726468	0.0	0.01744186046511628	0.0	0.006090808416389812	0.03903654485049834	0.06090808416389812	0.001937984496124031	0.018272425249169437	0.02408637873754153	0.021040974529346623	0.0011074197120708748	0.007198228128460687	0.036544850498338874	0.019933554817275746	0.0022148394241417496	0.004152823920265781	0.011627906976744186	0.0049833887043189366	0.0005537098560354374	0.0016611295681063123	0.08859357696567	0.03737541528239203	0.004706533776301218	0.013565891472868217	0.02159468438538206	0.014119601328903655	0.0016611295681063123	0.004152823920265781	0.043466223698781836	0.03017718715393134	0.0022148394241417496	0.007751937984496124	0.033776301218161685	0.014673311184939091	0.0013842746400885937	0.004429678848283499	0.023255813953488372	0.016057585825027684	0.0016611295681063123	0.004152823920265781	0.0	0.022702104097452935	0.0	0.00636766334440753	0.02547065337763012	0.018272425249169437	0.001937984496124031	0.005260243632336656	0.026578073089700997	0.006090808416389812	0.0016611295681063123	0.001937984496124031	0.02574750830564784	0.04817275747508306	0.001937984496124031	0.01301218161683278
0.0221483942414175	0.028792912513842746	0.0011074197120708748	0.0069213732004429675	0.04928017718715393	0.02574750830564784	0.0022148394241417496	0.01107419712070875	0.0	0.01716500553709856	0.0	0.00636766334440753	0.03875968992248062	0.0606312292358804	0.0022148394241417496	0.018549280177187155	0.024640088593576966	0.0221483942414175	0.0005537098560354374	0.006090808416389812	0.036544850498338874	0.01937984496124031	0.0027685492801771874	0.004152823920265781	0.011627906976744186	0.005260243632336656	0.0005537098560354374	0.0013842746400885937	0.0888704318936877	0.036544850498338874	0.004429678848283499	0.014396456256921373	0.021040974529346623	0.013842746400885935	0.0022148394241417496	0.004429678848283499	0.043743078626799554	0.030730897009966777	0.0016611295681063123	0.007475083056478406	0.033776301218161685	0.014950166112956811	0.0013842746400885937	0.004152823920265781	0.023255813953488372	0.016611295681063124	0.0016611295681063123	0.0035991140642303433	0.0	0.022425249169435217	0.0	0.006644518272425249	0.026578073089700997	0.017995570321151715	0.0013842746400885937	0.0049833887043189366	0.026578073089700997	0.005813953488372093	0.0016611295681063123	0.0022148394241417496	0.025193798449612403	0.04844961240310078	0.0024916943521594683	0.01273532668881506
0.0221483942414175	0.029069767441860465	0.0011074197120708748	0.006644518272425249	0.04983388704318937	0.02547065337763012	0.0022148394241417496	0.01079734219269103	0.0	0.01744186046511628	0.0	0.006090808416389812	0.03875968992248062	0.060077519379844964	0.0022148394241417496	0.01910299003322259	0.02408637873754153	0.02159468438538206	0.0011074197120708748	0.006644518272425249	0.03626799557032115	0.019933554817275746	0.003045404208194906	0.0035991140642303433	0.011627906976744186	0.005260243632336656	0.0008305647840531562	0.0011074197120708748	0.0888704318936877	0.03626799557032115	0.004706533776301218	0.014396456256921373	0.02159468438538206	0.014119601328903655	0.0016611295681063123	0.004152823920265781	0.04401993355481727	0.030730897009966777	0.0013842746400885937	0.007475083056478406	0.033776301218161685	0.014950166112956811	0.0016611295681063123	0.003875968992248062	0.023255813953488372	0.016334440753045402	0.0022148394241417496	0.0033222591362126247	0.0	0.021871539313399777	0.0	0.007198228128460687	0.02602436323366556	0.017718715393133997	0.001937984496124031	0.005260243632336656	0.02630121816168328	0.005813953488372093	0.001937984496124031	0.0022148394241417496	0.02602436323366556	0.04817275747508306	0.0016611295681063123	0.01301218161683278
0.0221483942414175	0.029069767441860465	0.0011074197120708748	0.006644518272425249	0.05011074197120709	0.02574750830564784	0.0022148394241417496	0.010243632336655593	0.0	0.01744186046511628	0.0	0.006090808416389812	0.037929125138427465	0.06035437430786268	0.003045404208194906	0.018826135105204873	0.023809523809523808	0.02131782945736434	0.0013842746400885937	0.0069213732004429675	0.03571428571428571	0.01937984496124031	0.0033222591362126247	0.004429678848283499	0.01107419712070875	0.005260243632336656	0.0011074197120708748	0.0013842746400885937	0.08803986710963455	0.03626799557032115	0.004706533776301218	0.014950166112956811	0.021871539313399777	0.014396456256921373	0.0013842746400885937	0.003875968992248062	0.04401993355481727	0.03045404208194906	0.0013842746400885937	0.007751937984496124	0.03322259136212625	0.01522702104097453	0.0022148394241417496	0.0035991140642303433	0.022425249169435217	0.016888150609080842	0.0027685492801771874	0.003045404208194906	0.0	0.0221483942414175	0.0	0.0069213732004429675	0.02602436323366556	0.017718715393133997	0.0016611295681063123	0.005537098560354375	0.02630121816168328	0.005813953488372093	0.001937984496124031	0.0022148394241417496	0.02574750830564784	0.047619047619047616	0.0022148394241417496	0.013565891472868217
0.022425249169435217	0.0296234772978959	0.0008305647840531562	0.006090808416389812	0.04983388704318937	0.02547065337763012	0.003045404208194906	0.009966777408637873	0.0	0.016888150609080842	0.0	0.006644518272425249	0.0384828349944629	0.05952380952380952	0.0024916943521594683	0.019656699889258028	0.022978959025470654	0.020764119601328904	0.0022148394241417496	0.007475083056478406	0.03599114064230343	0.019933554817275746	0.003045404208194906	0.003875968992248062	0.011351052048726468	0.005537098560354375	0.0005537098560354374	0.0013842746400885937	0.0872093023255814	0.036544850498338874	0.005537098560354375	0.014673311184939091	0.02131782945736434	0.014119601328903655	0.001937984496124031	0.004152823920265781	0.0429125138427464	0.03017718715393134	0.0022148394241417496	0.008305647840531562	0.03349944629014397	0.014673311184939091	0.0022148394241417496	0.003875968992248062	0.0221483942414175	0.016057585825027684	0.0033222591362126247	0.0035991140642303433	0.0	0.022425249169435217	0.0	0.006644518272425249	0.02630121816168328	0.01716500553709856	0.001937984496124031	0.005537098560354375	0.026578073089700997	0.005537098560354375	0.0016611295681063123	0.0024916943521594683	0.02574750830564784	0.0473421926910299	0.0022148394241417496	0.013842746400885935
0.022425249169435217	0.029900332225913623	0.0008305647840531562	0.005813953488372093	0.05011074197120709	0.025193798449612403	0.003045404208194906	0.009966777408637873	0.0	0.01744186046511628	0.0	0.006090808416389812	0.0384828349944629	0.059800664451827246	0.0024916943521594683	0.01937984496124031	0.023255813953488372	0.021040974529346623	0.001937984496124031	0.007198228128460687	0.036544850498338874	0.01937984496124031	0.0024916943521594683	0.004429678848283499	0.011627906976744186	0.005260243632336656	0.0002768549280177187	0.0016611295681063123	0.08388704318936877	0.03709856035437431	0.0069213732004429675	0.01522702104097453	0.02131782945736434	0.014396456256921373	0.001937984496124031	0.003875968992248062	0.04235880398671096	0.03156146179401993	0.0024916943521594683	0.007198228128460687	0.03349944629014397	0.01522702104097453	0.0022148394241417496	0.0033222591362126247	0.022978959025470654	0.015780730897009966	0.0024916943521594683	0.003875968992248062	0.0	0.022425249169435217	0.0	0.006644518272425249	0.02630121816168328	0.016334440753045402	0.0022148394241417496	0.006090808416389812	0.027408637873754152	0.005260243632336656	0.0008305647840531562	0.0027685492801771874	0.026578073089700997	0.0473421926910299	0.0022148394241417496	0.013842746400885935
0.021871539313399777	0.03045404208194906	0.0013842746400885937	0.005260243632336656	0.05094130675526024	0.02547065337763012	0.0027685492801771874	0.009136212624584718	0.0	0.01716500553709856	0.0	0.00636766334440753	0.03903654485049834	0.0592469545957918	0.001937984496124031	0.019933554817275746	0.02353266888150609	0.0221483942414175	0.0016611295681063123	0.006090808416389812	0.036544850498338874	0.019933554817275746	0.0024916943521594683	0.003875968992248062	0.011904761904761904	0.0049833887043189366	0.0002768549280177187	0.0016611295681063123	0.08471760797342193	0.036544850498338874	0.00636766334440753	0.016057585825027684	0.02159468438538206	0.014119601328903655	0.0016611295681063123	0.004152823920265781	0.04180509413067553	0.030730897009966777	0.0033222591362126247	0.007751937984496124	0.03322259136212625	0.014950166112956811	0.0024916943521594683	0.0035991140642303433	0.02353266888150609	0.015780730897009966	0.001937984496124031	0.003875968992248062	0.0	0.021871539313399777	0.0	0.007198228128460687	0.02630121816168328	0.016057585825027684	0.0024916943521594683	0.006090808416389812	0.02768549280177187	0.005537098560354375	0.0005537098560354374	0.0024916943521594683	0.02602436323366556	0.047619047619047616	0.0022148394241417496	0.013565891472868217
0.02159468438538206	0.03045404208194906	0.0016611295681063123	0.005260243632336656	0.05011074197120709	0.02547065337763012	0.003045404208194906	0.009689922480620155	0.0	0.01744186046511628	0.0	0.006090808416389812	0.039590254706533774	0.0606312292358804	0.0013842746400885937	0.018549280177187155	0.022425249169435217	0.021871539313399777	0.0027685492801771874	0.00636766334440753	0.03765227021040975	0.01910299003322259	0.001937984496124031	0.004152823920265781	0.011904761904761904	0.005537098560354375	0.0002768549280177187	0.0011074197120708748	0.0858250276854928	0.03682170542635659	0.0069213732004429675	0.01522702104097453	0.02159468438538206	0.014396456256921373	0.0016611295681063123	0.003875968992248062	0.04235880398671096	0.031007751937984496	0.0027685492801771874	0.007475083056478406	0.03322259136212625	0.014950166112956811	0.0024916943521594683	0.0035991140642303433	0.023809523809523808	0.015503875968992248	0.001937984496124031	0.003875968992248062	0.0	0.02159468438538206	0.0	0.007475083056478406	0.026578073089700997	0.016057585825027684	0.001937984496124031	0.00636766334440753	0.02768549280177187	0.005537098560354375	0.0005537098560354374	0.0024916943521594683	0.025193798449612403	0.04817275747508306	0.001937984496124031	0.01301218161683278
0.021871539313399777	0.030730897009966777	0.0013842746400885937	0.0049833887043189366	0.04983388704318937	0.024640088593576966	0.0033222591362126247	0.010520487264673311	0.0	0.01744186046511628	0.0	0.006090808416389812	0.039590254706533774	0.06035437430786268	0.0013842746400885937	0.018826135105204873	0.023255813953488372	0.02159468438538206	0.001937984496124031	0.006644518272425249	0.036544850498338874	0.019656699889258028	0.0024916943521594683	0.004152823920265781	0.011627906976744186	0.005260243632336656	0.0005537098560354374	0.0013842746400885937	0.08693244739756367	0.03682170542635659	0.006644518272425249	0.015503875968992248	0.02159468438538206	0.014396456256921373	0.0016611295681063123	0.003875968992248062	0.042081949058693245	0.031007751937984496	0.0033222591362126247	0.007198228128460687	0.03294573643410853	0.014950166112956811	0.0024916943521594683	0.003875968992248062	0.023255813953488372	0.015503875968992248	0.0024916943521594683	0.003875968992248062	0.0	0.021040974529346623	0.0	0.008028792912513842	0.026854928017718716	0.016057585825027684	0.0013842746400885937	0.006644518272425249	0.02768549280177187	0.005260243632336656	0.0005537098560354374	0.0027685492801771874	0.022978959025470654	0.04678848283499446	0.003045404208194906	0.014396456256921373
0.0221483942414175	0.03045404208194906	0.0011074197120708748	0.005260243632336656	0.04928017718715393	0.02547065337763012	0.0033222591362126247	0.010243632336655593	0.0	0.016888150609080842	0.0	0.006644518272425249	0.039590254706533774	0.06090808416389812	0.0013842746400885937	0.018272425249169437	0.023255813953488372	0.0221483942414175	0.001937984496124031	0.006090808416389812	0.03682170542635659	0.019656699889258028	0.001937984496124031	0.004429678848283499	0.011627906976744186	0.005260243632336656	0.0005537098560354374	0.0013842746400885937	0.0858250276854928	0.03765227021040975	0.006644518272425249	0.01522702104097453	0.021871539313399777	0.014396456256921373	0.0013842746400885937	0.003875968992248062	0.04235880398671096	0.031007751937984496	0.0027685492801771874	0.007475083056478406	0.03322259136212625	0.015780730897009966	0.001937984496124031	0.0033222591362126247	0.022978959025470654	0.016057585825027684	0.0024916943521594683	0.0035991140642303433	0.0	0.02131782945736434	0.0	0.007751937984496124	0.02602436323366556	0.016334440753045402	0.0016611295681063123	0.0069213732004429675	0.02768549280177187	0.005260243632336656	0.0005537098560354374	0.0027685492801771874	0.02408637873754153	0.04540420819490587	0.0024916943521594683	0.015780730897009966
0.0221483942414175	0.03045404208194906	0.0011074197120708748	0.005260243632336656	0.049003322259136214	0.02630121816168328	0.0033222591362126247	0.009689922480620155	0.0	0.01716500553709856	0.0	0.00636766334440753	0.037929125138427465	0.06090808416389812	0.003045404208194906	0.018272425249169437	0.022702104097452935	0.021871539313399777	0.0024916943521594683	0.00636766334440753	0.03626799557032115	0.019933554817275746	0.0024916943521594683	0.004152823920265781	0.011627906976744186	0.005537098560354375	0.0002768549280177187	0.0013842746400885937	0.0858250276854928	0.03737541528239203	0.007198228128460687	0.015503875968992248	0.02159468438538206	0.013842746400885935	0.0016611295681063123	0.004429678848283499	0.04235880398671096	0.031284606866002214	0.0022148394241417496	0.007751937984496124	0.03294573643410853	0.015780730897009966	0.0022148394241417496	0.0033222591362126247	0.023809523809523808	0.016611295681063124	0.0016611295681063123	0.003045404208194906	0.0	0.021040974529346623	0.0	0.008028792912513842	0.02547065337763012	0.016334440753045402	0.001937984496124031	0.007198228128460687	0.02768549280177187	0.005537098560354375	0.0005537098560354374	0.0024916943521594683	0.02353266888150609	0.04568106312292359	0.0024916943521594683	0.015503875968992248
0.0221483942414175	0.03017718715393134	0.0011074197120708748	0.005537098560354375	0.05011074197120709	0.02574750830564784	0.003045404208194906	0.009413067552602437	0.0	0.01744186046511628	0.0	0.006090808416389812	0.03765227021040975	0.06173864894795127	0.0033222591362126247	0.01744186046511628	0.023255813953488372	0.02131782945736434	0.001937984496124031	0.0069213732004429675	0.035160575858250276	0.021040974529346623	0.0033222591362126247	0.0033222591362126247	0.011904761904761904	0.005537098560354375	0.0	0.0013842746400885937	0.0858250276854928	0.03682170542635659	0.0069213732004429675	0.015503875968992248	0.021871539313399777	0.014119601328903655	0.0013842746400885937	0.004152823920265781	0.04235880398671096	0.031284606866002214	0.0024916943521594683	0.007475083056478406	0.03294573643410853	0.01522702104097453	0.0024916943521594683	0.0035991140642303433	0.023255813953488372	0.016611295681063124	0.0022148394241417496	0.003045404208194906	0.0	0.02131782945736434	0.0	0.007751937984496124	0.02547065337763012	0.016611295681063124	0.001937984496124031	0.0069213732004429675	0.02768549280177187	0.005537098560354375	0.0005537098560354374	0.0024916943521594683	0.025193798449612403	0.04568106312292359	0.0016611295681063123	0.015503875968992248
0.0221483942414175	0.03045404208194906	0.0011074197120708748	0.005260243632336656	0.04928017718715393	0.02602436323366556	0.0035991140642303433	0.009413067552602437	0.0	0.017995570321151715	0.0	0.005537098560354375	0.03820598006644518	0.06201550387596899	0.0027685492801771874	0.01716500553709856	0.022978959025470654	0.02131782945736434	0.0022148394241417496	0.0069213732004429675	0.03599114064230343	0.021040974529346623	0.0022148394241417496	0.0035991140642303433	0.011904761904761904	0.005537098560354375	0.0002768549280177187	0.0011074197120708748	0.08499446290143965	0.036544850498338874	0.00636766334440753	0.015780730897009966	0.0221483942414175	0.014119601328903655	0.0011074197120708748	0.004152823920265781	0.04180509413067553	0.031284606866002214	0.0027685492801771874	0.007751937984496124	0.032668881506090805	0.015503875968992248	0.0027685492801771874	0.0033222591362126247	0.023255813953488372	0.016611295681063124	0.0022148394241417496	0.003045404208194906	0.0	0.021040974529346623	0.0	0.008028792912513842	0.02602436323366556	0.016334440753045402	0.0016611295681063123	0.0069213732004429675	0.027131782945736434	0.005813953488372093	0.0011074197120708748	0.0022148394241417496	0.02602436323366556	0.04568106312292359	0.0022148394241417496	0.015503875968992248
0.021871539313399777	0.03045404208194906	0.0013842746400885937	0.005260243632336656	0.049003322259136214	0.02602436323366556	0.0035991140642303433	0.009689922480620155	0.0	0.017995570321151715	0.0	0.005537098560354375	0.037929125138427465	0.06090808416389812	0.003045404208194906	0.018272425249169437	0.023809523809523808	0.021040974529346623	0.0013842746400885937	0.007198228128460687	0.03571428571428571	0.021871539313399777	0.0022148394241417496	0.003045404208194906	0.011904761904761904	0.005260243632336656	0.0005537098560354374	0.0011074197120708748	0.08693244739756367	0.03682170542635659	0.005537098560354375	0.016334440753045402	0.022425249169435217	0.013565891472868217	0.0008305647840531562	0.004706533776301218	0.04152823920265781	0.030730897009966777	0.003875968992248062	0.007475083056478406	0.03294573643410853	0.015503875968992248	0.0022148394241417496	0.0035991140642303433	0.02353266888150609	0.016888150609080842	0.001937984496124031	0.0027685492801771874	0.0	0.02159468438538206	0.0	0.007475083056478406	0.02602436323366556	0.016057585825027684	0.0016611295681063123	0.007198228128460687	0.027131782945736434	0.005813953488372093	0.0011074197120708748	0.0022148394241417496	0.023809523809523808	0.04568106312292359	0.0024916943521594683	0.015503875968992248
0.021871539313399777	0.030730897009966777	0.0013842746400885937	0.0049833887043189366	0.04844961240310078	0.02602436323366556	0.004152823920265781	0.009689922480620155	0.0	0.018272425249169437	0.0	0.005260243632336656	0.0384828349944629	0.06118493909191584	0.0024916943521594683	0.017995570321151715	0.02408637873754153	0.021040974529346623	0.0011074197120708748	0.007198228128460687	0.035160575858250276	0.021871539313399777	0.0027685492801771874	0.003045404208194906	0.011904761904761904	0.0049833887043189366	0.0005537098560354374	0.0013842746400885937	0.08610188261351052	0.03737541528239203	0.00636766334440753	0.016057585825027684	0.022702104097452935	0.013842746400885935	0.0005537098560354374	0.004429678848283499	0.04152823920265781	0.030730897009966777	0.003875968992248062	0.007475083056478406	0.03239202657807309	0.015503875968992248	0.003045404208194906	0.0033222591362126247	0.02353266888150609	0.01716500553709856	0.001937984496124031	0.0024916943521594683	0.0	0.020764119601328904	0.0	0.008305647840531562	0.024916943521594685	0.01522702104097453	0.0022148394241417496	0.00858250276854928	0.02630121816168328	0.005813953488372093	0.001937984496124031	0.0022148394241417496	0.023255813953488372	0.04540420819490587	0.0027685492801771874	0.015780730897009966
0.021871539313399777	0.030730897009966777	0.0013842746400885937	0.0049833887043189366	0.047895902547065335	0.02574750830564784	0.004429678848283499	0.010243632336655593	0.0	0.018826135105204873	0.0	0.004706533776301218	0.03765227021040975	0.06118493909191584	0.0033222591362126247	0.017995570321151715	0.023809523809523808	0.021040974529346623	0.0013842746400885937	0.007198228128460687	0.035160575858250276	0.02159468438538206	0.003045404208194906	0.003045404208194906	0.011627906976744186	0.005260243632336656	0.0008305647840531562	0.0011074197120708748	0.08748615725359911	0.03820598006644518	0.00636766334440753	0.014396456256921373	0.022425249169435217	0.013289036544850499	0.0008305647840531562	0.0049833887043189366	0.04180509413067553	0.030730897009966777	0.0035991140642303433	0.007475083056478406	0.032668881506090805	0.014950166112956811	0.003045404208194906	0.0035991140642303433	0.023255813953488372	0.01716500553709856	0.0022148394241417496	0.0024916943521594683	0.0	0.020210409745293468	0.0	0.008859357696566999	0.025193798449612403	0.014950166112956811	0.0022148394241417496	0.00858250276854928	0.02547065337763012	0.005813953488372093	0.0027685492801771874	0.0022148394241417496	0.022978959025470654	0.04568106312292359	0.0024916943521594683	0.015503875968992248
0.021871539313399777	0.03017718715393134	0.0013842746400885937	0.005537098560354375	0.04844961240310078	0.026578073089700997	0.004152823920265781	0.009136212624584718	0.0	0.018549280177187155	0.0	0.0049833887043189366	0.0384828349944629	0.06118493909191584	0.0024916943521594683	0.017995570321151715	0.023255813953488372	0.02131782945736434	0.001937984496124031	0.0069213732004429675	0.035437430786267994	0.020764119601328904	0.0027685492801771874	0.003875968992248062	0.011627906976744186	0.005537098560354375	0.0008305647840531562	0.0008305647840531562	0.08748615725359911	0.03820598006644518	0.006090808416389812	0.014119601328903655	0.022425249169435217	0.013289036544850499	0.0008305647840531562	0.0049833887043189366	0.04125138427464009	0.031007751937984496	0.004152823920265781	0.007198228128460687	0.032668881506090805	0.014950166112956811	0.003045404208194906	0.0035991140642303433	0.022702104097452935	0.016611295681063124	0.003045404208194906	0.0027685492801771874	0.0	0.020487264673311186	0.0	0.00858250276854928	0.02602436323366556	0.01522702104097453	0.0013842746400885937	0.008305647840531562	0.02602436323366556	0.005260243632336656	0.0022148394241417496	0.0027685492801771874	0.022978959025470654	0.04568106312292359	0.003045404208194906	0.015503875968992248
0.022425249169435217	0.03017718715393134	0.0008305647840531562	0.005537098560354375	0.04928017718715393	0.026578073089700997	0.0033222591362126247	0.009136212624584718	0.0	0.018826135105204873	0.0	0.004706533776301218	0.0384828349944629	0.06090808416389812	0.0024916943521594683	0.018272425249169437	0.022702104097452935	0.02159468438538206	0.0024916943521594683	0.006644518272425249	0.03599114064230343	0.020487264673311186	0.001937984496124031	0.004429678848283499	0.011627906976744186	0.005537098560354375	0.0008305647840531562	0.0008305647840531562	0.08665559246954596	0.037929125138427465	0.006090808416389812	0.014396456256921373	0.022425249169435217	0.01301218161683278	0.0008305647840531562	0.005260243632336656	0.04152823920265781	0.031284606866002214	0.003875968992248062	0.0069213732004429675	0.03239202657807309	0.014396456256921373	0.0033222591362126247	0.004152823920265781	0.022978959025470654	0.016611295681063124	0.003045404208194906	0.0024916943521594683	0.0	0.020764119601328904	0.0	0.008305647840531562	0.025193798449612403	0.01522702104097453	0.0022148394241417496	0.008305647840531562	0.02630121816168328	0.005260243632336656	0.001937984496124031	0.0027685492801771874	0.02408637873754153	0.046234772978959025	0.0027685492801771874	0.014950166112956811
0.0221483942414175	0.0296234772978959	0.0011074197120708748	0.006090808416389812	0.04955703211517165	0.02602436323366556	0.003875968992248062	0.008859357696566999	0.0	0.018272425249169437	0.0	0.005260243632336656	0.037929125138427465	0.06118493909191584	0.003045404208194906	0.017995570321151715	0.023255813953488372	0.021871539313399777	0.001937984496124031	0.00636766334440753	0.03571428571428571	0.020210409745293468	0.0022148394241417496	0.004706533776301218	0.011904761904761904	0.005260243632336656	0.0005537098560354374	0.0011074197120708748	0.08637873754152824	0.03709856035437431	0.00636766334440753	0.014396456256921373	0.022425249169435217	0.01301218161683278	0.0008305647840531562	0.005260243632336656	0.04180509413067553	0.031007751937984496	0.0033222591362126247	0.007475083056478406	0.03294573643410853	0.014396456256921373	0.0027685492801771874	0.004152823920265781	0.023255813953488372	0.016334440753045402	0.0027685492801771874	0.0027685492801771874	0.0	0.021040974529346623	0.0	0.008028792912513842	0.02602436323366556	0.014950166112956811	0.001937984496124031	0.008028792912513842	0.02630121816168328	0.005260243632336656	0.001937984496124031	0.0027685492801771874	0.025193798449612403	0.04595791805094131	0.0024916943521594683	0.01522702104097453
0.0221483942414175	0.029346622369878183	0.0011074197120708748	0.00636766334440753	0.049003322259136214	0.02574750830564784	0.004429678848283499	0.009136212624584718	0.0	0.018272425249169437	0.0	0.005260243632336656	0.03765227021040975	0.06118493909191584	0.0033222591362126247	0.017995570321151715	0.023255813953488372	0.02159468438538206	0.001937984496124031	0.006644518272425249	0.03571428571428571	0.020210409745293468	0.0024916943521594683	0.004429678848283499	0.011627906976744186	0.005260243632336656	0.0005537098560354374	0.0013842746400885937	0.08499446290143965	0.037929125138427465	0.00636766334440753	0.013842746400885935	0.0221483942414175	0.013289036544850499	0.0011074197120708748	0.0049833887043189366	0.04263565891472868	0.03045404208194906	0.0027685492801771874	0.007751937984496124	0.03239202657807309	0.014119601328903655	0.0035991140642303433	0.004152823920265781	0.023255813953488372	0.016057585825027684	0.0027685492801771874	0.003045404208194906	0.0	0.020764119601328904	0.0	0.008305647840531562	0.02574750830564784	0.014950166112956811	0.0022148394241417496	0.008028792912513842	0.026578073089700997	0.005260243632336656	0.0016611295681063123	0.0027685492801771874	0.02630121816168328	0.04568106312292359	0.0024916943521594683	0.015503875968992248
0.0221483942414175	0.029069767441860465	0.0011074197120708748	0.006644518272425249	0.04955703211517165	0.025193798449612403	0.003875968992248062	0.009689922480620155	0.0	0.018272425249169437	0.0	0.005260243632336656	0.03875968992248062	0.06118493909191584	0.0022148394241417496	0.017995570321151715	0.022978959025470654	0.02159468438538206	0.0022148394241417496	0.006644518272425249	0.03571428571428571	0.020210409745293468	0.0024916943521594683	0.004429678848283499	0.011627906976744186	0.005260243632336656	0.0005537098560354374	0.0013842746400885937	0.08554817275747509	0.037929125138427465	0.005260243632336656	0.013289036544850499	0.02159468438538206	0.01301218161683278	0.0016611295681063123	0.005260243632336656	0.0429125138427464	0.0296234772978959	0.0033222591362126247	0.007751937984496124	0.03322259136212625	0.014119601328903655	0.0027685492801771874	0.004152823920265781	0.022702104097452935	0.015780730897009966	0.0033222591362126247	0.0033222591362126247	0.0	0.020764119601328904	0.0	0.008305647840531562	0.02574750830564784	0.014950166112956811	0.0022148394241417496	0.008028792912513842	0.026854928017718716	0.0049833887043189366	0.0013842746400885937	0.003045404208194906	0.027408637873754152	0.04595791805094131	0.0024916943521594683	0.01522702104097453
0.021871539313399777	0.0296234772978959	0.0013842746400885937	0.006090808416389812	0.049003322259136214	0.02547065337763012	0.004152823920265781	0.009689922480620155	0.0	0.017995570321151715	0.0	0.005537098560354375	0.03875968992248062	0.061461794019933555	0.0022148394241417496	0.017718715393133997	0.02353266888150609	0.02131782945736434	0.0016611295681063123	0.0069213732004429675	0.035437430786267994	0.020487264673311186	0.0027685492801771874	0.004152823920265781	0.011627906976744186	0.005537098560354375	0.0005537098560354374	0.0011074197120708748	0.08554817275747509	0.0384828349944629	0.0035991140642303433	0.013289036544850499	0.0221483942414175	0.01301218161683278	0.0011074197120708748	0.005260243632336656	0.044850498338870434	0.028792912513842746	0.0022148394241417496	0.007751937984496124	0.03294573643410853	0.014396456256921373	0.0024916943521594683	0.004429678848283499	0.022702104097452935	0.015780730897009966	0.0033222591362126247	0.0033222591362126247	0.0	0.020210409745293468	0.0	0.008859357696566999	0.02630121816168328	0.01522702104097453	0.001937984496124031	0.007475083056478406	0.026854928017718716	0.005260243632336656	0.0013842746400885937	0.0027685492801771874	0.027962347729789592	0.046234772978959025	0.003045404208194906	0.014950166112956811
0.022425249169435217	0.029346622369878183	0.0008305647840531562	0.00636766334440753	0.049003322259136214	0.02547065337763012	0.004706533776301218	0.009136212624584718	0.0	0.017995570321151715	0.0	0.005537098560354375	0.0384828349944629	0.06173864894795127	0.0024916943521594683	0.01744186046511628	0.023255813953488372	0.020487264673311186	0.001937984496124031	0.007751937984496124	0.035437430786267994	0.020764119601328904	0.0027685492801771874	0.003875968992248062	0.011904761904761904	0.005260243632336656	0.0005537098560354374	0.0011074197120708748	0.0858250276854928	0.03875968992248062	0.004429678848283499	0.01273532668881506	0.022425249169435217	0.01301218161683278	0.0008305647840531562	0.005260243632336656	0.044850498338870434	0.029069767441860465	0.0022148394241417496	0.007475083056478406	0.03294573643410853	0.014673311184939091	0.001937984496124031	0.004706533776301218	0.023255813953488372	0.015780730897009966	0.0024916943521594683	0.0035991140642303433	0.0	0.019933554817275746	0.0	0.009136212624584718	0.026854928017718716	0.015503875968992248	0.0016611295681063123	0.0069213732004429675	0.027131782945736434	0.005260243632336656	0.0011074197120708748	0.0027685492801771874	0.026578073089700997	0.046234772978959025	0.0035991140642303433	0.014950166112956811
0.022425249169435217	0.0296234772978959	0.0008305647840531562	0.006090808416389812	0.048726467331118496	0.02547065337763012	0.004429678848283499	0.009689922480620155	0.0	0.017995570321151715	0.0	0.005537098560354375	0.03903654485049834	0.06173864894795127	0.001937984496124031	0.01744186046511628	0.023255813953488372	0.020487264673311186	0.001937984496124031	0.007751937984496124	0.035160575858250276	0.021040974529346623	0.0027685492801771874	0.003875968992248062	0.011627906976744186	0.0049833887043189366	0.0008305647840531562	0.0013842746400885937	0.0858250276854928	0.03875968992248062	0.0049833887043189366	0.012181616832779624	0.0221483942414175	0.013565891472868217	0.0011074197120708748	0.004706533776301218	0.044850498338870434	0.028792912513842746	0.0024916943521594683	0.007475083056478406	0.03211517165005537	0.014673311184939091	0.0024916943521594683	0.0049833887043189366	0.023255813953488372	0.015780730897009966	0.0024916943521594683	0.0035991140642303433	0.0	0.020210409745293468	0.0	0.008859357696566999	0.02768549280177187	0.015503875968992248	0.0013842746400885937	0.00636766334440753	0.02630121816168328	0.0049833887043189366	0.001937984496124031	0.003045404208194906	0.027131782945736434	0.046234772978959025	0.003045404208194906	0.014950166112956811
0.021871539313399777	0.03017718715393134	0.0013842746400885937	0.005537098560354375	0.04955703211517165	0.025193798449612403	0.004152823920265781	0.009413067552602437	0.0	0.018549280177187155	0.0	0.0049833887043189366	0.03903654485049834	0.061461794019933555	0.001937984496124031	0.017718715393133997	0.022978959025470654	0.020210409745293468	0.0022148394241417496	0.008028792912513842	0.03488372093023256	0.020764119601328904	0.0033222591362126247	0.003875968992248062	0.01107419712070875	0.0049833887043189366	0.0011074197120708748	0.0016611295681063123	0.08554817275747509	0.0384828349944629	0.0049833887043189366	0.01273532668881506	0.0221483942414175	0.013289036544850499	0.0011074197120708748	0.0049833887043189366	0.044850498338870434	0.02823920265780731	0.0027685492801771874	0.007751937984496124	0.03211517165005537	0.014950166112956811	0.0024916943521594683	0.004706533776301218	0.024640088593576966	0.014673311184939091	0.001937984496124031	0.003875968992248062	0.0	0.020210409745293468	0.0	0.008859357696566999	0.027408637873754152	0.015503875968992248	0.0016611295681063123	0.00636766334440753	0.02630121816168328	0.0049833887043189366	0.001937984496124031	0.003045404208194906	0.027408637873754152	0.04568106312292359	0.0027685492801771874	0.015503875968992248
0.021871539313399777	0.029900332225913623	0.0013842746400885937	0.005813953488372093	0.04983388704318937	0.02547065337763012	0.0035991140642303433	0.009413067552602437	0.0	0.018272425249169437	0.0	0.005260243632336656	0.037929125138427465	0.06173864894795127	0.003045404208194906	0.01744186046511628	0.022978959025470654	0.020210409745293468	0.0022148394241417496	0.008028792912513842	0.035437430786267994	0.020764119601328904	0.0027685492801771874	0.003875968992248062	0.01079734219269103	0.0049833887043189366	0.0013842746400885937	0.0016611295681063123	0.08637873754152824	0.0384828349944629	0.005260243632336656	0.012181616832779624	0.0221483942414175	0.013842746400885935	0.0011074197120708748	0.004429678848283499	0.04401993355481727	0.02823920265780731	0.0033222591362126247	0.008028792912513842	0.03211517165005537	0.014673311184939091	0.0024916943521594683	0.0049833887043189366	0.024640088593576966	0.014396456256921373	0.0022148394241417496	0.003875968992248062	0.0	0.020487264673311186	0.0	0.00858250276854928	0.02768549280177187	0.015503875968992248	0.0016611295681063123	0.006090808416389812	0.02602436323366556	0.005537098560354375	0.0022148394241417496	0.0024916943521594683	0.027131782945736434	0.04540420819490587	0.0024916943521594683	0.015780730897009966
0.02159468438538206	0.029900332225913623	0.0016611295681063123	0.005813953488372093	0.05011074197120709	0.02547065337763012	0.003045404208194906	0.009689922480620155	0.0	0.018549280177187155	0.0	0.0049833887043189366	0.03765227021040975	0.06173864894795127	0.0033222591362126247	0.01744186046511628	0.023255813953488372	0.019656699889258028	0.001937984496124031	0.00858250276854928	0.035160575858250276	0.020210409745293468	0.003045404208194906	0.004429678848283499	0.011627906976744186	0.0049833887043189366	0.0005537098560354374	0.0016611295681063123	0.08416389811738649	0.037929125138427465	0.00636766334440753	0.013565891472868217	0.02131782945736434	0.013842746400885935	0.001937984496124031	0.004429678848283499	0.044573643410852716	0.02823920265780731	0.003045404208194906	0.007751937984496124	0.03156146179401993	0.014950166112956811	0.003045404208194906	0.004706533776301218	0.024363233665559248	0.014673311184939091	0.0022148394241417496	0.003875968992248062	0.0	0.021040974529346623	0.0	0.008028792912513842	0.02768549280177187	0.014673311184939091	0.0022148394241417496	0.00636766334440753	0.02630121816168328	0.005260243632336656	0.001937984496124031	0.0027685492801771874	0.02823920265780731	0.04540420819490587	0.0016611295681063123	0.015780730897009966
0.02159468438538206	0.029900332225913623	0.0016611295681063123	0.005813953488372093	0.05011074197120709	0.02547065337763012	0.0033222591362126247	0.009413067552602437	0.0	0.017995570321151715	0.0	0.005537098560354375	0.03820598006644518	0.06035437430786268	0.0027685492801771874	0.018826135105204873	0.022978959025470654	0.01937984496124031	0.0022148394241417496	0.008859357696566999	0.035437430786267994	0.019933554817275746	0.0027685492801771874	0.004706533776301218	0.011351052048726468	0.0049833887043189366	0.0008305647840531562	0.0016611295681063123	0.08554817275747509	0.037929125138427465	0.006644518272425249	0.013842746400885935	0.020764119601328904	0.013842746400885935	0.0024916943521594683	0.004429678848283499	0.044573643410852716	0.027962347729789592	0.0033222591362126247	0.007751937984496124	0.032668881506090805	0.014673311184939091	0.0022148394241417496	0.004706533776301218	0.024363233665559248	0.014673311184939091	0.0022148394241417496	0.003875968992248062	0.0	0.020764119601328904	0.0	0.008305647840531562	0.02823920265780731	0.014673311184939091	0.001937984496124031	0.006090808416389812	0.02602436323366556	0.005260243632336656	0.0022148394241417496	0.0027685492801771874	0.02602436323366556	0.044850498338870434	0.001937984496124031	0.016334440753045402
0.021040974529346623	0.03017718715393134	0.0022148394241417496	0.005537098560354375	0.050387596899224806	0.02547065337763012	0.003045404208194906	0.009413067552602437	0.0	0.018272425249169437	0.0	0.005260243632336656	0.03820598006644518	0.060077519379844964	0.0027685492801771874	0.01910299003322259	0.022978959025470654	0.01937984496124031	0.0022148394241417496	0.008859357696566999	0.03460686600221484	0.019933554817275746	0.0035991140642303433	0.004706533776301218	0.011351052048726468	0.0049833887043189366	0.0008305647840531562	0.0016611295681063123	0.08610188261351052	0.03737541528239203	0.00636766334440753	0.014673311184939091	0.020487264673311186	0.013565891472868217	0.0027685492801771874	0.004706533776301218	0.044296788482835	0.02851605758582503	0.003045404208194906	0.007751937984496124	0.03017718715393134	0.015503875968992248	0.003875968992248062	0.004706533776301218	0.02408637873754153	0.014396456256921373	0.0024916943521594683	0.004152823920265781	0.0	0.021040974529346623	0.0	0.008028792912513842	0.027962347729789592	0.014950166112956811	0.001937984496124031	0.006090808416389812	0.026578073089700997	0.005260243632336656	0.0016611295681063123	0.0027685492801771874	0.02574750830564784	0.044296788482835	0.0016611295681063123	0.016888150609080842
0.021040974529346623	0.029346622369878183	0.0022148394241417496	0.00636766334440753	0.05011074197120709	0.02547065337763012	0.003045404208194906	0.009689922480620155	0.0	0.017995570321151715	0.0	0.005537098560354375	0.03820598006644518	0.0592469545957918	0.0027685492801771874	0.019933554817275746	0.022425249169435217	0.01910299003322259	0.0027685492801771874	0.009136212624584718	0.03460686600221484	0.019656699889258028	0.003875968992248062	0.004706533776301218	0.011351052048726468	0.0049833887043189366	0.0008305647840531562	0.0016611295681063123	0.08665559246954596	0.037929125138427465	0.006090808416389812	0.014119601328903655	0.020487264673311186	0.013842746400885935	0.0027685492801771874	0.004429678848283499	0.044850498338870434	0.027962347729789592	0.003045404208194906	0.007751937984496124	0.03045404208194906	0.01522702104097453	0.0035991140642303433	0.0049833887043189366	0.02353266888150609	0.014119601328903655	0.003045404208194906	0.004429678848283499	0.0	0.02131782945736434	0.0	0.007751937984496124	0.02823920265780731	0.014673311184939091	0.001937984496124031	0.006090808416389812	0.026854928017718716	0.005260243632336656	0.0013842746400885937	0.0027685492801771874	0.024916943521594685	0.044296788482835	0.0022148394241417496	0.016888150609080842
0.021040974529346623	0.029346622369878183	0.0022148394241417496	0.00636766334440753	0.04955703211517165	0.02574750830564784	0.003875968992248062	0.009136212624584718	0.0	0.017718715393133997	0.0	0.005813953488372093	0.03765227021040975	0.060077519379844964	0.0033222591362126247	0.01910299003322259	0.0221483942414175	0.018826135105204873	0.003045404208194906	0.009413067552602437	0.03460686600221484	0.019656699889258028	0.003875968992248062	0.004706533776301218	0.011904761904761904	0.005260243632336656	0.0005537098560354374	0.0011074197120708748	0.08831672203765227	0.037929125138427465	0.005537098560354375	0.013842746400885935	0.02131782945736434	0.013842746400885935	0.001937984496124031	0.004429678848283499	0.04512735326688815	0.02823920265780731	0.0027685492801771874	0.007475083056478406	0.03017718715393134	0.014950166112956811	0.003875968992248062	0.005260243632336656	0.024363233665559248	0.014119601328903655	0.0022148394241417496	0.004429678848283499	0.0	0.02131782945736434	0.0	0.007751937984496124	0.02768549280177187	0.01522702104097453	0.0022148394241417496	0.005813953488372093	0.02602436323366556	0.005813953488372093	0.0022148394241417496	0.0022148394241417496	0.02408637873754153	0.044850498338870434	0.0022148394241417496	0.016334440753045402
0.02159468438538206	0.029346622369878183	0.0016611295681063123	0.00636766334440753	0.04955703211517165	0.02574750830564784	0.0035991140642303433	0.009413067552602437	0.0	0.017718715393133997	0.0	0.005813953488372093	0.037929125138427465	0.06035437430786268	0.003045404208194906	0.018826135105204873	0.021871539313399777	0.01910299003322259	0.0033222591362126247	0.009136212624584718	0.035160575858250276	0.020210409745293468	0.0033222591362126247	0.004152823920265781	0.012181616832779624	0.005260243632336656	0.0005537098560354374	0.0008305647840531562	0.0872093023255814	0.0384828349944629	0.006644518272425249	0.013842746400885935	0.0221483942414175	0.013565891472868217	0.0011074197120708748	0.004706533776301218	0.04540420819490587	0.02823920265780731	0.0022148394241417496	0.007751937984496124	0.029900332225913623	0.014950166112956811	0.0035991140642303433	0.005813953488372093	0.025193798449612403	0.013842746400885935	0.0022148394241417496	0.003875968992248062	0.0	0.021040974529346623	0.0	0.008028792912513842	0.02823920265780731	0.014673311184939091	0.001937984496124031	0.006090808416389812	0.02574750830564784	0.005813953488372093	0.0024916943521594683	0.0022148394241417496	0.02353266888150609	0.04540420819490587	0.0022148394241417496	0.015780730897009966
0.02131782945736434	0.029346622369878183	0.001937984496124031	0.00636766334440753	0.04844961240310078	0.02630121816168328	0.003875968992248062	0.009689922480620155	0.0	0.017995570321151715	0.0	0.005537098560354375	0.037929125138427465	0.060077519379844964	0.003045404208194906	0.01910299003322259	0.0221483942414175	0.018549280177187155	0.003045404208194906	0.009689922480620155	0.03571428571428571	0.020210409745293468	0.0024916943521594683	0.004429678848283499	0.011904761904761904	0.005260243632336656	0.0008305647840531562	0.0008305647840531562	0.08693244739756367	0.037929125138427465	0.007751937984496124	0.014119601328903655	0.0221483942414175	0.014119601328903655	0.0011074197120708748	0.004152823920265781	0.04512735326688815	0.029069767441860465	0.001937984496124031	0.007475083056478406	0.03017718715393134	0.014950166112956811	0.0033222591362126247	0.005813953488372093	0.02547065337763012	0.013565891472868217	0.0022148394241417496	0.003875968992248062	0.0	0.02131782945736434	0.0	0.007751937984496124	0.02768549280177187	0.014119601328903655	0.0024916943521594683	0.006644518272425249	0.02602436323366556	0.006090808416389812	0.0022148394241417496	0.001937984496124031	0.022702104097452935	0.04540420819490587	0.0024916943521594683	0.015780730897009966
0.021871539313399777	0.029346622369878183	0.0013842746400885937	0.00636766334440753	0.047895902547065335	0.026578073089700997	0.004706533776301218	0.009136212624584718	0.0	0.018272425249169437	0.0	0.005260243632336656	0.03709856035437431	0.060077519379844964	0.003875968992248062	0.01910299003322259	0.022425249169435217	0.018826135105204873	0.0027685492801771874	0.009413067552602437	0.03765227021040975	0.019933554817275746	0.0013842746400885937	0.003875968992248062	0.012181616832779624	0.005260243632336656	0.0005537098560354374	0.0008305647840531562	0.08748615725359911	0.037929125138427465	0.008028792912513842	0.014396456256921373	0.022425249169435217	0.014119601328903655	0.0008305647840531562	0.004152823920265781	0.04512735326688815	0.028792912513842746	0.0022148394241417496	0.007475083056478406	0.031007751937984496	0.014950166112956811	0.0027685492801771874	0.005537098560354375	0.02574750830564784	0.013565891472868217	0.001937984496124031	0.003875968992248062	0.0	0.020487264673311186	0.0	0.00858250276854928	0.02768549280177187	0.013842746400885935	0.0024916943521594683	0.0069213732004429675	0.02547065337763012	0.006644518272425249	0.0027685492801771874	0.0013842746400885937	0.022702104097452935	0.044296788482835	0.0013842746400885937	0.016888150609080842
0.02159468438538206	0.0296234772978959	0.0016611295681063123	0.006090808416389812	0.04817275747508306	0.02574750830564784	0.0049833887043189366	0.009413067552602437	0.0	0.018272425249169437	0.0	0.005260243632336656	0.03737541528239203	0.06035437430786268	0.0035991140642303433	0.018826135105204873	0.022425249169435217	0.01910299003322259	0.0027685492801771874	0.009136212624584718	0.03682170542635659	0.01937984496124031	0.0022148394241417496	0.004429678848283499	0.012181616832779624	0.005537098560354375	0.0005537098560354374	0.0005537098560354374	0.08776301218161683	0.03737541528239203	0.007475083056478406	0.014396456256921373	0.022702104097452935	0.014396456256921373	0.0005537098560354374	0.003875968992248062	0.044850498338870434	0.02823920265780731	0.0024916943521594683	0.008028792912513842	0.03045404208194906	0.014950166112956811	0.0027685492801771874	0.006090808416389812	0.02547065337763012	0.014119601328903655	0.0016611295681063123	0.003875968992248062	0.0	0.020764119601328904	0.0	0.008305647840531562	0.02823920265780731	0.01522702104097453	0.0013842746400885937	0.006090808416389812	0.025193798449612403	0.00636766334440753	0.003045404208194906	0.0016611295681063123	0.023255813953488372	0.044850498338870434	0.0016611295681063123	0.016334440753045402
0.02159468438538206	0.029069767441860465	0.0016611295681063123	0.006644518272425249	0.048726467331118496	0.026854928017718716	0.003875968992248062	0.008859357696566999	0.0	0.017995570321151715	0.0	0.005537098560354375	0.03737541528239203	0.061461794019933555	0.0035991140642303433	0.017718715393133997	0.0221483942414175	0.018826135105204873	0.003045404208194906	0.009413067552602437	0.036544850498338874	0.018826135105204873	0.0027685492801771874	0.004706533776301218	0.011904761904761904	0.005260243632336656	0.0005537098560354374	0.0011074197120708748	0.08831672203765227	0.03820598006644518	0.00636766334440753	0.014119601328903655	0.022702104097452935	0.014396456256921373	0.0005537098560354374	0.003875968992248062	0.044850498338870434	0.02823920265780731	0.0022148394241417496	0.008305647840531562	0.03045404208194906	0.014673311184939091	0.0027685492801771874	0.00636766334440753	0.024916943521594685	0.014119601328903655	0.0022148394241417496	0.003875968992248062	0.0	0.021040974529346623	0.0	0.008028792912513842	0.027962347729789592	0.014673311184939091	0.0016611295681063123	0.006644518272425249	0.02547065337763012	0.00636766334440753	0.0027685492801771874	0.0016611295681063123	0.022702104097452935	0.044850498338870434	0.0022148394241417496	0.016334440753045402
0.02159468438538206	0.0296234772978959	0.0016611295681063123	0.006090808416389812	0.04817275747508306	0.027131782945736434	0.004706533776301218	0.008305647840531562	0.0	0.017718715393133997	0.0	0.005813953488372093	0.03682170542635659	0.06035437430786268	0.004152823920265781	0.018826135105204873	0.02159468438538206	0.018549280177187155	0.0035991140642303433	0.009689922480620155	0.036544850498338874	0.01937984496124031	0.0024916943521594683	0.004429678848283499	0.011351052048726468	0.005813953488372093	0.0005537098560354374	0.0011074197120708748	0.08665559246954596	0.0384828349944629	0.007475083056478406	0.014119601328903655	0.022702104097452935	0.014673311184939091	0.0005537098560354374	0.0035991140642303433	0.04401993355481727	0.028792912513842746	0.0027685492801771874	0.008028792912513842	0.030730897009966777	0.014673311184939091	0.0022148394241417496	0.006644518272425249	0.024363233665559248	0.013842746400885935	0.0024916943521594683	0.004429678848283499	0.0	0.02131782945736434	0.0	0.007751937984496124	0.02768549280177187	0.01522702104097453	0.0016611295681063123	0.00636766334440753	0.02630121816168328	0.00636766334440753	0.001937984496124031	0.0016611295681063123	0.02353266888150609	0.04568106312292359	0.0016611295681063123	0.015503875968992248
0.02131782945736434	0.029900332225913623	0.001937984496124031	0.005813953488372093	0.047619047619047616	0.027131782945736434	0.005537098560354375	0.008028792912513842	0.0	0.018272425249169437	0.0	0.005260243632336656	0.037929125138427465	0.0606312292358804	0.003045404208194906	0.018549280177187155	0.02131782945736434	0.018826135105204873	0.003875968992248062	0.009413067552602437	0.03626799557032115	0.01937984496124031	0.003045404208194906	0.004152823920265781	0.011904761904761904	0.005537098560354375	0.0002768549280177187	0.0011074197120708748	0.0872093023255814	0.03903654485049834	0.006090808416389812	0.013565891472868217	0.022702104097452935	0.014950166112956811	0.0005537098560354374	0.0033222591362126247	0.044296788482835	0.028792912513842746	0.0027685492801771874	0.007751937984496124	0.030730897009966777	0.014950166112956811	0.0022148394241417496	0.00636766334440753	0.024916943521594685	0.013289036544850499	0.001937984496124031	0.0049833887043189366	0.0	0.02159468438538206	0.0	0.007475083056478406	0.027408637873754152	0.01522702104097453	0.001937984496124031	0.00636766334440753	0.02602436323366556	0.006090808416389812	0.0022148394241417496	0.001937984496124031	0.024916943521594685	0.04540420819490587	0.0011074197120708748	0.015780730897009966
0.02159468438538206	0.0296234772978959	0.0016611295681063123	0.006090808416389812	0.0473421926910299	0.027408637873754152	0.005260243632336656	0.008305647840531562	0.0	0.017718715393133997	0.0	0.005813953488372093	0.03820598006644518	0.060077519379844964	0.0027685492801771874	0.01910299003322259	0.021040974529346623	0.01937984496124031	0.004152823920265781	0.008859357696566999	0.03682170542635659	0.019656699889258028	0.0027685492801771874	0.0035991140642303433	0.012181616832779624	0.005260243632336656	0.0002768549280177187	0.0011074197120708748	0.08554817275747509	0.03903654485049834	0.0069213732004429675	0.013842746400885935	0.022702104097452935	0.015503875968992248	0.0005537098560354374	0.0027685492801771874	0.043743078626799554	0.02851605758582503	0.003045404208194906	0.008305647840531562	0.031007751937984496	0.014673311184939091	0.0024916943521594683	0.006090808416389812	0.024916943521594685	0.01301218161683278	0.0016611295681063123	0.005537098560354375	0.0	0.020764119601328904	0.0	0.008305647840531562	0.026578073089700997	0.015503875968992248	0.0027685492801771874	0.006090808416389812	0.02547065337763012	0.006090808416389812	0.0027685492801771874	0.001937984496124031	0.025193798449612403	0.04568106312292359	0.0013842746400885937	0.015503875968992248
0.0221483942414175	0.029069767441860465	0.0011074197120708748	0.006644518272425249	0.0473421926910299	0.027408637873754152	0.0049833887043189366	0.00858250276854928	0.0	0.01744186046511628	0.0	0.006090808416389812	0.0384828349944629	0.0606312292358804	0.0024916943521594683	0.018549280177187155	0.021040974529346623	0.019656699889258028	0.004152823920265781	0.00858250276854928	0.03709856035437431	0.019656699889258028	0.0024916943521594683	0.0035991140642303433	0.012181616832779624	0.005260243632336656	0.0002768549280177187	0.0011074197120708748	0.08471760797342193	0.03903654485049834	0.007198228128460687	0.014119601328903655	0.022425249169435217	0.015503875968992248	0.0008305647840531562	0.0027685492801771874	0.043466223698781836	0.0296234772978959	0.0027685492801771874	0.007751937984496124	0.031007751937984496	0.015780730897009966	0.0022148394241417496	0.005260243632336656	0.02574750830564784	0.013289036544850499	0.0011074197120708748	0.0049833887043189366	0.0	0.02159468438538206	0.0	0.007475083056478406	0.026854928017718716	0.015780730897009966	0.0024916943521594683	0.005813953488372093	0.02574750830564784	0.006090808416389812	0.0024916943521594683	0.001937984496124031	0.02574750830564784	0.04595791805094131	0.0011074197120708748	0.01522702104097453
0.021871539313399777	0.02851605758582503	0.0013842746400885937	0.007198228128460687	0.047619047619047616	0.027131782945736434	0.0049833887043189366	0.00858250276854928	0.0	0.01744186046511628	0.0	0.006090808416389812	0.03765227021040975	0.059800664451827246	0.0033222591362126247	0.01937984496124031	0.022425249169435217	0.01937984496124031	0.0027685492801771874	0.008859357696566999	0.03682170542635659	0.01937984496124031	0.0027685492801771874	0.003875968992248062	0.012181616832779624	0.005260243632336656	0.0002768549280177187	0.0011074197120708748	0.08416389811738649	0.039313399778516056	0.00858250276854928	0.013565891472868217	0.022702104097452935	0.015503875968992248	0.0005537098560354374	0.0027685492801771874	0.043743078626799554	0.029900332225913623	0.0027685492801771874	0.007198228128460687	0.031007751937984496	0.015780730897009966	0.0022148394241417496	0.005260243632336656	0.02547065337763012	0.014119601328903655	0.0013842746400885937	0.004152823920265781	0.0	0.02159468438538206	0.0	0.007475083056478406	0.02768549280177187	0.015780730897009966	0.0016611295681063123	0.005813953488372093	0.02547065337763012	0.00636766334440753	0.0027685492801771874	0.0016611295681063123	0.024916943521594685	0.04678848283499446	0.0013842746400885937	0.014396456256921373
0.0221483942414175	0.027962347729789592	0.0011074197120708748	0.007751937984496124	0.04928017718715393	0.02630121816168328	0.004152823920265781	0.00858250276854928	0.0	0.01716500553709856	0.0	0.00636766334440753	0.037929125138427465	0.059800664451827246	0.003045404208194906	0.01937984496124031	0.023255813953488372	0.01937984496124031	0.001937984496124031	0.008859357696566999	0.03626799557032115	0.019656699889258028	0.0027685492801771874	0.004152823920265781	0.011627906976744186	0.005260243632336656	0.0008305647840531562	0.0011074197120708748	0.08527131782945736	0.0384828349944629	0.008859357696566999	0.013565891472868217	0.022702104097452935	0.015503875968992248	0.0005537098560354374	0.0027685492801771874	0.044296788482835	0.029346622369878183	0.0027685492801771874	0.007198228128460687	0.031007751937984496	0.016057585825027684	0.001937984496124031	0.005260243632336656	0.02602436323366556	0.013565891472868217	0.0013842746400885937	0.004152823920265781	0.0	0.021871539313399777	0.0	0.007198228128460687	0.027408637873754152	0.015780730897009966	0.001937984496124031	0.005813953488372093	0.026578073089700997	0.00636766334440753	0.0016611295681063123	0.0016611295681063123	0.024363233665559248	0.047619047619047616	0.0013842746400885937	0.013565891472868217
0.02159468438538206	0.027962347729789592	0.0016611295681063123	0.007751937984496124	0.04955703211517165	0.02602436323366556	0.004152823920265781	0.00858250276854928	0.0	0.016888150609080842	0.0	0.006644518272425249	0.03820598006644518	0.059800664451827246	0.0027685492801771874	0.01937984496124031	0.022978959025470654	0.01910299003322259	0.0022148394241417496	0.009136212624584718	0.03626799557032115	0.01937984496124031	0.003045404208194906	0.004152823920265781	0.011904761904761904	0.0049833887043189366	0.0008305647840531562	0.0011074197120708748	0.08527131782945736	0.03737541528239203	0.009413067552602437	0.014119601328903655	0.021871539313399777	0.015503875968992248	0.0013842746400885937	0.0027685492801771874	0.044296788482835	0.029346622369878183	0.0027685492801771874	0.007198228128460687	0.031007751937984496	0.016334440753045402	0.001937984496124031	0.0049833887043189366	0.02602436323366556	0.013289036544850499	0.0016611295681063123	0.004152823920265781	0.0	0.021871539313399777	0.0	0.007198228128460687	0.02823920265780731	0.01522702104097453	0.0013842746400885937	0.006090808416389812	0.026578073089700997	0.006644518272425249	0.0016611295681063123	0.0013842746400885937	0.02353266888150609	0.046511627906976744	0.0022148394241417496	0.014673311184939091
0.0221483942414175	0.02823920265780731	0.0011074197120708748	0.007475083056478406	0.050387596899224806	0.02602436323366556	0.003045404208194906	0.008859357696566999	0.0	0.016888150609080842	0.0	0.006644518272425249	0.03765227021040975	0.05841638981173865	0.0033222591362126247	0.020764119601328904	0.023255813953488372	0.01910299003322259	0.001937984496124031	0.009136212624584718	0.03709856035437431	0.018826135105204873	0.0027685492801771874	0.004152823920265781	0.011627906976744186	0.0049833887043189366	0.0011074197120708748	0.0011074197120708748	0.08499446290143965	0.03820598006644518	0.009136212624584718	0.014119601328903655	0.02159468438538206	0.01522702104097453	0.0016611295681063123	0.003045404208194906	0.043466223698781836	0.029346622369878183	0.0035991140642303433	0.007198228128460687	0.03045404208194906	0.016334440753045402	0.0016611295681063123	0.005813953488372093	0.026854928017718716	0.01301218161683278	0.0008305647840531562	0.004429678848283499	0.0	0.02159468438538206	0.0	0.007475083056478406	0.02823920265780731	0.016057585825027684	0.0016611295681063123	0.0049833887043189366	0.02574750830564784	0.006644518272425249	0.0024916943521594683	0.0013842746400885937	0.022978959025470654	0.04678848283499446	0.0024916943521594683	0.014396456256921373
0.022425249169435217	0.027962347729789592	0.0008305647840531562	0.007751937984496124	0.05094130675526024	0.02574750830564784	0.0022148394241417496	0.009413067552602437	0.0	0.016888150609080842	0.0	0.006644518272425249	0.03765227021040975	0.058693244739756366	0.0033222591362126247	0.020487264673311186	0.02353266888150609	0.019933554817275746	0.0016611295681063123	0.008305647840531562	0.03820598006644518	0.018549280177187155	0.0022148394241417496	0.003875968992248062	0.011904761904761904	0.0049833887043189366	0.0008305647840531562	0.0011074197120708748	0.08361018826135105	0.037929125138427465	0.010243632336655593	0.014119601328903655	0.02131782945736434	0.01522702104097453	0.001937984496124031	0.003045404208194906	0.04235880398671096	0.029069767441860465	0.0049833887043189366	0.007198228128460687	0.03045404208194906	0.016334440753045402	0.0013842746400885937	0.006090808416389812	0.027131782945736434	0.01273532668881506	0.0008305647840531562	0.004429678848283499	0.0	0.02159468438538206	0.0	0.007475083056478406	0.02851605758582503	0.016057585825027684	0.0013842746400885937	0.0049833887043189366	0.026578073089700997	0.006644518272425249	0.0016611295681063123	0.0013842746400885937	0.02408637873754153	0.04568106312292359	0.001937984496124031	0.015503875968992248
0.021871539313399777	0.027408637873754152	0.0013842746400885937	0.008305647840531562	0.05094130675526024	0.025193798449612403	0.0024916943521594683	0.009689922480620155	0.0	0.01716500553709856	0.0	0.00636766334440753	0.03765227021040975	0.05952380952380952	0.0033222591362126247	0.019656699889258028	0.02353266888150609	0.019656699889258028	0.0016611295681063123	0.00858250276854928	0.03820598006644518	0.018549280177187155	0.0024916943521594683	0.0035991140642303433	0.012181616832779624	0.005260243632336656	0.0005537098560354374	0.0008305647840531562	0.08250276854928018	0.0384828349944629	0.010243632336655593	0.013565891472868217	0.021040974529346623	0.01522702104097453	0.0022148394241417496	0.003045404208194906	0.04125138427464009	0.029346622369878183	0.005537098560354375	0.007475083056478406	0.0296234772978959	0.016888150609080842	0.0016611295681063123	0.006090808416389812	0.026854928017718716	0.013289036544850499	0.0008305647840531562	0.004152823920265781	0.0	0.02131782945736434	0.0	0.007751937984496124	0.028792912513842746	0.015780730897009966	0.0013842746400885937	0.0049833887043189366	0.027131782945736434	0.006644518272425249	0.0011074197120708748	0.0013842746400885937	0.02547065337763012	0.046511627906976744	0.0016611295681063123	0.014673311184939091
0.021871539313399777	0.027408637873754152	0.0013842746400885937	0.008305647840531562	0.05260243632336656	0.024640088593576966	0.0011074197120708748	0.009966777408637873	0.0	0.01716500553709856	0.0	0.00636766334440753	0.036544850498338874	0.058970099667774084	0.004429678848283499	0.020210409745293468	0.023255813953488372	0.01937984496124031	0.001937984496124031	0.008859357696566999	0.03820598006644518	0.018272425249169437	0.0027685492801771874	0.0035991140642303433	0.011904761904761904	0.005260243632336656	0.0005537098560354374	0.0011074197120708748	0.08361018826135105	0.04014396456256921	0.008305647840531562	0.01273532668881506	0.020764119601328904	0.014950166112956811	0.0024916943521594683	0.0033222591362126247	0.043743078626799554	0.028792912513842746	0.003875968992248062	0.007198228128460687	0.0296234772978959	0.01716500553709856	0.0013842746400885937	0.006090808416389812	0.026578073089700997	0.013289036544850499	0.0008305647840531562	0.004429678848283499	0.0	0.021040974529346623	0.0	0.008028792912513842	0.028792912513842746	0.015780730897009966	0.0016611295681063123	0.004706533776301218	0.026578073089700997	0.006644518272425249	0.0016611295681063123	0.0013842746400885937	0.02574750830564784	0.04678848283499446	0.0013842746400885937	0.014396456256921373
0.0221483942414175	0.027131782945736434	0.0011074197120708748	0.00858250276854928	0.05260243632336656	0.023809523809523808	0.0011074197120708748	0.01079734219269103	0.0	0.016888150609080842	0.0	0.006644518272425249	0.036544850498338874	0.05841638981173865	0.004429678848283499	0.020764119601328904	0.022702104097452935	0.01910299003322259	0.0024916943521594683	0.009136212624584718	0.037929125138427465	0.01744186046511628	0.0033222591362126247	0.004152823920265781	0.011627906976744186	0.005813953488372093	0.0005537098560354374	0.0008305647840531562	0.08416389811738649	0.040420819490586936	0.007198228128460687	0.011904761904761904	0.020764119601328904	0.014673311184939091	0.0024916943521594683	0.0035991140642303433	0.044296788482835	0.027962347729789592	0.0035991140642303433	0.007751937984496124	0.029069767441860465	0.016888150609080842	0.001937984496124031	0.00636766334440753	0.026854928017718716	0.01301218161683278	0.0008305647840531562	0.004429678848283499	0.0	0.02131782945736434	0.0	0.007751937984496124	0.0296234772978959	0.014950166112956811	0.0016611295681063123	0.004706533776301218	0.02602436323366556	0.006644518272425249	0.0022148394241417496	0.0013842746400885937	0.02574750830564784	0.047619047619047616	0.0024916943521594683	0.013565891472868217
0.02159468438538206	0.027408637873754152	0.0016611295681063123	0.008305647840531562	0.0517718715393134	0.02408637873754153	0.0013842746400885937	0.01107419712070875	0.0	0.016888150609080842	0.0	0.006644518272425249	0.03682170542635659	0.0592469545957918	0.004152823920265781	0.019933554817275746	0.022978959025470654	0.01910299003322259	0.0022148394241417496	0.009136212624584718	0.03709856035437431	0.01744186046511628	0.003875968992248062	0.004429678848283499	0.011351052048726468	0.005813953488372093	0.0008305647840531562	0.0008305647840531562	0.08471760797342193	0.04014396456256921	0.005813953488372093	0.01273532668881506	0.020764119601328904	0.014673311184939091	0.0024916943521594683	0.0035991140642303433	0.044296788482835	0.026854928017718716	0.0035991140642303433	0.008859357696566999	0.02851605758582503	0.016888150609080842	0.0022148394241417496	0.006644518272425249	0.026578073089700997	0.01273532668881506	0.0013842746400885937	0.004429678848283499	0.0	0.02131782945736434	0.0	0.007751937984496124	0.0296234772978959	0.014673311184939091	0.001937984496124031	0.004706533776301218	0.027131782945736434	0.006644518272425249	0.0011074197120708748	0.0013842746400885937	0.02574750830564784	0.04817275747508306	0.0027685492801771874	0.01301218161683278
0.021871539313399777	0.026854928017718716	0.0013842746400885937	0.008859357696566999	0.05149501661129568	0.024363233665559248	0.0013842746400885937	0.01107419712070875	0.0	0.016334440753045402	0.0	0.007198228128460687	0.03709856035437431	0.05952380952380952	0.003875968992248062	0.019656699889258028	0.022702104097452935	0.01937984496124031	0.0024916943521594683	0.008859357696566999	0.03737541528239203	0.017718715393133997	0.0035991140642303433	0.004152823920265781	0.01107419712070875	0.005813953488372093	0.0011074197120708748	0.0008305647840531562	0.08333333333333333	0.040697674418604654	0.0069213732004429675	0.01273532668881506	0.021040974529346623	0.014119601328903655	0.0022148394241417496	0.004152823920265781	0.044573643410852716	0.02602436323366556	0.0035991140642303433	0.009413067552602437	0.02851605758582503	0.01744186046511628	0.001937984496124031	0.00636766334440753	0.02630121816168328	0.012458471760797342	0.0016611295681063123	0.004706533776301218	0.0	0.021040974529346623	0.0	0.008028792912513842	0.0296234772978959	0.01522702104097453	0.0022148394241417496	0.003875968992248062	0.026578073089700997	0.0069213732004429675	0.0016611295681063123	0.0011074197120708748	0.02574750830564784	0.04844961240310078	0.0024916943521594683	0.01273532668881506
0.02159468438538206	0.027408637873754152	0.0016611295681063123	0.008305647840531562	0.050664451827242524	0.024916943521594685	0.0016611295681063123	0.01107419712070875	0.0	0.016611295681063124	0.0	0.0069213732004429675	0.03737541528239203	0.060077519379844964	0.0035991140642303433	0.01910299003322259	0.02159468438538206	0.01910299003322259	0.0035991140642303433	0.009136212624584718	0.037929125138427465	0.017718715393133997	0.003045404208194906	0.004152823920265781	0.010520487264673311	0.006090808416389812	0.0013842746400885937	0.0008305647840531562	0.08416389811738649	0.03986710963455149	0.007751937984496124	0.01273532668881506	0.02131782945736434	0.013842746400885935	0.001937984496124031	0.004429678848283499	0.04512735326688815	0.02602436323366556	0.003045404208194906	0.009413067552602437	0.02851605758582503	0.01744186046511628	0.0022148394241417496	0.006090808416389812	0.02630121816168328	0.012181616832779624	0.0016611295681063123	0.0049833887043189366	0.0	0.02131782945736434	0.0	0.007751937984496124	0.029346622369878183	0.015780730897009966	0.0024916943521594683	0.0033222591362126247	0.026578073089700997	0.0069213732004429675	0.0016611295681063123	0.0011074197120708748	0.024640088593576966	0.04817275747508306	0.0027685492801771874	0.01301218161683278
0.02159468438538206	0.027962347729789592	0.0016611295681063123	0.007751937984496124	0.050387596899224806	0.024640088593576966	0.001937984496124031	0.011351052048726468	0.0	0.016611295681063124	0.0	0.0069213732004429675	0.037929125138427465	0.060077519379844964	0.003045404208194906	0.01910299003322259	0.021040974529346623	0.01910299003322259	0.004152823920265781	0.009136212624584718	0.03682170542635659	0.017995570321151715	0.004152823920265781	0.003875968992248062	0.009966777408637873	0.00636766334440753	0.001937984496124031	0.0005537098560354374	0.08471760797342193	0.04125138427464009	0.0069213732004429675	0.011627906976744186	0.02159468438538206	0.013289036544850499	0.0016611295681063123	0.0049833887043189366	0.04568106312292359	0.02630121816168328	0.0024916943521594683	0.009136212624584718	0.029069767441860465	0.01744186046511628	0.0016611295681063123	0.006090808416389812	0.026854928017718716	0.012458471760797342	0.0016611295681063123	0.004152823920265781	0.0	0.021871539313399777	0.0	0.007198228128460687	0.030730897009966777	0.016334440753045402	0.0011074197120708748	0.0027685492801771874	0.026854928017718716	0.0069213732004429675	0.0013842746400885937	0.0011074197120708748	0.024916943521594685	0.04817275747508306	0.0024916943521594683	0.01301218161683278
0.02131782945736434	0.027962347729789592	0.001937984496124031	0.007751937984496124	0.05094130675526024	0.02408637873754153	0.0022148394241417496	0.01107419712070875	0.0	0.016888150609080842	0.0	0.006644518272425249	0.03765227021040975	0.06035437430786268	0.0033222591362126247	0.018826135105204873	0.02131782945736434	0.01937984496124031	0.003875968992248062	0.008859357696566999	0.03709856035437431	0.01744186046511628	0.004152823920265781	0.004152823920265781	0.008859357696566999	0.006644518272425249	0.0024916943521594683	0.0008305647840531562	0.08554817275747509	0.04097452934662237	0.007475083056478406	0.011351052048726468	0.021040974529346623	0.013289036544850499	0.0022148394241417496	0.0049833887043189366	0.046511627906976744	0.02630121816168328	0.0016611295681063123	0.009136212624584718	0.02851605758582503	0.01744186046511628	0.0013842746400885937	0.0069213732004429675	0.02768549280177187	0.011904761904761904	0.0013842746400885937	0.004152823920265781	0.0	0.021871539313399777	0.0	0.007198228128460687	0.03045404208194906	0.016057585825027684	0.0011074197120708748	0.0033222591362126247	0.027131782945736434	0.0069213732004429675	0.0011074197120708748	0.0011074197120708748	0.02353266888150609	0.04817275747508306	0.003045404208194906	0.01301218161683278
0.02159468438538206	0.02851605758582503	0.0016611295681063123	0.007198228128460687	0.050387596899224806	0.024363233665559248	0.0024916943521594683	0.01107419712070875	0.0	0.016888150609080842	0.0	0.006644518272425249	0.03820598006644518	0.0606312292358804	0.0027685492801771874	0.018549280177187155	0.021871539313399777	0.019656699889258028	0.0033222591362126247	0.00858250276854928	0.037929125138427465	0.01744186046511628	0.0033222591362126247	0.004152823920265781	0.009136212624584718	0.006644518272425249	0.0022148394241417496	0.0008305647840531562	0.0844407530454042	0.04014396456256921	0.008028792912513842	0.011904761904761904	0.021040974529346623	0.01301218161683278	0.0022148394241417496	0.005260243632336656	0.04568106312292359	0.026578073089700997	0.0022148394241417496	0.009136212624584718	0.029900332225913623	0.016888150609080842	0.0008305647840531562	0.006644518272425249	0.02768549280177187	0.011904761904761904	0.0013842746400885937	0.004152823920265781	0.0	0.02159468438538206	0.0	0.007475083056478406	0.03045404208194906	0.015780730897009966	0.0013842746400885937	0.0033222591362126247	0.026578073089700997	0.007198228128460687	0.0016611295681063123	0.0008305647840531562	0.024363233665559248	0.048726467331118496	0.003045404208194906	0.012458471760797342
0.02131782945736434	0.02768549280177187	0.001937984496124031	0.008028792912513842	0.050387596899224806	0.02353266888150609	0.0027685492801771874	0.011627906976744186	0.0	0.01716500553709856	0.0	0.00636766334440753	0.03820598006644518	0.06118493909191584	0.0027685492801771874	0.017995570321151715	0.021871539313399777	0.019656699889258028	0.0033222591362126247	0.00858250276854928	0.03820598006644518	0.01716500553709856	0.0033222591362126247	0.004152823920265781	0.009413067552602437	0.006644518272425249	0.001937984496124031	0.0008305647840531562	0.08527131782945736	0.040697674418604654	0.00636766334440753	0.011904761904761904	0.020764119601328904	0.012458471760797342	0.0024916943521594683	0.005813953488372093	0.044850498338870434	0.027131782945736434	0.0027685492801771874	0.008859357696566999	0.0296234772978959	0.01744186046511628	0.0011074197120708748	0.006090808416389812	0.027408637873754152	0.011904761904761904	0.0016611295681063123	0.004152823920265781	0.0	0.02131782945736434	0.0	0.007751937984496124	0.03017718715393134	0.015503875968992248	0.0016611295681063123	0.0035991140642303433	0.026854928017718716	0.007198228128460687	0.0013842746400885937	0.0008305647840531562	0.024916943521594685	0.04817275747508306	0.0027685492801771874	0.01301218161683278
0.021040974529346623	0.027962347729789592	0.0022148394241417496	0.007751937984496124	0.05011074197120709	0.02408637873754153	0.003045404208194906	0.01107419712070875	0.0	0.01744186046511628	0.0	0.006090808416389812	0.03820598006644518	0.06090808416389812	0.0027685492801771874	0.018272425249169437	0.021871539313399777	0.019656699889258028	0.0033222591362126247	0.00858250276854928	0.03903654485049834	0.016888150609080842	0.0027685492801771874	0.004152823920265781	0.009413067552602437	0.006090808416389812	0.001937984496124031	0.0013842746400885937	0.08665559246954596	0.03986710963455149	0.00636766334440753	0.011904761904761904	0.020210409745293468	0.012458471760797342	0.003045404208194906	0.005813953488372093	0.04512735326688815	0.02602436323366556	0.0027685492801771874	0.009689922480620155	0.029346622369878183	0.017718715393133997	0.0013842746400885937	0.005813953488372093	0.02851605758582503	0.011904761904761904	0.0005537098560354374	0.004152823920265781	0.0	0.022425249169435217	0.0	0.006644518272425249	0.03045404208194906	0.014950166112956811	0.0016611295681063123	0.003875968992248062	0.026854928017718716	0.007198228128460687	0.0013842746400885937	0.0008305647840531562	0.024916943521594685	0.047895902547065335	0.0022148394241417496	0.013289036544850499
0.02159468438538206	0.02851605758582503	0.0016611295681063123	0.007198228128460687	0.050664451827242524	0.023809523809523808	0.0033222591362126247	0.010520487264673311	0.0	0.017718715393133997	0.0	0.005813953488372093	0.037929125138427465	0.0606312292358804	0.003045404208194906	0.018549280177187155	0.0221483942414175	0.020210409745293468	0.003045404208194906	0.008028792912513842	0.03986710963455149	0.016888150609080842	0.001937984496124031	0.004152823920265781	0.009689922480620155	0.006090808416389812	0.0016611295681063123	0.0013842746400885937	0.08637873754152824	0.040420819490586936	0.007198228128460687	0.01107419712070875	0.020764119601328904	0.01273532668881506	0.0024916943521594683	0.005537098560354375	0.04540420819490587	0.02602436323366556	0.0024916943521594683	0.009689922480620155	0.028792912513842746	0.017718715393133997	0.001937984496124031	0.005813953488372093	0.029069767441860465	0.011627906976744186	0.0005537098560354374	0.003875968992248062	0.0	0.0221483942414175	0.0	0.0069213732004429675	0.029900332225913623	0.014673311184939091	0.0022148394241417496	0.004152823920265781	0.026578073089700997	0.007198228128460687	0.0016611295681063123	0.0008305647840531562	0.024640088593576966	0.047619047619047616	0.0022148394241417496	0.013565891472868217
0.02131782945736434	0.02823920265780731	0.001937984496124031	0.007475083056478406	0.050664451827242524	0.023809523809523808	0.0033222591362126247	0.010520487264673311	0.0	0.017995570321151715	0.0	0.005537098560354375	0.03737541528239203	0.060077519379844964	0.0035991140642303433	0.01910299003322259	0.022702104097452935	0.019656699889258028	0.0024916943521594683	0.00858250276854928	0.039313399778516056	0.01716500553709856	0.0024916943521594683	0.003875968992248062	0.009966777408637873	0.006090808416389812	0.0013842746400885937	0.0013842746400885937	0.08665559246954596	0.03986710963455149	0.006090808416389812	0.011904761904761904	0.02131782945736434	0.01273532668881506	0.001937984496124031	0.005537098560354375	0.04512735326688815	0.02602436323366556	0.0027685492801771874	0.009689922480620155	0.028792912513842746	0.017995570321151715	0.001937984496124031	0.005537098560354375	0.02823920265780731	0.012181616832779624	0.0008305647840531562	0.003875968992248062	0.0	0.0221483942414175	0.0	0.0069213732004429675	0.030730897009966777	0.014673311184939091	0.0016611295681063123	0.003875968992248062	0.026578073089700997	0.0069213732004429675	0.0016611295681063123	0.0011074197120708748	0.024916943521594685	0.0473421926910299	0.0024916943521594683	0.013842746400885935
0.02131782945736434	0.02823920265780731	0.001937984496124031	0.007475083056478406	0.050387596899224806	0.02353266888150609	0.0035991140642303433	0.01079734219269103	0.0	0.01716500553709856	0.0	0.00636766334440753	0.03737541528239203	0.05952380952380952	0.0035991140642303433	0.019656699889258028	0.022978959025470654	0.019933554817275746	0.0022148394241417496	0.008305647840531562	0.039313399778516056	0.01716500553709856	0.0027685492801771874	0.0035991140642303433	0.009689922480620155	0.00636766334440753	0.0013842746400885937	0.0013842746400885937	0.08388704318936877	0.040420819490586936	0.00636766334440753	0.011904761904761904	0.021040974529346623	0.01301218161683278	0.0022148394241417496	0.005260243632336656	0.044573643410852716	0.027131782945736434	0.003045404208194906	0.008859357696566999	0.0296234772978959	0.017995570321151715	0.0016611295681063123	0.0049833887043189366	0.02823920265780731	0.01273532668881506	0.0008305647840531562	0.0033222591362126247	0.0	0.0221483942414175	0.0	0.0069213732004429675	0.03156146179401993	0.014673311184939091	0.0005537098560354374	0.004152823920265781	0.02630121816168328	0.0069213732004429675	0.001937984496124031	0.0011074197120708748	0.026854928017718716	0.04817275747508306	0.0024916943521594683	0.01301218161683278
0.020764119601328904	0.02851605758582503	0.0024916943521594683	0.007198228128460687	0.04983388704318937	0.023809523809523808	0.0033222591362126247	0.011351052048726468	0.0	0.01716500553709856	0.0	0.00636766334440753	0.03682170542635659	0.058970099667774084	0.004152823920265781	0.020210409745293468	0.022978959025470654	0.019933554817275746	0.0022148394241417496	0.008305647840531562	0.03875968992248062	0.017718715393133997	0.0027685492801771874	0.0035991140642303433	0.009689922480620155	0.00636766334440753	0.0013842746400885937	0.0013842746400885937	0.0858250276854928	0.040697674418604654	0.005260243632336656	0.011627906976744186	0.02131782945736434	0.013565891472868217	0.001937984496124031	0.004706533776301218	0.044296788482835	0.027962347729789592	0.0033222591362126247	0.008028792912513842	0.029069767441860465	0.017995570321151715	0.0016611295681063123	0.005537098560354375	0.027962347729789592	0.01301218161683278	0.0008305647840531562	0.0033222591362126247	0.0	0.022978959025470654	0.0	0.006090808416389812	0.03183831672203765	0.014396456256921373	0.0005537098560354374	0.004152823920265781	0.02602436323366556	0.0069213732004429675	0.0022148394241417496	0.0011074197120708748	0.02602436323366556	0.04817275747508306	0.0024916943521594683	0.01301218161683278
0.021871539313399777	0.02851605758582503	0.0013842746400885937	0.007198228128460687	0.049003322259136214	0.024363233665559248	0.004152823920265781	0.01079734219269103	0.0	0.01716500553709856	0.0	0.00636766334440753	0.03709856035437431	0.058970099667774084	0.003875968992248062	0.020210409745293468	0.022978959025470654	0.019933554817275746	0.0022148394241417496	0.008305647840531562	0.03875968992248062	0.01744186046511628	0.0024916943521594683	0.004152823920265781	0.009413067552602437	0.00636766334440753	0.0016611295681063123	0.0013842746400885937	0.08416389811738649	0.04125138427464009	0.005537098560354375	0.012181616832779624	0.02131782945736434	0.013565891472868217	0.001937984496124031	0.004706533776301218	0.04512735326688815	0.027131782945736434	0.003045404208194906	0.008305647840531562	0.029069767441860465	0.017718715393133997	0.0016611295681063123	0.005813953488372093	0.029069767441860465	0.012181616832779624	0.0002768549280177187	0.0035991140642303433	0.0	0.022702104097452935	0.0	0.00636766334440753	0.031284606866002214	0.014119601328903655	0.0008305647840531562	0.004706533776301218	0.02630121816168328	0.006644518272425249	0.001937984496124031	0.0013842746400885937	0.02574750830564784	0.04844961240310078	0.003045404208194906	0.01273532668881506
0.0221483942414175	0.02851605758582503	0.0011074197120708748	0.007198228128460687	0.048726467331118496	0.025193798449612403	0.003875968992248062	0.010520487264673311	0.0	0.016888150609080842	0.0	0.006644518272425249	0.03709856035437431	0.058970099667774084	0.003875968992248062	0.020210409745293468	0.023255813953488372	0.020210409745293468	0.001937984496124031	0.008028792912513842	0.037929125138427465	0.017718715393133997	0.003045404208194906	0.004152823920265781	0.009413067552602437	0.00636766334440753	0.0016611295681063123	0.0013842746400885937	0.0844407530454042	0.039590254706533774	0.005813953488372093	0.013289036544850499	0.02159468438538206	0.013565891472868217	0.0016611295681063123	0.004706533776301218	0.04678848283499446	0.026578073089700997	0.0022148394241417496	0.008028792912513842	0.03017718715393134	0.017995570321151715	0.0011074197120708748	0.0049833887043189366	0.028792912513842746	0.012181616832779624	0.0005537098560354374	0.0035991140642303433	0.0	0.022702104097452935	0.0	0.00636766334440753	0.031007751937984496	0.014673311184939091	0.0013842746400885937	0.003875968992248062	0.026578073089700997	0.006644518272425249	0.0016611295681063123	0.0013842746400885937	0.02602436323366556	0.048726467331118496	0.0027685492801771874	0.012458471760797342
0.022425249169435217	0.02851605758582503	0.0008305647840531562	0.007198228128460687	0.04928017718715393	0.024363233665559248	0.003875968992248062	0.01079734219269103	0.0	0.016888150609080842	0.0	0.006644518272425249	0.03709856035437431	0.058693244739756366	0.003875968992248062	0.020487264673311186	0.023255813953488372	0.021040974529346623	0.001937984496124031	0.007198228128460687	0.03765227021040975	0.017718715393133997	0.0033222591362126247	0.004152823920265781	0.00858250276854928	0.00636766334440753	0.0024916943521594683	0.0013842746400885937	0.0858250276854928	0.03820598006644518	0.005537098560354375	0.013289036544850499	0.021040974529346623	0.013289036544850499	0.0022148394241417496	0.0049833887043189366	0.046511627906976744	0.026854928017718716	0.0027685492801771874	0.007475083056478406	0.030730897009966777	0.01744186046511628	0.0011074197120708748	0.0049833887043189366	0.02851605758582503	0.012181616832779624	0.0005537098560354374	0.003875968992248062	0.0	0.022978959025470654	0.0	0.006090808416389812	0.03017718715393134	0.014119601328903655	0.0024916943521594683	0.004152823920265781	0.02547065337763012	0.006644518272425249	0.0027685492801771874	0.0013842746400885937	0.025193798449612403	0.048726467331118496	0.003875968992248062	0.012458471760797342
0.022425249169435217	0.02851605758582503	0.0008305647840531562	0.007198228128460687	0.04817275747508306	0.025193798449612403	0.004706533776301218	0.010243632336655593	0.0	0.016611295681063124	0.0	0.0069213732004429675	0.03820598006644518	0.05952380952380952	0.0027685492801771874	0.019656699889258028	0.02353266888150609	0.020764119601328904	0.0016611295681063123	0.007475083056478406	0.03820598006644518	0.01744186046511628	0.0027685492801771874	0.004429678848283499	0.008305647840531562	0.00636766334440753	0.0027685492801771874	0.0013842746400885937	0.08693244739756367	0.0384828349944629	0.006090808416389812	0.01273532668881506	0.02131782945736434	0.01301218161683278	0.001937984496124031	0.005260243632336656	0.047895902547065335	0.027131782945736434	0.0022148394241417496	0.00636766334440753	0.031284606866002214	0.016888150609080842	0.0008305647840531562	0.005260243632336656	0.027962347729789592	0.012458471760797342	0.0011074197120708748	0.0035991140642303433	0.0	0.022978959025470654	0.0	0.006090808416389812	0.03045404208194906	0.013842746400885935	0.0022148394241417496	0.004429678848283499	0.026578073089700997	0.0069213732004429675	0.0016611295681063123	0.0011074197120708748	0.022978959025470654	0.04955703211517165	0.004706533776301218	0.011627906976744186
0.022425249169435217	0.02851605758582503	0.0008305647840531562	0.007198228128460687	0.047895902547065335	0.02547065337763012	0.0049833887043189366	0.009966777408637873	0.0	0.01716500553709856	0.0	0.00636766334440753	0.03737541528239203	0.05952380952380952	0.0035991140642303433	0.019656699889258028	0.022978959025470654	0.020487264673311186	0.0022148394241417496	0.007751937984496124	0.03875968992248062	0.016888150609080842	0.0027685492801771874	0.004429678848283499	0.00858250276854928	0.00636766334440753	0.0024916943521594683	0.0013842746400885937	0.08416389811738649	0.03820598006644518	0.007475083056478406	0.012181616832779624	0.020764119601328904	0.01301218161683278	0.0024916943521594683	0.005260243632336656	0.04706533776301218	0.027131782945736434	0.003045404208194906	0.00636766334440753	0.031007751937984496	0.016611295681063124	0.0011074197120708748	0.005537098560354375	0.027962347729789592	0.012458471760797342	0.0013842746400885937	0.0033222591362126247	0.0	0.023255813953488372	0.0	0.005813953488372093	0.030730897009966777	0.013565891472868217	0.0022148394241417496	0.004429678848283499	0.026854928017718716	0.0069213732004429675	0.0013842746400885937	0.0011074197120708748	0.025193798449612403	0.050664451827242524	0.004706533776301218	0.010520487264673311
0.022702104097452935	0.02823920265780731	0.0005537098560354374	0.007475083056478406	0.04817275747508306	0.026854928017718716	0.004152823920265781	0.009136212624584718	0.0	0.01744186046511628	0.0	0.006090808416389812	0.03682170542635659	0.060077519379844964	0.004152823920265781	0.01910299003322259	0.022978959025470654	0.021040974529346623	0.0022148394241417496	0.007198228128460687	0.0384828349944629	0.016611295681063124	0.0027685492801771874	0.0049833887043189366	0.00858250276854928	0.006644518272425249	0.0024916943521594683	0.0011074197120708748	0.08250276854928018	0.03875968992248062	0.00858250276854928	0.012458471760797342	0.021871539313399777	0.01273532668881506	0.0013842746400885937	0.005537098560354375	0.046511627906976744	0.02768549280177187	0.003045404208194906	0.00636766334440753	0.031284606866002214	0.016334440753045402	0.0011074197120708748	0.005537098560354375	0.027962347729789592	0.012458471760797342	0.0013842746400885937	0.0033222591362126247	0.0	0.022978959025470654	0.0	0.006090808416389812	0.031284606866002214	0.01301218161683278	0.001937984496124031	0.004706533776301218	0.02630121816168328	0.007198228128460687	0.001937984496124031	0.0008305647840531562	0.02574750830564784	0.04955703211517165	0.003875968992248062	0.011627906976744186
0.022425249169435217	0.02768549280177187	0.0008305647840531562	0.008028792912513842	0.04678848283499446	0.026854928017718716	0.004706533776301218	0.009966777408637873	0.0	0.017995570321151715	0.0	0.005537098560354375	0.03737541528239203	0.059800664451827246	0.0035991140642303433	0.01937984496124031	0.0221483942414175	0.021040974529346623	0.003045404208194906	0.007198228128460687	0.037929125138427465	0.016334440753045402	0.0035991140642303433	0.0049833887043189366	0.008305647840531562	0.0069213732004429675	0.0024916943521594683	0.0011074197120708748	0.08388704318936877	0.03903654485049834	0.007751937984496124	0.011904761904761904	0.02159468438538206	0.012458471760797342	0.0016611295681063123	0.005813953488372093	0.046511627906976744	0.027408637873754152	0.003045404208194906	0.006644518272425249	0.031007751937984496	0.016611295681063124	0.0011074197120708748	0.005537098560354375	0.02823920265780731	0.012181616832779624	0.0011074197120708748	0.0035991140642303433	0.0	0.022978959025470654	0.0	0.006090808416389812	0.03211517165005537	0.011351052048726468	0.0016611295681063123	0.005813953488372093	0.02630121816168328	0.007198228128460687	0.001937984496124031	0.0008305647840531562	0.02630121816168328	0.04983388704318937	0.003045404208194906	0.011351052048726468
0.022425249169435217	0.027408637873754152	0.0008305647840531562	0.008305647840531562	0.04706533776301218	0.026854928017718716	0.004429678848283499	0.009966777408637873	0.0	0.018272425249169437	0.0	0.005260243632336656	0.03765227021040975	0.059800664451827246	0.0033222591362126247	0.01937984496124031	0.022702104097452935	0.021040974529346623	0.0024916943521594683	0.007198228128460687	0.03820598006644518	0.015503875968992248	0.003875968992248062	0.005260243632336656	0.00858250276854928	0.0069213732004429675	0.001937984496124031	0.0013842746400885937	0.08527131782945736	0.03875968992248062	0.007475083056478406	0.011904761904761904	0.021871539313399777	0.012458471760797342	0.0013842746400885937	0.005813953488372093	0.0473421926910299	0.026578073089700997	0.003045404208194906	0.006644518272425249	0.031284606866002214	0.016057585825027684	0.0013842746400885937	0.005537098560354375	0.02823920265780731	0.01273532668881506	0.0005537098560354374	0.0035991140642303433	0.0	0.022978959025470654	0.0	0.006090808416389812	0.031284606866002214	0.012458471760797342	0.0016611295681063123	0.005537098560354375	0.027131782945736434	0.007198228128460687	0.0011074197120708748	0.0008305647840531562	0.02602436323366556	0.04955703211517165	0.0024916943521594683	0.011627906976744186
0.02159468438538206	0.027408637873754152	0.0016611295681063123	0.008305647840531562	0.04678848283499446	0.02768549280177187	0.004429678848283499	0.009413067552602437	0.0	0.018272425249169437	0.0	0.005260243632336656	0.037929125138427465	0.059800664451827246	0.003045404208194906	0.01937984496124031	0.0221483942414175	0.02131782945736434	0.003045404208194906	0.0069213732004429675	0.03820598006644518	0.014950166112956811	0.004152823920265781	0.005537098560354375	0.008859357696566999	0.006644518272425249	0.001937984496124031	0.0013842746400885937	0.08554817275747509	0.03820598006644518	0.007198228128460687	0.011904761904761904	0.02159468438538206	0.01273532668881506	0.0016611295681063123	0.005537098560354375	0.04678848283499446	0.02574750830564784	0.003875968992248062	0.007198228128460687	0.030730897009966777	0.016057585825027684	0.0013842746400885937	0.006090808416389812	0.027408637873754152	0.013289036544850499	0.0005537098560354374	0.003875968992248062	0.0	0.022702104097452935	0.0	0.00636766334440753	0.031007751937984496	0.012458471760797342	0.0016611295681063123	0.005813953488372093	0.027131782945736434	0.007198228128460687	0.0011074197120708748	0.0008305647840531562	0.027962347729789592	0.04817275747508306	0.0011074197120708748	0.01301218161683278
0.02131782945736434	0.027408637873754152	0.001937984496124031	0.008305647840531562	0.04540420819490587	0.02768549280177187	0.005813953488372093	0.009413067552602437	0.0	0.017718715393133997	0.0	0.005813953488372093	0.03737541528239203	0.05952380952380952	0.0035991140642303433	0.019656699889258028	0.0221483942414175	0.021871539313399777	0.003045404208194906	0.00636766334440753	0.03820598006644518	0.014950166112956811	0.004429678848283499	0.005260243632336656	0.009136212624584718	0.006644518272425249	0.0016611295681063123	0.0013842746400885937	0.08499446290143965	0.03709856035437431	0.0069213732004429675	0.01301218161683278	0.02159468438538206	0.01273532668881506	0.0016611295681063123	0.005537098560354375	0.04706533776301218	0.02547065337763012	0.0033222591362126247	0.007751937984496124	0.0296234772978959	0.01522702104097453	0.0024916943521594683	0.0069213732004429675	0.027408637873754152	0.01273532668881506	0.0002768549280177187	0.004706533776301218	0.0	0.023255813953488372	0.0	0.005813953488372093	0.03045404208194906	0.01273532668881506	0.0022148394241417496	0.005537098560354375	0.027408637873754152	0.007198228128460687	0.0008305647840531562	0.0008305647840531562	0.028792912513842746	0.047895902547065335	0.0011074197120708748	0.013289036544850499
0.02131782945736434	0.02768549280177187	0.001937984496124031	0.008028792912513842	0.046234772978959025	0.02851605758582503	0.004706533776301218	0.008859357696566999	0.0	0.018272425249169437	0.0	0.005260243632336656	0.03765227021040975	0.058970099667774084	0.0033222591362126247	0.020210409745293468	0.0221483942414175	0.0221483942414175	0.003045404208194906	0.006090808416389812	0.03875968992248062	0.01522702104097453	0.0035991140642303433	0.005260243632336656	0.009413067552602437	0.006090808416389812	0.0016611295681063123	0.0016611295681063123	0.08527131782945736	0.03765227021040975	0.005537098560354375	0.01301218161683278	0.021040974529346623	0.01301218161683278	0.0022148394241417496	0.005260243632336656	0.04706533776301218	0.02547065337763012	0.0035991140642303433	0.007475083056478406	0.03045404208194906	0.014950166112956811	0.0013842746400885937	0.007475083056478406	0.027131782945736434	0.01273532668881506	0.0008305647840531562	0.004429678848283499	0.0	0.02353266888150609	0.0	0.005537098560354375	0.03045404208194906	0.012181616832779624	0.0027685492801771874	0.005537098560354375	0.02768549280177187	0.007198228128460687	0.0005537098560354374	0.0008305647840531562	0.029069767441860465	0.047895902547065335	0.0013842746400885937	0.013289036544850499
0.02131782945736434	0.02823920265780731	0.001937984496124031	0.007475083056478406	0.04706533776301218	0.029069767441860465	0.0035991140642303433	0.00858250276854928	0.0	0.018549280177187155	0.0	0.0049833887043189366	0.03765227021040975	0.059800664451827246	0.0033222591362126247	0.01937984496124031	0.0221483942414175	0.0221483942414175	0.003045404208194906	0.006090808416389812	0.03875968992248062	0.01522702104097453	0.0035991140642303433	0.005260243632336656	0.009689922480620155	0.00636766334440753	0.0013842746400885937	0.0013842746400885937	0.08471760797342193	0.03820598006644518	0.005537098560354375	0.013289036544850499	0.021040974529346623	0.01301218161683278	0.0022148394241417496	0.005260243632336656	0.04817275747508306	0.025193798449612403	0.0033222591362126247	0.0069213732004429675	0.031007751937984496	0.014950166112956811	0.0011074197120708748	0.007198228128460687	0.026854928017718716	0.012181616832779624	0.0013842746400885937	0.004706533776301218	0.0	0.02408637873754153	0.0	0.0049833887043189366	0.03156146179401993	0.011904761904761904	0.0022148394241417496	0.005260243632336656	0.02768549280177187	0.007198228128460687	0.0005537098560354374	0.0008305647840531562	0.028792912513842746	0.04844961240310078	0.0013842746400885937	0.01273532668881506
0.02131782945736434	0.02851605758582503	0.001937984496124031	0.007198228128460687	0.047895902547065335	0.0296234772978959	0.0033222591362126247	0.007475083056478406	0.0	0.018549280177187155	0.0	0.0049833887043189366	0.037929125138427465	0.06035437430786268	0.003045404208194906	0.018826135105204873	0.022978959025470654	0.021871539313399777	0.0022148394241417496	0.00636766334440753	0.039313399778516056	0.014950166112956811	0.003045404208194906	0.005537098560354375	0.009136212624584718	0.006644518272425249	0.0016611295681063123	0.0013842746400885937	0.08388704318936877	0.037929125138427465	0.006090808416389812	0.013565891472868217	0.020764119601328904	0.01273532668881506	0.0024916943521594683	0.005537098560354375	0.047895902547065335	0.025193798449612403	0.0035991140642303433	0.0069213732004429675	0.03211517165005537	0.014119601328903655	0.0005537098560354374	0.007475083056478406	0.026578073089700997	0.01273532668881506	0.0013842746400885937	0.004429678848283499	0.0	0.024363233665559248	0.0	0.004706533776301218	0.03183831672203765	0.012181616832779624	0.001937984496124031	0.0049833887043189366	0.027408637873754152	0.007198228128460687	0.0008305647840531562	0.0008305647840531562	0.028792912513842746	0.04817275747508306	0.0016611295681063123	0.01301218161683278
0.0221483942414175	0.028792912513842746	0.0011074197120708748	0.0069213732004429675	0.04817275747508306	0.0296234772978959	0.0027685492801771874	0.007751937984496124	0.0	0.018549280177187155	0.0	0.0049833887043189366	0.03820598006644518	0.0606312292358804	0.0027685492801771874	0.018549280177187155	0.022425249169435217	0.021871539313399777	0.0027685492801771874	0.00636766334440753	0.039313399778516056	0.014673311184939091	0.003045404208194906	0.005813953488372093	0.009689922480620155	0.0069213732004429675	0.0011074197120708748	0.0011074197120708748	0.08637873754152824	0.037929125138427465	0.0049833887043189366	0.012458471760797342	0.021040974529346623	0.01273532668881506	0.0022148394241417496	0.005537098560354375	0.04706533776301218	0.025193798449612403	0.004152823920265781	0.007198228128460687	0.031284606866002214	0.014119601328903655	0.0013842746400885937	0.007475083056478406	0.02602436323366556	0.012458471760797342	0.0022148394241417496	0.004429678848283499	0.0	0.02408637873754153	0.0	0.0049833887043189366	0.03211517165005537	0.01273532668881506	0.001937984496124031	0.004152823920265781	0.027131782945736434	0.006644518272425249	0.0011074197120708748	0.0013842746400885937	0.02851605758582503	0.0473421926910299	0.0016611295681063123	0.013842746400885935
0.022425249169435217	0.029069767441860465	0.0008305647840531562	0.006644518272425249	0.047895902547065335	0.029900332225913623	0.0027685492801771874	0.007751937984496124	0.0	0.018549280177187155	0.0	0.0049833887043189366	0.037929125138427465	0.061461794019933555	0.003045404208194906	0.017718715393133997	0.023255813953488372	0.02131782945736434	0.001937984496124031	0.0069213732004429675	0.03875968992248062	0.014119601328903655	0.004152823920265781	0.005813953488372093	0.009413067552602437	0.007198228128460687	0.0011074197120708748	0.0011074197120708748	0.08693244739756367	0.037929125138427465	0.004429678848283499	0.012458471760797342	0.02131782945736434	0.01301218161683278	0.001937984496124031	0.005260243632336656	0.04706533776301218	0.02408637873754153	0.004152823920265781	0.008305647840531562	0.03239202657807309	0.013842746400885935	0.0008305647840531562	0.007198228128460687	0.02574750830564784	0.01273532668881506	0.0022148394241417496	0.004429678848283499	0.0	0.024640088593576966	0.0	0.004429678848283499	0.03211517165005537	0.012181616832779624	0.001937984496124031	0.004706533776301218	0.027408637873754152	0.00636766334440753	0.0008305647840531562	0.0016611295681063123	0.02823920265780731	0.0473421926910299	0.001937984496124031	0.013842746400885935
0.0221483942414175	0.029069767441860465	0.0011074197120708748	0.006644518272425249	0.04817275747508306	0.0296234772978959	0.0027685492801771874	0.007751937984496124	0.0	0.018549280177187155	0.0	0.0049833887043189366	0.03709856035437431	0.06201550387596899	0.003875968992248062	0.01716500553709856	0.023255813953488372	0.02159468438538206	0.001937984496124031	0.006644518272425249	0.039313399778516056	0.014396456256921373	0.0035991140642303433	0.005537098560354375	0.009966777408637873	0.007198228128460687	0.0005537098560354374	0.0011074197120708748	0.08610188261351052	0.03737541528239203	0.004706533776301218	0.012458471760797342	0.02159468438538206	0.013565891472868217	0.0016611295681063123	0.004706533776301218	0.04678848283499446	0.024640088593576966	0.004429678848283499	0.007751937984496124	0.03156146179401993	0.01301218161683278	0.0016611295681063123	0.008028792912513842	0.02602436323366556	0.012458471760797342	0.0022148394241417496	0.004429678848283499	0.0	0.024640088593576966	0.0	0.004429678848283499	0.03156146179401993	0.011904761904761904	0.0024916943521594683	0.0049833887043189366	0.027131782945736434	0.00636766334440753	0.0011074197120708748	0.0016611295681063123	0.02851605758582503	0.047895902547065335	0.0027685492801771874	0.013289036544850499
0.0221483942414175	0.029346622369878183	0.0011074197120708748	0.00636766334440753	0.048726467331118496	0.029069767441860465	0.0024916943521594683	0.008028792912513842	0.0	0.018826135105204873	0.0	0.004706533776301218	0.036544850498338874	0.06256921373200443	0.004429678848283499	0.016611295681063124	0.022702104097452935	0.021871539313399777	0.0024916943521594683	0.00636766334440753	0.037929125138427465	0.014396456256921373	0.004706533776301218	0.005813953488372093	0.009966777408637873	0.006644518272425249	0.0005537098560354374	0.0016611295681063123	0.08748615725359911	0.036544850498338874	0.0049833887043189366	0.01273532668881506	0.02159468438538206	0.013842746400885935	0.0016611295681063123	0.004429678848283499	0.046511627906976744	0.024640088593576966	0.004706533776301218	0.007751937984496124	0.03183831672203765	0.01273532668881506	0.0011074197120708748	0.00858250276854928	0.02630121816168328	0.01301218161683278	0.0016611295681063123	0.004152823920265781	0.0	0.024640088593576966	0.0	0.004429678848283499	0.03183831672203765	0.011627906976744186	0.0024916943521594683	0.0049833887043189366	0.027131782945736434	0.006090808416389812	0.0011074197120708748	0.001937984496124031	0.027962347729789592	0.04844961240310078	0.0022148394241417496	0.01273532668881506
0.0221483942414175	0.029900332225913623	0.0011074197120708748	0.005813953488372093	0.048726467331118496	0.029346622369878183	0.0027685492801771874	0.007475083056478406	0.0	0.018826135105204873	0.0	0.004706533776301218	0.03709856035437431	0.06312292358803986	0.003875968992248062	0.016057585825027684	0.022978959025470654	0.021871539313399777	0.0022148394241417496	0.00636766334440753	0.037929125138427465	0.014673311184939091	0.004706533776301218	0.005537098560354375	0.009966777408637873	0.006644518272425249	0.0005537098560354374	0.0016611295681063123	0.08554817275747509	0.03737541528239203	0.005813953488372093	0.012181616832779624	0.021871539313399777	0.014119601328903655	0.0013842746400885937	0.004152823920265781	0.0473421926910299	0.024363233665559248	0.004152823920265781	0.007751937984496124	0.03156146179401993	0.012458471760797342	0.0011074197120708748	0.009136212624584718	0.027131782945736434	0.012458471760797342	0.0011074197120708748	0.004429678848283499	0.0	0.025193798449612403	0.0	0.003875968992248062	0.03239202657807309	0.011627906976744186	0.0022148394241417496	0.004706533776301218	0.026854928017718716	0.006090808416389812	0.0013842746400885937	0.001937984496124031	0.029069767441860465	0.04817275747508306	0.001937984496124031	0.01301218161683278
0.0221483942414175	0.0296234772978959	0.0011074197120708748	0.006090808416389812	0.048726467331118496	0.029900332225913623	0.0024916943521594683	0.007198228128460687	0.0	0.018549280177187155	0.0	0.0049833887043189366	0.03682170542635659	0.06312292358803986	0.004152823920265781	0.016057585825027684	0.022425249169435217	0.022702104097452935	0.0027685492801771874	0.005537098560354375	0.03682170542635659	0.014673311184939091	0.005260243632336656	0.006090808416389812	0.010243632336655593	0.0069213732004429675	0.0002768549280177187	0.0013842746400885937	0.08610188261351052	0.03682170542635659	0.00636766334440753	0.011904761904761904	0.02131782945736434	0.013842746400885935	0.001937984496124031	0.004429678848283499	0.04678848283499446	0.024363233665559248	0.004706533776301218	0.007751937984496124	0.031007751937984496	0.01301218161683278	0.0016611295681063123	0.00858250276854928	0.026578073089700997	0.01273532668881506	0.0016611295681063123	0.004152823920265781	0.0	0.025193798449612403	0.0	0.003875968992248062	0.03239202657807309	0.012181616832779624	0.0022148394241417496	0.004152823920265781	0.027131782945736434	0.006090808416389812	0.0011074197120708748	0.001937984496124031	0.029069767441860465	0.047895902547065335	0.0016611295681063123	0.013289036544850499
0.021871539313399777	0.029346622369878183	0.0013842746400885937	0.00636766334440753	0.047895902547065335	0.029900332225913623	0.0033222591362126247	0.007198228128460687	0.0	0.018272425249169437	0.0	0.005260243632336656	0.03682170542635659	0.06312292358803986	0.004152823920265781	0.016057585825027684	0.02353266888150609	0.022702104097452935	0.0016611295681063123	0.005537098560354375	0.036544850498338874	0.014950166112956811	0.0049833887043189366	0.00636766334440753	0.010520487264673311	0.006644518272425249	0.0002768549280177187	0.0013842746400885937	0.08776301218161683	0.03626799557032115	0.005813953488372093	0.011904761904761904	0.021040974529346623	0.014673311184939091	0.0022148394241417496	0.0035991140642303433	0.04595791805094131	0.024916943521594685	0.005537098560354375	0.007198228128460687	0.03183831672203765	0.013289036544850499	0.0011074197120708748	0.008028792912513842	0.02630121816168328	0.012458471760797342	0.001937984496124031	0.004429678848283499	0.0	0.024363233665559248	0.0	0.004706533776301218	0.03211517165005537	0.012181616832779624	0.0027685492801771874	0.003875968992248062	0.027962347729789592	0.006090808416389812	0.0002768549280177187	0.001937984496124031	0.02851605758582503	0.04817275747508306	0.0016611295681063123	0.01301218161683278
0.02159468438538206	0.029346622369878183	0.0016611295681063123	0.00636766334440753	0.048726467331118496	0.0296234772978959	0.003045404208194906	0.0069213732004429675	0.0	0.018272425249169437	0.0	0.005260243632336656	0.03737541528239203	0.06312292358803986	0.0035991140642303433	0.016057585825027684	0.02408637873754153	0.0221483942414175	0.0011074197120708748	0.006090808416389812	0.03765227021040975	0.014673311184939091	0.004429678848283499	0.006090808416389812	0.010243632336655593	0.006644518272425249	0.0005537098560354374	0.0013842746400885937	0.08859357696567	0.036544850498338874	0.0049833887043189366	0.011904761904761904	0.020764119601328904	0.014396456256921373	0.0024916943521594683	0.003875968992248062	0.04678848283499446	0.024916943521594685	0.004706533776301218	0.007198228128460687	0.03183831672203765	0.01273532668881506	0.0016611295681063123	0.008028792912513842	0.02602436323366556	0.012458471760797342	0.0022148394241417496	0.004429678848283499	0.0	0.02408637873754153	0.0	0.0049833887043189366	0.03294573643410853	0.012181616832779624	0.001937984496124031	0.003875968992248062	0.027408637873754152	0.006090808416389812	0.0008305647840531562	0.001937984496124031	0.029069767441860465	0.04817275747508306	0.0008305647840531562	0.01301218161683278
0.021040974529346623	0.028792912513842746	0.0022148394241417496	0.0069213732004429675	0.04678848283499446	0.0296234772978959	0.004429678848283499	0.007475083056478406	0.0	0.018549280177187155	0.0	0.0049833887043189366	0.03737541528239203	0.06284606866002215	0.0035991140642303433	0.016334440753045402	0.02408637873754153	0.022978959025470654	0.0011074197120708748	0.005260243632336656	0.03737541528239203	0.014396456256921373	0.004706533776301218	0.00636766334440753	0.009966777408637873	0.006644518272425249	0.0011074197120708748	0.0011074197120708748	0.08859357696567	0.03709856035437431	0.005813953488372093	0.011351052048726468	0.02159468438538206	0.014119601328903655	0.0016611295681063123	0.004152823920265781	0.046511627906976744	0.024640088593576966	0.005260243632336656	0.007198228128460687	0.031284606866002214	0.01273532668881506	0.0022148394241417496	0.008028792912513842	0.02630121816168328	0.012181616832779624	0.001937984496124031	0.004706533776301218	0.0	0.024363233665559248	0.0	0.004706533776301218	0.03294573643410853	0.012181616832779624	0.001937984496124031	0.003875968992248062	0.026578073089700997	0.006090808416389812	0.0016611295681063123	0.001937984496124031	0.02851605758582503	0.04817275747508306	0.0005537098560354374	0.01301218161683278
0.021040974529346623	0.028792912513842746	0.0022148394241417496	0.0069213732004429675	0.04678848283499446	0.03017718715393134	0.003875968992248062	0.007475083056478406	0.0	0.018549280177187155	0.0	0.0049833887043189366	0.03765227021040975	0.06256921373200443	0.0033222591362126247	0.016611295681063124	0.02408637873754153	0.022425249169435217	0.0011074197120708748	0.005813953488372093	0.03875968992248062	0.014950166112956811	0.0033222591362126247	0.005813953488372093	0.009136212624584718	0.006644518272425249	0.001937984496124031	0.0011074197120708748	0.08637873754152824	0.03765227021040975	0.0069213732004429675	0.011351052048726468	0.02131782945736434	0.013842746400885935	0.001937984496124031	0.004429678848283499	0.04928017718715393	0.023255813953488372	0.0035991140642303433	0.007475083056478406	0.03183831672203765	0.01301218161683278	0.001937984496124031	0.007475083056478406	0.02602436323366556	0.012181616832779624	0.001937984496124031	0.0049833887043189366	0.0	0.023809523809523808	0.0	0.005260243632336656	0.033776301218161685	0.011904761904761904	0.0013842746400885937	0.003875968992248062	0.02630121816168328	0.006090808416389812	0.001937984496124031	0.001937984496124031	0.029346622369878183	0.04844961240310078	0.0002768549280177187	0.01273532668881506
0.022702104097452935	0.028792912513842746	0.0005537098560354374	0.0069213732004429675	0.04706533776301218	0.030730897009966777	0.0033222591362126247	0.007198228128460687	0.0	0.018272425249169437	0.0	0.005260243632336656	0.03875968992248062	0.06339977851605759	0.0022148394241417496	0.015780730897009966	0.02408637873754153	0.0221483942414175	0.0011074197120708748	0.006090808416389812	0.03903654485049834	0.014950166112956811	0.0033222591362126247	0.005537098560354375	0.009689922480620155	0.006644518272425249	0.0013842746400885937	0.0011074197120708748	0.08748615725359911	0.03737541528239203	0.006644518272425249	0.011627906976744186	0.021040974529346623	0.013565891472868217	0.0022148394241417496	0.004706533776301218	0.04955703211517165	0.022702104097452935	0.0033222591362126247	0.008028792912513842	0.03156146179401993	0.01301218161683278	0.0022148394241417496	0.007475083056478406	0.025193798449612403	0.012458471760797342	0.0027685492801771874	0.004706533776301218	0.0	0.022978959025470654	0.0	0.006090808416389812	0.03294573643410853	0.011627906976744186	0.0022148394241417496	0.004152823920265781	0.02574750830564784	0.006090808416389812	0.0024916943521594683	0.001937984496124031	0.027962347729789592	0.04817275747508306	0.0008305647840531562	0.01301218161683278
0.0221483942414175	0.02823920265780731	0.0011074197120708748	0.007475083056478406	0.04540420819490587	0.030730897009966777	0.0049833887043189366	0.007198228128460687	0.0	0.018549280177187155	0.0	0.0049833887043189366	0.03903654485049834	0.06450719822812846	0.001937984496124031	0.014673311184939091	0.02353266888150609	0.022702104097452935	0.0016611295681063123	0.005537098560354375	0.03903654485049834	0.014673311184939091	0.0033222591362126247	0.005813953488372093	0.010243632336655593	0.00636766334440753	0.0011074197120708748	0.0011074197120708748	0.08554817275747509	0.03820598006644518	0.005260243632336656	0.01107419712070875	0.02131782945736434	0.013289036544850499	0.001937984496124031	0.0049833887043189366	0.048726467331118496	0.023255813953488372	0.004152823920265781	0.007475083056478406	0.030730897009966777	0.012458471760797342	0.003045404208194906	0.008028792912513842	0.02602436323366556	0.012181616832779624	0.001937984496124031	0.0049833887043189366	0.0	0.022978959025470654	0.0	0.006090808416389812	0.032668881506090805	0.01107419712070875	0.0024916943521594683	0.004706533776301218	0.02574750830564784	0.005813953488372093	0.0024916943521594683	0.0022148394241417496	0.031007751937984496	0.048726467331118496	0.0008305647840531562	0.012458471760797342
0.02159468438538206	0.028792912513842746	0.0016611295681063123	0.0069213732004429675	0.04568106312292359	0.030730897009966777	0.004429678848283499	0.007475083056478406	0.0	0.01744186046511628	0.0	0.006090808416389812	0.039313399778516056	0.06450719822812846	0.0016611295681063123	0.014673311184939091	0.022425249169435217	0.023255813953488372	0.0027685492801771874	0.0049833887043189366	0.03875968992248062	0.01522702104097453	0.0035991140642303433	0.005260243632336656	0.010243632336655593	0.006090808416389812	0.0011074197120708748	0.0013842746400885937	0.08527131782945736	0.03903654485049834	0.00636766334440753	0.010243632336655593	0.020764119601328904	0.013289036544850499	0.0024916943521594683	0.0049833887043189366	0.04844961240310078	0.023255813953488372	0.004152823920265781	0.007751937984496124	0.03045404208194906	0.01273532668881506	0.003045404208194906	0.008028792912513842	0.026578073089700997	0.011904761904761904	0.0016611295681063123	0.0049833887043189366	0.0	0.023255813953488372	0.0	0.005813953488372093	0.03183831672203765	0.01107419712070875	0.003045404208194906	0.0049833887043189366	0.02574750830564784	0.005813953488372093	0.0024916943521594683	0.0022148394241417496	0.0296234772978959	0.048726467331118496	0.0013842746400885937	0.012458471760797342
0.021871539313399777	0.029069767441860465	0.0013842746400885937	0.006644518272425249	0.04678848283499446	0.03017718715393134	0.0035991140642303433	0.007751937984496124	0.0	0.017718715393133997	0.0	0.005813953488372093	0.039313399778516056	0.06478405315614617	0.0016611295681063123	0.014396456256921373	0.022702104097452935	0.02353266888150609	0.0024916943521594683	0.004706533776301218	0.03820598006644518	0.015503875968992248	0.004429678848283499	0.004706533776301218	0.010243632336655593	0.006090808416389812	0.0011074197120708748	0.0013842746400885937	0.08416389811738649	0.0384828349944629	0.00636766334440753	0.01107419712070875	0.020764119601328904	0.01301218161683278	0.0024916943521594683	0.005260243632336656	0.04817275747508306	0.02408637873754153	0.004152823920265781	0.007198228128460687	0.0296234772978959	0.012458471760797342	0.003875968992248062	0.008305647840531562	0.02602436323366556	0.012458471760797342	0.0016611295681063123	0.0049833887043189366	0.0	0.02353266888150609	0.0	0.005537098560354375	0.032668881506090805	0.01107419712070875	0.0022148394241417496	0.0049833887043189366	0.026854928017718716	0.005813953488372093	0.0013842746400885937	0.0022148394241417496	0.0296234772978959	0.048726467331118496	0.0022148394241417496	0.012458471760797342
0.021871539313399777	0.02851605758582503	0.0013842746400885937	0.007198228128460687	0.047619047619047616	0.029900332225913623	0.003045404208194906	0.007751937984496124	0.0	0.01744186046511628	0.0	0.006090808416389812	0.03875968992248062	0.0650609080841639	0.0022148394241417496	0.014119601328903655	0.023255813953488372	0.022978959025470654	0.001937984496124031	0.005260243632336656	0.03903654485049834	0.015503875968992248	0.003875968992248062	0.004429678848283499	0.010243632336655593	0.005813953488372093	0.0013842746400885937	0.0013842746400885937	0.08499446290143965	0.03765227021040975	0.006090808416389812	0.011627906976744186	0.02131782945736434	0.01273532668881506	0.001937984496124031	0.005537098560354375	0.04817275747508306	0.02353266888150609	0.004429678848283499	0.007475083056478406	0.029346622369878183	0.01301218161683278	0.003875968992248062	0.008028792912513842	0.02574750830564784	0.012458471760797342	0.0022148394241417496	0.004706533776301218	0.0	0.02353266888150609	0.0	0.005537098560354375	0.03294573643410853	0.01107419712070875	0.001937984496124031	0.0049833887043189366	0.027131782945736434	0.005813953488372093	0.0011074197120708748	0.0022148394241417496	0.0296234772978959	0.04817275747508306	0.001937984496124031	0.01301218161683278
0.0221483942414175	0.027962347729789592	0.0011074197120708748	0.007751937984496124	0.0473421926910299	0.030730897009966777	0.003045404208194906	0.007198228128460687	0.0	0.01744186046511628	0.0	0.006090808416389812	0.0384828349944629	0.06589147286821706	0.0024916943521594683	0.013289036544850499	0.02353266888150609	0.022425249169435217	0.0016611295681063123	0.005813953488372093	0.0384828349944629	0.016057585825027684	0.004429678848283499	0.003875968992248062	0.009966777408637873	0.006090808416389812	0.0013842746400885937	0.0013842746400885937	0.08554817275747509	0.03737541528239203	0.006644518272425249	0.012181616832779624	0.02159468438538206	0.012458471760797342	0.0016611295681063123	0.005813953488372093	0.04817275747508306	0.02353266888150609	0.004152823920265781	0.007751937984496124	0.029069767441860465	0.013289036544850499	0.0035991140642303433	0.008305647840531562	0.024640088593576966	0.01273532668881506	0.0033222591362126247	0.004429678848283499	0.0	0.023255813953488372	0.0	0.005813953488372093	0.03211517165005537	0.011351052048726468	0.0022148394241417496	0.005260243632336656	0.027408637873754152	0.005813953488372093	0.0008305647840531562	0.0022148394241417496	0.02823920265780731	0.04817275747508306	0.001937984496124031	0.01301218161683278
0.0221483942414175	0.027962347729789592	0.0011074197120708748	0.007751937984496124	0.0473421926910299	0.03045404208194906	0.003045404208194906	0.007475083056478406	0.0	0.01744186046511628	0.0	0.006090808416389812	0.03903654485049834	0.06589147286821706	0.001937984496124031	0.013289036544850499	0.023255813953488372	0.022978959025470654	0.001937984496124031	0.005260243632336656	0.037929125138427465	0.016334440753045402	0.004706533776301218	0.003875968992248062	0.009966777408637873	0.006090808416389812	0.0011074197120708748	0.0016611295681063123	0.08499446290143965	0.03820598006644518	0.007751937984496124	0.011627906976744186	0.021871539313399777	0.012458471760797342	0.0013842746400885937	0.005813953488372093	0.04955703211517165	0.02353266888150609	0.0033222591362126247	0.007198228128460687	0.02851605758582503	0.013565891472868217	0.003875968992248062	0.008305647840531562	0.025193798449612403	0.011904761904761904	0.003045404208194906	0.0049833887043189366	0.0	0.02353266888150609	0.0	0.005537098560354375	0.03183831672203765	0.011351052048726468	0.0024916943521594683	0.005260243632336656	0.027131782945736434	0.00636766334440753	0.0011074197120708748	0.0016611295681063123	0.027962347729789592	0.047619047619047616	0.0013842746400885937	0.013565891472868217
0.02131782945736434	0.027408637873754152	0.001937984496124031	0.008305647840531562	0.0473421926910299	0.03045404208194906	0.003045404208194906	0.007475083056478406	0.0	0.01744186046511628	0.0	0.006090808416389812	0.0384828349944629	0.06533776301218161	0.0024916943521594683	0.013842746400885935	0.022702104097452935	0.022702104097452935	0.0024916943521594683	0.005537098560354375	0.03820598006644518	0.016888150609080842	0.004429678848283499	0.0033222591362126247	0.009413067552602437	0.006090808416389812	0.0016611295681063123	0.0016611295681063123	0.08610188261351052	0.03875968992248062	0.0069213732004429675	0.01107419712070875	0.02159468438538206	0.013289036544850499	0.0016611295681063123	0.0049833887043189366	0.04955703211517165	0.023255813953488372	0.0033222591362126247	0.007475083056478406	0.0296234772978959	0.01301218161683278	0.003045404208194906	0.00858250276854928	0.024363233665559248	0.013289036544850499	0.0033222591362126247	0.004152823920265781	0.0	0.02353266888150609	0.0	0.005537098560354375	0.03239202657807309	0.011627906976744186	0.0022148394241417496	0.004706533776301218	0.027131782945736434	0.006644518272425249	0.0011074197120708748	0.0013842746400885937	0.02768549280177187	0.048726467331118496	0.0013842746400885937	0.012458471760797342
0.021871539313399777	0.027408637873754152	0.0013842746400885937	0.008305647840531562	0.04678848283499446	0.030730897009966777	0.0033222591362126247	0.007475083056478406	0.0	0.017718715393133997	0.0	0.005813953488372093	0.03820598006644518	0.06589147286821706	0.0027685492801771874	0.013289036544850499	0.023255813953488372	0.022978959025470654	0.001937984496124031	0.005260243632336656	0.037929125138427465	0.017718715393133997	0.004152823920265781	0.003045404208194906	0.009966777408637873	0.00636766334440753	0.0011074197120708748	0.0013842746400885937	0.08693244739756367	0.039313399778516056	0.00636766334440753	0.011351052048726468	0.021040974529346623	0.013289036544850499	0.0022148394241417496	0.0049833887043189366	0.04983388704318937	0.022425249169435217	0.0033222591362126247	0.008028792912513842	0.029069767441860465	0.013289036544850499	0.003045404208194906	0.008859357696566999	0.024640088593576966	0.01301218161683278	0.0033222591362126247	0.004152823920265781	0.0	0.023255813953488372	0.0	0.005813953488372093	0.03211517165005537	0.012181616832779624	0.0024916943521594683	0.004152823920265781	0.027131782945736434	0.006644518272425249	0.0011074197120708748	0.0013842746400885937	0.02547065337763012	0.04844961240310078	0.0024916943521594683	0.01273532668881506
0.021871539313399777	0.026578073089700997	0.0013842746400885937	0.009136212624584718	0.04678848283499446	0.03017718715393134	0.004152823920265781	0.007198228128460687	0.0	0.017995570321151715	0.0	0.005537098560354375	0.037929125138427465	0.06699889258028793	0.003045404208194906	0.012181616832779624	0.02353266888150609	0.022978959025470654	0.0016611295681063123	0.005260243632336656	0.03820598006644518	0.01744186046511628	0.003875968992248062	0.0033222591362126247	0.009966777408637873	0.00636766334440753	0.0008305647840531562	0.0016611295681063123	0.08748615725359911	0.0384828349944629	0.007198228128460687	0.012458471760797342	0.021040974529346623	0.01301218161683278	0.0022148394241417496	0.005260243632336656	0.04983388704318937	0.022702104097452935	0.0035991140642303433	0.007475083056478406	0.028792912513842746	0.01301218161683278	0.0033222591362126247	0.009136212624584718	0.02408637873754153	0.01301218161683278	0.003875968992248062	0.004152823920265781	0.0	0.023255813953488372	0.0	0.005813953488372093	0.03211517165005537	0.012181616832779624	0.0024916943521594683	0.004152823920265781	0.027131782945736434	0.006644518272425249	0.0011074197120708748	0.0013842746400885937	0.02408637873754153	0.048726467331118496	0.0022148394241417496	0.012458471760797342
0.02159468438538206	0.02630121816168328	0.0016611295681063123	0.009413067552602437	0.046234772978959025	0.03045404208194906	0.004152823920265781	0.007475083056478406	0.0	0.018272425249169437	0.0	0.005260243632336656	0.0384828349944629	0.0650609080841639	0.0024916943521594683	0.014119601328903655	0.023809523809523808	0.023255813953488372	0.0013842746400885937	0.0049833887043189366	0.03709856035437431	0.017995570321151715	0.004429678848283499	0.0033222591362126247	0.010243632336655593	0.00636766334440753	0.0005537098560354374	0.0016611295681063123	0.08831672203765227	0.03820598006644518	0.006644518272425249	0.01273532668881506	0.02131782945736434	0.01301218161683278	0.001937984496124031	0.005260243632336656	0.05011074197120709	0.0221483942414175	0.003875968992248062	0.007475083056478406	0.029069767441860465	0.01301218161683278	0.0027685492801771874	0.009413067552602437	0.024363233665559248	0.01301218161683278	0.0035991140642303433	0.004152823920265781	0.0	0.023255813953488372	0.0	0.005813953488372093	0.03211517165005537	0.012181616832779624	0.0027685492801771874	0.003875968992248062	0.027408637873754152	0.006644518272425249	0.0008305647840531562	0.0013842746400885937	0.023809523809523808	0.04817275747508306	0.0022148394241417496	0.01301218161683278
0.022702104097452935	0.02574750830564784	0.0005537098560354374	0.009966777408637873	0.046234772978959025	0.030730897009966777	0.0035991140642303433	0.007751937984496124	0.0	0.018549280177187155	0.0	0.0049833887043189366	0.037929125138427465	0.06478405315614617	0.003045404208194906	0.014396456256921373	0.02408637873754153	0.02353266888150609	0.0011074197120708748	0.004706533776301218	0.03682170542635659	0.017995570321151715	0.004706533776301218	0.0033222591362126247	0.010243632336655593	0.00636766334440753	0.0005537098560354374	0.0016611295681063123	0.08693244739756367	0.037929125138427465	0.007475083056478406	0.01301218161683278	0.02159468438538206	0.013565891472868217	0.0016611295681063123	0.004706533776301218	0.050387596899224806	0.0221483942414175	0.0035991140642303433	0.007475083056478406	0.029346622369878183	0.012458471760797342	0.0027685492801771874	0.009689922480620155	0.025193798449612403	0.01301218161683278	0.0027685492801771874	0.004152823920265781	0.0	0.022702104097452935	0.0	0.00636766334440753	0.03017718715393134	0.012181616832779624	0.003875968992248062	0.004706533776301218	0.027131782945736434	0.006644518272425249	0.0011074197120708748	0.0013842746400885937	0.025193798449612403	0.047619047619047616	0.0013842746400885937	0.013565891472868217
0.0221483942414175	0.02574750830564784	0.0011074197120708748	0.009966777408637873	0.04568106312292359	0.031284606866002214	0.003875968992248062	0.007475083056478406	0.0	0.01910299003322259	0.0	0.004429678848283499	0.03820598006644518	0.06450719822812846	0.0027685492801771874	0.014673311184939091	0.023809523809523808	0.02408637873754153	0.0013842746400885937	0.004152823920265781	0.03765227021040975	0.01744186046511628	0.004152823920265781	0.0035991140642303433	0.010243632336655593	0.00636766334440753	0.0005537098560354374	0.0016611295681063123	0.08776301218161683	0.0384828349944629	0.0069213732004429675	0.011904761904761904	0.021871539313399777	0.013565891472868217	0.0013842746400885937	0.004706533776301218	0.05011074197120709	0.022425249169435217	0.0035991140642303433	0.007475083056478406	0.029346622369878183	0.01301218161683278	0.003045404208194906	0.008859357696566999	0.02574750830564784	0.01301218161683278	0.0022148394241417496	0.004152823920265781	0.0	0.022978959025470654	0.0	0.006090808416389812	0.03045404208194906	0.012181616832779624	0.0035991140642303433	0.004706533776301218	0.026578073089700997	0.006644518272425249	0.0016611295681063123	0.0013842746400885937	0.02547065337763012	0.0473421926910299	0.0013842746400885937	0.013842746400885935
0.022425249169435217	0.02574750830564784	0.0008305647840531562	0.009966777408637873	0.04595791805094131	0.03211517165005537	0.004152823920265781	0.006090808416389812	0.0	0.01937984496124031	0.0	0.004152823920265781	0.037929125138427465	0.06395348837209303	0.003045404208194906	0.01522702104097453	0.023809523809523808	0.023809523809523808	0.0013842746400885937	0.004429678848283499	0.036544850498338874	0.01744186046511628	0.005260243632336656	0.0035991140642303433	0.01079734219269103	0.00636766334440753	0.0	0.0016611295681063123	0.08693244739756367	0.0384828349944629	0.006090808416389812	0.012458471760797342	0.0221483942414175	0.013565891472868217	0.0011074197120708748	0.004706533776301218	0.04955703211517165	0.022702104097452935	0.003875968992248062	0.007475083056478406	0.029069767441860465	0.01301218161683278	0.0027685492801771874	0.009413067552602437	0.02547065337763012	0.013289036544850499	0.0022148394241417496	0.004152823920265781	0.0	0.02353266888150609	0.0	0.005537098560354375	0.030730897009966777	0.011904761904761904	0.0033222591362126247	0.0049833887043189366	0.02602436323366556	0.006644518272425249	0.0022148394241417496	0.0013842746400885937	0.026578073089700997	0.04706533776301218	0.0013842746400885937	0.014119601328903655
0.022702104097452935	0.024916943521594685	0.0005537098560354374	0.01079734219269103	0.04678848283499446	0.03017718715393134	0.004429678848283499	0.0069213732004429675	0.0	0.01937984496124031	0.0	0.004152823920265781	0.03820598006644518	0.06395348837209303	0.0027685492801771874	0.01522702104097453	0.024640088593576966	0.02353266888150609	0.0005537098560354374	0.004706533776301218	0.03626799557032115	0.016888150609080842	0.005537098560354375	0.004152823920265781	0.01079734219269103	0.00636766334440753	0.0	0.0016611295681063123	0.0872093023255814	0.03820598006644518	0.005813953488372093	0.012458471760797342	0.0221483942414175	0.013565891472868217	0.0011074197120708748	0.004706533776301218	0.050387596899224806	0.022425249169435217	0.0033222591362126247	0.007475083056478406	0.029346622369878183	0.013565891472868217	0.0024916943521594683	0.008859357696566999	0.02574750830564784	0.01301218161683278	0.0022148394241417496	0.004152823920265781	0.0	0.022702104097452935	0.0	0.00636766334440753	0.03156146179401993	0.011351052048726468	0.0027685492801771874	0.005260243632336656	0.02547065337763012	0.0069213732004429675	0.0027685492801771874	0.0011074197120708748	0.02630121816168328	0.046234772978959025	0.001937984496124031	0.014950166112956811
0.02159468438538206	0.024916943521594685	0.0016611295681063123	0.01079734219269103	0.04595791805094131	0.031284606866002214	0.0049833887043189366	0.006090808416389812	0.0	0.01910299003322259	0.0	0.004429678848283499	0.03765227021040975	0.0636766334440753	0.0033222591362126247	0.015503875968992248	0.024640088593576966	0.023255813953488372	0.0005537098560354374	0.0049833887043189366	0.03709856035437431	0.016611295681063124	0.005260243632336656	0.003875968992248062	0.010520487264673311	0.006090808416389812	0.0002768549280177187	0.001937984496124031	0.08610188261351052	0.03903654485049834	0.006644518272425249	0.012181616832779624	0.0221483942414175	0.013289036544850499	0.0011074197120708748	0.0049833887043189366	0.04983388704318937	0.022978959025470654	0.003875968992248062	0.0069213732004429675	0.029069767441860465	0.013289036544850499	0.0027685492801771874	0.009136212624584718	0.026578073089700997	0.01273532668881506	0.0016611295681063123	0.004152823920265781	0.0	0.022425249169435217	0.0	0.006644518272425249	0.03183831672203765	0.011627906976744186	0.0024916943521594683	0.0049833887043189366	0.02574750830564784	0.006644518272425249	0.0024916943521594683	0.0013842746400885937	0.026854928017718716	0.046511627906976744	0.0011074197120708748	0.014673311184939091
0.02159468438538206	0.02574750830564784	0.0016611295681063123	0.009966777408637873	0.04595791805094131	0.03045404208194906	0.0049833887043189366	0.0069213732004429675	0.0	0.01910299003322259	0.0	0.004429678848283499	0.03737541528239203	0.06312292358803986	0.0035991140642303433	0.016057585825027684	0.024363233665559248	0.023255813953488372	0.0008305647840531562	0.0049833887043189366	0.03682170542635659	0.016611295681063124	0.005260243632336656	0.004152823920265781	0.01079734219269103	0.006090808416389812	0.0	0.001937984496124031	0.08831672203765227	0.0384828349944629	0.00636766334440753	0.012458471760797342	0.021871539313399777	0.013565891472868217	0.0013842746400885937	0.004706533776301218	0.05094130675526024	0.023255813953488372	0.003045404208194906	0.00636766334440753	0.02851605758582503	0.013565891472868217	0.0033222591362126247	0.008859357696566999	0.02768549280177187	0.01273532668881506	0.0008305647840531562	0.003875968992248062	0.0	0.022425249169435217	0.0	0.006644518272425249	0.03156146179401993	0.012458471760797342	0.0022148394241417496	0.004706533776301218	0.024916943521594685	0.006644518272425249	0.0033222591362126247	0.0013842746400885937	0.02547065337763012	0.046234772978959025	0.0008305647840531562	0.014950166112956811
0.02131782945736434	0.02630121816168328	0.001937984496124031	0.009413067552602437	0.04678848283499446	0.03017718715393134	0.004429678848283499	0.0069213732004429675	0.0	0.01937984496124031	0.0	0.004152823920265781	0.03737541528239203	0.06229235880398671	0.0035991140642303433	0.016888150609080842	0.02353266888150609	0.023255813953488372	0.0016611295681063123	0.0049833887043189366	0.03709856035437431	0.01716500553709856	0.004706533776301218	0.003875968992248062	0.010520487264673311	0.006090808416389812	0.0002768549280177187	0.001937984496124031	0.08693244739756367	0.037929125138427465	0.0069213732004429675	0.01301218161683278	0.0221483942414175	0.01273532668881506	0.0011074197120708748	0.005537098560354375	0.05011074197120709	0.023255813953488372	0.0035991140642303433	0.006644518272425249	0.028792912513842746	0.014119601328903655	0.0027685492801771874	0.00858250276854928	0.02768549280177187	0.01273532668881506	0.0008305647840531562	0.003875968992248062	0.0	0.022425249169435217	0.0	0.006644518272425249	0.03156146179401993	0.013289036544850499	0.0022148394241417496	0.003875968992248062	0.024916943521594685	0.00636766334440753	0.0033222591362126247	0.0016611295681063123	0.02630121816168328	0.046234772978959025	0.0008305647840531562	0.014950166112956811
0.02131782945736434	0.02630121816168328	0.001937984496124031	0.009413067552602437	0.0473421926910299	0.0296234772978959	0.004429678848283499	0.0069213732004429675	0.0	0.01937984496124031	0.0	0.004152823920265781	0.03737541528239203	0.06284606866002215	0.0035991140642303433	0.016334440753045402	0.023255813953488372	0.022702104097452935	0.001937984496124031	0.005537098560354375	0.0384828349944629	0.016888150609080842	0.0035991140642303433	0.003875968992248062	0.010243632336655593	0.00636766334440753	0.0005537098560354374	0.0016611295681063123	0.0858250276854928	0.03875968992248062	0.00636766334440753	0.01273532668881506	0.022702104097452935	0.012458471760797342	0.0005537098560354374	0.005813953488372093	0.04983388704318937	0.023255813953488372	0.0035991140642303433	0.0069213732004429675	0.0296234772978959	0.014396456256921373	0.0022148394241417496	0.008028792912513842	0.027408637873754152	0.01273532668881506	0.0011074197120708748	0.003875968992248062	0.0	0.022425249169435217	0.0	0.006644518272425249	0.03156146179401993	0.013289036544850499	0.001937984496124031	0.004152823920265781	0.02547065337763012	0.00636766334440753	0.0027685492801771874	0.0016611295681063123	0.027131782945736434	0.04595791805094131	0.0011074197120708748	0.01522702104097453
0.02131782945736434	0.026578073089700997	0.001937984496124031	0.009136212624584718	0.04706533776301218	0.029900332225913623	0.004152823920265781	0.007198228128460687	0.0	0.01937984496124031	0.0	0.004152823920265781	0.03709856035437431	0.06339977851605759	0.003875968992248062	0.015780730897009966	0.022978959025470654	0.0221483942414175	0.0022148394241417496	0.006090808416389812	0.03903654485049834	0.01716500553709856	0.003045404208194906	0.0035991140642303433	0.010243632336655593	0.00636766334440753	0.0005537098560354374	0.0016611295681063123	0.0844407530454042	0.03820598006644518	0.008028792912513842	0.01273532668881506	0.0221483942414175	0.012458471760797342	0.0011074197120708748	0.005813953488372093	0.04928017718715393	0.022978959025470654	0.004429678848283499	0.0069213732004429675	0.029900332225913623	0.014673311184939091	0.001937984496124031	0.007751937984496124	0.027408637873754152	0.01273532668881506	0.0011074197120708748	0.003875968992248062	0.0	0.022702104097452935	0.0	0.00636766334440753	0.031007751937984496	0.013842746400885935	0.0024916943521594683	0.0035991140642303433	0.025193798449612403	0.00636766334440753	0.003045404208194906	0.0016611295681063123	0.027131782945736434	0.04512735326688815	0.0013842746400885937	0.016057585825027684
0.021040974529346623	0.027408637873754152	0.0022148394241417496	0.008305647840531562	0.046511627906976744	0.0296234772978959	0.0049833887043189366	0.007198228128460687	0.0	0.01937984496124031	0.0	0.004152823920265781	0.03709856035437431	0.06284606866002215	0.003875968992248062	0.016334440753045402	0.023255813953488372	0.022702104097452935	0.001937984496124031	0.005537098560354375	0.03903654485049834	0.01716500553709856	0.003045404208194906	0.0035991140642303433	0.010243632336655593	0.00636766334440753	0.0005537098560354374	0.0016611295681063123	0.08610188261351052	0.03875968992248062	0.007475083056478406	0.011904761904761904	0.02131782945736434	0.012458471760797342	0.001937984496124031	0.005813953488372093	0.04955703211517165	0.023255813953488372	0.004429678848283499	0.00636766334440753	0.029900332225913623	0.014673311184939091	0.0022148394241417496	0.007475083056478406	0.027408637873754152	0.013289036544850499	0.0008305647840531562	0.0035991140642303433	0.0	0.0221483942414175	0.0	0.0069213732004429675	0.031007751937984496	0.013842746400885935	0.0024916943521594683	0.0035991140642303433	0.02574750830564784	0.006090808416389812	0.0024916943521594683	0.001937984496124031	0.02602436323366556	0.04512735326688815	0.0016611295681063123	0.016057585825027684
0.020764119601328904	0.026578073089700997	0.0024916943521594683	0.009136212624584718	0.047619047619047616	0.027962347729789592	0.004706533776301218	0.008028792912513842	0.0	0.01937984496124031	0.0	0.004152823920265781	0.03737541528239203	0.06284606866002215	0.0035991140642303433	0.016334440753045402	0.022702104097452935	0.022702104097452935	0.0024916943521594683	0.005537098560354375	0.03903654485049834	0.01716500553709856	0.0033222591362126247	0.0033222591362126247	0.009966777408637873	0.00636766334440753	0.0008305647840531562	0.0016611295681063123	0.08665559246954596	0.039590254706533774	0.0069213732004429675	0.011351052048726468	0.02131782945736434	0.01273532668881506	0.001937984496124031	0.005537098560354375	0.0473421926910299	0.022978959025470654	0.006644518272425249	0.006644518272425249	0.029346622369878183	0.014673311184939091	0.0024916943521594683	0.007751937984496124	0.027408637873754152	0.013842746400885935	0.0008305647840531562	0.003045404208194906	0.0	0.022978959025470654	0.0	0.006090808416389812	0.03183831672203765	0.013842746400885935	0.001937984496124031	0.0033222591362126247	0.025193798449612403	0.006090808416389812	0.003045404208194906	0.001937984496124031	0.02574750830564784	0.04540420819490587	0.0016611295681063123	0.015780730897009966
0.020487264673311186	0.026578073089700997	0.0027685492801771874	0.009136212624584718	0.04706533776301218	0.027408637873754152	0.005260243632336656	0.00858250276854928	0.0	0.019656699889258028	0.0	0.003875968992248062	0.03737541528239203	0.06312292358803986	0.0035991140642303433	0.016057585825027684	0.022702104097452935	0.02353266888150609	0.0024916943521594683	0.004706533776301218	0.0384828349944629	0.01716500553709856	0.003875968992248062	0.0033222591362126247	0.009966777408637873	0.00636766334440753	0.0008305647840531562	0.0016611295681063123	0.08831672203765227	0.04014396456256921	0.006090808416389812	0.01079734219269103	0.021040974529346623	0.01301218161683278	0.0022148394241417496	0.005260243632336656	0.048726467331118496	0.02353266888150609	0.0049833887043189366	0.00636766334440753	0.029069767441860465	0.014673311184939091	0.0024916943521594683	0.008028792912513842	0.02823920265780731	0.013289036544850499	0.0002768549280177187	0.0033222591362126247	0.0	0.022978959025470654	0.0	0.006090808416389812	0.031284606866002214	0.013842746400885935	0.0024916943521594683	0.0033222591362126247	0.02574750830564784	0.005813953488372093	0.0024916943521594683	0.0022148394241417496	0.024916943521594685	0.04568106312292359	0.0016611295681063123	0.015503875968992248
0.020487264673311186	0.02630121816168328	0.0027685492801771874	0.009413067552602437	0.046511627906976744	0.027408637873754152	0.005813953488372093	0.00858250276854928	0.0	0.019656699889258028	0.0	0.003875968992248062	0.037929125138427465	0.06256921373200443	0.003045404208194906	0.016611295681063124	0.02353266888150609	0.022978959025470654	0.0016611295681063123	0.005260243632336656	0.03875968992248062	0.017718715393133997	0.0033222591362126247	0.003045404208194906	0.009966777408637873	0.006090808416389812	0.0008305647840531562	0.001937984496124031	0.08997785160575858	0.039590254706533774	0.005537098560354375	0.010243632336655593	0.02159468438538206	0.01301218161683278	0.0016611295681063123	0.005260243632336656	0.04983388704318937	0.022978959025470654	0.003875968992248062	0.0069213732004429675	0.029900332225913623	0.014673311184939091	0.0016611295681063123	0.008028792912513842	0.02768549280177187	0.013289036544850499	0.0005537098560354374	0.0035991140642303433	0.0	0.023255813953488372	0.0	0.005813953488372093	0.030730897009966777	0.014119601328903655	0.0027685492801771874	0.0033222591362126247	0.02547065337763012	0.005813953488372093	0.0027685492801771874	0.0022148394241417496	0.024363233665559248	0.046511627906976744	0.0022148394241417496	0.014673311184939091
0.02159468438538206	0.026854928017718716	0.0016611295681063123	0.008859357696566999	0.046511627906976744	0.027131782945736434	0.005537098560354375	0.009136212624584718	0.0	0.01937984496124031	0.0	0.004152823920265781	0.03875968992248062	0.06284606866002215	0.0022148394241417496	0.016334440753045402	0.02353266888150609	0.022978959025470654	0.0016611295681063123	0.005260243632336656	0.0384828349944629	0.017995570321151715	0.0033222591362126247	0.003045404208194906	0.010243632336655593	0.006090808416389812	0.0002768549280177187	0.0022148394241417496	0.08942414174972314	0.039313399778516056	0.0049833887043189366	0.01107419712070875	0.02131782945736434	0.013289036544850499	0.001937984496124031	0.0049833887043189366	0.050387596899224806	0.022702104097452935	0.0035991140642303433	0.0069213732004429675	0.03017718715393134	0.014673311184939091	0.0013842746400885937	0.008028792912513842	0.02768549280177187	0.013289036544850499	0.0005537098560354374	0.0035991140642303433	0.0	0.02353266888150609	0.0	0.005537098560354375	0.030730897009966777	0.013842746400885935	0.0027685492801771874	0.0035991140642303433	0.02574750830564784	0.005813953488372093	0.0024916943521594683	0.0022148394241417496	0.025193798449612403	0.04568106312292359	0.001937984496124031	0.015503875968992248
0.02131782945736434	0.026854928017718716	0.001937984496124031	0.008859357696566999	0.046511627906976744	0.02630121816168328	0.005813953488372093	0.009689922480620155	0.0	0.019933554817275746	0.0	0.0035991140642303433	0.03820598006644518	0.06284606866002215	0.0027685492801771874	0.016334440753045402	0.02408637873754153	0.02353266888150609	0.0011074197120708748	0.004706533776301218	0.03709856035437431	0.017995570321151715	0.004429678848283499	0.0033222591362126247	0.009966777408637873	0.006090808416389812	0.0005537098560354374	0.0022148394241417496	0.08942414174972314	0.039313399778516056	0.004429678848283499	0.01107419712070875	0.02159468438538206	0.013565891472868217	0.0016611295681063123	0.004706533776301218	0.05094130675526024	0.022702104097452935	0.0033222591362126247	0.006644518272425249	0.031284606866002214	0.014396456256921373	0.0005537098560354374	0.008028792912513842	0.027408637873754152	0.013289036544850499	0.0008305647840531562	0.0035991140642303433	0.0	0.023255813953488372	0.0	0.005813953488372093	0.031284606866002214	0.014119601328903655	0.0022148394241417496	0.0033222591362126247	0.02574750830564784	0.006090808416389812	0.0024916943521594683	0.001937984496124031	0.025193798449612403	0.04540420819490587	0.0024916943521594683	0.015780730897009966
0.02159468438538206	0.02602436323366556	0.0016611295681063123	0.009689922480620155	0.046511627906976744	0.02547065337763012	0.006090808416389812	0.010243632336655593	0.0	0.01937984496124031	0.0	0.004152823920265781	0.03875968992248062	0.0636766334440753	0.0022148394241417496	0.015503875968992248	0.023809523809523808	0.02353266888150609	0.0013842746400885937	0.004706533776301218	0.037929125138427465	0.017718715393133997	0.0035991140642303433	0.0035991140642303433	0.009966777408637873	0.006090808416389812	0.0008305647840531562	0.001937984496124031	0.08803986710963455	0.039590254706533774	0.0049833887043189366	0.011351052048726468	0.021871539313399777	0.013842746400885935	0.0013842746400885937	0.004429678848283499	0.050664451827242524	0.0221483942414175	0.0035991140642303433	0.007198228128460687	0.031284606866002214	0.014673311184939091	0.0008305647840531562	0.007475083056478406	0.026578073089700997	0.013289036544850499	0.0016611295681063123	0.0035991140642303433	0.0	0.022978959025470654	0.0	0.006090808416389812	0.03156146179401993	0.013565891472868217	0.001937984496124031	0.003875968992248062	0.02630121816168328	0.005537098560354375	0.001937984496124031	0.0024916943521594683	0.024916943521594685	0.04568106312292359	0.003045404208194906	0.015503875968992248
0.02159468438538206	0.02547065337763012	0.0016611295681063123	0.010243632336655593	0.04678848283499446	0.025193798449612403	0.006090808416389812	0.010243632336655593	0.0	0.019656699889258028	0.0	0.003875968992248062	0.03820598006644518	0.06256921373200443	0.0027685492801771874	0.016611295681063124	0.023809523809523808	0.022978959025470654	0.0013842746400885937	0.005260243632336656	0.03820598006644518	0.017718715393133997	0.0027685492801771874	0.004152823920265781	0.009966777408637873	0.006090808416389812	0.0008305647840531562	0.001937984496124031	0.08776301218161683	0.039590254706533774	0.005260243632336656	0.011904761904761904	0.021871539313399777	0.014673311184939091	0.0013842746400885937	0.0035991140642303433	0.04983388704318937	0.022978959025470654	0.0033222591362126247	0.007475083056478406	0.031007751937984496	0.014950166112956811	0.0011074197120708748	0.007198228128460687	0.026854928017718716	0.013289036544850499	0.0013842746400885937	0.0035991140642303433	0.0	0.0221483942414175	0.0	0.0069213732004429675	0.03156146179401993	0.013842746400885935	0.0016611295681063123	0.003875968992248062	0.02574750830564784	0.005537098560354375	0.0024916943521594683	0.0024916943521594683	0.024640088593576966	0.04595791805094131	0.0027685492801771874	0.01522702104097453
0.02159468438538206	0.025193798449612403	0.0016611295681063123	0.010520487264673311	0.0473421926910299	0.02574750830564784	0.005260243632336656	0.009966777408637873	0.0	0.01937984496124031	0.0	0.004152823920265781	0.037929125138427465	0.06229235880398671	0.003045404208194906	0.016888150609080842	0.02408637873754153	0.023255813953488372	0.0011074197120708748	0.0049833887043189366	0.039590254706533774	0.01716500553709856	0.0013842746400885937	0.004706533776301218	0.009966777408637873	0.006090808416389812	0.0008305647840531562	0.001937984496124031	0.08776301218161683	0.039313399778516056	0.004429678848283499	0.011904761904761904	0.021871539313399777	0.014119601328903655	0.0013842746400885937	0.004152823920265781	0.04928017718715393	0.023255813953488372	0.0035991140642303433	0.007475083056478406	0.03045404208194906	0.01522702104097453	0.0013842746400885937	0.007198228128460687	0.02630121816168328	0.013289036544850499	0.001937984496124031	0.0035991140642303433	0.0	0.02159468438538206	0.0	0.007475083056478406	0.031007751937984496	0.013842746400885935	0.0022148394241417496	0.003875968992248062	0.024363233665559248	0.005537098560354375	0.003875968992248062	0.0024916943521594683	0.02574750830564784	0.046234772978959025	0.0027685492801771874	0.014950166112956811
0.02159468438538206	0.02547065337763012	0.0016611295681063123	0.010243632336655593	0.046234772978959025	0.02574750830564784	0.005813953488372093	0.010520487264673311	0.0	0.019933554817275746	0.0	0.0035991140642303433	0.037929125138427465	0.06090808416389812	0.003045404208194906	0.018272425249169437	0.02353266888150609	0.02353266888150609	0.0016611295681063123	0.004706533776301218	0.03875968992248062	0.01716500553709856	0.0024916943521594683	0.004429678848283499	0.009689922480620155	0.005813953488372093	0.0011074197120708748	0.0022148394241417496	0.08665559246954596	0.039590254706533774	0.0049833887043189366	0.011904761904761904	0.0221483942414175	0.014673311184939091	0.0011074197120708748	0.0035991140642303433	0.048726467331118496	0.023255813953488372	0.004152823920265781	0.007475083056478406	0.03017718715393134	0.016057585825027684	0.0016611295681063123	0.00636766334440753	0.026854928017718716	0.01301218161683278	0.0016611295681063123	0.0035991140642303433	0.0	0.02159468438538206	0.0	0.007475083056478406	0.031007751937984496	0.013842746400885935	0.0022148394241417496	0.003875968992248062	0.02547065337763012	0.005813953488372093	0.0027685492801771874	0.0022148394241417496	0.02574750830564784	0.04706533776301218	0.003045404208194906	0.014119601328903655
0.0221483942414175	0.025193798449612403	0.0011074197120708748	0.010520487264673311	0.04678848283499446	0.02630121816168328	0.005260243632336656	0.009966777408637873	0.0	0.019933554817275746	0.0	0.0035991140642303433	0.037929125138427465	0.0606312292358804	0.003045404208194906	0.018549280177187155	0.023255813953488372	0.023255813953488372	0.001937984496124031	0.0049833887043189366	0.039313399778516056	0.016334440753045402	0.003045404208194906	0.004152823920265781	0.009689922480620155	0.005813953488372093	0.0008305647840531562	0.0024916943521594683	0.08859357696567	0.03820598006644518	0.0049833887043189366	0.012458471760797342	0.021871539313399777	0.014673311184939091	0.0013842746400885937	0.0035991140642303433	0.049003322259136214	0.023809523809523808	0.003875968992248062	0.0069213732004429675	0.03017718715393134	0.015780730897009966	0.0016611295681063123	0.006644518272425249	0.026578073089700997	0.013289036544850499	0.001937984496124031	0.0033222591362126247	0.0	0.02159468438538206	0.0	0.007475083056478406	0.031284606866002214	0.013842746400885935	0.0022148394241417496	0.0035991140642303433	0.026578073089700997	0.005813953488372093	0.0016611295681063123	0.0022148394241417496	0.025193798449612403	0.04706533776301218	0.0024916943521594683	0.014119601328903655
0.0221483942414175	0.02547065337763012	0.0011074197120708748	0.010243632336655593	0.047619047619047616	0.026578073089700997	0.004706533776301218	0.009413067552602437	0.0	0.019933554817275746	0.0	0.0035991140642303433	0.03765227021040975	0.06201550387596899	0.0033222591362126247	0.01716500553709856	0.02353266888150609	0.02353266888150609	0.0016611295681063123	0.004706533776301218	0.03903654485049834	0.016057585825027684	0.0035991140642303433	0.004152823920265781	0.009689922480620155	0.005537098560354375	0.0008305647840531562	0.0027685492801771874	0.0858250276854928	0.0384828349944629	0.006644518272425249	0.01301218161683278	0.021871539313399777	0.014673311184939091	0.0013842746400885937	0.0035991140642303433	0.048726467331118496	0.02408637873754153	0.003875968992248062	0.0069213732004429675	0.030730897009966777	0.015503875968992248	0.0013842746400885937	0.006644518272425249	0.026578073089700997	0.013289036544850499	0.001937984496124031	0.0033222591362126247	0.0	0.02159468438538206	0.0	0.007475083056478406	0.03239202657807309	0.013842746400885935	0.0011074197120708748	0.0035991140642303433	0.027131782945736434	0.006090808416389812	0.0011074197120708748	0.001937984496124031	0.02602436323366556	0.046234772978959025	0.001937984496124031	0.014950166112956811
0.0221483942414175	0.02602436323366556	0.0011074197120708748	0.009689922480620155	0.047619047619047616	0.026854928017718716	0.0049833887043189366	0.008859357696566999	0.0	0.01937984496124031	0.0	0.004152823920265781	0.03765227021040975	0.06201550387596899	0.0033222591362126247	0.01716500553709856	0.023809523809523808	0.022978959025470654	0.0013842746400885937	0.005260243632336656	0.0384828349944629	0.016611295681063124	0.004152823920265781	0.0035991140642303433	0.009689922480620155	0.004706533776301218	0.0008305647840531562	0.0035991140642303433	0.08527131782945736	0.03765227021040975	0.007475083056478406	0.013842746400885935	0.02159468438538206	0.014673311184939091	0.0016611295681063123	0.0035991140642303433	0.04928017718715393	0.02353266888150609	0.0033222591362126247	0.007475083056478406	0.03045404208194906	0.014950166112956811	0.0022148394241417496	0.006644518272425249	0.02574750830564784	0.013565891472868217	0.0024916943521594683	0.0033222591362126247	0.0	0.0221483942414175	0.0	0.0069213732004429675	0.032668881506090805	0.013842746400885935	0.0011074197120708748	0.0033222591362126247	0.027408637873754152	0.005813953488372093	0.0008305647840531562	0.0022148394241417496	0.02574750830564784	0.046234772978959025	0.001937984496124031	0.014950166112956811
0.021871539313399777	0.027131782945736434	0.0013842746400885937	0.00858250276854928	0.04678848283499446	0.027131782945736434	0.006090808416389812	0.008305647840531562	0.0	0.019656699889258028	0.0	0.003875968992248062	0.03765227021040975	0.06201550387596899	0.0033222591362126247	0.01716500553709856	0.022978959025470654	0.022978959025470654	0.0022148394241417496	0.005260243632336656	0.03903654485049834	0.016611295681063124	0.0033222591362126247	0.003875968992248062	0.009413067552602437	0.0049833887043189366	0.0011074197120708748	0.0033222591362126247	0.08554817275747509	0.03820598006644518	0.0069213732004429675	0.01301218161683278	0.02131782945736434	0.014673311184939091	0.001937984496124031	0.0035991140642303433	0.049003322259136214	0.02353266888150609	0.0035991140642303433	0.007475083056478406	0.031007751937984496	0.014950166112956811	0.001937984496124031	0.00636766334440753	0.02602436323366556	0.01301218161683278	0.0027685492801771874	0.0033222591362126247	0.0	0.021871539313399777	0.0	0.007198228128460687	0.032668881506090805	0.013842746400885935	0.0011074197120708748	0.0033222591362126247	0.02768549280177187	0.005813953488372093	0.0005537098560354374	0.0022148394241417496	0.026578073089700997	0.04568106312292359	0.0016611295681063123	0.015503875968992248
0.021871539313399777	0.02630121816168328	0.0013842746400885937	0.009413067552602437	0.04706533776301218	0.027131782945736434	0.006090808416389812	0.008028792912513842	0.0	0.019933554817275746	0.0	0.0035991140642303433	0.03820598006644518	0.06229235880398671	0.0027685492801771874	0.016888150609080842	0.022978959025470654	0.022702104097452935	0.0022148394241417496	0.005537098560354375	0.039590254706533774	0.016888150609080842	0.0027685492801771874	0.0035991140642303433	0.009413067552602437	0.0049833887043189366	0.0011074197120708748	0.0033222591362126247	0.08554817275747509	0.03903654485049834	0.00636766334440753	0.01273532668881506	0.021040974529346623	0.014950166112956811	0.0022148394241417496	0.0033222591362126247	0.05011074197120709	0.024640088593576966	0.0022148394241417496	0.006644518272425249	0.031284606866002214	0.014950166112956811	0.0016611295681063123	0.00636766334440753	0.02630121816168328	0.01301218161683278	0.0024916943521594683	0.0033222591362126247	0.0	0.021871539313399777	0.0	0.007198228128460687	0.03239202657807309	0.014119601328903655	0.0013842746400885937	0.003045404208194906	0.026854928017718716	0.006090808416389812	0.0013842746400885937	0.001937984496124031	0.026854928017718716	0.044850498338870434	0.0013842746400885937	0.016334440753045402
0.0221483942414175	0.02602436323366556	0.0011074197120708748	0.009689922480620155	0.04844961240310078	0.026578073089700997	0.005537098560354375	0.007751937984496124	0.0	0.01937984496124031	0.0	0.004152823920265781	0.0384828349944629	0.06312292358803986	0.0024916943521594683	0.016057585825027684	0.022702104097452935	0.022425249169435217	0.0024916943521594683	0.005813953488372093	0.04014396456256921	0.016888150609080842	0.0022148394241417496	0.0035991140642303433	0.009689922480620155	0.0049833887043189366	0.0008305647840531562	0.0033222591362126247	0.08250276854928018	0.039313399778516056	0.007475083056478406	0.01273532668881506	0.021040974529346623	0.01522702104097453	0.0022148394241417496	0.003045404208194906	0.05121816168327796	0.024363233665559248	0.0016611295681063123	0.00636766334440753	0.031007751937984496	0.01522702104097453	0.0022148394241417496	0.005813953488372093	0.02602436323366556	0.012458471760797342	0.003045404208194906	0.0035991140642303433	0.0	0.0221483942414175	0.0	0.0069213732004429675	0.03239202657807309	0.013842746400885935	0.0013842746400885937	0.0033222591362126247	0.027131782945736434	0.006090808416389812	0.0011074197120708748	0.001937984496124031	0.02851605758582503	0.044850498338870434	0.0013842746400885937	0.016334440753045402
0.0221483942414175	0.02630121816168328	0.0011074197120708748	0.009413067552602437	0.04955703211517165	0.02630121816168328	0.004706533776301218	0.007751937984496124	0.0	0.01937984496124031	0.0	0.004152823920265781	0.03765227021040975	0.06312292358803986	0.0033222591362126247	0.016057585825027684	0.022425249169435217	0.022425249169435217	0.0027685492801771874	0.005813953488372093	0.039313399778516056	0.017718715393133997	0.0024916943521594683	0.0033222591362126247	0.009689922480620155	0.005537098560354375	0.0008305647840531562	0.0027685492801771874	0.08222591362126246	0.03820598006644518	0.0069213732004429675	0.013565891472868217	0.020764119601328904	0.014950166112956811	0.0024916943521594683	0.0033222591362126247	0.050664451827242524	0.024363233665559248	0.0022148394241417496	0.00636766334440753	0.03239202657807309	0.01522702104097453	0.0013842746400885937	0.005260243632336656	0.02630121816168328	0.012181616832779624	0.0027685492801771874	0.003875968992248062	0.0	0.02131782945736434	0.0	0.007751937984496124	0.03239202657807309	0.013565891472868217	0.0016611295681063123	0.0033222591362126247	0.02602436323366556	0.00636766334440753	0.0022148394241417496	0.0016611295681063123	0.029900332225913623	0.04512735326688815	0.0011074197120708748	0.016057585825027684
0.02159468438538206	0.026578073089700997	0.0016611295681063123	0.009136212624584718	0.04928017718715393	0.02768549280177187	0.004429678848283499	0.0069213732004429675	0.0	0.01910299003322259	0.0	0.004429678848283499	0.03737541528239203	0.06284606866002215	0.0035991140642303433	0.016334440753045402	0.0221483942414175	0.022702104097452935	0.003045404208194906	0.005537098560354375	0.03903654485049834	0.017718715393133997	0.0022148394241417496	0.003875968992248062	0.009689922480620155	0.005260243632336656	0.0005537098560354374	0.0033222591362126247	0.08111849390919158	0.03765227021040975	0.007198228128460687	0.013842746400885935	0.021040974529346623	0.01522702104097453	0.0022148394241417496	0.003045404208194906	0.050387596899224806	0.02408637873754153	0.0024916943521594683	0.006644518272425249	0.032668881506090805	0.014950166112956811	0.0013842746400885937	0.005260243632336656	0.026854928017718716	0.011904761904761904	0.0022148394241417496	0.004152823920265781	0.0	0.02159468438538206	0.0	0.007475083056478406	0.03211517165005537	0.013289036544850499	0.0016611295681063123	0.003875968992248062	0.02574750830564784	0.00636766334440753	0.0024916943521594683	0.0016611295681063123	0.030730897009966777	0.04512735326688815	0.0013842746400885937	0.016057585825027684
0.020764119601328904	0.027131782945736434	0.0024916943521594683	0.00858250276854928	0.04955703211517165	0.02768549280177187	0.003875968992248062	0.007198228128460687	0.0	0.01910299003322259	0.0	0.004429678848283499	0.0384828349944629	0.06339977851605759	0.0024916943521594683	0.015780730897009966	0.022978959025470654	0.021871539313399777	0.0022148394241417496	0.00636766334440753	0.039313399778516056	0.01716500553709856	0.0022148394241417496	0.004152823920265781	0.009689922480620155	0.0049833887043189366	0.0008305647840531562	0.0033222591362126247	0.08084163898117387	0.03682170542635659	0.007751937984496124	0.014950166112956811	0.020487264673311186	0.01522702104097453	0.0027685492801771874	0.003045404208194906	0.050664451827242524	0.024363233665559248	0.001937984496124031	0.006644518272425249	0.03183831672203765	0.01522702104097453	0.001937984496124031	0.005260243632336656	0.026578073089700997	0.011904761904761904	0.0022148394241417496	0.004429678848283499	0.0	0.021871539313399777	0.0	0.007198228128460687	0.03211517165005537	0.01301218161683278	0.0016611295681063123	0.004152823920265781	0.02574750830564784	0.006090808416389812	0.0024916943521594683	0.001937984496124031	0.03017718715393134	0.04595791805094131	0.0013842746400885937	0.01522702104097453
0.020764119601328904	0.02768549280177187	0.0024916943521594683	0.008028792912513842	0.04955703211517165	0.02823920265780731	0.0035991140642303433	0.0069213732004429675	0.0	0.01910299003322259	0.0	0.004429678848283499	0.03737541528239203	0.06312292358803986	0.0035991140642303433	0.016057585825027684	0.023255813953488372	0.0221483942414175	0.001937984496124031	0.006090808416389812	0.03986710963455149	0.016611295681063124	0.001937984496124031	0.004429678848283499	0.009689922480620155	0.005813953488372093	0.0008305647840531562	0.0024916943521594683	0.08139534883720931	0.03599114064230343	0.008028792912513842	0.015503875968992248	0.020210409745293468	0.01522702104097453	0.003045404208194906	0.003045404208194906	0.05011074197120709	0.024640088593576966	0.0024916943521594683	0.00636766334440753	0.03211517165005537	0.01522702104097453	0.0016611295681063123	0.005260243632336656	0.026854928017718716	0.011351052048726468	0.0024916943521594683	0.004429678848283499	0.0	0.022425249169435217	0.0	0.006644518272425249	0.03211517165005537	0.013289036544850499	0.0013842746400885937	0.004152823920265781	0.026854928017718716	0.006090808416389812	0.0013842746400885937	0.001937984496124031	0.029346622369878183	0.04512735326688815	0.0016611295681063123	0.016057585825027684
0.020487264673311186	0.028792912513842746	0.0027685492801771874	0.0069213732004429675	0.049003322259136214	0.027962347729789592	0.003875968992248062	0.007475083056478406	0.0	0.01910299003322259	0.0	0.004429678848283499	0.03709856035437431	0.061461794019933555	0.003875968992248062	0.017718715393133997	0.023255813953488372	0.022425249169435217	0.001937984496124031	0.005813953488372093	0.039590254706533774	0.01716500553709856	0.001937984496124031	0.004152823920265781	0.009413067552602437	0.006090808416389812	0.0011074197120708748	0.0022148394241417496	0.08111849390919158	0.036544850498338874	0.009413067552602437	0.014673311184939091	0.020487264673311186	0.01522702104097453	0.0027685492801771874	0.003045404208194906	0.05011074197120709	0.024916943521594685	0.001937984496124031	0.006644518272425249	0.03239202657807309	0.014950166112956811	0.001937984496124031	0.0049833887043189366	0.02768549280177187	0.01107419712070875	0.001937984496124031	0.004429678848283499	0.0	0.022978959025470654	0.0	0.006090808416389812	0.03183831672203765	0.013842746400885935	0.0016611295681063123	0.0035991140642303433	0.026854928017718716	0.006090808416389812	0.0013842746400885937	0.001937984496124031	0.02851605758582503	0.04512735326688815	0.0016611295681063123	0.016057585825027684
0.02131782945736434	0.02823920265780731	0.001937984496124031	0.007475083056478406	0.04983388704318937	0.027962347729789592	0.0035991140642303433	0.0069213732004429675	0.0	0.01910299003322259	0.0	0.004429678848283499	0.037929125138427465	0.061461794019933555	0.003045404208194906	0.017718715393133997	0.02353266888150609	0.0221483942414175	0.0016611295681063123	0.006090808416389812	0.039313399778516056	0.01716500553709856	0.0022148394241417496	0.004152823920265781	0.009689922480620155	0.006090808416389812	0.0008305647840531562	0.0022148394241417496	0.08194905869324474	0.036544850498338874	0.008305647840531562	0.014950166112956811	0.020210409745293468	0.014950166112956811	0.003045404208194906	0.0033222591362126247	0.049003322259136214	0.02574750830564784	0.0027685492801771874	0.006090808416389812	0.03322259136212625	0.014673311184939091	0.0013842746400885937	0.0049833887043189366	0.02768549280177187	0.010520487264673311	0.0022148394241417496	0.004706533776301218	0.0	0.02353266888150609	0.0	0.005537098560354375	0.03156146179401993	0.01301218161683278	0.001937984496124031	0.004429678848283499	0.026578073089700997	0.006090808416389812	0.0016611295681063123	0.001937984496124031	0.02823920265780731	0.044850498338870434	0.001937984496124031	0.016334440753045402
0.02159468438538206	0.02823920265780731	0.0016611295681063123	0.007475083056478406	0.050664451827242524	0.027408637873754152	0.003045404208194906	0.007198228128460687	0.0	0.019933554817275746	0.0	0.0035991140642303433	0.03820598006644518	0.06035437430786268	0.0027685492801771874	0.018826135105204873	0.02353266888150609	0.02159468438538206	0.0016611295681063123	0.006644518272425249	0.039590254706533774	0.016888150609080842	0.001937984496124031	0.004429678848283499	0.009966777408637873	0.006644518272425249	0.0005537098560354374	0.0016611295681063123	0.08167220376522702	0.03599114064230343	0.008028792912513842	0.01522702104097453	0.020764119601328904	0.014950166112956811	0.0024916943521594683	0.0033222591362126247	0.04844961240310078	0.02547065337763012	0.0033222591362126247	0.00636766334440753	0.03239202657807309	0.014396456256921373	0.001937984496124031	0.005537098560354375	0.027131782945736434	0.010520487264673311	0.003045404208194906	0.004429678848283499	0.0	0.02353266888150609	0.0	0.005537098560354375	0.03183831672203765	0.01301218161683278	0.0016611295681063123	0.004429678848283499	0.02630121816168328	0.006090808416389812	0.001937984496124031	0.001937984496124031	0.02851605758582503	0.043743078626799554	0.0024916943521594683	0.01744186046511628
0.02159468438538206	0.02851605758582503	0.0016611295681063123	0.007198228128460687	0.050387596899224806	0.02768549280177187	0.0033222591362126247	0.0069213732004429675	0.0	0.019656699889258028	0.0	0.003875968992248062	0.03820598006644518	0.061461794019933555	0.0027685492801771874	0.017718715393133997	0.023809523809523808	0.02131782945736434	0.0013842746400885937	0.0069213732004429675	0.03986710963455149	0.016057585825027684	0.0022148394241417496	0.004706533776301218	0.010520487264673311	0.006090808416389812	0.0002768549280177187	0.001937984496124031	0.08277962347729789	0.03626799557032115	0.008028792912513842	0.014950166112956811	0.02131782945736434	0.014673311184939091	0.001937984496124031	0.0035991140642303433	0.047619047619047616	0.02602436323366556	0.0035991140642303433	0.00636766334440753	0.03239202657807309	0.014119601328903655	0.001937984496124031	0.005813953488372093	0.027408637873754152	0.010520487264673311	0.0033222591362126247	0.003875968992248062	0.0	0.02353266888150609	0.0	0.005537098560354375	0.03156146179401993	0.012458471760797342	0.001937984496124031	0.0049833887043189366	0.026854928017718716	0.006090808416389812	0.0013842746400885937	0.001937984496124031	0.027408637873754152	0.044573643410852716	0.0024916943521594683	0.016611295681063124
0.02159468438538206	0.02823920265780731	0.0016611295681063123	0.007475083056478406	0.05011074197120709	0.027408637873754152	0.0035991140642303433	0.007198228128460687	0.0	0.01910299003322259	0.0	0.004429678848283499	0.037929125138427465	0.06173864894795127	0.003045404208194906	0.01744186046511628	0.02353266888150609	0.02131782945736434	0.0016611295681063123	0.0069213732004429675	0.04014396456256921	0.015503875968992248	0.0016611295681063123	0.005537098560354375	0.010520487264673311	0.00636766334440753	0.0002768549280177187	0.0016611295681063123	0.08167220376522702	0.036544850498338874	0.008028792912513842	0.014950166112956811	0.021040974529346623	0.014396456256921373	0.0022148394241417496	0.003875968992248062	0.04817275747508306	0.02574750830564784	0.003045404208194906	0.006644518272425249	0.03183831672203765	0.014396456256921373	0.001937984496124031	0.006090808416389812	0.026854928017718716	0.010520487264673311	0.003875968992248062	0.003875968992248062	0.0	0.023809523809523808	0.0	0.005260243632336656	0.031284606866002214	0.012181616832779624	0.001937984496124031	0.005537098560354375	0.02630121816168328	0.006090808416389812	0.001937984496124031	0.001937984496124031	0.02768549280177187	0.043466223698781836	0.003045404208194906	0.017718715393133997
0.02159468438538206	0.027408637873754152	0.0016611295681063123	0.008305647840531562	0.05094130675526024	0.026854928017718716	0.003045404208194906	0.007475083056478406	0.0	0.01910299003322259	0.0	0.004429678848283499	0.03903654485049834	0.06229235880398671	0.001937984496124031	0.016888150609080842	0.023809523809523808	0.021040974529346623	0.0013842746400885937	0.007198228128460687	0.03903654485049834	0.015503875968992248	0.0024916943521594683	0.005813953488372093	0.010520487264673311	0.006644518272425249	0.0002768549280177187	0.0013842746400885937	0.08222591362126246	0.03765227021040975	0.007198228128460687	0.014119601328903655	0.020210409745293468	0.013565891472868217	0.003045404208194906	0.004706533776301218	0.05011074197120709	0.025193798449612403	0.0024916943521594683	0.005813953488372093	0.03211517165005537	0.014673311184939091	0.0016611295681063123	0.005813953488372093	0.027131782945736434	0.010520487264673311	0.0035991140642303433	0.003875968992248062	0.0	0.02408637873754153	0.0	0.0049833887043189366	0.03183831672203765	0.011904761904761904	0.0016611295681063123	0.005537098560354375	0.02630121816168328	0.006090808416389812	0.001937984496124031	0.001937984496124031	0.02768549280177187	0.044296788482835	0.003045404208194906	0.016888150609080842
0.02159468438538206	0.02768549280177187	0.0016611295681063123	0.008028792912513842	0.05149501661129568	0.02630121816168328	0.0027685492801771874	0.007751937984496124	0.0	0.01910299003322259	0.0	0.004429678848283499	0.03903654485049834	0.061461794019933555	0.001937984496124031	0.017718715393133997	0.023809523809523808	0.021040974529346623	0.0013842746400885937	0.007198228128460687	0.039313399778516056	0.014673311184939091	0.0024916943521594683	0.00636766334440753	0.009966777408637873	0.006644518272425249	0.0005537098560354374	0.0016611295681063123	0.08111849390919158	0.03765227021040975	0.007198228128460687	0.014396456256921373	0.019656699889258028	0.013565891472868217	0.0035991140642303433	0.004706533776301218	0.05011074197120709	0.025193798449612403	0.0027685492801771874	0.005537098560354375	0.03211517165005537	0.014673311184939091	0.0016611295681063123	0.005813953488372093	0.026578073089700997	0.010243632336655593	0.004152823920265781	0.004152823920265781	0.0	0.024640088593576966	0.0	0.004429678848283499	0.03156146179401993	0.012181616832779624	0.0013842746400885937	0.005813953488372093	0.026854928017718716	0.006090808416389812	0.0013842746400885937	0.001937984496124031	0.02823920265780731	0.04401993355481727	0.0033222591362126247	0.01716500553709856
0.0221483942414175	0.027408637873754152	0.0011074197120708748	0.008305647840531562	0.052879291251384276	0.024916943521594685	0.0016611295681063123	0.008859357696566999	0.0	0.01910299003322259	0.0	0.004429678848283499	0.03903654485049834	0.061461794019933555	0.001937984496124031	0.017718715393133997	0.022978959025470654	0.020764119601328904	0.0022148394241417496	0.007475083056478406	0.03903654485049834	0.014950166112956811	0.0027685492801771874	0.006090808416389812	0.010520487264673311	0.006644518272425249	0.0	0.0016611295681063123	0.08111849390919158	0.03765227021040975	0.007475083056478406	0.014673311184939091	0.01937984496124031	0.01301218161683278	0.003875968992248062	0.005260243632336656	0.050664451827242524	0.024916943521594685	0.0024916943521594683	0.005537098560354375	0.031007751937984496	0.014950166112956811	0.0027685492801771874	0.005537098560354375	0.026578073089700997	0.010520487264673311	0.0035991140642303433	0.004429678848283499	0.0	0.024640088593576966	0.0	0.004429678848283499	0.030730897009966777	0.011904761904761904	0.0024916943521594683	0.005813953488372093	0.026578073089700997	0.006090808416389812	0.0016611295681063123	0.001937984496124031	0.02823920265780731	0.04540420819490587	0.0027685492801771874	0.015780730897009966
0.021871539313399777	0.027131782945736434	0.0013842746400885937	0.00858250276854928	0.05232558139534884	0.024916943521594685	0.0022148394241417496	0.008859357696566999	0.0	0.01910299003322259	0.0	0.004429678848283499	0.0384828349944629	0.06201550387596899	0.0024916943521594683	0.01716500553709856	0.023255813953488372	0.020764119601328904	0.001937984496124031	0.007475083056478406	0.03986710963455149	0.014396456256921373	0.0024916943521594683	0.006090808416389812	0.010243632336655593	0.006644518272425249	0.0002768549280177187	0.0016611295681063123	0.08277962347729789	0.03737541528239203	0.007198228128460687	0.013842746400885935	0.019656699889258028	0.01301218161683278	0.0035991140642303433	0.005260243632336656	0.049003322259136214	0.02547065337763012	0.0035991140642303433	0.005537098560354375	0.031007751937984496	0.014950166112956811	0.003045404208194906	0.005260243632336656	0.026578073089700997	0.01107419712070875	0.0035991140642303433	0.003875968992248062	0.0	0.024363233665559248	0.0	0.004706533776301218	0.03045404208194906	0.011351052048726468	0.0024916943521594683	0.006644518272425249	0.027131782945736434	0.006090808416389812	0.0011074197120708748	0.001937984496124031	0.027962347729789592	0.04595791805094131	0.0027685492801771874	0.01522702104097453
0.02159468438538206	0.027131782945736434	0.0016611295681063123	0.00858250276854928	0.05260243632336656	0.024640088593576966	0.001937984496124031	0.009136212624584718	0.0	0.01910299003322259	0.0	0.004429678848283499	0.03820598006644518	0.06229235880398671	0.0027685492801771874	0.016888150609080842	0.022978959025470654	0.021040974529346623	0.0022148394241417496	0.007198228128460687	0.04014396456256921	0.014396456256921373	0.001937984496124031	0.00636766334440753	0.010520487264673311	0.00636766334440753	0.0	0.001937984496124031	0.08333333333333333	0.037929125138427465	0.007475083056478406	0.014396456256921373	0.019656699889258028	0.013289036544850499	0.0035991140642303433	0.0049833887043189366	0.048726467331118496	0.02547065337763012	0.0035991140642303433	0.005813953488372093	0.03017718715393134	0.014950166112956811	0.0035991140642303433	0.005537098560354375	0.026578073089700997	0.010520487264673311	0.0035991140642303433	0.004429678848283499	0.0	0.02408637873754153	0.0	0.0049833887043189366	0.03045404208194906	0.012181616832779624	0.0024916943521594683	0.005813953488372093	0.027408637873754152	0.006090808416389812	0.0008305647840531562	0.001937984496124031	0.026578073089700997	0.046511627906976744	0.0022148394241417496	0.014673311184939091
0.020764119601328904	0.026854928017718716	0.0024916943521594683	0.008859357696566999	0.05204872646733112	0.024363233665559248	0.0024916943521594683	0.009413067552602437	0.0	0.01910299003322259	0.0	0.004429678848283499	0.03875968992248062	0.0606312292358804	0.0022148394241417496	0.018549280177187155	0.022978959025470654	0.02159468438538206	0.0022148394241417496	0.006644518272425249	0.040420819490586936	0.014950166112956811	0.0016611295681063123	0.005813953488372093	0.010243632336655593	0.006644518272425249	0.0	0.001937984496124031	0.08416389811738649	0.037929125138427465	0.007475083056478406	0.014396456256921373	0.020210409745293468	0.01301218161683278	0.003045404208194906	0.005260243632336656	0.04844961240310078	0.025193798449612403	0.003875968992248062	0.006090808416389812	0.031007751937984496	0.014119601328903655	0.0033222591362126247	0.005813953488372093	0.027962347729789592	0.010520487264673311	0.0024916943521594683	0.004152823920265781	0.0	0.023809523809523808	0.0	0.005260243632336656	0.03045404208194906	0.011904761904761904	0.0024916943521594683	0.006090808416389812	0.02768549280177187	0.006090808416389812	0.0005537098560354374	0.001937984496124031	0.02574750830564784	0.04595791805094131	0.0022148394241417496	0.01522702104097453
0.020210409745293468	0.02630121816168328	0.003045404208194906	0.009413067552602437	0.05121816168327796	0.024916943521594685	0.0027685492801771874	0.009413067552602437	0.0	0.01937984496124031	0.0	0.004152823920265781	0.039313399778516056	0.06090808416389812	0.0016611295681063123	0.018272425249169437	0.023255813953488372	0.02159468438538206	0.001937984496124031	0.006644518272425249	0.0384828349944629	0.016057585825027684	0.0027685492801771874	0.005537098560354375	0.009966777408637873	0.006644518272425249	0.0002768549280177187	0.001937984496124031	0.08527131782945736	0.037929125138427465	0.00636766334440753	0.014396456256921373	0.021040974529346623	0.01301218161683278	0.0022148394241417496	0.005260243632336656	0.048726467331118496	0.025193798449612403	0.003875968992248062	0.005813953488372093	0.03045404208194906	0.014673311184939091	0.0035991140642303433	0.005537098560354375	0.027408637873754152	0.01107419712070875	0.0027685492801771874	0.003875968992248062	0.0	0.02408637873754153	0.0	0.0049833887043189366	0.029900332225913623	0.011904761904761904	0.003045404208194906	0.006090808416389812	0.02768549280177187	0.006090808416389812	0.0005537098560354374	0.001937984496124031	0.024363233665559248	0.04512735326688815	0.0035991140642303433	0.016057585825027684
0.020487264673311186	0.02602436323366556	0.0027685492801771874	0.009689922480620155	0.050387596899224806	0.024640088593576966	0.003875968992248062	0.009413067552602437	0.0	0.01937984496124031	0.0	0.004152823920265781	0.03986710963455149	0.06090808416389812	0.0011074197120708748	0.018272425249169437	0.02408637873754153	0.02131782945736434	0.0011074197120708748	0.0069213732004429675	0.03875968992248062	0.015503875968992248	0.0027685492801771874	0.005813953488372093	0.009966777408637873	0.006644518272425249	0.0002768549280177187	0.001937984496124031	0.08499446290143965	0.03820598006644518	0.0069213732004429675	0.014119601328903655	0.02131782945736434	0.01301218161683278	0.001937984496124031	0.005260243632336656	0.048726467331118496	0.024916943521594685	0.0033222591362126247	0.006644518272425249	0.031007751937984496	0.014673311184939091	0.0027685492801771874	0.005813953488372093	0.026854928017718716	0.01079734219269103	0.0033222591362126247	0.004152823920265781	0.0	0.02353266888150609	0.0	0.005537098560354375	0.029346622369878183	0.012458471760797342	0.003045404208194906	0.006090808416389812	0.027408637873754152	0.00636766334440753	0.0008305647840531562	0.0016611295681063123	0.024916943521594685	0.04540420819490587	0.0027685492801771874	0.015780730897009966
0.021040974529346623	0.027408637873754152	0.0022148394241417496	0.008305647840531562	0.050664451827242524	0.024916943521594685	0.0033222591362126247	0.009413067552602437	0.0	0.01937984496124031	0.0	0.004152823920265781	0.03903654485049834	0.06118493909191584	0.001937984496124031	0.017995570321151715	0.02408637873754153	0.02159468438538206	0.0011074197120708748	0.006644518272425249	0.037929125138427465	0.015780730897009966	0.0033222591362126247	0.005813953488372093	0.009966777408637873	0.006644518272425249	0.0002768549280177187	0.001937984496124031	0.08554817275747509	0.0384828349944629	0.005813953488372093	0.014396456256921373	0.0221483942414175	0.014119601328903655	0.0011074197120708748	0.004152823920265781	0.04928017718715393	0.024640088593576966	0.003045404208194906	0.006644518272425249	0.031007751937984496	0.014950166112956811	0.0027685492801771874	0.005537098560354375	0.02768549280177187	0.010520487264673311	0.0024916943521594683	0.004429678848283499	0.0	0.023255813953488372	0.0	0.005813953488372093	0.0296234772978959	0.012181616832779624	0.0024916943521594683	0.006644518272425249	0.027408637873754152	0.006644518272425249	0.0008305647840531562	0.0013842746400885937	0.024916943521594685	0.04595791805094131	0.0027685492801771874	0.01522702104097453
0.0221483942414175	0.02768549280177187	0.0011074197120708748	0.008028792912513842	0.050664451827242524	0.024363233665559248	0.0033222591362126247	0.009966777408637873	0.0	0.01910299003322259	0.0	0.004429678848283499	0.03903654485049834	0.05952380952380952	0.001937984496124031	0.019656699889258028	0.023809523809523808	0.02159468438538206	0.0013842746400885937	0.006644518272425249	0.03737541528239203	0.016057585825027684	0.003875968992248062	0.005537098560354375	0.009413067552602437	0.0069213732004429675	0.0005537098560354374	0.001937984496124031	0.08748615725359911	0.03820598006644518	0.005537098560354375	0.014673311184939091	0.02131782945736434	0.014396456256921373	0.001937984496124031	0.003875968992248062	0.04983388704318937	0.024916943521594685	0.003045404208194906	0.005813953488372093	0.030730897009966777	0.014950166112956811	0.003045404208194906	0.005537098560354375	0.02768549280177187	0.010520487264673311	0.0024916943521594683	0.004429678848283499	0.0	0.023255813953488372	0.0	0.005813953488372093	0.0296234772978959	0.01273532668881506	0.0022148394241417496	0.00636766334440753	0.027408637873754152	0.006644518272425249	0.0008305647840531562	0.0013842746400885937	0.022702104097452935	0.04568106312292359	0.0033222591362126247	0.015503875968992248
0.0221483942414175	0.02823920265780731	0.0011074197120708748	0.007475083056478406	0.05011074197120709	0.024640088593576966	0.003045404208194906	0.010520487264673311	0.0	0.01910299003322259	0.0	0.004429678848283499	0.039313399778516056	0.0592469545957918	0.0016611295681063123	0.019933554817275746	0.02408637873754153	0.0221483942414175	0.0011074197120708748	0.006090808416389812	0.037929125138427465	0.016057585825027684	0.0033222591362126247	0.005537098560354375	0.00858250276854928	0.0069213732004429675	0.0011074197120708748	0.0022148394241417496	0.08610188261351052	0.03986710963455149	0.0049833887043189366	0.014119601328903655	0.02131782945736434	0.014396456256921373	0.001937984496124031	0.003875968992248062	0.04955703211517165	0.024363233665559248	0.0035991140642303433	0.006090808416389812	0.03045404208194906	0.015503875968992248	0.0027685492801771874	0.005537098560354375	0.02768549280177187	0.010520487264673311	0.0024916943521594683	0.004429678848283499	0.0	0.023255813953488372	0.0	0.005813953488372093	0.029346622369878183	0.01301218161683278	0.0024916943521594683	0.006090808416389812	0.02768549280177187	0.0069213732004429675	0.0005537098560354374	0.0011074197120708748	0.02408637873754153	0.04568106312292359	0.0027685492801771874	0.015503875968992248
0.02159468438538206	0.02823920265780731	0.0016611295681063123	0.007475083056478406	0.04955703211517165	0.024916943521594685	0.0035991140642303433	0.010243632336655593	0.0	0.01910299003322259	0.0	0.004429678848283499	0.03875968992248062	0.0592469545957918	0.0022148394241417496	0.019933554817275746	0.02408637873754153	0.0221483942414175	0.0011074197120708748	0.006090808416389812	0.03903654485049834	0.014673311184939091	0.0027685492801771874	0.00636766334440753	0.009413067552602437	0.006644518272425249	0.0005537098560354374	0.0022148394241417496	0.08499446290143965	0.040420819490586936	0.0049833887043189366	0.014119601328903655	0.02159468438538206	0.014119601328903655	0.0016611295681063123	0.004152823920265781	0.05011074197120709	0.023809523809523808	0.0035991140642303433	0.006090808416389812	0.031007751937984496	0.014950166112956811	0.0022148394241417496	0.006090808416389812	0.027962347729789592	0.01107419712070875	0.0022148394241417496	0.003875968992248062	0.0	0.023809523809523808	0.0	0.005260243632336656	0.029069767441860465	0.01301218161683278	0.0022148394241417496	0.006644518272425249	0.02768549280177187	0.0069213732004429675	0.0005537098560354374	0.0011074197120708748	0.024363233665559248	0.046234772978959025	0.003045404208194906	0.014950166112956811
0.02159468438538206	0.02768549280177187	0.0016611295681063123	0.008028792912513842	0.04983388704318937	0.02547065337763012	0.0035991140642303433	0.009413067552602437	0.0	0.018826135105204873	0.0	0.004706533776301218	0.03875968992248062	0.05952380952380952	0.0022148394241417496	0.019656699889258028	0.02408637873754153	0.022702104097452935	0.0011074197120708748	0.005537098560354375	0.039313399778516056	0.014396456256921373	0.0024916943521594683	0.006644518272425249	0.009413067552602437	0.0069213732004429675	0.0005537098560354374	0.001937984496124031	0.08610188261351052	0.040697674418604654	0.004429678848283499	0.013565891472868217	0.0221483942414175	0.013289036544850499	0.0011074197120708748	0.0049833887043189366	0.050387596899224806	0.02353266888150609	0.004152823920265781	0.005537098560354375	0.03183831672203765	0.014673311184939091	0.0016611295681063123	0.006090808416389812	0.02768549280177187	0.01107419712070875	0.0022148394241417496	0.004152823920265781	0.0	0.02408637873754153	0.0	0.0049833887043189366	0.029069767441860465	0.012181616832779624	0.0024916943521594683	0.007198228128460687	0.026854928017718716	0.0069213732004429675	0.0013842746400885937	0.0011074197120708748	0.024363233665559248	0.046511627906976744	0.0027685492801771874	0.014673311184939091
0.021040974529346623	0.02768549280177187	0.0022148394241417496	0.008028792912513842	0.049003322259136214	0.024916943521594685	0.004152823920265781	0.010243632336655593	0.0	0.018826135105204873	0.0	0.004706533776301218	0.0384828349944629	0.05952380952380952	0.0024916943521594683	0.019656699889258028	0.023809523809523808	0.022702104097452935	0.0013842746400885937	0.005537098560354375	0.03875968992248062	0.014673311184939091	0.0027685492801771874	0.006644518272425249	0.009413067552602437	0.0069213732004429675	0.0005537098560354374	0.001937984496124031	0.08499446290143965	0.04125138427464009	0.004152823920265781	0.013565891472868217	0.021871539313399777	0.01301218161683278	0.0013842746400885937	0.005260243632336656	0.05149501661129568	0.023255813953488372	0.003045404208194906	0.005813953488372093	0.03156146179401993	0.014673311184939091	0.0022148394241417496	0.005813953488372093	0.026854928017718716	0.011351052048726468	0.0024916943521594683	0.004429678848283499	0.0	0.023809523809523808	0.0	0.005260243632336656	0.029069767441860465	0.012181616832779624	0.0024916943521594683	0.007198228128460687	0.027408637873754152	0.0069213732004429675	0.0008305647840531562	0.0011074197120708748	0.025193798449612403	0.046511627906976744	0.0027685492801771874	0.014673311184939091
0.02159468438538206	0.027408637873754152	0.0016611295681063123	0.008305647840531562	0.04928017718715393	0.02408637873754153	0.004429678848283499	0.010520487264673311	0.0	0.018826135105204873	0.0	0.004706533776301218	0.03903654485049834	0.0592469545957918	0.001937984496124031	0.019933554817275746	0.02353266888150609	0.022978959025470654	0.0016611295681063123	0.005260243632336656	0.03875968992248062	0.01522702104097453	0.0024916943521594683	0.00636766334440753	0.009413067552602437	0.0069213732004429675	0.0005537098560354374	0.001937984496124031	0.08305647840531562	0.040697674418604654	0.005537098560354375	0.013842746400885935	0.0221483942414175	0.013842746400885935	0.0011074197120708748	0.004429678848283499	0.0517718715393134	0.023255813953488372	0.0024916943521594683	0.006090808416389812	0.031007751937984496	0.014950166112956811	0.0022148394241417496	0.006090808416389812	0.02630121816168328	0.01107419712070875	0.0027685492801771874	0.0049833887043189366	0.0	0.023809523809523808	0.0	0.005260243632336656	0.029069767441860465	0.012181616832779624	0.0024916943521594683	0.007198228128460687	0.027131782945736434	0.0069213732004429675	0.0011074197120708748	0.0011074197120708748	0.02574750830564784	0.046511627906976744	0.003045404208194906	0.014673311184939091
0.02159468438538206	0.027962347729789592	0.0016611295681063123	0.007751937984496124	0.04955703211517165	0.024363233665559248	0.004429678848283499	0.009966777408637873	0.0	0.018826135105204873	0.0	0.004706533776301218	0.039590254706533774	0.05841638981173865	0.0013842746400885937	0.020764119601328904	0.02408637873754153	0.022702104097452935	0.0011074197120708748	0.005537098560354375	0.037929125138427465	0.015503875968992248	0.003045404208194906	0.00636766334440753	0.010243632336655593	0.0069213732004429675	0.0	0.0016611295681063123	0.08111849390919158	0.04125138427464009	0.007475083056478406	0.013289036544850499	0.022425249169435217	0.014119601328903655	0.0008305647840531562	0.004152823920265781	0.05121816168327796	0.022702104097452935	0.0033222591362126247	0.00636766334440753	0.03017718715393134	0.01522702104097453	0.0024916943521594683	0.00636766334440753	0.02630121816168328	0.011351052048726468	0.0027685492801771874	0.004706533776301218	0.0	0.023809523809523808	0.0	0.005260243632336656	0.029346622369878183	0.01301218161683278	0.0022148394241417496	0.00636766334440753	0.026578073089700997	0.0069213732004429675	0.0016611295681063123	0.0011074197120708748	0.02547065337763012	0.0473421926910299	0.0033222591362126247	0.013842746400885935
0.02159468438538206	0.027408637873754152	0.0016611295681063123	0.008305647840531562	0.049003322259136214	0.023809523809523808	0.0049833887043189366	0.010520487264673311	0.0	0.018549280177187155	0.0	0.0049833887043189366	0.03986710963455149	0.05758582502768549	0.0011074197120708748	0.02159468438538206	0.023809523809523808	0.022425249169435217	0.0013842746400885937	0.005813953488372093	0.0384828349944629	0.015503875968992248	0.0024916943521594683	0.00636766334440753	0.009966777408637873	0.007198228128460687	0.0	0.0016611295681063123	0.08084163898117387	0.040420819490586936	0.007198228128460687	0.014119601328903655	0.0221483942414175	0.014396456256921373	0.0011074197120708748	0.003875968992248062	0.05204872646733112	0.021871539313399777	0.0033222591362126247	0.00636766334440753	0.03017718715393134	0.01522702104097453	0.0022148394241417496	0.006644518272425249	0.027131782945736434	0.01107419712070875	0.0022148394241417496	0.004706533776301218	0.0	0.023255813953488372	0.0	0.005813953488372093	0.029900332225913623	0.01301218161683278	0.0016611295681063123	0.00636766334440753	0.02602436323366556	0.0069213732004429675	0.0022148394241417496	0.0011074197120708748	0.026578073089700997	0.0473421926910299	0.0027685492801771874	0.013842746400885935
0.02159468438538206	0.027962347729789592	0.0016611295681063123	0.007751937984496124	0.05011074197120709	0.023255813953488372	0.004152823920265781	0.01079734219269103	0.0	0.018826135105204873	0.0	0.004706533776301218	0.039590254706533774	0.057308970099667775	0.0013842746400885937	0.021871539313399777	0.02408637873754153	0.022425249169435217	0.0011074197120708748	0.005813953488372093	0.03820598006644518	0.015503875968992248	0.0022148394241417496	0.0069213732004429675	0.009413067552602437	0.0069213732004429675	0.0002768549280177187	0.0022148394241417496	0.08056478405315615	0.04014396456256921	0.008028792912513842	0.014673311184939091	0.021871539313399777	0.014119601328903655	0.0013842746400885937	0.004152823920265781	0.05232558139534884	0.02159468438538206	0.003045404208194906	0.006644518272425249	0.029900332225913623	0.015503875968992248	0.0024916943521594683	0.00636766334440753	0.02768549280177187	0.010243632336655593	0.001937984496124031	0.005260243632336656	0.0	0.022702104097452935	0.0	0.00636766334440753	0.0296234772978959	0.013289036544850499	0.0022148394241417496	0.005813953488372093	0.02630121816168328	0.0069213732004429675	0.001937984496124031	0.0011074197120708748	0.02547065337763012	0.047619047619047616	0.003045404208194906	0.013565891472868217
0.02131782945736434	0.027408637873754152	0.001937984496124031	0.008305647840531562	0.050387596899224806	0.02353266888150609	0.004152823920265781	0.010243632336655593	0.0	0.019656699889258028	0.0	0.003875968992248062	0.03875968992248062	0.05675526024363234	0.0022148394241417496	0.022425249169435217	0.023809523809523808	0.022425249169435217	0.0013842746400885937	0.005813953488372093	0.03820598006644518	0.015503875968992248	0.0024916943521594683	0.006644518272425249	0.009689922480620155	0.006644518272425249	0.0	0.0024916943521594683	0.08028792912513842	0.040697674418604654	0.007198228128460687	0.014396456256921373	0.021871539313399777	0.014119601328903655	0.0013842746400885937	0.004152823920265781	0.0517718715393134	0.02159468438538206	0.0033222591362126247	0.0069213732004429675	0.029900332225913623	0.01522702104097453	0.0024916943521594683	0.006644518272425249	0.027408637873754152	0.01079734219269103	0.0022148394241417496	0.004706533776301218	0.0	0.022978959025470654	0.0	0.006090808416389812	0.0296234772978959	0.013565891472868217	0.0022148394241417496	0.005537098560354375	0.026854928017718716	0.006644518272425249	0.0013842746400885937	0.0013842746400885937	0.027962347729789592	0.047619047619047616	0.0013842746400885937	0.013565891472868217
0.02131782945736434	0.027962347729789592	0.001937984496124031	0.007751937984496124	0.0517718715393134	0.023255813953488372	0.0035991140642303433	0.009689922480620155	0.0	0.01937984496124031	0.0	0.004152823920265781	0.03903654485049834	0.05758582502768549	0.001937984496124031	0.02159468438538206	0.02353266888150609	0.0221483942414175	0.0016611295681063123	0.006090808416389812	0.03820598006644518	0.015780730897009966	0.0027685492801771874	0.006090808416389812	0.009689922480620155	0.006644518272425249	0.0	0.0024916943521594683	0.08139534883720931	0.040420819490586936	0.006090808416389812	0.014673311184939091	0.02131782945736434	0.014396456256921373	0.001937984496124031	0.003875968992248062	0.05121816168327796	0.022425249169435217	0.004152823920265781	0.005813953488372093	0.029900332225913623	0.015503875968992248	0.0024916943521594683	0.00636766334440753	0.02768549280177187	0.01079734219269103	0.001937984496124031	0.004706533776301218	0.0	0.022702104097452935	0.0	0.00636766334440753	0.029346622369878183	0.013842746400885935	0.0022148394241417496	0.005537098560354375	0.02630121816168328	0.0069213732004429675	0.001937984496124031	0.0011074197120708748	0.02823920265780731	0.04706533776301218	0.0011074197120708748	0.014119601328903655
0.02131782945736434	0.02823920265780731	0.001937984496124031	0.007475083056478406	0.05232558139534884	0.022978959025470654	0.0035991140642303433	0.009413067552602437	0.0	0.01937984496124031	0.0	0.004152823920265781	0.039313399778516056	0.058693244739756366	0.0016611295681063123	0.020487264673311186	0.022978959025470654	0.022702104097452935	0.0022148394241417496	0.005537098560354375	0.0384828349944629	0.014950166112956811	0.003045404208194906	0.00636766334440753	0.010243632336655593	0.00636766334440753	0.0	0.0022148394241417496	0.08194905869324474	0.04125138427464009	0.005813953488372093	0.013842746400885935	0.02159468438538206	0.014119601328903655	0.0016611295681063123	0.004152823920265781	0.05011074197120709	0.02131782945736434	0.005813953488372093	0.00636766334440753	0.029346622369878183	0.015503875968992248	0.0027685492801771874	0.006644518272425249	0.027131782945736434	0.010520487264673311	0.0024916943521594683	0.0049833887043189366	0.0	0.022702104097452935	0.0	0.00636766334440753	0.0296234772978959	0.013842746400885935	0.0016611295681063123	0.005813953488372093	0.02602436323366556	0.0069213732004429675	0.0022148394241417496	0.0011074197120708748	0.027131782945736434	0.04706533776301218	0.001937984496124031	0.014119601328903655
0.02131782945736434	0.028792912513842746	0.001937984496124031	0.0069213732004429675	0.05260243632336656	0.022978959025470654	0.003875968992248062	0.008859357696566999	0.0	0.01910299003322259	0.0	0.004429678848283499	0.039313399778516056	0.058970099667774084	0.0016611295681063123	0.020210409745293468	0.023255813953488372	0.022702104097452935	0.001937984496124031	0.005537098560354375	0.037929125138427465	0.014673311184939091	0.0033222591362126247	0.0069213732004429675	0.009966777408637873	0.00636766334440753	0.0002768549280177187	0.0022148394241417496	0.08361018826135105	0.04014396456256921	0.006090808416389812	0.014396456256921373	0.021871539313399777	0.013842746400885935	0.0013842746400885937	0.004429678848283499	0.050664451827242524	0.021040974529346623	0.005260243632336656	0.006644518272425249	0.028792912513842746	0.01522702104097453	0.0033222591362126247	0.0069213732004429675	0.027962347729789592	0.009689922480620155	0.0022148394241417496	0.005260243632336656	0.0	0.022978959025470654	0.0	0.006090808416389812	0.029346622369878183	0.013842746400885935	0.001937984496124031	0.005813953488372093	0.02630121816168328	0.0069213732004429675	0.001937984496124031	0.0011074197120708748	0.02630121816168328	0.04678848283499446	0.0013842746400885937	0.014396456256921373
0.02159468438538206	0.02823920265780731	0.0016611295681063123	0.007475083056478406	0.05232558139534884	0.023255813953488372	0.004152823920265781	0.00858250276854928	0.0	0.01937984496124031	0.0	0.004152823920265781	0.039313399778516056	0.059800664451827246	0.0016611295681063123	0.01937984496124031	0.02353266888150609	0.022702104097452935	0.0016611295681063123	0.005537098560354375	0.0384828349944629	0.014950166112956811	0.0027685492801771874	0.006644518272425249	0.009966777408637873	0.00636766334440753	0.0002768549280177187	0.0022148394241417496	0.08416389811738649	0.04014396456256921	0.006090808416389812	0.013565891472868217	0.021871539313399777	0.014119601328903655	0.0013842746400885937	0.004152823920265781	0.05149501661129568	0.020210409745293468	0.004706533776301218	0.007198228128460687	0.0296234772978959	0.014950166112956811	0.003045404208194906	0.006644518272425249	0.02823920265780731	0.008859357696566999	0.001937984496124031	0.006090808416389812	0.0	0.022702104097452935	0.0	0.00636766334440753	0.029069767441860465	0.014119601328903655	0.0022148394241417496	0.005537098560354375	0.02602436323366556	0.0069213732004429675	0.0022148394241417496	0.0011074197120708748	0.02630121816168328	0.046511627906976744	0.0016611295681063123	0.014673311184939091
0.0221483942414175	0.02851605758582503	0.0011074197120708748	0.007198228128460687	0.05149501661129568	0.024640088593576966	0.004152823920265781	0.008028792912513842	0.0	0.01937984496124031	0.0	0.004152823920265781	0.03875968992248062	0.05952380952380952	0.0022148394241417496	0.019656699889258028	0.02353266888150609	0.022978959025470654	0.0016611295681063123	0.005260243632336656	0.03875968992248062	0.014673311184939091	0.0024916943521594683	0.0069213732004429675	0.009966777408637873	0.006644518272425249	0.0002768549280177187	0.001937984496124031	0.0844407530454042	0.04152823920265781	0.00636766334440753	0.012181616832779624	0.022425249169435217	0.014119601328903655	0.0008305647840531562	0.004152823920265781	0.05232558139534884	0.020764119601328904	0.004152823920265781	0.00636766334440753	0.0296234772978959	0.014673311184939091	0.003045404208194906	0.0069213732004429675	0.02768549280177187	0.009136212624584718	0.0024916943521594683	0.005813953488372093	0.0	0.022702104097452935	0.0	0.00636766334440753	0.029069767441860465	0.014119601328903655	0.0022148394241417496	0.005537098560354375	0.02574750830564784	0.0069213732004429675	0.0024916943521594683	0.0011074197120708748	0.02547065337763012	0.0473421926910299	0.001937984496124031	0.013842746400885935
0.0221483942414175	0.02768549280177187	0.0011074197120708748	0.008028792912513842	0.0517718715393134	0.024640088593576966	0.0035991140642303433	0.008305647840531562	0.0	0.01910299003322259	0.0	0.004429678848283499	0.037929125138427465	0.05841638981173865	0.003045404208194906	0.020764119601328904	0.023809523809523808	0.023255813953488372	0.0013842746400885937	0.0049833887043189366	0.039313399778516056	0.014950166112956811	0.001937984496124031	0.006644518272425249	0.009966777408637873	0.006644518272425249	0.0002768549280177187	0.001937984496124031	0.0844407530454042	0.04097452934662237	0.005537098560354375	0.013289036544850499	0.022425249169435217	0.013842746400885935	0.0008305647840531562	0.004429678848283499	0.05121816168327796	0.02131782945736434	0.005260243632336656	0.005813953488372093	0.03017718715393134	0.014673311184939091	0.0024916943521594683	0.0069213732004429675	0.02851605758582503	0.008859357696566999	0.001937984496124031	0.005813953488372093	0.0	0.023255813953488372	0.0	0.005813953488372093	0.03017718715393134	0.013842746400885935	0.0016611295681063123	0.005260243632336656	0.02574750830564784	0.0069213732004429675	0.0024916943521594683	0.0011074197120708748	0.02630121816168328	0.047619047619047616	0.0013842746400885937	0.013565891472868217
0.021871539313399777	0.02851605758582503	0.0013842746400885937	0.007198228128460687	0.05343300110741971	0.02547065337763012	0.0016611295681063123	0.007751937984496124	0.0	0.01937984496124031	0.0	0.004152823920265781	0.0384828349944629	0.05952380952380952	0.0024916943521594683	0.019656699889258028	0.024640088593576966	0.02353266888150609	0.0005537098560354374	0.004706533776301218	0.039313399778516056	0.014950166112956811	0.0016611295681063123	0.0069213732004429675	0.009689922480620155	0.006644518272425249	0.0002768549280177187	0.0022148394241417496	0.08250276854928018	0.040697674418604654	0.0069213732004429675	0.013842746400885935	0.022425249169435217	0.013842746400885935	0.0008305647840531562	0.004429678848283499	0.05204872646733112	0.02131782945736434	0.004706533776301218	0.005537098560354375	0.030730897009966777	0.01522702104097453	0.0022148394241417496	0.006090808416389812	0.028792912513842746	0.009136212624584718	0.0016611295681063123	0.005537098560354375	0.0	0.02408637873754153	0.0	0.0049833887043189366	0.029900332225913623	0.013289036544850499	0.0022148394241417496	0.005537098560354375	0.02630121816168328	0.007198228128460687	0.001937984496124031	0.0008305647840531562	0.026854928017718716	0.04817275747508306	0.0011074197120708748	0.01301218161683278
0.021871539313399777	0.028792912513842746	0.0013842746400885937	0.0069213732004429675	0.05370985603543743	0.025193798449612403	0.0016611295681063123	0.007751937984496124	0.0	0.01910299003322259	0.0	0.004429678848283499	0.03820598006644518	0.0606312292358804	0.0027685492801771874	0.018549280177187155	0.023809523809523808	0.023255813953488372	0.0013842746400885937	0.0049833887043189366	0.04014396456256921	0.014950166112956811	0.0011074197120708748	0.006644518272425249	0.009413067552602437	0.006644518272425249	0.0005537098560354374	0.0022148394241417496	0.08305647840531562	0.04125138427464009	0.006090808416389812	0.013565891472868217	0.0221483942414175	0.014119601328903655	0.0011074197120708748	0.004152823920265781	0.05232558139534884	0.021871539313399777	0.0035991140642303433	0.005813953488372093	0.029900332225913623	0.01522702104097453	0.0033222591362126247	0.005813953488372093	0.028792912513842746	0.009136212624584718	0.001937984496124031	0.005260243632336656	0.0	0.02353266888150609	0.0	0.005537098560354375	0.03045404208194906	0.013565891472868217	0.0016611295681063123	0.005260243632336656	0.02630121816168328	0.0069213732004429675	0.001937984496124031	0.0011074197120708748	0.026578073089700997	0.04706533776301218	0.0013842746400885937	0.014119601328903655
0.022425249169435217	0.029069767441860465	0.0008305647840531562	0.006644518272425249	0.052879291251384276	0.024640088593576966	0.0024916943521594683	0.008305647840531562	0.0	0.01937984496124031	0.0	0.004152823920265781	0.03765227021040975	0.06090808416389812	0.0033222591362126247	0.018272425249169437	0.02408637873754153	0.023809523809523808	0.0011074197120708748	0.004429678848283499	0.04097452934662237	0.014119601328903655	0.0013842746400885937	0.00636766334440753	0.009136212624584718	0.006644518272425249	0.0008305647840531562	0.0022148394241417496	0.08361018826135105	0.04180509413067553	0.006644518272425249	0.013565891472868217	0.02159468438538206	0.014119601328903655	0.0016611295681063123	0.004152823920265781	0.05232558139534884	0.0221483942414175	0.0035991140642303433	0.005537098560354375	0.0296234772978959	0.01522702104097453	0.0027685492801771874	0.006644518272425249	0.0296234772978959	0.009413067552602437	0.0013842746400885937	0.004706533776301218	0.0	0.023255813953488372	0.0	0.005813953488372093	0.030730897009966777	0.013565891472868217	0.0013842746400885937	0.005260243632336656	0.026578073089700997	0.007198228128460687	0.0016611295681063123	0.0008305647840531562	0.025193798449612403	0.0473421926910299	0.0011074197120708748	0.013842746400885935
0.0221483942414175	0.029069767441860465	0.0011074197120708748	0.006644518272425249	0.05204872646733112	0.024916943521594685	0.003045404208194906	0.008305647840531562	0.0	0.01937984496124031	0.0	0.004152823920265781	0.03765227021040975	0.06090808416389812	0.0033222591362126247	0.018272425249169437	0.023809523809523808	0.02408637873754153	0.0013842746400885937	0.004152823920265781	0.04014396456256921	0.014673311184939091	0.0016611295681063123	0.00636766334440753	0.009413067552602437	0.00636766334440753	0.0008305647840531562	0.0022148394241417496	0.08305647840531562	0.04152823920265781	0.007751937984496124	0.01301218161683278	0.02159468438538206	0.014396456256921373	0.0016611295681063123	0.003875968992248062	0.0517718715393134	0.022702104097452935	0.004152823920265781	0.0049833887043189366	0.03017718715393134	0.014673311184939091	0.0024916943521594683	0.0069213732004429675	0.0296234772978959	0.009413067552602437	0.0013842746400885937	0.004706533776301218	0.0	0.022978959025470654	0.0	0.006090808416389812	0.03045404208194906	0.013289036544850499	0.001937984496124031	0.005260243632336656	0.026854928017718716	0.0069213732004429675	0.0013842746400885937	0.0011074197120708748	0.02547065337763012	0.047619047619047616	0.0011074197120708748	0.013565891472868217
0.0221483942414175	0.028792912513842746	0.0011074197120708748	0.0069213732004429675	0.05260243632336656	0.02547065337763012	0.0027685492801771874	0.007475083056478406	0.0	0.019933554817275746	0.0	0.0035991140642303433	0.03765227021040975	0.06118493909191584	0.0033222591362126247	0.017995570321151715	0.02408637873754153	0.024363233665559248	0.0011074197120708748	0.003875968992248062	0.04014396456256921	0.014950166112956811	0.0022148394241417496	0.005537098560354375	0.009413067552602437	0.00636766334440753	0.0008305647840531562	0.0022148394241417496	0.08305647840531562	0.04152823920265781	0.00636766334440753	0.01273532668881506	0.021040974529346623	0.014119601328903655	0.0022148394241417496	0.004152823920265781	0.05149501661129568	0.023255813953488372	0.004152823920265781	0.004706533776301218	0.030730897009966777	0.014673311184939091	0.001937984496124031	0.0069213732004429675	0.029346622369878183	0.009689922480620155	0.0016611295681063123	0.004429678848283499	0.0	0.022702104097452935	0.0	0.00636766334440753	0.03045404208194906	0.013289036544850499	0.001937984496124031	0.005260243632336656	0.02574750830564784	0.007198228128460687	0.0024916943521594683	0.0008305647840531562	0.027131782945736434	0.047619047619047616	0.0011074197120708748	0.013565891472868217
0.021040974529346623	0.02851605758582503	0.0022148394241417496	0.007198228128460687	0.05260243632336656	0.024916943521594685	0.003045404208194906	0.007751937984496124	0.0	0.019656699889258028	0.0	0.003875968992248062	0.03765227021040975	0.06118493909191584	0.0033222591362126247	0.017995570321151715	0.024640088593576966	0.024363233665559248	0.0005537098560354374	0.003875968992248062	0.039590254706533774	0.014396456256921373	0.0024916943521594683	0.00636766334440753	0.009136212624584718	0.006644518272425249	0.0008305647840531562	0.0022148394241417496	0.08471760797342193	0.04125138427464009	0.004706533776301218	0.01273532668881506	0.021871539313399777	0.013842746400885935	0.0013842746400885937	0.004429678848283499	0.05121816168327796	0.022978959025470654	0.004152823920265781	0.005260243632336656	0.03045404208194906	0.014950166112956811	0.0016611295681063123	0.007198228128460687	0.028792912513842746	0.009966777408637873	0.0022148394241417496	0.004152823920265781	0.0	0.022702104097452935	0.0	0.00636766334440753	0.031007751937984496	0.013289036544850499	0.0013842746400885937	0.005260243632336656	0.024916943521594685	0.007198228128460687	0.0033222591362126247	0.0008305647840531562	0.027408637873754152	0.047895902547065335	0.0011074197120708748	0.013289036544850499
0.02159468438538206	0.029069767441860465	0.0016611295681063123	0.006644518272425249	0.0517718715393134	0.02574750830564784	0.0035991140642303433	0.007198228128460687	0.0	0.01910299003322259	0.0	0.004429678848283499	0.03820598006644518	0.061461794019933555	0.0027685492801771874	0.017718715393133997	0.024640088593576966	0.024363233665559248	0.0005537098560354374	0.003875968992248062	0.03903654485049834	0.014950166112956811	0.003045404208194906	0.005813953488372093	0.009413067552602437	0.00636766334440753	0.0005537098560354374	0.0024916943521594683	0.08471760797342193	0.04152823920265781	0.005537098560354375	0.012458471760797342	0.021871539313399777	0.014119601328903655	0.0013842746400885937	0.004152823920265781	0.05094130675526024	0.022978959025470654	0.004429678848283499	0.005260243632336656	0.03017718715393134	0.014673311184939091	0.0022148394241417496	0.007198228128460687	0.027962347729789592	0.01079734219269103	0.0022148394241417496	0.004152823920265781	0.0	0.022425249169435217	0.0	0.006644518272425249	0.030730897009966777	0.013289036544850499	0.0016611295681063123	0.005260243632336656	0.02547065337763012	0.0069213732004429675	0.0027685492801771874	0.0011074197120708748	0.02630121816168328	0.047619047619047616	0.0013842746400885937	0.013565891472868217
