AAA	AAC	AAG	AAT	ACA	ACC	ACG	ACT	AGA	AGC	AGG	AGT	ATA	ATC	ATG	ATT	CAA	CAC	CAG	CAT	CCA	CCC	CCG	CCT	CGA	CGC	CGG	CGT	CTA	CTC	CTG	CTT	GAA	GAC	GAG	GAT	GCA	GCC	GCG	GCT	GGA	GGC	GGG	GGT	GTA	GTC	GTG	GTT	TAA	TAC	TAG	TAT	TCA	TCC	TCG	TCT	TGA	TGC	TGG	TGT	TTA	TTC	TTG	TTT
37	57	37	57	58	76	72	76	0	38	0	32	84	123	63	137	43	59	51	45	47	57	58	56	15	19	21	17	105	100	99	115	47	38	48	36	87	94	74	85	58	56	48	61	54	49	51	56	0	51	0	55	44	33	46	38	54	11	60	12	99	108	100	119
39	57	35	57	63	75	69	75	0	37	0	33	90	124	57	136	45	60	49	44	54	57	50	57	16	19	20	17	114	102	93	112	52	37	43	37	91	94	71	84	59	58	47	59	59	48	48	55	0	52	0	54	49	32	42	38	57	11	57	12	104	110	93	117
44	57	30	57	68	75	64	75	0	38	0	32	93	125	54	135	45	60	49	44	63	56	40	59	15	20	21	16	116	102	89	112	55	37	40	37	98	95	64	83	60	60	46	57	62	48	45	55	0	51	0	55	52	33	38	38	62	11	52	12	112	111	87	116
46	56	28	58	70	74	63	75	0	38	0	32	94	126	53	134	46	62	48	42	67	57	36	58	16	20	20	16	125	104	82	109	60	35	35	39	101	95	58	86	67	61	39	56	63	46	44	57	0	53	0	53	52	35	38	36	64	11	50	12	123	111	75	116
47	56	27	58	75	74	56	77	0	38	0	32	97	125	50	135	51	64	43	40	67	57	36	58	17	20	18	17	128	103	82	108	65	36	30	38	103	93	56	88	67	61	39	56	67	46	41	56	0	53	0	53	55	36	34	36	67	12	47	11	127	114	70	113
51	56	23	58	77	74	55	76	0	37	0	33	100	124	47	136	57	63	37	41	71	59	32	56	18	21	17	16	134	109	74	104	66	36	29	38	108	95	51	86	70	61	36	56	70	46	38	56	0	53	0	53	57	35	33	36	71	12	43	11	131	114	66	113
54	53	20	61	83	74	49	76	0	37	0	33	104	127	43	133	57	64	37	40	73	60	31	54	21	23	14	14	140	111	69	102	66	36	29	38	112	97	47	84	73	60	34	56	78	44	32	56	0	52	0	54	60	35	30	36	74	12	40	11	136	117	60	110
54	55	20	59	89	75	44	74	0	39	0	31	106	125	41	135	62	63	32	41	76	59	29	54	24	24	11	13	144	115	65	98	70	37	25	37	116	97	45	82	77	57	31	58	80	43	31	56	0	52	0	54	62	34	28	37	74	12	40	11	137	117	59	110
56	53	18	61	92	76	40	74	0	39	0	31	110	128	37	132	66	61	28	43	79	60	25	54	25	23	10	14	150	118	62	95	69	37	26	37	120	95	42	83	80	61	26	56	82	43	29	56	0	54	0	52	63	35	27	36	76	12	38	11	137	115	56	112
61	52	13	62	93	75	39	75	0	40	0	30	112	129	35	131	69	61	25	43	79	59	25	55	24	24	10	14	152	119	55	96	71	37	24	37	124	97	38	81	82	65	23	53	85	43	26	56	0	58	0	48	70	36	20	35	79	12	35	11	142	114	54	113
59	55	15	59	98	75	36	73	0	41	0	29	114	131	33	129	71	62	23	42	81	59	23	55	24	23	10	15	158	119	52	96	73	38	22	36	127	100	35	78	85	65	21	52	85	42	26	57	0	59	0	47	69	36	22	34	80	13	34	10	144	115	49	112
60	55	14	59	100	78	34	70	0	41	0	29	119	131	28	129	73	62	21	42	82	58	23	55	24	23	10	15	163	121	47	95	72	39	23	35	128	105	33	74	89	67	17	50	87	45	23	55	0	61	0	45	73	35	17	36	82	13	32	10	150	115	42	112
60	55	14	59	104	76	31	71	0	42	0	28	119	126	28	134	76	62	18	42	84	59	21	54	24	24	10	14	164	122	48	94	73	39	22	35	128	107	34	71	89	70	16	48	89	43	22	56	0	61	0	45	73	35	17	36	84	13	30	10	152	120	38	107
61	55	13	59	110	75	25	72	0	41	0	29	121	126	26	134	76	61	18	43	84	59	22	53	25	24	9	14	164	124	47	92	77	39	18	35	131	108	32	69	91	71	14	47	92	41	21	56	0	59	0	47	73	34	17	37	87	15	27	8	157	122	34	105
63	55	11	59	115	78	20	69	0	38	0	32	123	124	24	136	77	60	17	44	85	61	22	50	26	25	8	13	165	126	43	91	80	39	15	35	131	107	32	70	91	70	14	48	97	42	19	52	0	59	0	47	73	37	17	34	90	15	24	8	162	124	31	103
64	57	10	57	117	79	19	67	0	38	0	32	124	125	23	135	79	59	15	45	84	61	22	51	29	25	5	13	164	125	41	92	79	38	16	36	136	105	27	72	90	74	15	44	98	42	18	52	0	61	0	45	76	37	13	35	91	15	23	8	166	122	30	105
64	56	10	58	121	79	15	67	0	39	0	31	125	126	22	134	80	60	14	44	85	61	21	51	28	25	6	13	170	125	35	91	78	39	17	35	138	103	26	73	91	71	14	47	100	42	16	52	0	58	0	48	78	38	11	34	94	15	20	8	168	121	29	106
65	56	9	58	121	79	15	67	0	37	0	33	125	135	22	125	80	62	14	42	87	61	19	51	31	25	3	13	171	125	32	91	77	36	18	38	141	105	25	69	92	71	14	46	100	43	16	51	0	59	0	47	79	38	11	33	94	15	20	8	170	120	29	107
66	54	8	60	121	83	16	62	0	37	0	33	126	135	21	125	80	62	14	42	89	63	18	48	31	22	3	16	176	124	29	92	77	35	18	39	144	103	23	70	94	69	14	46	103	43	13	51	0	60	0	46	79	37	10	35	94	15	20	8	168	117	29	110
66	55	8	59	120	84	16	62	0	37	0	33	129	143	18	117	83	63	11	41	91	65	14	48	31	22	3	16	176	123	30	95	74	37	21	37	144	102	22	72	94	67	14	48	100	43	15	52	0	60	0	46	78	36	12	35	94	16	20	7	166	115	28	112
65	54	9	60	123	84	15	60	0	36	0	34	134	142	13	118	84	64	10	40	93	67	12	46	31	23	3	15	178	124	29	94	77	37	18	37	144	105	23	68	95	68	13	47	102	43	13	52	0	62	0	44	78	35	12	36	95	17	19	6	171	116	22	111
65	56	9	58	122	83	17	60	0	37	0	33	134	143	13	117	85	65	9	39	94	67	12	45	32	22	3	15	186	124	26	94	77	38	18	36	150	106	18	66	98	68	12	45	104	45	12	49	0	60	0	46	79	36	11	35	97	15	17	8	167	115	21	112
64	55	10	59	122	85	15	60	0	38	0	32	137	143	10	117	88	65	6	39	95	66	10	47	32	22	4	14	188	125	24	93	77	38	18	36	157	106	14	63	97	69	13	44	105	45	11	49	0	61	0	45	78	34	10	39	101	15	13	8	166	113	22	114
63	57	11	57	126	80	14	62	0	39	0	31	137	144	10	116	88	65	6	39	97	67	10	44	32	20	4	16	186	125	23	93	77	37	18	37	157	107	14	62	97	70	13	43	105	47	11	47	0	61	0	45	80	34	9	38	102	15	12	8	170	117	21	110
64	56	10	58	127	82	14	59	0	41	0	29	136	146	11	114	88	67	6	37	98	65	9	46	33	20	4	15	191	121	26	96	78	39	17	35	158	105	14	63	97	69	14	43	104	47	12	47	0	60	0	46	79	37	9	36	104	15	10	8	162	117	22	110
64	59	10	55	126	79	14	63	0	42	0	28	135	144	12	116	87	68	7	36	97	68	9	44	32	20	5	15	193	124	24	94	78	40	17	34	160	106	13	61	99	69	13	42	103	49	14	44	0	61	0	45	80	36	8	37	102	15	12	8	163	114	20	113
66	59	8	55	128	79	12	63	0	42	0	28	135	145	12	115	87	67	7	37	94	66	12	46	34	20	3	15	200	123	21	95	79	40	16	34	161	108	11	60	99	71	13	40	107	51	10	42	0	61	0	45	79	35	9	38	103	15	11	8	161	113	18	114
65	60	9	54	129	79	12	62	0	41	0	29	132	149	15	111	86	70	8	34	93	66	15	44	33	20	4	15	202	125	19	92	78	40	17	34	161	107	15	57	102	73	10	38	109	51	8	42	0	59	0	47	81	34	9	37	104	15	10	8	163	112	17	115
66	61	8	53	126	82	15	59	0	42	0	28	131	153	16	107	86	68	8	36	88	64	20	46	34	20	3	15	202	129	20	89	81	40	14	34	164	107	14	55	102	72	9	40	110	49	7	44	0	60	0	46	79	35	11	36	105	15	9	8	165	115	13	112
68	63	6	51	123	80	17	62	0	43	0	27	133	151	14	109	87	65	7	39	93	64	17	44	34	19	3	16	203	133	14	86	81	41	14	33	162	105	14	59	102	73	8	40	111	51	6	42	0	59	0	47	80	34	10	37	104	15	10	8	169	116	13	111
69	61	5	53	123	81	16	62	0	43	0	27	132	150	15	110	85	63	9	41	92	66	18	42	35	20	2	15	203	132	17	87	82	40	13	34	161	104	14	61	101	74	7	41	110	52	5	43	0	60	0	46	80	34	9	38	103	15	11	8	166	114	13	113
69	60	5	54	124	82	15	61	0	42	0	28	131	149	16	111	85	63	9	41	94	67	15	42	35	19	2	16	201	131	15	89	82	39	13	35	161	103	14	62	99	75	8	41	109	52	6	43	0	60	0	46	81	35	7	38	102	14	12	9	167	115	15	112
68	62	6	52	122	81	17	62	0	41	0	29	131	150	16	110	85	63	9	41	92	68	15	43	36	20	0	16	209	132	15	88	78	40	17	34	158	102	17	63	102	74	5	42	109	51	6	44	0	60	0	46	81	35	7	38	104	13	10	10	160	119	14	108
70	60	4	54	122	82	16	62	0	41	0	29	130	151	17	109	85	63	9	41	93	69	15	41	36	20	0	16	206	134	16	88	78	42	17	32	159	100	17	64	104	75	4	40	110	53	6	41	0	63	0	43	80	34	9	38	107	12	7	11	163	120	11	107
67	58	7	56	121	87	16	58	0	41	0	29	131	152	16	108	86	67	8	37	94	69	14	41	34	21	1	16	210	135	16	89	80	43	15	31	161	103	15	61	101	75	6	41	111	54	6	39	0	63	0	43	80	32	9	40	106	11	8	12	159	122	9	105
68	57	6	57	122	87	16	57	0	42	0	28	130	156	17	104	86	69	8	35	96	68	12	42	35	21	1	15	212	130	16	95	81	45	14	29	163	100	14	63	99	74	7	43	109	55	6	40	0	61	0	45	79	33	8	41	106	11	8	12	153	122	12	105
69	57	5	57	122	88	17	55	0	44	0	26	133	158	14	102	87	68	7	36	96	70	11	41	35	22	1	14	213	128	15	98	82	44	13	30	164	99	14	63	97	71	9	46	106	56	9	39	0	62	0	44	81	34	6	40	106	10	8	13	152	119	12	108
69	58	5	56	122	87	17	56	0	44	0	26	133	158	14	102	87	68	7	36	94	71	12	41	37	23	1	11	213	128	13	97	83	45	12	29	163	100	15	62	98	68	9	48	103	56	11	40	0	63	0	43	80	33	7	41	106	10	8	13	151	120	16	107
68	56	6	58	121	86	19	56	0	43	0	27	132	156	15	104	87	69	7	35	93	73	13	39	37	23	1	11	211	128	13	97	83	44	12	30	163	101	14	62	97	69	9	48	101	57	11	41	0	63	0	43	82	35	5	39	103	11	11	12	149	120	20	107
68	58	6	56	127	83	14	58	0	45	0	25	131	155	16	105	86	71	8	33	94	75	12	37	37	22	1	12	212	127	14	97	84	45	11	29	165	98	13	64	95	67	11	50	98	57	12	43	0	63	0	43	82	36	5	38	102	12	12	11	145	122	23	105
67	58	7	56	129	82	11	60	0	43	0	27	132	158	15	102	86	70	8	34	97	75	7	39	36	23	1	12	213	123	15	99	84	44	11	30	165	98	13	64	93	65	14	51	98	60	12	40	0	64	0	42	81	38	6	36	104	12	10	11	147	119	21	108
66	61	8	53	126	83	13	60	0	44	0	26	131	158	16	102	88	70	6	34	97	75	6	40	36	23	1	12	211	126	19	96	85	44	10	30	163	93	15	69	97	66	10	50	101	56	9	44	0	64	0	42	83	38	5	35	105	13	9	10	145	118	21	109
66	61	8	53	122	82	18	60	0	43	0	27	131	157	16	103	87	69	7	35	98	74	5	41	35	24	2	11	218	124	20	99	85	44	10	30	165	94	13	68	99	65	9	50	100	57	10	43	0	64	0	42	84	40	5	32	108	13	6	10	141	119	16	108
65	61	9	53	123	82	17	60	0	45	0	25	131	163	16	97	87	70	7	34	99	73	4	42	35	24	2	11	219	123	21	99	85	44	10	30	168	94	11	67	98	67	10	48	98	55	12	45	0	66	0	40	83	40	7	31	111	13	3	10	142	121	14	106
64	62	10	52	119	85	18	60	0	43	0	27	129	161	18	99	88	68	6	36	100	74	3	41	35	25	2	10	220	123	22	100	85	43	10	31	168	94	12	66	95	67	11	50	98	56	12	44	0	66	0	40	81	40	9	31	109	13	5	10	138	121	15	106
64	63	10	51	116	86	21	59	0	45	0	25	128	162	19	98	88	67	6	37	101	75	3	39	34	25	2	11	215	125	20	99	85	42	10	32	170	91	11	68	93	66	13	51	98	56	13	43	0	64	0	42	80	38	10	33	107	15	7	8	144	127	15	100
63	63	11	51	117	88	19	58	0	45	0	25	130	163	17	97	86	68	8	36	98	75	6	39	34	25	2	11	219	127	17	97	85	41	10	33	171	91	9	69	94	70	12	47	101	57	10	42	0	62	0	44	83	38	7	33	104	18	10	5	143	127	15	100
63	64	11	50	123	91	14	54	0	44	0	26	130	166	17	94	86	68	8	36	97	74	7	40	35	24	2	11	218	134	17	92	87	41	8	33	175	89	9	67	94	68	11	50	100	59	10	41	0	61	0	45	82	39	7	33	105	18	9	5	142	130	15	97
67	62	7	52	123	90	13	56	0	45	0	25	129	164	18	96	87	68	7	36	100	72	5	41	36	25	1	10	222	134	18	90	86	40	9	34	179	91	7	63	95	69	11	48	100	60	10	40	0	60	0	46	83	38	6	34	104	18	10	5	141	129	13	98
66	63	8	51	122	92	12	56	0	45	0	25	128	162	19	98	87	68	7	36	97	69	8	44	35	26	1	10	227	134	15	89	85	43	10	31	181	91	5	63	96	68	9	50	100	61	10	39	0	58	0	48	85	36	5	35	104	18	10	5	141	129	12	98
65	62	9	52	126	92	12	52	0	45	0	25	129	162	18	98	89	71	5	33	98	72	7	41	35	27	1	9	226	133	18	90	85	42	10	32	179	88	7	66	95	65	9	54	100	61	9	40	0	57	0	49	84	36	6	35	105	18	9	5	138	131	13	96
67	63	7	51	125	93	14	50	0	44	0	26	133	160	14	100	90	71	4	33	100	70	5	43	35	27	0	10	226	133	20	90	85	42	10	32	178	91	8	63	97	63	8	55	99	64	10	37	0	57	0	49	82	36	6	37	103	18	11	5	139	134	10	93
68	66	6	48	128	93	13	48	0	45	0	25	133	162	14	98	91	72	3	32	101	71	4	42	35	26	0	11	227	133	18	90	86	42	9	32	179	92	6	63	97	62	9	55	101	63	9	37	0	57	0	49	83	38	6	34	105	17	9	6	140	135	10	92
69	65	5	49	129	93	11	49	0	44	0	26	132	165	15	95	90	73	4	31	102	71	4	41	35	25	0	12	227	134	16	89	85	42	10	32	175	93	9	63	99	60	8	56	101	62	9	38	0	57	0	49	84	37	6	34	107	17	7	6	140	138	12	89
69	65	5	49	128	91	12	51	0	42	0	28	132	164	15	96	89	71	5	33	102	70	4	42	33	25	1	13	230	131	14	92	87	43	8	31	174	98	9	59	101	60	8	54	98	62	12	38	0	58	0	48	84	39	5	33	107	17	7	6	137	141	14	86
69	65	5	49	130	88	11	53	0	42	0	28	130	163	17	97	89	70	5	34	100	70	5	43	32	24	2	14	229	134	14	89	88	43	7	31	175	97	9	59	98	64	10	51	98	60	13	39	0	56	0	50	84	39	5	33	108	17	6	6	140	141	12	86
69	63	5	51	127	89	13	53	0	42	0	28	132	163	15	97	89	67	5	37	97	70	7	44	31	26	4	11	222	134	19	89	88	43	7	31	173	98	9	60	99	61	10	53	98	60	14	38	0	60	0	46	84	40	5	32	106	14	8	9	140	141	14	86
69	63	5	51	127	89	13	53	0	44	0	26	133	165	14	95	88	66	6	38	95	70	8	45	31	25	4	12	215	131	22	92	88	42	7	32	175	97	8	60	100	59	9	55	98	59	14	39	0	57	0	49	86	40	3	32	107	15	7	8	143	140	15	87
69	63	5	51	130	91	12	49	0	45	0	25	132	163	15	97	86	62	8	42	94	67	8	49	30	24	5	13	213	136	22	87	89	42	6	32	173	96	12	59	101	59	8	55	98	58	11	43	0	57	0	49	87	41	4	29	110	15	4	8	145	142	15	85
69	65	5	49	127	93	12	50	0	44	0	26	134	165	13	95	87	61	7	43	95	66	7	50	32	23	4	13	213	137	21	84	89	41	6	33	171	97	13	59	103	57	7	56	99	56	10	45	0	54	0	52	84	41	6	30	109	15	5	8	149	142	14	85
70	66	4	48	128	92	13	49	0	48	0	22	134	164	13	96	86	60	8	44	93	68	8	49	33	22	3	14	218	136	19	83	89	40	6	34	174	94	12	60	103	57	8	55	98	59	10	43	0	55	0	51	86	40	5	30	108	14	6	9	150	140	12	87
70	65	4	49	130	93	12	47	0	48	0	22	135	160	12	100	87	63	7	41	90	68	9	51	32	22	4	14	220	137	21	82	91	39	4	35	174	95	11	60	101	57	10	55	98	60	11	41	0	56	0	50	85	40	5	31	107	14	7	9	144	143	14	84
70	64	4	50	130	94	12	46	0	49	0	21	133	154	14	106	88	63	6	41	92	67	7	52	32	22	5	13	224	138	16	80	92	39	3	35	170	93	14	63	102	58	11	52	97	60	12	41	0	54	0	52	86	42	4	29	107	13	7	10	147	146	13	81
69	61	5	53	130	92	13	47	0	49	0	21	132	152	15	108	88	62	6	42	90	67	9	52	33	21	4	14	216	137	14	85	93	41	2	33	167	97	15	61	101	56	13	53	101	58	9	42	0	55	0	51	84	42	6	29	108	13	6	10	155	145	11	82
70	63	4	51	131	94	11	46	0	50	0	20	132	150	15	110	89	60	5	44	91	68	8	51	33	22	4	13	216	140	18	81	92	42	3	32	169	97	12	62	101	59	12	51	103	58	7	42	0	53	0	53	85	42	5	29	108	13	6	10	151	141	12	86
71	64	3	50	128	95	15	44	0	48	0	22	134	149	13	111	89	61	5	43	91	67	7	53	33	21	4	14	216	138	16	83	91	43	4	31	172	98	11	59	100	61	12	50	103	57	8	42	0	54	0	52	82	41	9	29	108	13	6	10	156	145	9	82
71	64	3	50	132	94	13	43	0	48	0	22	135	147	12	113	90	64	4	40	97	67	2	52	32	22	5	13	219	142	17	79	90	43	5	31	169	98	13	60	102	58	11	52	103	55	8	44	0	54	0	52	83	39	9	30	106	14	8	9	153	142	8	85
71	65	3	49	133	90	12	47	0	47	0	23	134	148	13	112	91	65	3	39	97	66	3	52	32	22	5	13	215	138	19	86	89	40	6	34	165	99	15	61	100	57	13	53	105	55	7	43	0	52	0	54	85	40	7	29	105	15	9	8	152	141	8	86
70	67	4	47	134	88	11	49	0	44	0	26	133	149	14	111	89	63	5	41	95	64	4	55	32	21	5	14	217	137	18	85	88	41	7	33	168	99	13	60	103	55	11	54	101	57	10	42	0	53	0	53	88	41	4	28	107	15	7	8	150	139	11	88
70	64	4	50	134	88	10	50	0	43	0	27	131	151	16	109	89	63	5	41	95	65	5	53	34	22	4	12	222	137	18	85	87	38	8	36	172	102	10	56	104	54	10	55	103	58	8	41	0	55	0	51	87	41	4	29	105	15	9	8	147	138	9	89
70	65	4	49	130	92	14	46	0	43	0	27	131	152	16	108	89	63	5	41	94	67	5	52	35	21	3	13	228	137	14	85	89	38	6	36	170	102	11	57	102	57	11	53	102	58	8	42	0	55	0	51	87	41	3	30	105	15	9	8	142	138	12	89
71	65	3	49	130	90	16	46	0	43	0	27	131	152	16	108	86	63	8	41	95	66	6	51	36	21	2	13	231	142	12	79	88	38	7	36	173	101	9	57	102	55	12	54	103	58	9	40	0	55	0	51	86	41	3	31	104	15	10	8	142	135	12	92
72	65	2	49	129	88	17	48	0	44	0	26	131	151	16	109	84	64	10	40	95	67	6	50	34	21	4	13	231	139	15	81	89	39	6	35	172	102	10	56	100	57	14	52	104	57	8	41	0	55	0	51	83	42	7	29	103	15	11	8	141	138	11	89
71	65	3	49	130	87	18	47	0	44	0	26	128	152	19	108	84	64	10	40	95	64	6	53	36	21	2	13	227	134	12	85	89	40	6	34	172	100	10	58	100	59	14	50	107	58	6	39	0	54	0	52	82	44	8	27	104	15	10	8	146	136	14	91
70	66	4	48	132	85	18	47	0	41	0	29	130	152	17	108	84	62	10	42	97	66	6	49	36	21	2	13	231	134	11	82	91	40	4	34	173	98	9	60	101	59	14	49	108	59	5	38	0	51	0	55	83	45	7	26	105	15	9	8	147	134	13	93
70	67	4	47	135	84	16	47	0	40	0	30	129	151	18	109	87	66	7	38	97	67	6	48	34	21	3	14	232	133	11	84	89	41	6	33	168	98	14	60	104	61	12	46	108	60	5	37	0	48	0	58	85	44	6	26	106	14	8	9	144	135	14	92
69	65	5	49	134	87	17	44	0	39	0	31	129	150	18	110	87	66	7	38	96	68	6	48	36	21	1	14	227	132	14	83	89	40	6	34	171	92	13	64	104	60	12	47	110	61	5	34	0	47	0	59	86	47	5	23	107	14	7	9	150	135	12	92
69	63	5	51	136	88	15	43	0	39	0	31	129	149	18	111	85	65	9	39	93	69	9	47	35	21	2	14	224	136	19	79	88	41	7	33	170	92	14	64	106	60	10	47	111	60	4	35	0	49	0	57	86	44	6	25	105	14	9	9	148	138	12	89
68	63	6	51	139	85	14	44	0	38	0	32	127	149	20	111	82	63	12	41	92	72	10	44	36	21	1	14	221	136	17	82	86	42	9	32	170	96	14	60	106	62	10	45	111	59	4	36	0	52	0	54	88	44	4	25	104	14	10	9	152	136	10	91
68	60	6	54	139	87	13	43	0	39	0	31	131	152	16	108	81	62	13	42	92	71	10	45	37	22	0	13	221	131	18	86	86	42	9	32	170	97	13	60	104	63	12	44	110	58	5	37	0	55	0	51	88	45	4	24	105	15	9	8	152	136	10	91
70	61	4	53	138	85	14	45	0	38	0	32	131	153	16	107	82	65	12	39	97	72	6	43	37	22	0	13	214	129	22	90	85	43	10	31	169	100	14	57	105	64	11	43	107	60	8	35	0	55	0	51	87	45	5	24	105	15	9	8	153	136	10	91
69	59	5	55	135	83	18	46	0	38	0	32	132	152	15	108	83	63	11	41	96	72	8	42	35	21	2	14	214	132	22	86	84	43	11	31	171	100	14	55	103	66	12	42	104	59	10	37	0	57	0	49	86	47	5	23	104	15	10	8	151	138	13	89
69	60	5	54	138	82	15	47	0	38	0	32	129	150	18	110	83	62	11	42	94	73	9	42	34	22	2	14	215	131	21	87	85	44	10	30	171	101	14	54	107	68	8	40	104	58	10	38	0	55	0	51	84	45	6	26	105	16	9	7	152	140	12	87
69	60	5	54	138	82	12	50	0	40	0	30	127	147	20	113	86	62	8	42	96	74	8	40	34	21	2	15	212	132	24	86	84	44	11	30	171	98	15	56	105	66	9	43	105	57	9	39	0	53	0	53	80	47	9	25	105	16	9	7	152	138	12	89
70	59	4	55	135	82	15	50	0	40	0	30	129	146	18	114	86	64	8	40	98	74	8	38	32	21	3	16	219	131	21	84	84	46	11	28	171	101	14	54	104	66	11	42	104	58	10	38	0	52	0	54	77	49	12	23	103	16	11	7	152	140	11	87
70	62	4	52	137	84	13	48	0	39	0	31	132	147	15	113	85	65	9	39	96	72	9	41	32	21	3	16	216	131	21	86	82	46	13	28	170	101	14	55	106	65	12	40	104	57	10	39	0	54	0	52	79	47	10	25	100	16	14	7	154	139	10	88
70	63	4	51	139	82	10	51	0	39	0	31	130	147	17	113	88	62	6	42	97	74	8	39	32	21	3	16	218	129	16	88	84	45	11	29	172	103	12	53	106	65	13	39	105	58	9	38	0	53	0	53	77	46	11	27	100	16	14	7	152	134	15	93
70	62	4	52	140	82	9	51	0	38	0	32	128	153	19	107	89	63	5	41	98	73	8	39	32	20	3	17	219	130	12	86	85	46	10	28	172	105	12	51	105	67	13	38	109	58	5	38	0	53	0	53	79	46	9	27	101	16	13	7	154	132	17	95
67	63	7	51	142	82	7	51	0	38	0	32	129	154	18	106	88	64	6	40	96	74	11	37	33	20	2	17	218	134	14	84	86	44	9	30	172	107	12	49	102	70	15	36	109	56	7	38	0	55	0	51	80	48	8	25	99	17	15	6	151	132	17	95
66	66	8	48	142	85	7	48	0	38	0	32	132	152	15	108	89	63	5	41	98	72	10	38	33	20	2	17	219	130	14	88	86	43	9	31	173	107	10	50	105	69	11	38	109	56	7	38	0	55	0	51	81	48	7	25	99	16	15	7	154	131	13	96
65	67	9	47	141	85	8	48	0	39	0	31	131	154	16	106	91	62	3	42	98	72	11	37	34	20	1	17	222	129	15	89	87	43	8	31	174	107	10	49	106	66	11	40	110	55	7	38	0	53	0	53	81	49	6	25	101	16	13	7	147	128	16	99
66	65	8	49	139	84	8	51	0	37	0	33	135	154	12	106	91	63	3	41	98	72	10	38	33	20	2	17	221	128	20	90	89	41	6	33	172	111	11	46	104	69	11	39	110	56	6	38	0	55	0	51	81	49	5	26	103	16	11	7	145	129	14	98
68	66	6	48	139	87	8	48	0	37	0	33	135	158	12	102	90	64	4	40	101	70	11	36	33	20	2	17	220	132	19	84	89	41	6	33	178	109	7	46	105	68	10	40	105	56	11	38	0	55	0	51	81	50	5	25	103	17	11	6	149	129	14	98
68	66	6	48	136	88	12	46	0	38	0	32	138	160	9	100	90	61	4	43	104	70	8	36	33	20	2	17	221	129	21	83	87	40	8	34	175	107	9	49	107	69	8	39	106	55	10	39	0	55	0	51	79	47	8	27	102	17	12	6	148	128	16	99
68	67	6	47	137	89	10	46	0	42	0	28	139	160	8	100	88	63	6	41	103	68	9	38	34	20	1	17	220	130	23	84	85	41	10	33	176	106	10	48	107	71	8	37	106	55	10	39	0	55	0	51	81	48	6	26	103	16	11	7	145	125	16	102
68	69	6	45	137	91	10	44	0	43	0	27	138	159	9	101	88	62	6	42	103	66	9	40	33	20	1	18	219	129	23	85	84	38	11	36	175	103	11	51	103	70	12	38	106	53	10	41	0	56	0	50	80	49	7	25	102	17	12	6	147	125	15	102
68	70	6	44	138	93	8	43	0	44	0	26	140	160	7	100	87	62	7	42	103	65	9	41	31	21	2	18	220	130	20	83	84	39	11	35	173	104	11	52	104	70	10	39	106	53	11	40	0	55	0	51	79	49	8	25	98	18	16	5	146	125	19	102
68	69	6	45	136	92	10	44	0	41	0	29	137	163	10	97	90	63	4	41	104	64	8	42	30	22	2	18	224	135	19	78	84	38	11	36	171	104	13	52	103	71	12	37	106	53	11	40	0	54	0	52	77	46	10	28	98	18	16	5	142	125	20	102
69	67	5	47	136	94	8	44	0	39	0	31	136	164	11	96	89	60	5	44	104	65	8	41	30	24	2	16	226	131	19	81	83	36	12	38	171	103	15	51	107	70	8	38	106	54	11	39	0	56	0	50	76	46	11	28	99	17	15	6	139	125	22	102
69	66	5	48	134	91	9	48	0	37	0	33	135	166	12	94	88	58	6	46	103	67	8	40	30	24	2	16	224	133	15	81	85	37	10	37	171	103	13	53	105	70	9	39	103	54	13	40	0	54	0	52	77	46	10	28	100	16	14	7	146	127	19	100
68	66	6	48	137	90	6	49	0	37	0	33	136	168	11	92	85	59	9	45	102	68	8	40	30	24	2	16	220	135	13	81	85	37	10	37	173	104	12	51	106	69	9	39	104	52	12	42	0	56	0	50	82	46	4	29	98	16	16	7	151	129	18	98
69	67	5	47	137	89	6	50	0	36	0	34	137	171	10	89	86	58	8	46	101	66	9	42	29	23	2	18	215	132	16	84	83	38	12	36	175	102	11	52	107	65	8	43	106	54	10	40	0	55	0	51	82	46	4	29	96	17	18	6	156	133	15	94
68	64	6	50	139	89	4	50	0	36	0	34	136	168	11	92	86	59	8	45	100	67	10	41	29	22	2	19	215	132	15	85	82	39	13	35	179	103	7	51	108	66	8	41	110	54	7	39	0	53	0	53	83	45	4	29	101	16	13	7	155	133	16	94
67	64	7	50	138	87	5	52	0	34	0	36	136	164	11	96	87	61	7	43	100	67	11	40	32	20	1	19	215	133	15	84	86	40	9	34	179	103	6	52	110	65	7	41	110	55	6	39	0	55	0	51	79	46	8	28	101	16	13	7	156	133	15	94
68	64	6	50	137	88	5	52	0	35	0	35	135	161	12	99	87	62	7	42	101	64	9	44	32	22	1	17	215	135	13	81	87	40	8	34	178	106	7	49	109	65	8	41	110	54	7	39	0	55	0	51	82	46	6	27	102	16	12	7	157	128	17	99
69	65	5	49	137	88	4	53	0	36	0	34	138	161	9	99	85	65	9	39	99	65	10	44	32	23	1	16	217	130	12	86	90	40	5	34	178	106	6	50	110	65	8	40	110	54	7	39	0	55	0	51	86	46	3	26	104	16	10	7	157	127	16	100
68	65	6	49	134	90	7	51	0	36	0	34	136	157	11	103	84	63	10	41	100	62	11	45	32	24	1	15	215	129	14	89	89	40	6	34	174	107	7	52	108	66	9	40	110	56	7	37	0	57	0	49	86	47	2	26	101	16	13	7	156	128	15	99
68	65	6	49	135	92	6	49	0	39	0	31	135	158	12	102	86	62	8	42	102	66	9	41	31	24	1	16	213	131	16	87	90	41	5	33	171	107	9	53	108	67	10	38	110	56	7	37	0	56	0	50	85	43	3	30	99	16	15	7	156	131	15	96
68	66	6	48	137	88	6	51	0	38	0	32	133	159	14	101	86	63	8	41	101	68	10	39	31	22	1	18	216	131	17	87	91	41	4	33	166	106	13	55	105	68	13	37	111	58	7	34	0	56	0	50	84	42	4	31	97	16	17	7	152	130	15	97
68	66	6	48	138	86	7	51	0	39	0	31	130	164	17	96	86	64	8	40	103	66	8	41	31	22	1	18	210	126	18	91	92	42	3	32	170	103	10	57	103	68	13	39	110	57	9	34	0	58	0	48	81	42	6	32	96	15	18	8	154	133	19	94
68	64	6	50	138	86	8	50	0	39	0	31	133	167	14	93	87	63	7	41	102	63	10	43	31	23	1	17	209	123	22	95	91	41	4	33	168	101	12	59	102	72	13	36	114	57	5	34	0	57	0	49	82	41	6	32	97	14	17	9	154	138	15	89
67	63	7	51	139	80	8	55	0	40	0	30	134	167	13	93	87	64	7	40	102	63	10	43	31	23	1	17	212	122	21	95	91	41	4	33	167	102	12	59	103	71	12	37	110	59	9	32	0	59	0	47	84	40	4	33	97	14	17	9	154	141	14	86
67	62	7	52	135	79	12	56	0	41	0	29	134	171	13	89	88	66	6	38	104	64	8	42	30	22	1	19	208	126	24	94	90	41	5	33	165	102	15	58	104	72	11	36	110	59	8	33	0	61	0	45	84	41	4	32	99	14	15	9	149	138	17	89
68	63	6	51	135	80	12	55	0	40	0	30	135	169	12	91	88	67	6	37	102	66	9	41	30	22	1	19	206	121	27	100	90	41	5	33	164	101	15	60	100	72	13	38	109	58	9	34	0	59	0	47	83	40	5	33	99	14	15	9	148	138	16	89
70	63	4	51	140	77	8	57	0	41	0	29	135	169	12	91	86	67	8	37	101	66	9	42	31	23	1	17	215	120	21	99	89	41	6	33	165	99	15	61	101	72	13	37	106	57	11	36	0	59	0	47	83	39	5	34	97	14	17	9	147	140	16	87
70	64	4	50	139	74	10	59	0	41	0	29	135	165	12	95	86	66	8	38	102	66	8	42	30	24	2	16	216	121	19	98	88	42	7	32	164	96	16	64	99	71	14	39	107	55	10	38	0	60	0	46	83	39	5	34	100	14	14	9	149	140	15	87
70	64	4	50	139	74	10	59	0	41	0	29	132	168	15	92	85	65	9	39	100	65	10	43	30	23	2	17	219	123	20	96	86	42	9	32	165	96	14	65	101	72	12	38	106	59	10	35	0	60	0	46	83	42	5	31	102	14	12	9	144	140	16	87
70	62	4	52	144	72	6	60	0	39	0	31	132	170	15	90	88	61	6	43	98	65	10	45	31	23	2	16	221	123	21	94	86	43	9	31	165	101	14	60	102	72	11	38	107	59	9	35	0	57	0	49	81	44	7	29	102	14	12	9	143	139	16	88
69	62	5	52	144	74	6	58	0	41	0	29	129	170	18	90	88	61	6	43	98	68	10	42	31	23	2	16	219	123	18	95	86	44	9	30	165	102	15	58	99	74	12	38	107	61	8	34	0	56	0	50	80	44	8	29	102	14	12	9	145	135	18	92
68	63	6	51	141	76	10	55	0	40	0	30	131	167	16	93	89	62	5	42	99	67	10	42	30	22	3	17	215	128	22	90	84	44	11	30	172	101	11	56	99	75	11	38	105	58	10	37	0	56	0	50	83	43	7	28	101	14	13	9	149	137	14	90
69	63	5	51	140	74	11	57	0	41	0	29	133	164	14	96	89	63	5	41	96	65	12	45	32	22	3	15	218	136	20	84	87	43	8	31	170	98	14	58	100	74	10	39	106	59	9	36	0	56	0	50	82	43	8	28	99	14	15	9	148	138	12	89
71	67	3	47	139	74	12	57	0	41	0	29	131	161	16	99	89	61	5	43	96	66	12	44	31	21	4	16	222	137	18	81	86	43	9	31	175	97	10	58	99	74	10	40	106	60	10	34	0	59	0	47	82	42	8	29	95	13	19	10	147	137	13	90
71	66	3	48	138	77	13	54	0	42	0	28	128	159	19	101	91	59	3	45	98	63	10	47	32	21	4	15	223	138	18	78	88	43	7	31	176	95	9	60	100	71	8	44	105	60	11	34	0	59	0	47	82	44	9	26	95	13	19	10	148	136	13	91
71	66	3	48	135	77	16	54	0	42	0	28	127	156	20	104	90	62	4	42	97	61	10	50	32	22	4	14	226	140	16	76	89	42	6	32	173	93	12	62	98	72	9	44	107	60	11	32	0	59	0	47	82	45	9	25	100	13	14	10	145	137	15	90
72	64	2	50	134	73	17	58	0	39	0	31	127	155	20	105	91	63	3	41	99	60	8	51	33	22	3	14	227	144	17	73	91	44	4	30	173	94	13	60	98	71	10	44	106	61	12	31	0	61	0	45	82	41	9	29	100	12	14	11	142	132	15	95
71	64	3	50	136	74	14	58	0	38	0	32	129	155	18	105	91	66	3	38	100	59	7	52	33	21	3	15	227	141	18	77	91	43	4	31	173	88	15	64	98	72	10	43	109	62	9	30	0	61	0	45	79	43	10	29	100	13	14	10	139	132	16	95
69	63	5	51	137	73	14	58	0	38	0	32	131	156	16	104	91	65	3	39	97	61	10	50	34	20	3	15	228	133	20	83	91	44	4	30	171	90	13	66	98	72	10	43	109	61	9	31	0	62	0	44	80	41	9	31	105	13	9	10	137	133	17	94
70	61	4	53	136	74	15	57	0	37	0	33	131	154	16	106	90	62	4	42	101	58	8	51	35	22	3	12	231	131	17	84	91	43	4	31	170	89	13	68	101	72	7	43	113	59	6	32	0	62	0	44	81	40	8	32	104	13	10	10	139	135	16	92
68	61	6	53	137	75	15	55	0	37	0	33	132	151	15	109	90	64	4	40	100	61	9	48	35	21	3	13	231	130	17	84	90	44	5	30	170	90	13	67	100	71	7	45	113	59	6	32	0	64	0	42	81	39	8	33	104	13	10	10	136	137	20	90
68	63	6	51	138	76	13	55	0	37	0	33	134	152	13	108	89	64	5	40	101	56	8	53	34	21	4	13	228	133	18	80	89	43	6	31	172	92	12	64	100	66	8	49	115	58	4	33	0	63	0	43	83	39	6	33	101	13	13	10	141	136	18	91
67	62	7	52	139	75	12	56	0	38	0	32	134	152	13	108	88	61	6	43	101	56	8	53	35	21	3	13	225	133	21	81	88	44	7	30	171	93	12	64	98	67	9	49	113	58	7	32	0	62	0	44	84	40	6	31	101	13	13	10	142	138	16	89
66	64	8	50	137	74	13	58	0	35	0	35	133	153	14	107	89	62	5	42	102	61	7	48	34	19	4	15	225	137	21	75	88	44	7	30	176	92	9	63	95	68	12	48	112	61	7	30	0	61	0	45	84	40	6	31	99	13	15	10	144	137	16	90
66	64	8	50	136	74	14	58	0	33	0	37	133	153	14	107	86	64	8	40	100	61	9	48	34	19	4	15	228	135	17	77	90	44	5	30	172	91	14	63	96	64	10	53	111	61	7	31	0	62	0	44	86	39	5	31	99	13	15	10	144	138	17	89
66	64	8	50	136	75	14	57	0	34	0	36	130	155	17	105	86	64	8	40	102	60	8	48	33	18	5	16	222	134	19	78	90	45	5	29	173	92	13	62	98	64	9	52	110	63	7	30	0	59	0	47	85	41	6	29	101	13	13	10	151	137	14	90
68	68	6	46	138	75	13	56	0	34	0	36	130	156	17	104	85	63	9	41	100	61	9	48	32	19	6	15	218	134	19	77	89	45	6	29	172	89	14	65	99	64	10	50	110	62	7	31	0	57	0	49	82	43	7	29	102	12	12	11	154	137	16	90
67	70	7	44	138	73	13	58	0	34	0	36	129	158	18	102	85	62	9	42	101	61	9	47	32	18	6	16	217	133	22	76	87	45	8	29	172	87	15	66	100	63	9	51	110	61	7	32	0	61	0	45	83	42	6	30	101	12	13	11	153	143	17	84
68	70	6	44	137	75	12	58	0	34	0	36	130	153	17	107	83	64	11	40	100	61	11	46	33	19	5	15	212	133	24	76	89	46	6	28	170	89	16	65	100	64	9	50	105	61	11	33	0	62	0	44	84	44	5	28	100	12	14	11	159	143	14	84
69	70	5	44	137	76	13	56	0	35	0	35	132	155	15	105	82	66	12	38	104	58	8	48	33	19	5	15	218	132	23	74	90	44	5	30	169	90	18	63	101	65	10	47	105	61	11	33	0	65	0	41	86	42	4	29	100	12	14	11	155	141	16	86
69	69	5	45	138	80	11	53	0	36	0	34	133	157	14	103	83	67	11	37	104	59	7	48	34	19	4	15	223	126	24	75	89	45	6	29	168	89	18	65	103	64	9	47	104	61	11	34	0	66	0	40	87	39	3	32	100	12	14	11	154	139	16	88
68	67	6	47	138	80	11	53	0	38	0	32	137	155	10	105	84	67	10	37	103	59	8	48	33	19	5	15	221	123	27	77	90	44	5	30	165	86	21	68	103	65	9	46	103	61	12	34	0	67	0	39	87	39	3	32	102	12	12	11	150	139	20	88
68	67	6	47	138	77	10	57	0	40	0	30	137	149	10	111	84	67	10	37	102	57	9	50	32	19	6	15	227	125	22	75	91	45	4	29	169	82	18	71	106	65	8	44	105	62	10	33	0	66	0	40	85	37	4	35	102	10	12	13	150	138	19	89
66	67	8	47	139	76	10	57	0	39	0	31	136	144	11	116	84	67	10	37	103	59	10	46	31	21	6	14	229	124	20	77	87	46	8	28	169	83	16	72	107	66	8	42	104	62	10	34	0	64	0	42	82	40	4	35	103	11	11	12	148	137	20	90
68	67	6	47	139	78	9	56	0	39	0	31	134	142	13	118	85	67	9	37	104	62	10	42	31	22	5	14	228	123	19	78	90	47	5	27	168	84	16	72	109	66	6	42	102	61	11	36	0	62	0	44	79	43	7	32	102	12	12	11	149	141	21	86
69	65	5	49	136	77	10	59	0	39	0	31	134	144	13	116	85	63	9	41	104	62	11	41	31	22	5	14	230	121	20	81	91	47	4	27	170	80	15	75	108	64	6	45	103	58	11	38	0	60	0	46	81	44	5	31	101	12	13	11	145	138	21	89
67	64	7	50	134	78	12	58	0	38	0	32	136	142	11	118	87	63	7	41	105	65	10	38	32	22	4	14	226	118	19	83	90	48	5	26	169	82	17	72	105	65	8	45	102	59	12	37	0	60	0	46	81	46	4	30	101	12	13	11	151	137	21	90
69	63	5	51	135	76	11	60	0	37	0	33	137	139	10	121	86	63	8	41	106	63	10	39	33	23	3	13	226	118	16	82	89	48	6	26	168	85	18	69	106	66	7	44	102	61	12	35	0	59	0	47	79	47	5	30	100	12	14	11	152	137	24	90
68	63	6	51	133	77	13	59	0	37	0	33	137	142	10	118	86	64	8	40	105	64	11	38	33	24	3	12	220	118	16	83	91	47	4	27	170	83	16	71	105	65	9	44	104	60	11	35	0	60	0	46	77	47	6	31	102	14	12	9	154	142	27	85
69	64	5	50	131	79	14	58	0	36	0	34	135	142	12	118	85	66	9	38	106	64	10	38	33	24	3	12	219	120	19	81	92	46	3	28	171	85	15	69	106	64	9	44	103	62	11	34	0	60	0	46	77	45	6	33	101	14	13	9	151	142	28	85
69	65	5	49	130	79	16	57	0	36	0	34	137	148	10	112	85	65	9	39	109	66	8	35	33	26	3	10	214	120	21	82	91	45	4	29	171	85	14	70	105	60	11	47	104	61	11	34	0	60	0	46	76	44	6	35	100	13	14	10	157	142	24	85
68	65	6	49	131	77	15	59	0	36	0	34	136	146	11	114	87	63	7	41	110	67	7	34	32	26	4	10	212	120	22	83	90	44	5	30	171	86	12	71	107	59	9	48	105	60	10	35	0	58	0	48	79	44	3	35	101	12	13	11	156	144	25	83
68	66	6	48	132	78	13	59	0	37	0	33	137	147	10	113	87	65	7	39	113	67	5	33	33	25	3	11	210	121	22	85	91	47	4	27	171	86	13	70	108	62	7	46	104	60	10	36	0	59	0	47	79	44	3	35	100	11	14	12	156	142	24	85
66	65	8	49	134	78	11	59	0	37	0	33	134	149	13	111	87	65	7	39	108	67	8	35	32	25	4	11	210	121	22	85	90	47	5	27	174	85	11	70	107	59	7	50	103	61	10	36	0	61	0	45	75	46	7	33	102	10	12	13	157	140	23	87
66	66	8	48	135	79	9	59	0	38	0	32	133	151	14	109	88	62	6	42	109	63	9	37	32	25	4	11	213	119	21	87	91	48	4	26	173	84	12	71	108	58	7	50	104	62	9	35	0	63	0	43	77	45	7	32	105	10	9	13	154	140	24	87
68	67	6	47	134	83	10	55	0	39	0	31	133	153	14	107	86	62	8	42	106	65	10	37	31	25	4	12	219	116	17	89	90	49	5	25	171	85	12	72	105	61	8	49	105	59	8	38	0	63	0	43	77	43	8	33	105	10	9	13	153	139	24	88
68	62	6	52	133	88	11	50	0	38	0	32	134	155	13	105	87	61	7	43	107	65	9	37	31	25	3	13	213	111	21	94	90	49	5	25	169	85	15	71	106	63	7	47	106	58	8	38	0	64	0	42	77	44	8	32	105	11	9	12	156	140	23	87
69	62	5	52	133	90	10	49	0	37	0	33	135	152	12	108	89	62	5	42	106	62	10	40	31	25	3	13	217	108	21	95	89	51	6	23	165	86	20	69	108	64	5	46	108	61	6	35	0	64	0	42	80	43	6	32	105	11	9	12	153	138	24	89
69	63	5	51	131	88	12	51	0	37	0	33	135	148	12	112	90	62	4	42	106	63	10	39	32	25	1	14	223	109	18	94	89	49	6	25	168	85	18	69	109	66	4	44	107	64	6	33	0	62	0	44	79	45	7	30	103	12	11	11	152	135	22	92
67	64	7	50	134	91	11	46	0	37	0	33	137	149	10	111	92	63	2	41	107	63	9	39	33	25	0	14	215	113	23	91	88	49	7	25	166	84	20	70	108	67	5	43	109	64	4	33	0	63	0	43	79	44	7	31	104	13	10	10	150	135	26	92
67	63	7	51	137	92	11	42	0	37	0	33	138	152	9	108	90	64	4	40	108	63	8	39	32	24	1	15	211	112	26	91	88	49	7	25	166	80	20	74	107	68	6	42	111	62	2	35	0	63	0	43	79	45	7	30	104	14	10	9	149	134	29	93
67	63	7	51	137	91	12	42	0	38	0	32	136	153	11	107	92	62	2	42	108	63	7	40	32	24	1	15	212	114	26	90	88	48	7	26	164	83	21	72	108	67	5	43	111	63	2	34	0	64	0	42	78	44	8	31	101	14	13	9	147	134	29	93
67	64	7	50	139	88	10	45	0	36	0	34	135	148	12	112	91	62	3	42	109	61	7	41	33	23	1	15	211	113	26	91	88	49	7	25	164	86	19	71	107	66	6	44	112	65	1	32	0	63	0	43	79	44	7	31	101	14	13	9	150	131	27	96
67	63	7	51	137	90	10	45	0	35	0	35	136	150	11	110	90	63	4	41	109	62	8	39	33	22	1	16	209	112	25	94	88	49	7	25	165	87	18	70	104	68	8	43	111	63	2	34	0	63	0	43	80	44	5	32	99	15	15	8	155	133	23	94
68	63	6	51	141	90	9	42	0	34	0	36	133	149	14	111	92	61	2	43	111	62	7	38	33	22	1	16	208	115	24	90	90	50	5	24	165	84	17	74	106	68	9	40	111	63	2	34	0	64	0	42	80	47	5	29	99	14	15	9	153	133	28	94
68	65	6	49	138	91	11	42	0	35	0	35	134	147	13	113	92	62	2	42	111	60	7	40	33	21	1	17	212	120	20	86	89	51	6	23	168	84	16	72	107	67	9	40	109	62	4	35	0	65	0	41	79	46	5	31	98	13	16	10	154	136	26	91
68	65	6	49	135	93	14	40	0	33	0	37	132	152	15	108	90	63	4	41	109	61	9	39	33	23	1	15	220	119	20	86	90	49	5	25	166	87	18	69	109	67	7	40	107	62	6	35	0	65	0	41	79	47	5	30	98	11	16	12	147	137	26	90
70	64	4	50	134	94	13	41	0	33	0	37	130	152	17	108	90	63	4	41	109	61	9	39	31	23	3	15	219	122	21	84	91	50	4	24	171	83	16	70	105	68	10	40	108	61	6	35	0	63	0	43	78	47	6	30	100	11	14	12	147	139	25	88
68	65	6	49	131	93	16	42	0	35	0	35	130	153	17	107	90	62	4	42	109	60	9	40	31	22	3	16	215	122	23	83	89	53	6	21	174	84	13	69	103	66	11	43	110	61	6	33	0	62	0	44	75	48	9	29	101	11	13	12	150	140	25	87
69	63	5	51	129	93	17	43	0	33	0	37	135	154	12	106	90	62	4	42	108	60	10	40	31	22	3	16	221	124	21	82	88	52	7	22	173	84	13	70	102	68	12	41	109	61	7	33	0	62	0	44	74	48	10	29	101	10	13	13	150	141	20	86
70	65	4	49	131	93	16	42	0	34	0	36	134	152	13	108	89	60	5	44	108	59	10	41	31	25	3	13	216	126	20	79	85	53	10	21	174	86	13	67	102	67	11	43	107	61	8	34	0	61	0	45	75	47	8	31	101	10	13	13	155	139	22	88
68	64	6	50	132	93	15	42	0	35	0	35	132	152	15	108	89	63	5	41	111	60	7	40	31	24	3	14	213	129	22	77	83	52	12	22	174	82	14	70	101	68	14	40	106	64	7	33	0	58	0	48	74	46	9	32	101	10	13	13	154	138	23	89
68	63	6	51	133	92	14	43	0	32	0	38	133	151	14	109	86	64	8	40	110	60	7	41	30	24	4	14	223	126	19	77	85	51	10	23	176	80	12	72	104	67	12	40	107	65	8	30	0	60	0	46	75	47	7	32	101	9	13	14	153	142	20	85
68	66	6	48	135	92	13	42	0	33	0	37	134	153	13	107	86	63	8	41	110	61	6	41	27	25	6	14	222	126	20	78	86	52	9	22	173	80	14	73	108	69	9	37	112	62	5	31	0	59	0	47	77	46	6	32	103	9	11	14	154	139	18	88
69	65	5	49	133	91	14	44	0	32	0	38	134	155	13	105	86	62	8	42	109	59	7	43	28	25	5	14	227	125	21	79	86	53	9	21	171	82	17	70	106	71	9	37	110	60	7	33	0	59	0	47	77	46	5	33	103	9	11	14	150	141	16	86
69	69	5	45	133	90	14	45	0	32	0	38	135	154	12	106	86	63	8	41	109	60	7	42	29	24	5	14	225	123	22	80	86	52	9	22	171	87	17	65	107	71	8	37	110	56	7	37	0	58	0	48	76	47	6	32	105	9	9	14	154	139	14	88
70	74	4	40	138	92	10	42	0	33	0	37	132	155	15	105	84	63	10	41	107	61	8	42	31	24	4	13	228	120	20	81	85	51	10	23	172	88	16	64	107	72	8	36	111	55	6	38	0	57	0	49	77	48	5	31	106	9	8	14	154	138	15	89
70	75	4	39	138	91	10	43	0	33	0	37	134	159	13	101	84	63	10	41	103	65	11	39	33	24	3	12	231	120	20	81	85	50	10	24	176	85	12	67	109	71	6	37	110	56	6	38	0	58	0	48	77	50	5	29	104	9	10	14	154	141	12	86
69	77	5	37	137	91	10	44	0	35	0	35	137	159	10	101	84	64	10	40	102	67	11	38	33	24	3	12	239	120	19	78	88	51	7	23	176	87	12	65	107	70	9	37	109	56	7	38	0	61	0	45	76	48	6	31	105	9	9	14	153	146	9	81
67	80	7	34	135	92	12	43	0	35	0	35	135	158	12	102	85	66	9	38	102	65	12	39	33	24	3	12	246	122	21	77	89	50	6	24	179	88	11	62	108	69	9	37	108	57	8	37	0	59	0	47	75	47	7	32	104	9	10	14	146	143	6	84
66	79	8	35	136	90	11	45	0	36	0	34	137	160	10	100	86	64	8	40	102	64	13	39	31	25	5	11	247	118	21	80	89	51	6	23	175	88	14	63	108	68	9	38	104	56	12	38	0	60	0	46	76	46	6	33	104	10	10	13	145	143	7	84
65	79	9	35	135	90	11	46	0	37	0	33	137	160	10	100	87	64	7	40	103	64	13	38	31	23	5	13	247	119	20	79	88	51	7	23	174	88	15	63	108	68	8	39	103	57	11	39	0	60	0	46	73	46	9	33	104	11	10	12	145	143	8	84
66	79	8	35	135	91	12	44	0	36	0	34	137	160	10	100	88	63	6	41	106	65	11	36	33	24	3	12	244	117	19	84	86	48	9	26	177	88	13	62	109	65	8	41	104	57	11	38	0	61	0	45	74	46	9	32	105	11	9	12	144	141	10	86
67	80	7	34	139	90	6	47	0	35	0	35	139	159	8	101	87	62	7	42	109	65	9	35	32	24	4	12	243	120	18	82	86	46	9	28	177	85	13	65	109	67	9	38	109	59	6	36	0	62	0	44	76	47	8	30	103	11	11	12	146	142	9	85
66	81	8	33	138	86	7	51	0	36	0	34	137	160	10	100	85	63	9	41	109	65	9	35	33	24	4	11	245	121	19	79	87	46	8	28	176	84	13	67	106	67	12	38	112	61	4	33	0	62	0	44	74	46	10	31	102	12	12	11	143	140	11	87
65	81	9	33	137	86	8	51	0	36	0	34	135	157	12	103	86	64	8	40	108	67	10	33	33	24	4	11	248	118	21	81	86	47	9	27	177	86	12	65	106	66	13	38	112	62	4	32	0	63	0	43	72	48	10	31	101	12	13	11	136	140	14	87
65	79	9	35	136	88	7	51	0	37	0	33	135	155	12	105	85	65	9	39	107	66	11	34	34	24	3	11	241	119	24	80	88	47	7	27	178	88	13	61	105	66	15	37	112	63	4	31	0	65	0	41	75	46	7	33	102	12	12	11	138	142	16	85
64	78	10	36	134	86	8	54	0	38	0	32	136	156	11	104	84	63	10	41	107	66	10	35	34	24	3	11	244	115	21	83	86	47	9	27	177	89	13	61	104	64	16	39	111	62	5	32	0	64	0	42	75	46	7	33	103	11	11	12	141	145	14	82
64	78	10	36	132	85	9	56	0	39	0	31	136	155	11	105	83	65	11	39	109	63	8	38	34	25	3	10	242	115	22	82	87	48	8	26	177	90	13	60	105	64	16	38	111	63	5	31	0	65	0	41	75	45	7	34	102	11	12	12	143	144	14	83
63	78	11	36	132	86	9	55	0	41	0	29	137	155	10	105	85	67	9	37	106	66	10	36	33	25	4	10	235	113	26	83	88	47	7	27	177	91	13	59	110	59	14	40	111	63	5	31	0	63	0	43	73	45	9	34	102	12	12	11	145	144	16	83
62	78	12	36	133	86	8	55	0	42	0	28	136	154	11	106	86	68	8	36	105	66	12	35	33	25	3	11	234	113	26	83	87	42	8	32	172	90	16	62	113	59	11	40	109	61	8	32	0	64	0	42	74	45	9	33	103	12	11	11	144	144	18	83
62	75	12	39	132	86	9	55	0	41	0	29	135	153	12	107	86	66	8	38	106	64	12	36	32	24	4	12	236	114	27	82	88	42	7	32	171	91	16	62	114	61	9	39	110	61	9	30	0	62	0	44	76	44	8	33	104	12	10	11	144	142	15	85
61	73	13	41	131	87	10	54	0	42	0	28	136	155	11	105	88	63	6	41	105	63	11	39	32	25	4	11	230	116	30	81	91	42	4	32	174	94	14	58	117	63	5	38	110	60	9	31	0	61	0	45	76	44	7	34	104	11	10	12	145	140	16	87
63	75	11	39	131	86	10	55	0	42	0	28	135	154	12	106	88	65	6	39	101	62	15	40	32	25	4	11	233	117	28	80	88	42	7	32	175	97	12	56	118	62	5	38	110	59	11	30	0	58	0	48	74	46	8	33	104	11	10	12	144	141	16	86
63	77	11	37	130	85	11	56	0	42	0	28	135	156	12	104	88	64	6	40	99	61	18	40	32	25	4	11	240	119	25	78	85	42	10	32	173	98	13	56	117	63	6	37	111	59	9	31	0	59	0	47	75	46	7	33	103	12	11	11	142	141	14	86
63	76	11	38	129	87	12	54	0	42	0	28	133	157	14	103	88	67	6	37	104	61	12	41	31	26	5	10	234	117	26	82	84	42	11	32	175	96	10	59	115	65	6	37	111	61	9	29	0	59	0	47	73	46	9	33	100	12	14	11	146	141	13	86
64	77	10	37	133	87	10	52	0	41	0	29	132	160	15	100	89	67	5	37	105	62	12	39	31	25	5	11	228	113	23	85	83	41	12	33	179	93	9	59	114	66	6	37	110	61	10	29	0	57	0	49	69	48	11	33	98	12	16	11	154	141	15	86
66	78	8	36	133	85	10	54	0	42	0	28	132	160	15	100	89	67	5	37	107	60	10	41	31	25	5	11	223	111	24	88	82	40	13	34	176	92	10	62	114	63	6	40	110	61	10	29	0	59	0	47	68	47	13	33	99	12	15	11	159	142	13	85
67	76	7	38	132	82	10	58	0	40	0	30	133	157	14	103	87	67	7	37	107	60	11	40	33	24	4	11	226	106	25	92	83	42	12	32	176	96	11	57	116	62	5	40	110	60	9	31	0	59	0	47	68	45	12	36	96	13	18	10	156	139	13	88
67	76	7	38	132	84	11	55	0	40	0	30	133	161	14	99	86	68	8	36	108	57	10	43	35	24	3	10	228	104	21	94	85	42	10	32	175	98	10	57	118	61	5	39	107	59	12	32	0	60	0	46	69	45	11	36	99	12	15	11	158	141	13	86
66	77	8	37	133	85	11	53	0	41	0	29	132	162	15	98	86	69	8	35	111	56	8	43	35	24	3	10	230	105	20	93	83	40	12	34	175	98	9	58	117	61	6	39	111	59	9	31	0	59	0	47	73	43	10	35	99	12	15	11	153	141	17	86
65	77	9	37	133	89	11	49	0	40	0	30	134	162	13	98	87	69	7	35	111	56	9	42	35	24	3	10	227	107	22	92	83	39	12	35	178	96	7	59	117	61	7	38	109	59	12	30	0	59	0	47	74	46	10	31	102	10	12	13	154	137	16	90
65	77	9	37	135	88	10	49	0	40	0	30	131	165	16	95	87	69	7	35	111	58	8	41	33	24	5	10	220	109	24	90	82	43	13	31	176	96	8	60	117	61	7	38	111	59	10	30	0	60	0	46	74	46	9	32	100	10	14	13	161	137	14	90
64	77	10	37	134	86	12	50	0	40	0	30	131	169	16	91	88	69	6	35	110	61	8	39	31	24	7	10	218	111	21	90	82	42	13	32	173	99	9	59	118	59	5	41	108	59	11	32	0	60	0	46	75	48	8	30	99	10	15	13	165	134	13	93
65	75	9	39	134	87	12	49	0	41	0	29	131	173	16	87	85	71	9	33	110	63	8	37	31	25	7	9	212	112	20	90	82	40	13	34	174	99	9	58	120	58	6	39	111	57	10	32	0	58	0	48	74	48	8	31	101	10	13	13	169	132	15	95
67	74	7	40	128	87	17	50	0	40	0	30	129	173	18	87	84	70	10	34	108	66	7	37	32	24	7	9	207	113	20	90	84	41	11	33	175	95	9	61	122	58	5	38	115	58	7	30	0	57	0	49	72	50	10	29	103	11	11	12	172	128	16	99
67	73	7	41	128	86	15	53	0	39	0	31	131	175	16	85	84	70	10	34	108	66	7	37	32	21	7	12	215	112	15	90	83	41	12	33	175	97	9	59	121	58	6	38	115	58	7	30	0	59	0	47	71	51	11	28	103	11	11	12	174	130	12	97
67	75	7	39	128	85	15	54	0	41	0	29	130	174	17	86	87	69	7	35	107	64	7	40	33	20	6	13	219	112	13	90	85	41	10	33	177	95	9	59	121	58	6	38	115	57	6	32	0	57	0	49	74	49	10	28	101	11	13	12	169	130	15	97
67	74	7	40	128	87	14	53	0	41	0	29	136	172	11	88	86	67	8	37	107	61	8	42	33	20	6	13	219	112	16	90	84	42	11	32	178	95	8	59	120	57	6	40	110	58	10	32	0	58	0	48	73	49	10	29	105	12	9	11	164	131	17	96
66	73	8	41	127	90	15	50	0	39	0	31	137	170	10	90	86	64	8	40	104	58	10	46	33	21	6	12	224	111	15	91	84	41	11	33	177	95	9	59	122	55	5	41	112	57	8	33	0	60	0	46	70	49	13	29	104	13	10	10	159	134	18	93
64	71	10	43	128	92	13	49	0	39	0	31	136	172	11	88	86	62	8	42	104	57	10	47	33	21	6	12	219	117	20	86	85	41	10	33	176	95	10	59	124	55	3	41	114	57	8	31	0	60	0	46	71	50	12	28	104	14	10	9	159	133	17	94
66	69	8	45	126	97	14	45	0	39	0	31	133	168	14	92	88	61	6	43	106	58	9	45	32	21	7	12	223	118	14	85	85	42	10	32	177	94	9	60	125	55	3	40	112	59	9	30	0	62	0	44	70	48	15	28	103	14	11	9	161	133	17	94
65	70	9	44	126	95	14	47	0	37	0	33	135	167	12	93	89	62	5	42	107	57	9	45	32	18	6	16	226	119	12	84	83	41	12	33	178	95	10	57	124	54	5	40	111	60	9	30	0	61	0	45	72	47	15	27	101	14	13	9	160	133	17	94
65	72	9	42	125	99	16	42	0	35	0	35	135	165	12	95	86	63	8	41	107	59	9	43	33	18	5	16	229	122	12	81	83	42	12	32	177	94	12	57	125	53	4	41	108	62	13	27	0	62	0	44	73	49	14	25	100	14	14	9	159	131	15	96
66	73	8	41	128	102	13	39	0	35	0	35	133	166	14	94	85	64	9	40	110	57	8	43	32	19	5	16	225	122	16	82	83	43	12	31	174	95	13	58	125	54	4	40	108	65	12	25	0	60	0	46	75	48	11	27	100	15	14	8	157	133	16	94
65	76	9	38	131	99	12	40	0	36	0	34	134	167	13	93	85	64	9	40	110	60	7	41	32	19	5	16	221	123	17	83	83	42	12	32	175	94	11	60	124	54	5	40	109	66	11	24	0	61	0	45	75	48	12	26	103	15	11	8	160	136	14	91
65	76	9	38	133	97	12	40	0	38	0	32	137	164	10	96	86	64	8	40	110	60	8	40	33	19	5	15	213	124	18	84	86	44	9	30	173	95	12	60	122	55	7	39	109	62	11	28	0	62	0	44	75	47	12	27	106	15	8	8	167	138	12	89
67	76	7	38	134	94	11	43	0	39	0	31	136	163	11	97	86	64	8	40	110	62	6	40	33	19	6	14	213	125	15	84	87	45	8	29	174	97	11	58	123	55	6	39	108	62	11	29	0	62	0	44	75	47	11	28	106	15	8	8	170	132	11	95
66	74	8	40	134	93	10	45	0	39	0	31	134	167	13	93	87	64	7	40	111	63	5	39	32	19	7	14	207	125	17	85	85	46	10	28	178	101	7	54	123	54	5	41	108	62	9	31	0	61	0	45	76	47	10	28	107	15	7	8	175	132	9	95
68	74	6	40	134	93	11	44	0	42	0	28	136	170	11	90	86	66	8	38	107	62	7	42	32	18	7	15	213	125	13	85	85	46	10	28	179	101	5	55	125	54	3	41	110	60	8	32	0	60	0	46	79	47	8	27	107	16	7	7	174	131	8	96
70	74	4	40	136	94	10	42	0	41	0	29	135	168	12	92	83	66	11	38	107	61	6	44	32	19	7	14	209	126	15	84	86	46	9	28	178	103	6	53	124	55	4	40	108	59	9	34	0	63	0	43	79	48	8	26	106	16	8	7	176	133	8	94
70	74	4	40	136	93	10	43	0	38	0	32	134	167	13	93	83	66	11	38	106	61	7	44	32	20	7	13	208	125	15	86	86	47	9	27	176	105	7	52	123	54	6	40	106	62	11	31	0	64	0	42	81	48	6	26	106	15	8	8	175	134	9	93
69	73	5	41	136	91	11	44	0	38	0	32	132	167	15	93	82	64	12	40	104	63	8	43	33	20	6	13	211	124	16	84	86	43	9	31	173	106	9	52	122	56	5	40	107	63	10	30	0	64	0	42	79	47	7	28	106	14	8	9	176	136	7	91
69	73	5	41	136	92	11	43	0	38	0	32	133	164	14	96	81	62	13	42	103	63	10	42	36	20	2	14	216	123	15	85	86	46	9	28	173	105	9	53	119	59	8	37	106	65	10	29	0	63	0	43	79	46	7	29	105	15	9	8	171	136	8	91
70	73	4	41	137	92	11	42	0	41	0	29	135	159	12	101	80	61	14	43	102	62	11	43	36	19	2	15	219	118	14	89	87	46	8	28	172	104	9	55	118	59	9	37	103	65	12	30	0	62	0	44	78	44	9	30	103	15	11	8	167	134	11	93
71	73	3	41	139	94	11	38	0	40	0	30	136	157	11	103	79	59	15	45	103	66	9	40	38	20	1	13	220	118	13	87	87	46	8	28	168	106	9	57	117	60	10	36	108	63	7	32	0	62	0	44	78	45	8	30	103	15	11	8	172	133	8	94
72	73	2	41	140	93	11	38	0	40	0	30	135	158	12	102	78	59	16	45	107	70	6	35	38	19	1	14	215	117	14	91	87	46	8	28	166	105	11	58	114	64	12	33	107	62	5	36	0	62	0	44	78	45	8	30	105	15	9	8	174	127	7	100
