AAA	AAC	AAG	AAT	ACA	ACC	ACG	ACT	AGA	AGC	AGG	AGT	ATA	ATC	ATG	ATT	CAA	CAC	CAG	CAT	CCA	CCC	CCG	CCT	CGA	CGC	CGG	CGT	CTA	CTC	CTG	CTT	GAA	GAC	GAG	GAT	GCA	GCC	GCG	GCT	GGA	GGC	GGG	GGT	GTA	GTC	GTG	GTT	TAA	TAC	TAG	TAT	TCA	TCC	TCG	TCT	TGA	TGC	TGG	TGT	TTA	TTC	TTG	TTT
40	81	48	67	85	82	80	78	0	48	0	39	133	159	114	135	49	43	46	52	51	53	54	45	20	14	19	16	97	105	94	91	48	34	42	29	63	66	65	60	56	50	56	42	38	44	35	34	0	49	0	48	43	67	38	40	53	18	54	7	91	101	93	109
45	82	43	66	93	84	72	76	0	48	0	39	138	160	109	134	49	43	46	52	54	54	51	44	24	13	17	15	108	107	86	90	50	35	40	28	66	64	61	63	61	50	51	42	43	44	31	33	0	50	0	47	47	68	34	39	56	18	51	7	99	102	81	108
48	83	40	65	101	84	62	78	0	48	0	39	150	158	97	136	54	43	41	52	61	53	46	43	24	12	17	16	119	107	81	88	55	35	35	28	71	66	55	62	63	51	49	41	43	47	31	30	0	50	0	47	50	68	32	38	62	18	45	7	99	104	77	106
48	81	40	67	109	84	56	76	0	47	0	40	155	161	92	133	57	44	38	51	64	54	44	41	26	11	15	17	135	102	72	88	63	35	27	28	78	64	50	62	67	50	45	42	48	46	27	30	0	50	0	47	55	65	30	38	64	18	43	7	107	105	67	105
53	84	35	64	114	83	54	74	0	47	0	40	163	161	84	133	60	44	35	51	72	56	36	39	29	11	12	17	144	100	65	90	66	34	24	29	82	65	45	62	74	49	37	44	52	45	24	30	0	51	0	46	57	64	28	39	69	18	38	7	109	107	63	103
57	87	31	61	121	83	50	71	0	47	0	40	169	161	78	133	65	44	30	51	82	55	30	36	32	11	9	17	147	101	62	90	69	35	21	28	93	64	36	61	81	49	30	44	56	46	22	27	0	51	0	46	63	63	23	39	73	18	34	7	112	109	59	101
58	87	30	61	131	86	39	69	0	47	0	40	177	161	70	133	65	46	30	49	86	56	25	36	32	11	9	17	155	103	53	88	71	34	19	29	99	67	27	61	88	47	25	44	58	44	20	29	0	51	0	46	68	64	19	37	76	19	31	6	116	109	56	101
59	89	29	59	135	85	37	68	0	46	0	41	185	161	62	133	67	47	28	48	89	58	22	34	35	10	7	17	161	105	48	87	72	33	18	30	101	68	26	59	90	49	23	42	59	45	17	30	0	51	0	46	74	61	17	36	77	19	30	6	122	109	48	101
62	90	26	58	144	82	31	68	0	46	0	41	191	164	56	130	70	47	25	48	93	58	17	35	36	11	6	16	169	106	43	85	74	33	16	30	102	69	25	58	96	51	15	42	60	46	15	30	0	51	0	46	77	60	15	36	79	19	28	6	129	108	39	102
64	91	24	57	149	81	28	67	0	45	0	42	195	164	52	130	74	50	21	45	98	57	14	34	36	11	6	16	179	106	34	85	75	34	15	29	110	69	22	53	99	49	14	42	62	46	13	30	0	53	0	44	79	61	15	33	84	20	23	5	135	110	32	100
67	94	21	54	152	81	28	64	0	47	0	40	201	166	46	128	80	51	15	44	100	58	11	34	37	11	5	16	189	112	28	78	79	34	11	29	111	74	18	51	100	50	12	42	65	46	11	29	0	54	0	43	80	62	14	32	89	20	18	5	134	112	30	98
69	96	19	52	156	84	26	59	0	48	0	39	204	168	43	126	83	52	12	43	102	58	9	34	38	13	5	13	198	113	26	74	80	34	10	29	116	71	15	52	102	51	11	40	71	46	7	27	0	54	0	43	80	64	13	31	90	21	17	4	136	117	24	93
70	97	18	51	160	85	24	56	0	50	0	37	210	171	37	123	85	51	10	44	103	60	9	31	39	13	5	12	207	114	22	70	81	36	9	27	117	74	14	49	105	51	8	40	75	43	5	28	0	54	0	43	85	63	9	31	92	19	15	6	139	115	19	95
76	100	12	48	166	87	18	54	0	50	0	37	220	173	27	121	87	53	8	42	109	58	6	30	41	13	2	13	214	109	22	69	83	35	7	28	118	71	14	51	112	51	4	37	75	45	5	26	0	55	0	42	87	61	10	30	94	19	13	6	141	119	16	91
77	99	11	49	170	86	17	52	0	52	0	35	224	177	23	117	87	56	8	39	111	57	5	30	42	13	2	12	224	107	18	66	83	35	7	28	122	73	10	49	113	51	4	36	76	46	5	24	0	56	0	41	92	59	7	30	98	19	9	6	142	124	14	86
79	98	9	50	175	86	13	51	0	52	0	35	226	172	21	122	87	56	8	39	114	55	4	30	42	14	2	11	240	104	15	64	85	36	5	27	126	72	8	48	115	48	5	36	81	43	2	25	0	57	0	40	94	59	6	29	99	19	8	6	138	125	10	85
81	98	7	50	179	82	13	51	0	51	0	36	230	171	17	123	88	56	7	39	115	57	3	28	44	14	1	10	251	102	10	62	85	37	5	26	132	67	7	48	118	49	4	33	82	44	2	23	0	58	0	39	95	59	8	26	101	20	6	5	138	125	8	85
81	98	7	50	189	83	8	45	0	53	0	34	234	170	13	124	90	57	5	38	118	55	2	28	45	13	1	10	249	98	11	59	86	36	4	27	134	68	6	46	119	51	3	31	84	43	1	23	0	58	0	39	97	60	6	25	101	20	6	5	149	127	5	83
81	100	7	48	194	79	9	43	0	52	0	35	237	173	10	121	90	57	5	38	122	52	2	27	45	13	1	10	249	95	9	60	86	37	4	26	140	69	2	43	122	50	3	29	87	42	1	21	0	58	0	39	98	57	6	27	102	21	5	4	154	128	4	82
83	103	5	45	198	76	7	44	0	51	0	36	239	169	8	125	92	58	3	37	123	51	2	27	45	16	1	7	252	92	9	60	86	38	4	25	142	68	1	43	121	52	2	29	87	40	2	22	0	58	0	39	102	54	5	27	102	20	5	5	158	129	0	81
84	103	4	45	203	73	7	42	0	53	0	34	240	169	7	125	94	58	1	37	127	49	3	24	46	15	0	8	262	92	9	54	86	40	4	23	146	68	1	39	123	50	2	29	90	37	2	22	0	61	0	36	104	54	3	27	104	20	3	5	154	129	0	81
84	104	4	44	205	72	8	40	0	54	0	33	240	169	7	125	94	58	1	37	132	47	1	23	46	15	0	8	268	87	8	55	86	39	4	24	152	62	1	39	124	49	2	29	93	35	4	19	0	61	0	36	109	50	3	26	104	20	3	5	153	131	0	79
84	104	4	44	205	76	9	35	0	53	0	34	241	176	6	118	94	57	1	38	136	42	1	24	48	14	0	7	279	88	5	51	86	40	4	23	153	63	1	37	127	48	3	26	96	35	1	19	0	62	0	35	112	49	2	25	104	20	3	5	148	133	0	77
85	103	3	45	206	77	11	31	0	55	0	32	243	180	4	114	94	58	1	37	138	41	0	24	49	13	0	7	278	92	7	44	86	41	4	22	155	61	3	35	128	48	3	25	99	33	0	19	0	65	0	32	115	47	1	25	105	21	2	4	150	134	0	76
85	104	3	44	208	77	9	31	0	54	0	33	242	183	5	111	94	57	1	38	137	42	2	22	49	12	0	8	282	89	7	42	86	42	4	21	157	60	4	33	133	45	2	24	100	32	0	19	0	65	0	32	118	46	0	24	107	21	0	4	151	132	0	78
87	104	1	44	208	77	9	31	0	55	0	32	246	185	1	109	94	59	1	36	141	41	1	20	49	13	0	7	291	85	5	40	86	41	4	22	161	57	2	34	134	44	2	24	101	31	0	19	0	67	0	30	118	44	0	26	107	21	0	4	150	137	0	73
87	106	1	42	211	78	7	29	0	57	0	30	245	185	2	109	94	59	1	36	142	38	2	21	50	12	0	7	302	85	5	36	88	42	2	21	164	55	1	34	138	38	2	26	103	31	0	17	0	67	0	30	119	43	0	26	107	19	0	6	143	141	0	69
87	106	1	42	213	76	7	29	0	59	0	28	244	187	3	107	94	60	1	35	143	38	1	21	50	11	0	8	308	77	5	40	88	45	2	18	163	57	1	33	141	35	2	26	102	33	0	16	0	66	0	31	120	45	0	23	107	18	0	7	141	137	0	73
87	105	1	43	217	75	5	28	0	61	0	26	244	188	3	106	94	60	1	35	145	39	1	18	50	11	2	6	306	81	3	38	89	49	1	14	166	58	1	29	142	35	2	25	104	34	0	13	0	65	0	32	120	46	1	21	107	18	0	7	143	141	0	69
87	107	1	41	220	72	4	29	0	61	0	26	245	191	2	103	94	60	1	35	147	36	0	20	51	10	2	6	313	81	3	35	89	50	1	13	167	57	2	28	142	36	2	24	106	32	0	13	0	66	0	31	121	45	1	21	107	18	0	7	139	144	0	66
87	105	1	43	222	73	3	27	0	58	0	29	244	190	3	104	95	61	0	34	146	36	0	21	51	10	2	6	317	78	3	34	89	51	1	12	171	55	1	27	147	33	1	23	109	33	1	8	0	68	0	29	122	42	1	23	107	18	0	7	138	145	1	65
87	104	1	44	228	72	1	24	0	59	0	28	243	190	4	104	95	63	0	32	146	39	0	18	53	9	1	6	316	80	2	32	89	51	1	12	172	54	0	28	149	33	1	21	110	33	1	7	0	66	0	31	122	43	1	22	107	19	0	6	140	155	1	55
88	105	0	43	231	70	1	23	0	60	0	27	245	191	2	103	95	65	0	30	149	35	1	18	52	9	2	6	316	79	1	31	89	50	1	13	174	51	0	29	152	31	1	20	112	33	1	5	0	68	0	29	124	41	1	22	107	18	0	7	141	154	3	56
88	103	0	45	233	70	0	22	0	62	0	25	246	193	1	101	95	64	0	31	147	34	3	19	52	9	3	5	319	77	1	30	89	51	1	12	177	50	0	27	154	32	0	18	113	31	1	6	0	67	0	30	125	43	1	19	106	18	1	7	141	154	3	56
88	102	0	46	232	69	0	24	0	61	0	26	247	194	0	100	95	66	0	29	149	32	3	19	55	8	1	5	325	72	2	27	89	51	1	12	181	51	0	22	154	32	0	18	114	29	2	6	0	64	0	33	125	42	1	20	106	18	1	7	143	156	2	54
88	101	0	47	237	64	1	23	0	61	0	26	247	193	0	101	95	67	0	28	152	30	3	18	54	9	1	5	323	67	2	31	89	51	1	12	181	51	0	22	153	33	0	18	115	28	2	6	0	63	0	34	125	43	3	17	106	18	1	7	146	158	2	52
87	104	1	44	240	63	0	22	0	61	0	26	247	196	0	98	95	65	0	30	155	30	1	17	54	8	2	5	319	67	4	33	90	52	0	11	185	45	0	24	157	31	0	16	117	27	0	7	0	64	0	33	127	42	3	16	106	17	1	8	147	158	1	52
87	104	1	44	239	65	0	21	0	60	0	27	247	200	0	94	95	65	0	30	158	28	1	16	57	7	1	4	321	64	6	31	90	49	0	14	188	43	0	23	158	30	0	16	117	26	0	8	0	65	0	32	128	42	2	16	106	18	1	7	148	156	1	54
87	105	1	43	243	62	0	20	0	57	0	30	247	205	0	89	95	69	0	26	160	27	0	16	58	5	1	5	324	61	7	29	90	52	0	11	188	44	0	22	157	29	0	18	119	23	0	9	0	66	0	31	129	40	1	18	106	18	1	7	149	158	1	52
87	110	1	38	249	53	0	23	0	56	0	31	247	200	0	94	95	69	0	26	162	26	0	15	58	5	1	5	328	64	5	25	89	49	1	14	187	44	2	21	158	28	0	18	118	24	0	9	0	70	0	27	131	39	1	17	106	18	1	7	148	159	1	51
87	107	1	41	251	52	0	22	0	58	0	29	247	203	0	91	94	70	1	25	162	26	1	14	58	5	1	5	331	61	5	24	89	48	1	15	186	48	2	18	159	27	1	17	119	23	0	9	0	66	0	31	133	38	1	16	107	19	0	6	149	158	1	52
88	107	0	41	251	52	0	22	0	57	0	30	247	203	0	91	94	69	1	26	161	26	2	14	59	6	1	3	334	59	3	26	89	51	1	12	188	49	1	16	158	28	1	17	119	22	0	10	0	67	0	30	134	37	1	16	106	18	1	7	148	157	1	53
88	107	0	41	250	49	1	25	0	54	0	33	247	204	0	90	93	70	2	25	165	22	1	15	59	6	1	3	334	58	1	25	89	50	1	13	192	45	1	16	160	26	1	17	119	21	0	11	0	66	0	31	138	30	1	19	106	17	1	8	152	157	1	53
88	106	0	42	253	47	1	24	0	57	0	30	247	201	0	93	94	66	1	29	163	23	2	15	58	7	1	3	333	58	2	23	89	50	1	13	196	42	0	16	161	22	1	20	121	19	1	10	0	68	0	29	138	29	1	20	107	16	0	9	154	154	1	56
88	107	0	41	255	45	1	24	0	57	0	30	246	201	1	93	94	68	1	27	161	22	4	16	58	6	1	4	337	57	2	21	90	50	0	13	197	40	1	16	163	22	1	18	121	19	1	10	0	69	0	28	138	29	1	20	107	17	0	8	153	151	1	59
88	105	0	43	256	42	2	25	0	59	0	28	245	205	2	89	95	69	0	26	164	22	3	14	57	6	2	4	339	58	2	20	90	50	0	13	194	42	1	17	161	23	3	17	121	17	1	12	0	69	0	28	139	27	1	21	107	18	0	7	151	150	1	60
88	102	0	46	258	38	2	27	0	61	0	26	244	203	3	91	95	68	0	27	167	19	2	15	57	6	2	4	353	51	3	19	90	51	0	12	192	44	1	17	164	22	2	16	121	16	1	13	0	68	0	29	140	26	2	20	107	17	0	8	143	150	2	60
88	103	0	45	259	39	1	26	0	59	0	28	244	198	3	96	95	71	0	24	169	17	1	16	57	7	1	4	353	50	2	18	90	50	0	13	194	45	0	15	166	22	2	14	122	16	1	12	0	72	0	25	141	26	2	19	107	18	0	7	147	148	1	62
88	102	0	46	261	36	2	26	0	59	0	28	245	197	2	97	95	73	0	22	169	18	1	15	57	7	1	4	359	48	2	18	90	50	0	13	195	43	0	16	166	21	1	16	120	18	0	13	0	71	0	26	144	23	1	20	107	18	0	7	144	152	0	58
88	104	0	44	263	37	2	23	0	59	0	28	245	195	2	99	95	72	0	23	168	18	1	16	57	7	1	4	364	47	1	16	90	50	0	13	197	41	0	16	167	20	1	16	121	19	1	10	0	70	0	27	144	26	0	18	107	18	0	7	143	154	0	56
88	101	0	47	264	38	1	22	0	60	0	27	246	197	1	97	95	71	0	24	168	17	1	17	58	7	0	4	364	43	2	20	89	47	1	16	199	42	0	13	167	21	2	14	122	20	0	9	0	71	0	26	145	26	0	17	107	19	0	6	142	159	0	51
88	101	0	47	267	34	1	23	0	59	0	28	247	202	0	92	95	73	0	22	168	19	0	16	58	7	0	4	362	43	1	19	89	49	1	14	204	39	0	11	166	22	3	13	121	20	1	9	0	70	0	27	144	28	0	16	107	18	0	7	146	153	0	57
88	103	0	45	270	34	1	20	0	62	0	25	247	207	0	87	95	71	0	24	166	21	1	15	60	5	0	4	360	45	1	17	89	47	1	16	205	38	0	11	169	20	1	14	119	20	2	10	0	69	0	28	143	29	1	15	107	19	0	6	147	157	1	53
88	107	0	41	271	32	0	22	0	63	0	24	246	211	1	83	95	70	0	25	166	20	1	16	61	5	0	3	368	41	2	19	89	47	1	16	209	34	0	11	170	20	1	13	118	21	2	10	0	69	0	28	141	32	1	14	107	20	0	5	140	158	1	52
86	109	2	39	272	29	0	24	0	62	0	25	245	208	2	86	95	70	0	25	169	16	0	18	63	3	0	3	371	41	2	19	89	47	1	16	211	34	1	8	172	18	1	13	119	20	2	10	0	71	0	26	144	28	0	16	107	20	0	5	137	155	1	55
86	113	2	35	273	30	0	22	0	59	0	28	245	205	2	89	95	70	0	25	170	17	0	16	62	2	1	4	372	35	1	21	90	50	0	13	214	30	0	10	174	15	0	15	120	19	2	10	0	72	0	25	142	25	2	19	107	19	0	6	141	154	1	56
86	109	2	39	273	30	1	21	0	60	0	27	246	206	1	88	95	73	0	22	171	16	1	15	62	2	1	4	367	33	2	20	90	51	0	12	213	30	1	10	172	17	1	14	123	18	1	9	0	70	0	27	142	26	1	19	107	19	0	6	148	151	1	59
87	113	1	35	277	27	0	21	0	59	0	28	246	204	1	90	94	73	1	22	173	14	2	14	63	2	0	4	365	33	1	21	90	49	0	14	216	27	1	10	175	16	0	13	124	18	0	9	0	70	0	27	141	27	2	18	107	20	0	5	150	155	1	55
88	113	0	35	278	30	0	17	0	60	0	27	246	209	1	85	94	72	1	23	174	15	2	12	62	4	0	3	365	35	2	22	90	49	0	14	217	25	1	11	174	18	0	12	126	17	0	8	0	69	0	28	142	29	0	17	107	20	0	5	146	157	1	53
88	115	0	33	279	31	1	14	0	57	0	30	247	208	0	86	95	70	0	25	174	18	0	11	62	4	0	3	366	32	2	20	90	50	0	13	216	25	1	12	174	17	0	13	125	19	1	6	0	67	0	30	144	28	0	16	107	20	0	5	150	154	1	56
88	114	0	34	281	30	1	13	0	58	0	29	247	207	0	87	95	70	0	25	174	17	1	11	60	6	0	3	372	29	0	20	90	51	0	12	220	24	0	10	173	16	1	14	127	18	0	6	0	66	0	31	144	27	0	17	107	20	0	5	150	155	0	55
88	110	0	38	280	30	1	14	0	59	0	28	247	203	0	91	95	69	0	26	174	18	1	10	60	6	0	3	374	30	2	18	90	50	0	13	221	25	0	8	174	18	1	11	129	16	0	6	0	66	0	31	146	25	0	17	106	19	1	6	147	156	0	54
88	109	0	39	283	25	1	16	0	65	0	22	246	200	1	94	95	68	0	27	175	16	1	11	61	5	0	3	372	31	2	19	90	50	0	13	223	23	0	8	176	17	1	10	131	14	0	6	0	64	0	33	145	27	0	16	106	19	1	6	147	150	0	60
86	108	2	40	281	25	1	18	0	64	0	23	246	200	1	94	95	65	0	30	175	16	1	11	61	5	0	3	378	28	2	19	90	50	0	13	224	22	0	8	176	16	2	10	131	16	0	4	0	66	0	31	142	28	0	18	106	20	1	5	144	149	0	61
87	109	1	39	281	23	1	20	0	63	0	24	246	196	1	98	95	65	0	30	175	15	1	12	61	6	0	2	372	28	3	18	90	51	0	12	227	19	0	8	180	14	3	7	133	14	0	4	0	65	0	32	141	28	0	19	106	19	1	6	150	147	0	63
87	106	1	42	286	19	3	17	0	60	0	27	245	202	2	92	95	66	0	29	174	15	2	12	62	5	0	2	375	27	4	19	90	49	0	14	226	20	0	8	184	12	2	6	134	14	0	3	0	67	0	30	141	28	0	19	107	18	0	7	146	145	0	65
86	102	2	46	287	20	2	16	0	59	0	28	245	200	2	94	95	70	0	25	175	16	1	11	62	5	0	2	381	29	0	16	90	48	0	15	227	18	0	9	184	13	3	4	134	15	0	2	0	67	0	30	142	27	1	18	106	19	1	6	145	150	0	60
86	103	2	45	287	19	2	17	0	55	0	32	245	199	2	95	95	69	0	26	174	15	2	12	62	5	0	2	375	28	1	17	89	49	1	14	229	16	0	9	186	13	1	4	134	15	0	2	0	67	0	30	142	25	1	20	107	20	0	5	150	150	0	60
87	102	1	46	288	21	1	15	0	54	0	33	246	196	1	98	95	66	0	29	174	16	1	12	63	4	0	2	382	27	1	15	90	51	0	12	228	16	0	10	189	10	0	5	132	16	1	2	0	67	0	30	143	25	1	19	107	21	0	4	146	148	0	62
88	101	0	47	291	18	1	15	0	54	0	33	247	196	0	98	95	69	0	26	175	16	0	12	63	4	0	2	392	28	0	11	90	52	0	11	231	13	0	10	189	10	0	5	133	16	0	2	0	67	0	30	145	25	1	17	106	21	1	4	140	149	0	61
88	100	0	48	291	18	1	15	0	57	0	30	246	195	1	99	95	70	0	25	174	18	1	10	63	4	0	2	388	26	0	13	90	52	0	11	231	13	0	10	187	11	0	6	133	15	0	3	0	69	0	28	147	25	1	15	107	20	0	5	144	154	0	56
88	100	0	48	295	14	1	15	0	58	0	29	247	200	0	94	95	72	0	23	176	17	1	9	65	2	0	2	388	24	1	12	90	51	0	12	230	13	1	10	187	11	0	6	135	13	0	3	0	66	0	31	149	23	1	15	107	21	0	4	145	156	1	54
88	98	0	50	292	14	1	18	0	53	0	34	247	199	0	95	95	72	0	23	175	16	2	10	65	2	0	2	403	20	1	14	90	49	0	14	231	13	1	9	185	13	0	6	135	13	0	3	0	64	0	33	152	23	0	13	107	21	0	4	131	157	2	53
88	97	0	51	291	18	0	16	0	49	0	38	247	199	0	95	95	70	0	25	173	17	2	11	65	2	0	2	398	22	0	14	90	48	0	15	233	11	1	9	185	12	0	7	135	12	0	4	0	68	0	29	154	23	0	11	106	22	1	3	135	156	2	54
88	96	0	52	294	16	1	14	0	49	0	38	246	199	1	95	95	70	0	25	175	15	1	12	64	2	1	2	403	22	2	13	90	50	0	13	236	9	1	8	187	10	0	7	133	13	0	5	0	70	0	27	153	24	1	10	104	23	3	2	130	151	1	59
88	98	0	50	294	15	0	16	0	52	0	35	246	204	1	90	95	71	0	24	175	15	1	12	64	2	1	2	404	21	1	13	90	51	0	12	234	10	1	9	187	9	0	8	131	14	1	5	0	69	0	28	152	23	2	11	106	22	1	3	131	149	1	61
88	102	0	46	293	16	0	16	0	54	0	33	246	207	1	87	95	69	0	26	177	15	0	11	64	2	1	2	401	24	0	12	90	52	0	11	236	10	0	8	186	10	0	8	130	14	2	5	0	70	0	27	153	24	2	9	106	21	1	4	134	149	0	61
88	104	0	44	296	13	1	15	0	54	0	33	247	209	0	85	94	68	1	27	176	14	0	13	64	2	1	2	390	28	0	11	90	49	0	14	235	12	1	6	186	11	0	7	130	15	1	5	0	68	0	29	153	24	3	8	107	21	0	4	141	145	1	65
88	102	0	46	297	11	1	16	0	54	0	33	245	207	2	87	95	68	0	27	175	12	1	15	64	3	1	1	389	27	0	11	90	49	0	14	235	12	1	6	185	10	1	8	131	16	2	2	0	67	0	30	154	24	3	7	107	18	0	7	143	151	1	59
88	102	0	46	298	12	1	14	0	54	0	33	245	209	2	85	95	70	0	25	175	15	1	12	64	4	0	1	387	25	2	11	90	50	0	13	233	13	1	7	183	12	1	8	133	13	2	3	0	67	0	30	157	21	1	9	107	19	0	6	146	153	0	57
88	103	0	45	298	13	1	13	0	55	0	32	245	205	2	89	95	71	0	24	175	17	2	9	64	4	0	1	390	25	1	12	90	52	0	11	230	13	2	9	182	14	1	7	133	13	2	3	0	71	0	26	158	21	1	8	107	20	0	5	142	154	1	56
88	99	0	49	297	17	1	10	0	59	0	28	245	206	2	88	95	69	0	26	177	17	1	8	64	4	0	1	396	24	1	13	90	53	0	10	232	12	2	8	183	13	1	7	132	13	2	4	0	72	0	25	160	20	0	8	106	20	1	5	136	157	1	53
88	101	0	47	293	21	2	9	0	59	0	28	245	203	2	91	95	72	0	23	178	16	1	8	64	4	0	1	401	24	1	12	90	51	0	12	233	14	3	4	185	13	0	6	132	13	2	4	0	71	0	26	158	21	1	8	106	19	1	6	132	154	1	56
88	101	0	47	301	18	0	6	0	61	0	26	246	207	1	87	95	72	0	23	177	15	1	10	62	5	1	1	398	26	1	10	90	48	0	15	234	14	1	5	186	11	0	7	134	12	1	4	0	70	0	27	159	18	0	11	106	19	1	6	135	150	1	60
87	102	1	46	301	17	0	7	0	59	0	28	246	205	1	89	94	74	1	21	178	18	0	7	62	4	1	2	390	26	1	12	90	49	0	14	234	15	0	5	188	10	0	6	137	8	0	6	0	69	0	28	160	17	0	11	106	18	1	7	140	151	2	59
87	103	1	45	299	18	0	8	0	61	0	26	247	207	0	87	93	73	2	22	180	15	0	8	62	3	1	3	393	26	3	11	90	48	0	15	237	12	0	5	187	10	2	5	136	11	0	4	0	69	0	28	161	17	0	10	106	18	1	7	133	149	5	61
88	106	0	42	299	19	1	6	0	63	0	24	247	208	0	86	93	73	2	22	180	14	1	8	62	3	1	3	385	26	3	11	90	49	0	14	235	14	1	4	188	10	1	5	136	11	0	4	0	69	0	28	161	16	1	10	106	19	1	6	144	155	2	55
88	102	0	46	302	18	0	5	0	61	0	26	245	208	2	86	95	77	0	18	182	13	0	8	63	3	0	3	389	25	1	15	90	50	0	13	236	12	1	5	188	11	2	3	137	11	0	3	0	69	0	28	161	15	1	11	105	18	2	7	141	156	0	54
88	102	0	46	300	18	0	7	0	55	0	32	246	212	1	82	95	76	0	19	182	13	0	8	63	2	0	4	397	27	0	12	90	49	0	14	235	12	0	7	191	9	0	4	137	9	0	5	0	69	0	28	164	10	0	14	105	17	2	8	135	157	0	53
88	101	0	47	298	18	1	8	0	57	0	30	246	215	1	79	95	71	0	24	184	11	0	8	62	3	0	4	390	22	0	15	90	48	0	15	235	12	0	7	191	7	0	6	137	10	0	4	0	67	0	30	166	10	0	12	105	16	2	9	144	151	0	59
88	104	0	44	297	17	1	10	0	59	0	28	244	210	3	84	95	72	0	23	183	10	0	10	62	5	0	2	393	22	0	16	90	49	0	14	233	14	1	6	187	9	1	7	135	12	0	4	0	66	0	31	163	12	1	12	106	17	1	8	140	148	0	62
88	104	0	44	300	15	0	10	0	59	0	28	244	208	3	86	95	70	0	25	183	10	0	10	62	5	0	2	388	20	1	17	90	50	0	13	234	12	1	7	188	9	1	6	134	12	1	4	0	66	0	31	164	11	1	12	107	17	0	8	145	147	0	63
88	105	0	43	301	13	1	10	0	57	0	30	244	203	3	91	94	69	1	26	183	9	0	11	62	5	1	1	382	24	3	13	90	48	0	15	236	11	1	6	187	10	1	6	135	11	1	4	0	67	0	30	163	13	1	11	107	17	0	8	149	149	0	61
88	102	0	46	300	13	1	11	0	55	0	32	246	202	1	92	94	67	1	28	183	7	1	12	62	5	1	1	378	24	4	15	90	47	0	16	234	10	2	8	187	11	0	6	136	11	1	3	0	66	0	31	165	12	1	10	107	18	0	7	150	149	0	61
88	101	0	47	297	16	1	11	0	55	0	32	246	211	1	83	95	70	0	25	182	9	1	11	61	4	3	1	378	26	5	14	90	46	0	17	234	10	1	9	188	10	0	6	136	11	1	3	0	61	0	36	166	13	0	9	107	19	0	6	148	152	0	58
88	102	0	46	299	15	1	10	0	56	0	31	246	213	1	81	95	69	0	26	181	11	1	10	61	4	3	1	366	26	4	16	90	46	0	17	234	9	1	10	187	10	0	7	138	9	1	3	0	63	0	34	166	12	1	9	106	19	1	6	159	146	0	64
88	101	0	47	298	14	1	12	0	56	0	31	247	211	0	83	95	68	0	27	180	12	1	10	62	4	2	1	366	23	2	16	90	45	0	18	232	11	1	10	186	11	0	7	141	7	0	3	0	64	0	33	167	11	1	9	106	18	1	7	163	148	1	62
88	100	0	48	295	17	3	10	0	59	0	28	247	209	0	85	95	65	0	30	183	10	1	9	61	4	3	1	361	22	3	16	89	43	1	20	233	12	1	8	186	11	0	7	142	6	1	2	0	63	0	34	167	11	0	10	107	17	0	8	169	146	0	64
88	102	0	46	294	16	6	9	0	58	0	29	247	207	0	87	95	63	0	32	182	11	2	8	63	5	1	0	353	21	0	19	89	45	1	18	232	14	0	8	185	13	0	6	141	7	2	1	0	60	0	37	168	10	0	10	107	17	0	8	177	144	1	66
88	100	0	48	297	17	3	8	0	56	0	31	247	207	0	87	95	66	0	29	183	12	1	7	63	4	1	1	358	22	0	18	89	45	1	18	231	14	1	8	186	12	0	6	141	8	1	1	0	61	0	36	169	10	1	8	107	18	0	7	172	148	1	62
88	99	0	49	300	14	2	9	0	54	0	33	246	206	1	88	95	66	0	29	182	13	2	6	63	3	1	2	365	20	1	19	89	45	1	18	231	15	1	7	186	12	0	6	140	9	1	1	0	63	0	34	171	9	0	8	106	19	1	6	165	148	1	62
88	98	0	50	301	13	3	8	0	55	0	32	246	211	1	83	95	66	0	29	182	13	1	7	64	3	0	2	363	20	1	20	89	41	1	22	231	14	2	7	185	13	0	6	140	8	1	2	0	59	0	38	169	9	1	9	106	21	1	4	166	147	1	63
88	99	0	49	301	13	3	8	0	54	0	33	247	212	0	82	95	67	0	28	182	13	1	7	65	3	0	1	362	20	1	21	89	41	1	22	234	11	2	7	186	13	0	5	140	6	3	2	0	61	0	36	170	8	1	9	106	20	1	5	165	143	2	67
88	98	0	50	301	10	3	11	0	56	0	31	247	210	0	84	95	69	0	26	178	14	2	9	65	3	0	1	360	23	2	21	89	40	1	23	234	10	3	7	186	14	0	4	142	6	1	2	0	62	0	35	169	9	1	9	106	19	1	6	164	145	1	65
88	94	0	54	304	9	2	10	0	56	0	31	247	204	0	90	95	71	0	24	177	17	1	8	65	3	0	1	369	23	1	19	89	40	1	23	235	10	2	7	187	12	1	4	142	5	1	3	0	67	0	30	168	10	1	9	106	19	1	6	159	140	0	70
88	93	0	55	302	11	3	9	0	57	0	30	247	208	0	86	95	75	0	20	178	18	1	6	65	3	0	1	362	25	1	16	89	40	1	23	237	7	2	8	187	11	1	5	143	4	1	3	0	65	0	32	168	9	1	10	106	18	1	7	167	143	0	67
88	91	0	57	302	12	3	8	0	55	0	32	246	207	1	87	95	73	0	22	177	19	2	5	66	2	1	0	363	23	0	17	89	40	1	23	238	7	2	7	188	10	0	6	144	4	0	3	0	64	0	33	169	9	2	8	106	17	1	8	168	145	0	65
88	93	0	55	302	12	2	9	0	60	0	27	246	208	1	86	95	74	0	21	180	18	0	5	66	3	0	0	367	24	0	16	89	38	1	25	238	9	1	6	188	9	1	6	143	5	0	3	0	64	0	33	170	9	0	9	106	18	1	7	164	148	0	62
88	93	0	55	301	11	2	11	0	59	0	28	247	204	0	90	95	71	0	24	180	18	0	5	66	3	0	0	358	27	0	13	89	42	1	21	240	8	1	5	187	9	1	7	142	5	1	3	0	63	0	34	167	11	0	10	106	18	1	7	173	149	0	61
88	96	0	52	302	10	4	9	0	57	0	30	247	210	0	84	95	69	0	26	181	19	0	3	66	3	0	0	355	28	2	13	89	44	1	19	240	9	0	5	188	10	0	6	142	5	2	2	0	64	0	33	166	12	1	9	106	19	1	6	173	147	0	63
88	97	0	51	302	12	3	8	0	60	0	27	246	206	1	88	95	68	0	27	181	20	0	2	65	3	1	0	354	28	3	11	89	44	1	19	238	10	0	6	184	11	1	8	141	7	0	3	0	65	0	32	167	10	2	9	106	20	1	5	175	150	0	60
88	100	0	48	304	11	2	8	0	60	0	27	246	208	1	86	95	67	0	28	182	19	0	2	64	3	2	0	354	30	3	11	89	45	1	18	235	11	0	8	185	11	0	8	141	6	0	4	0	66	0	31	168	13	1	6	106	20	1	5	173	152	0	58
88	103	0	45	303	13	2	7	0	63	0	24	246	209	1	85	95	69	0	26	182	18	1	2	64	3	2	0	351	27	3	12	89	47	1	16	237	8	0	9	186	11	0	7	141	7	0	3	0	67	0	30	167	15	1	5	106	20	1	5	178	149	0	61
88	105	0	43	304	11	1	9	0	62	0	25	246	203	1	91	95	71	0	24	182	17	1	3	65	4	0	0	359	27	2	11	88	46	2	17	239	8	0	7	185	11	0	8	140	8	1	2	0	66	0	31	170	12	1	5	106	19	1	6	172	152	0	58
87	104	1	44	305	10	1	9	0	64	0	23	246	196	1	98	95	71	0	24	182	17	1	3	65	4	0	0	357	27	1	11	89	46	1	17	240	6	0	8	185	12	0	7	138	8	1	4	0	65	0	32	172	10	1	5	106	19	1	6	175	153	0	57
87	108	1	40	303	11	4	7	0	64	0	23	247	196	0	98	95	70	0	25	182	17	1	3	65	4	0	0	355	23	1	14	90	44	0	19	237	8	1	8	185	13	1	5	137	9	1	4	0	66	0	31	170	11	2	5	106	19	1	6	178	150	0	60
87	109	1	39	303	9	4	9	0	63	0	24	247	191	0	103	95	66	0	29	181	18	2	2	66	3	0	0	360	22	0	14	90	45	0	18	234	10	2	8	185	14	1	4	136	11	0	4	0	65	0	32	169	12	2	5	106	18	1	7	175	153	0	57
87	112	1	36	305	9	1	10	0	62	0	25	247	190	0	104	94	65	1	30	183	16	1	3	65	4	0	0	361	23	0	15	89	45	1	18	235	11	1	7	183	14	2	5	136	10	0	5	0	68	0	29	170	11	2	5	106	17	1	8	172	154	0	56
88	110	0	38	302	13	2	8	0	65	0	22	247	186	0	108	94	62	1	33	183	16	1	3	65	4	0	0	373	24	1	15	89	45	1	18	235	11	1	7	184	14	1	5	137	7	0	7	0	67	0	30	171	11	0	6	107	18	0	7	158	157	0	53
88	108	0	40	303	14	1	7	0	67	0	20	247	190	0	104	94	63	1	32	181	17	1	4	65	4	0	0	375	23	0	15	89	47	1	16	234	12	2	6	185	12	1	6	137	6	0	8	0	67	0	30	172	11	0	5	107	18	0	7	158	156	0	54
88	113	0	35	302	15	1	7	0	65	0	22	247	194	0	100	95	64	0	31	183	15	1	4	65	3	0	1	371	21	1	14	89	47	1	16	235	11	2	6	184	11	1	8	137	6	1	7	0	69	0	28	173	11	0	4	107	18	0	7	164	155	0	55
88	117	0	31	299	17	3	6	0	62	0	25	246	195	1	99	94	63	1	32	185	14	0	4	65	3	0	1	371	22	0	14	90	49	0	14	236	10	2	6	185	11	0	8	135	5	1	10	0	69	0	28	171	12	0	5	106	18	1	7	164	156	0	54
87	117	1	31	298	16	3	8	0	64	0	23	247	202	0	92	93	59	2	36	184	15	0	4	65	3	0	1	369	21	1	14	89	49	1	14	233	10	4	7	185	12	0	7	135	9	0	7	0	65	0	32	172	12	0	4	106	18	1	7	166	152	0	58
87	117	1	31	298	17	3	7	0	64	0	23	245	204	2	90	95	62	0	33	181	15	3	4	65	3	0	1	375	20	1	13	89	47	1	16	231	12	4	7	184	13	1	6	135	10	0	6	0	64	0	33	172	12	0	4	106	19	1	6	162	153	0	57
88	113	0	35	298	19	1	7	0	62	0	25	245	203	2	91	95	64	0	31	184	13	1	5	65	3	0	1	380	15	2	16	90	47	0	16	233	12	2	7	185	12	2	5	133	10	0	8	0	68	0	29	172	11	0	5	106	17	1	8	156	155	2	55
88	110	0	38	297	18	3	7	0	61	0	26	246	200	1	94	95	64	0	31	184	12	1	6	65	2	0	2	379	15	2	14	90	49	0	14	235	10	1	8	185	11	2	6	135	9	1	6	0	67	0	30	170	11	1	6	105	17	2	8	160	155	1	55
88	111	0	37	299	18	1	7	0	61	0	26	243	206	4	88	94	65	1	30	182	11	3	7	65	2	0	2	383	18	2	13	90	50	0	13	236	9	1	8	186	9	1	8	135	9	1	6	0	69	0	28	171	10	1	6	105	16	2	9	154	155	1	55
88	111	0	37	299	17	0	9	0	64	0	23	244	206	3	88	95	68	0	27	185	11	0	7	65	3	0	1	380	16	1	12	90	50	0	13	234	9	1	10	187	8	1	8	136	9	0	6	0	68	0	29	170	11	2	5	106	17	1	8	160	157	2	53
87	108	1	40	300	17	0	8	0	62	0	25	245	205	2	89	95	67	0	28	187	11	0	5	64	3	0	2	386	16	1	13	90	50	0	13	234	10	1	9	186	8	1	9	136	9	1	5	0	68	0	29	171	11	1	5	107	17	0	8	153	156	2	54
87	108	1	40	301	16	0	8	0	62	0	25	246	210	1	84	95	66	0	29	184	12	0	7	65	2	0	2	382	17	0	13	90	51	0	12	233	11	0	10	186	9	1	8	135	8	2	6	0	64	0	33	170	11	0	7	107	17	0	8	158	153	1	57
87	107	1	41	302	15	1	7	0	63	0	24	246	210	1	84	95	64	0	31	184	13	1	5	65	2	0	2	380	18	1	14	90	50	0	13	233	10	0	11	187	12	0	5	136	8	2	5	0	66	0	31	171	10	0	7	106	17	1	8	157	155	1	55
88	105	0	43	304	15	0	6	0	61	0	26	246	214	1	80	95	62	0	33	187	11	0	5	64	3	0	2	384	16	1	13	90	48	0	15	233	11	0	10	187	12	0	5	137	8	1	5	0	67	0	30	171	10	1	6	106	17	1	8	156	150	1	60
88	106	0	42	304	16	0	5	0	60	0	27	246	213	1	81	95	62	0	33	188	9	1	5	63	3	1	2	391	18	1	11	90	48	0	15	232	12	0	10	186	12	1	5	135	9	3	4	0	63	0	34	172	10	1	5	106	16	1	9	149	148	1	62
88	109	0	39	303	15	0	7	0	61	0	26	246	213	1	81	95	64	0	31	188	9	1	5	63	2	1	3	391	16	1	12	90	48	0	15	233	11	0	10	186	11	1	6	136	9	2	4	0	64	0	33	170	12	2	4	107	17	0	8	150	149	1	61
88	105	0	43	307	11	0	7	0	60	0	27	244	212	3	82	94	63	1	32	191	8	0	4	63	2	0	4	389	15	1	11	90	48	0	15	233	12	0	9	185	10	1	8	137	9	1	4	0	65	0	32	172	13	0	3	107	17	0	8	154	150	1	60
88	106	0	42	306	12	0	7	0	63	0	24	246	207	1	87	94	67	1	28	189	9	2	3	63	2	0	4	388	13	1	12	90	49	0	14	230	12	3	9	184	11	1	8	138	10	0	3	0	64	0	33	171	13	0	4	107	18	0	7	156	154	1	56
87	105	1	43	305	10	1	9	0	69	0	18	246	204	1	90	94	68	1	27	185	10	4	4	63	2	0	4	386	12	2	14	90	48	0	15	232	12	0	10	183	11	1	9	138	10	0	3	0	63	0	34	169	15	0	4	107	17	0	8	157	152	0	58
88	104	0	44	304	12	1	8	0	69	0	18	247	209	0	85	94	67	1	28	185	11	4	3	62	2	1	4	389	10	1	17	90	49	0	14	234	10	0	10	183	12	1	8	138	7	0	6	0	65	0	32	169	15	0	4	107	19	0	6	154	157	0	53
88	102	0	46	305	13	0	7	0	67	0	20	247	211	0	83	94	68	1	27	187	11	2	3	63	2	1	3	386	13	1	16	90	49	0	14	234	10	0	10	184	9	1	10	138	7	0	6	0	63	0	34	169	15	0	4	107	18	0	7	154	155	1	55
88	107	0	41	304	12	1	8	0	66	0	21	247	209	0	85	95	66	0	29	186	12	2	3	63	2	2	2	382	16	0	15	90	47	0	16	235	7	0	12	184	10	0	10	138	7	0	6	0	66	0	31	169	16	0	3	107	17	0	8	155	153	3	57
88	105	0	43	305	12	1	7	0	64	0	23	247	207	0	87	95	64	0	31	189	12	0	2	63	4	1	1	381	18	0	13	90	48	0	15	237	6	0	11	182	12	0	10	135	9	2	5	0	67	0	30	169	15	0	4	106	17	1	8	159	148	0	62
88	104	0	44	304	12	1	8	0	65	0	22	247	204	0	90	95	65	0	30	190	10	1	2	62	5	1	1	379	19	2	11	90	49	0	14	234	9	0	11	181	12	0	11	133	11	1	6	0	66	0	31	169	15	0	4	106	16	1	9	160	149	0	61
88	103	0	45	304	13	0	8	0	65	0	22	247	204	0	90	94	66	1	29	191	11	0	1	63	5	0	1	383	19	4	10	90	47	0	16	232	11	1	10	182	12	0	10	134	12	0	5	0	65	0	32	169	15	1	3	107	15	0	10	155	153	0	57
88	105	0	43	300	14	0	11	0	63	0	24	247	203	0	91	94	63	1	32	188	12	2	1	65	3	0	1	388	20	2	8	90	48	0	15	232	13	0	9	181	14	0	9	135	11	0	5	0	65	0	32	168	15	1	4	107	16	0	9	151	151	2	59
88	108	0	40	298	13	1	13	0	62	0	25	247	207	0	87	94	63	1	32	189	12	1	1	66	2	0	1	385	19	1	10	90	48	0	15	233	12	0	9	180	14	0	10	135	10	1	5	0	68	0	29	170	13	1	4	107	17	0	8	155	149	1	61
88	112	0	36	299	13	0	13	0	63	0	24	247	208	0	86	92	61	3	34	189	9	2	3	66	2	0	1	381	19	1	10	90	50	0	13	233	12	0	9	178	18	0	8	136	8	2	5	0	67	0	30	170	13	1	4	107	16	0	9	159	151	1	59
88	112	0	36	298	14	1	12	0	61	0	26	246	211	1	83	92	62	3	33	187	12	2	2	64	2	0	3	377	18	1	11	90	48	0	15	235	10	0	9	180	16	0	8	139	7	0	5	0	68	0	29	171	11	1	5	107	13	0	12	163	147	1	63
88	110	0	38	297	17	1	10	0	62	0	25	246	207	1	87	91	64	4	31	188	12	1	2	64	2	0	3	374	17	1	10	90	48	0	15	234	11	1	8	182	16	0	6	140	6	0	5	0	66	0	31	171	11	1	5	106	12	1	13	169	147	0	63
88	106	0	42	299	15	1	10	0	60	0	27	246	205	1	89	92	63	3	32	187	12	2	2	64	2	0	3	383	20	0	7	89	48	1	15	236	6	1	11	180	17	0	7	140	6	0	5	0	67	0	30	170	13	1	4	106	13	1	12	161	145	0	65
88	109	0	39	298	18	1	8	0	57	0	30	245	213	2	81	93	62	2	33	186	11	2	4	64	2	0	3	378	20	0	6	90	47	0	16	238	8	0	8	180	18	0	6	140	7	0	4	0	65	0	32	169	12	1	6	106	14	1	11	167	149	0	61
88	109	0	39	299	17	1	8	0	57	0	30	247	212	0	82	94	60	1	35	187	12	1	3	62	3	0	4	380	22	0	4	90	47	0	16	238	7	0	9	178	19	0	7	140	6	0	5	0	64	0	33	169	12	1	6	107	14	0	11	164	149	1	61
88	106	0	42	299	17	1	8	0	59	0	28	247	214	0	80	94	59	1	36	185	14	1	3	61	3	0	5	381	19	0	7	90	49	0	14	239	9	0	6	177	21	0	6	140	5	0	6	0	67	0	30	169	12	1	6	107	13	0	12	162	146	2	64
88	104	0	44	299	19	0	7	0	60	0	27	247	215	0	79	95	61	0	34	184	15	0	4	61	3	0	5	374	19	0	8	90	47	0	16	236	12	1	5	175	21	0	8	139	5	0	7	0	66	0	31	170	11	1	6	106	12	1	13	170	150	0	60
88	106	0	42	296	19	0	10	0	63	0	24	247	213	0	81	95	61	0	34	182	17	0	4	61	3	0	5	373	17	1	8	89	47	1	16	236	12	2	4	175	20	0	9	138	5	0	8	0	63	0	34	171	9	0	8	106	10	1	15	172	151	0	59
87	105	1	43	297	19	0	9	0	62	0	25	247	210	0	84	95	62	0	33	182	16	0	5	60	3	0	6	365	20	2	8	89	47	1	16	237	12	1	4	174	20	1	9	139	6	0	6	0	66	0	31	171	10	1	6	106	10	1	15	176	149	0	61
87	106	1	42	295	21	0	9	0	63	0	24	247	211	0	83	95	57	0	38	183	15	0	5	60	3	0	6	369	22	1	11	89	47	1	16	237	12	1	4	175	18	2	9	139	6	0	6	0	70	0	27	173	10	0	5	106	12	1	13	168	154	0	56
87	101	1	47	294	21	0	10	0	62	0	25	247	208	0	86	95	60	0	35	182	15	2	4	60	4	0	5	368	21	2	10	89	46	1	17	235	14	2	3	174	20	2	8	138	5	0	8	0	69	0	28	173	10	0	5	105	10	2	15	170	154	0	56
87	104	1	44	295	20	0	10	0	64	0	23	247	209	0	85	95	61	0	34	183	15	0	5	60	5	0	4	375	20	2	11	90	47	0	16	235	15	1	3	173	21	2	8	137	7	0	7	0	69	0	28	172	10	0	6	106	11	1	14	163	155	0	55
88	108	0	40	294	20	1	10	0	61	0	26	245	214	2	80	95	59	0	36	182	17	0	4	61	4	0	4	379	19	2	11	90	48	0	15	234	15	1	4	175	18	1	10	137	7	0	7	0	70	0	27	169	10	1	8	107	13	0	12	160	150	0	60
88	108	0	40	294	21	1	9	0	60	0	27	246	211	1	83	94	61	1	34	181	18	1	3	60	5	0	4	382	22	2	8	90	47	0	16	236	14	1	3	174	20	1	9	137	7	0	7	0	69	0	28	168	12	0	8	107	13	0	12	157	147	0	63
88	107	0	41	295	20	2	8	0	59	0	28	247	214	0	80	95	63	0	32	179	19	1	4	60	5	0	4	380	22	3	9	90	47	0	16	237	12	2	3	173	22	1	8	137	6	0	8	0	70	0	27	168	12	0	8	107	14	0	11	157	141	0	69
88	107	0	41	293	20	2	10	0	61	0	26	247	215	0	79	95	64	0	31	181	18	0	4	60	5	1	3	381	22	3	9	90	47	0	16	239	11	1	3	174	22	1	7	137	5	0	9	0	71	0	26	166	12	0	10	107	14	0	11	156	144	0	66
87	107	1	41	292	22	1	10	0	60	0	27	246	216	1	78	95	63	0	32	183	17	0	3	60	5	2	2	380	24	0	8	90	44	0	19	238	10	1	5	174	21	3	6	136	7	0	8	0	67	0	30	167	11	0	10	107	13	0	12	159	144	0	66
87	110	1	38	293	20	2	10	0	61	0	26	246	215	1	79	95	63	0	32	184	15	0	4	59	6	2	2	371	24	0	11	90	44	0	19	239	10	0	5	176	19	2	7	136	8	0	7	0	67	0	30	165	12	1	10	106	13	1	12	164	140	1	70
87	108	1	40	294	21	2	8	0	60	0	27	246	212	1	82	95	65	0	30	185	13	0	5	59	6	2	2	371	26	1	9	89	43	1	20	238	11	0	5	177	17	3	7	136	8	0	7	0	69	0	28	165	11	1	11	106	14	1	11	163	144	1	66
87	110	1	38	293	22	2	8	0	59	0	28	246	212	1	82	95	64	0	31	185	10	0	8	61	5	0	3	373	24	0	10	89	45	1	18	240	9	0	5	178	17	2	7	137	9	1	4	0	67	0	30	167	11	0	10	106	13	1	12	163	143	1	67
87	108	1	40	294	21	2	8	0	61	0	26	245	207	2	87	94	64	1	31	182	13	1	7	61	5	0	3	381	20	0	14	89	46	1	17	240	9	0	5	177	18	2	7	137	9	0	5	0	66	0	31	167	10	0	11	106	14	1	11	154	139	2	71
88	107	0	41	297	18	1	9	0	63	0	24	246	203	1	91	93	63	2	32	185	11	0	7	61	4	0	4	378	20	1	13	89	46	1	17	237	10	2	5	179	15	2	8	138	8	0	5	0	66	0	31	167	10	0	11	106	15	1	10	157	140	2	70
88	107	0	41	298	18	1	8	0	67	0	20	246	201	1	93	92	66	3	29	186	10	0	7	60	6	0	3	375	20	3	13	89	47	1	16	238	9	2	5	180	12	2	10	138	9	0	4	0	65	0	32	166	10	1	11	106	15	1	10	157	144	3	66
88	106	0	42	298	21	1	5	0	65	0	22	246	198	1	96	92	71	3	24	188	9	0	6	61	5	0	3	368	23	3	13	89	47	1	16	236	7	3	8	180	13	0	11	138	9	0	4	0	66	0	31	166	8	1	13	106	15	1	10	160	144	4	66
88	110	0	38	296	19	2	8	0	67	0	20	246	203	1	91	92	69	3	26	189	7	0	7	61	5	0	3	369	22	3	14	89	48	1	15	236	8	3	7	181	14	1	8	138	9	0	4	0	68	0	29	167	8	0	13	105	16	2	9	159	145	4	65
88	113	0	35	297	18	1	9	0	68	0	19	246	203	1	91	92	70	3	25	188	7	1	7	61	5	0	3	367	22	2	15	89	48	1	15	236	9	3	6	180	16	1	7	138	10	0	3	0	70	0	27	166	8	1	13	106	16	1	9	164	146	1	64
88	112	0	36	294	19	4	8	0	66	0	21	246	206	1	88	92	70	3	25	189	8	1	5	62	4	0	3	357	21	4	17	89	46	1	17	236	10	2	6	181	13	1	9	136	11	0	4	0	74	0	23	166	9	1	12	106	15	1	10	172	146	0	64
88	110	0	38	292	21	3	9	0	65	0	22	246	199	1	95	93	73	2	22	191	7	0	5	62	4	0	3	360	22	3	15	89	47	1	16	238	8	1	7	183	12	1	8	135	10	0	6	0	73	0	24	167	10	1	10	106	16	1	9	171	144	0	66
88	109	0	39	292	23	4	6	0	63	0	24	246	200	1	94	94	73	1	22	188	8	0	7	62	5	0	2	367	21	2	15	89	44	1	19	240	7	0	7	185	10	1	8	134	10	0	7	0	70	0	27	167	9	2	10	106	17	1	8	166	147	0	63
88	107	0	41	293	23	3	6	0	63	0	24	247	207	0	87	94	75	1	20	185	10	1	7	62	5	0	2	375	20	2	15	89	46	1	17	240	8	0	6	182	10	2	10	133	12	0	6	0	68	0	29	165	11	2	10	107	17	0	8	158	150	1	60
88	107	0	41	294	25	1	5	0	63	0	24	246	204	1	90	94	72	1	23	184	10	1	8	63	4	0	2	374	23	2	14	89	46	1	17	241	8	0	5	182	10	1	11	132	14	0	5	0	68	0	29	167	10	1	10	107	18	0	7	157	150	1	60
88	107	0	41	297	21	1	6	0	65	0	22	246	205	1	89	93	72	2	23	184	11	1	7	63	4	0	2	372	25	2	15	89	46	1	17	239	9	1	5	182	11	2	9	132	14	0	5	0	67	0	30	168	8	0	12	107	19	0	6	157	148	0	62
88	108	0	40	299	19	1	6	0	66	0	21	247	207	0	87	93	76	2	19	183	11	1	8	61	6	0	2	365	26	3	14	89	47	1	16	237	9	2	6	182	12	1	9	132	11	0	8	0	68	0	29	170	9	0	9	106	18	1	7	162	146	1	64
87	106	1	42	300	17	1	7	0	64	0	23	245	210	2	84	94	76	1	19	181	13	2	7	62	5	0	2	349	30	3	12	90	45	0	18	238	8	2	6	183	12	0	9	131	11	0	9	0	67	0	30	168	13	0	7	106	18	1	7	176	147	1	63
87	106	1	42	301	17	1	6	0	64	0	23	246	210	1	84	94	76	1	19	184	13	0	6	62	6	0	1	353	30	2	12	90	45	0	18	240	7	2	5	184	10	0	10	132	11	0	8	0	63	0	34	168	14	0	6	107	19	0	6	174	147	0	63
87	108	1	40	304	14	0	7	0	61	0	26	246	215	1	79	95	77	0	18	183	13	1	6	63	5	0	1	357	28	3	11	90	43	0	20	238	8	2	6	185	9	0	10	132	13	0	6	0	62	0	35	171	12	0	5	107	19	0	6	171	147	1	63
87	113	1	35	305	14	0	6	0	61	0	26	247	211	0	83	95	75	0	20	182	12	1	8	64	4	0	1	348	28	4	11	90	41	0	22	237	10	2	5	184	11	0	9	132	13	0	6	0	64	0	33	172	11	0	5	107	19	0	6	179	149	1	61
88	111	0	37	304	14	0	7	0	60	0	27	247	212	0	82	95	73	0	22	181	12	1	9	62	4	1	2	345	29	4	14	89	41	1	22	235	12	2	5	184	11	0	9	131	12	0	8	0	65	0	32	172	12	0	4	107	19	0	6	179	145	0	65
88	108	0	40	304	13	0	8	0	58	0	29	247	208	0	86	95	74	0	21	180	13	2	8	59	6	2	2	352	29	3	14	90	46	0	17	236	12	2	4	183	12	1	8	131	12	0	8	0	67	0	30	170	13	0	5	107	19	0	6	173	146	0	64
88	110	0	38	305	12	0	8	0	60	0	27	247	209	0	85	95	72	0	23	181	12	2	8	60	5	1	3	354	29	1	13	90	41	0	22	239	10	1	4	183	13	1	7	132	11	0	8	0	64	0	33	171	13	1	3	107	19	0	6	174	144	0	66
88	108	0	40	303	13	0	9	0	62	0	25	247	207	0	87	95	70	0	25	183	12	0	8	60	5	1	3	356	27	1	16	90	44	0	19	240	10	2	2	182	14	1	7	131	10	0	10	0	65	0	32	171	13	0	4	107	18	0	7	171	145	0	65
88	107	0	41	302	12	0	11	0	63	0	24	247	207	0	87	95	66	0	29	182	12	0	9	59	6	1	3	364	25	3	17	90	43	0	20	239	11	2	2	183	13	1	7	129	11	0	11	0	65	0	32	171	13	0	4	107	18	0	7	161	150	1	60
88	104	0	44	302	13	0	10	0	64	0	23	246	205	1	89	95	63	0	32	182	11	1	9	60	7	0	2	355	26	2	16	90	43	0	20	239	11	2	2	182	15	1	6	130	12	0	9	0	71	0	26	170	13	1	4	107	18	0	7	172	149	0	61
88	106	0	42	303	12	0	10	0	63	0	24	247	205	0	89	95	65	0	30	182	12	2	7	60	7	0	2	365	24	2	16	90	44	0	19	238	11	2	3	183	13	1	7	131	11	0	9	0	69	0	28	169	13	1	5	107	18	0	7	164	148	0	62
88	108	0	40	302	12	1	10	0	61	0	26	247	206	0	88	95	64	0	31	181	12	3	7	61	7	0	1	373	21	3	18	90	43	0	20	240	8	1	5	183	12	0	9	130	11	0	10	0	69	0	28	167	14	1	6	107	18	0	7	156	153	0	57
88	109	0	39	300	13	2	10	0	61	0	26	247	210	0	84	95	66	0	29	184	11	2	6	61	7	0	1	375	21	4	18	90	46	0	17	239	9	1	5	183	12	1	8	128	13	0	10	0	66	0	31	168	15	0	5	107	18	0	7	153	153	0	57
87	109	1	39	301	15	1	8	0	61	0	26	246	210	1	84	95	66	0	29	183	15	1	4	61	7	0	1	370	20	4	23	90	46	0	17	241	6	1	6	185	11	1	7	127	14	0	10	0	67	0	30	168	15	1	4	106	18	1	7	154	149	0	61
87	107	1	41	298	16	2	9	0	63	0	24	246	206	1	88	95	67	0	28	183	14	2	4	62	6	0	1	364	22	4	21	90	45	0	18	239	8	1	6	184	12	2	6	127	17	0	7	0	67	0	30	169	14	1	4	106	17	1	8	160	147	0	63
88	113	0	35	301	15	2	7	0	64	0	23	246	202	1	92	95	68	0	27	182	15	2	4	62	7	0	0	368	23	4	20	90	45	0	18	237	8	2	7	184	13	1	6	128	17	0	6	0	69	0	28	172	11	1	4	106	18	1	7	155	148	1	62
88	110	0	38	304	13	2	6	0	62	0	25	246	203	1	91	95	66	0	29	183	13	2	5	61	7	0	1	362	23	2	18	90	45	0	18	238	8	1	7	184	13	0	7	127	18	0	6	0	68	0	29	173	11	0	4	106	18	1	7	163	150	3	60
88	108	0	40	305	13	2	5	0	59	0	28	246	208	1	86	94	64	1	31	184	13	1	5	61	7	0	1	362	26	2	16	90	45	0	18	239	7	1	7	181	13	1	9	128	15	0	8	0	71	0	26	172	10	1	5	107	18	0	7	162	150	3	60
88	106	0	42	303	16	2	4	0	59	0	28	246	206	1	88	95	63	0	32	185	14	1	3	62	6	0	1	359	24	1	19	90	46	0	17	238	9	1	6	183	11	1	9	128	16	0	7	0	69	0	28	173	10	0	5	107	19	0	6	167	151	1	59
88	111	0	37	303	17	1	4	0	61	0	26	245	204	2	90	95	65	0	30	185	13	0	5	63	5	0	1	351	26	2	17	90	45	0	18	238	9	1	6	182	12	1	9	127	17	1	6	0	68	0	29	173	10	0	5	107	20	0	5	174	154	1	56
88	108	0	40	303	17	0	5	0	60	0	27	245	203	2	91	95	63	0	32	186	12	0	5	63	4	0	2	354	27	0	15	90	47	0	16	239	8	1	6	183	8	1	12	128	16	1	6	0	68	0	29	173	10	0	5	107	20	0	5	175	152	0	58
88	108	0	40	302	16	1	6	0	59	0	28	246	198	1	96	95	64	0	31	186	12	0	5	62	4	0	3	359	26	0	16	90	47	0	16	241	7	0	6	184	9	0	11	128	16	1	6	0	67	0	30	173	10	0	5	107	20	0	5	170	145	0	65
88	107	0	41	306	16	0	3	0	59	0	28	246	201	1	93	95	63	0	32	186	11	0	6	62	4	0	3	358	27	0	15	90	47	0	16	240	6	0	8	184	10	0	10	129	14	1	7	0	68	0	29	173	9	0	6	107	19	0	6	171	146	0	64
88	108	0	40	305	16	0	4	0	59	0	28	247	201	0	93	95	61	0	34	185	12	0	6	62	4	0	3	357	25	1	16	90	46	0	17	241	7	0	6	185	10	0	9	127	15	2	7	0	64	0	33	173	8	1	6	107	18	0	7	172	151	0	59
88	109	0	39	305	16	0	4	0	61	0	26	247	199	0	95	95	61	0	34	181	14	2	6	61	5	0	3	353	26	1	16	90	47	0	16	239	8	1	6	184	12	0	8	129	13	2	7	0	64	0	33	173	9	1	5	107	17	0	8	175	148	0	62
88	108	0	40	304	17	0	4	0	63	0	24	247	206	0	88	95	62	0	33	181	15	2	5	62	5	0	2	365	26	1	14	90	46	0	17	237	10	1	6	183	13	2	6	129	14	2	6	0	66	0	31	173	9	1	5	107	17	0	8	165	149	0	61
88	109	0	39	304	16	0	5	0	64	0	23	247	206	0	88	94	64	1	31	179	15	2	7	64	4	0	1	370	28	0	12	90	45	0	18	237	8	2	7	185	12	1	6	128	15	3	5	0	68	0	29	174	10	0	4	106	17	1	8	160	152	1	58
88	112	0	36	303	15	1	6	0	65	0	22	247	212	0	82	94	66	1	29	179	15	2	7	64	4	0	1	372	24	0	13	90	45	0	18	238	7	3	6	186	10	1	7	129	13	3	6	0	67	0	30	175	10	0	3	106	16	1	9	162	149	0	61
88	112	0	36	302	16	1	6	0	63	0	24	246	216	1	78	94	68	1	27	178	16	1	8	64	4	0	1	372	24	0	14	89	46	1	17	238	7	3	6	186	9	2	7	132	12	1	6	0	66	0	31	174	11	0	3	105	17	2	8	160	145	1	65
88	106	0	42	304	13	1	7	0	64	0	23	245	218	2	76	94	68	1	27	179	15	1	8	64	4	0	1	373	25	0	14	89	45	1	18	239	7	2	6	184	11	1	8	132	13	1	5	0	64	0	33	174	10	0	4	106	18	1	7	159	148	0	62
88	102	0	46	304	13	1	7	0	64	0	23	246	220	1	74	95	68	0	27	178	15	1	9	64	4	0	1	373	22	1	15	90	44	0	19	239	8	2	5	184	11	1	8	134	11	1	5	0	64	0	33	174	9	1	4	106	19	1	6	160	147	0	63
88	104	0	44	301	12	1	11	0	66	0	21	247	214	0	80	95	68	0	27	181	12	1	9	63	4	1	1	365	17	3	18	90	44	0	19	241	8	1	4	183	12	1	8	135	7	1	8	0	63	0	34	173	10	1	4	106	19	1	6	168	150	0	60
88	105	0	43	299	13	1	12	0	65	0	22	247	216	0	78	95	65	0	30	179	15	1	8	63	3	1	2	366	20	3	17	90	47	0	16	240	8	2	4	181	14	2	7	133	9	1	8	0	64	0	33	173	10	1	4	106	19	1	6	165	154	0	56
88	102	0	46	296	15	1	13	0	65	0	22	247	221	0	73	94	64	1	31	182	13	0	8	64	3	0	2	369	19	2	21	90	46	0	17	239	8	3	4	184	12	1	7	133	9	2	7	0	64	0	33	174	10	1	3	106	21	1	4	160	145	0	65
87	104	1	44	299	14	0	12	0	65	0	22	247	215	0	79	95	63	0	32	182	13	0	8	65	2	0	2	377	17	3	22	90	46	0	17	240	8	2	4	185	12	0	7	134	8	2	7	0	64	0	33	175	9	1	3	107	21	0	4	152	145	0	65
88	106	0	42	297	15	2	11	0	63	0	24	246	213	1	81	95	66	0	29	182	13	1	7	65	2	0	2	375	18	3	21	90	46	0	17	242	7	1	4	184	12	1	7	134	10	2	5	0	65	0	32	176	9	0	3	107	20	0	5	154	146	0	64
88	109	0	39	298	16	1	10	0	62	0	25	246	213	1	81	95	66	0	29	184	11	0	8	65	2	0	2	379	17	2	21	90	44	0	19	243	6	1	4	187	9	1	7	134	9	2	6	0	67	0	30	173	10	0	5	107	19	0	6	152	150	0	60
88	106	0	42	299	15	2	9	0	61	0	26	245	210	2	84	94	63	1	32	183	12	1	7	65	3	0	1	380	21	3	17	90	46	0	17	239	9	1	5	187	9	1	7	134	10	1	6	0	68	0	29	173	10	0	5	107	21	0	4	150	150	0	60
88	104	0	44	300	14	1	10	0	61	0	26	246	217	1	77	94	61	1	34	182	13	1	7	63	5	0	1	378	23	2	19	90	47	0	16	238	9	1	6	185	11	2	6	133	12	1	5	0	69	0	28	171	11	1	5	106	20	1	5	148	149	1	61
88	102	0	46	299	17	1	8	0	66	0	21	245	214	2	80	94	60	1	35	181	14	0	8	63	5	0	1	379	27	2	15	90	47	0	16	237	10	1	6	187	10	1	6	134	11	1	5	0	71	0	26	169	11	0	8	107	20	0	5	147	146	1	64
88	99	0	49	300	17	1	7	0	63	0	24	246	213	1	81	94	64	1	31	180	18	0	5	63	5	0	1	377	26	2	15	90	47	0	16	239	10	0	5	187	9	1	7	132	11	2	6	0	70	0	27	167	12	1	8	106	19	1	6	151	151	0	59
88	102	0	46	302	14	1	8	0	64	0	23	246	206	1	88	94	66	1	29	180	18	0	5	64	4	0	1	372	26	4	13	89	47	1	16	238	10	0	6	188	9	0	7	132	12	1	6	0	67	0	30	166	10	1	11	106	17	1	8	155	150	1	60
88	102	0	46	303	13	0	9	0	64	0	23	247	204	0	90	95	67	0	28	182	17	0	4	63	4	1	1	363	27	4	13	90	43	0	20	238	12	0	4	189	10	0	5	134	11	1	5	0	69	0	28	166	10	1	11	106	17	1	8	162	149	2	61
88	100	0	48	304	12	0	9	0	66	0	21	247	201	0	93	95	65	0	30	180	19	0	4	63	3	1	2	368	27	2	11	90	45	0	18	236	13	1	4	190	9	0	5	132	9	1	9	0	67	0	30	167	9	1	11	106	17	1	8	161	150	2	60
87	107	1	41	304	11	0	10	0	66	0	21	247	203	0	91	95	65	0	30	181	18	0	4	65	2	0	2	372	30	3	9	90	48	0	15	234	13	2	5	187	9	0	8	132	8	2	9	0	69	0	28	166	11	1	10	106	18	1	7	156	151	1	59
88	108	0	40	303	12	0	10	0	66	0	21	246	208	1	86	95	66	0	29	182	15	1	5	66	1	0	2	380	27	4	11	90	47	0	16	234	14	2	4	187	10	0	7	132	10	2	7	0	72	0	25	166	13	1	8	106	18	1	7	148	151	1	59
