AAA	AAC	AAG	AAT	ACA	ACC	ACG	ACT	AGA	AGC	AGG	AGT	ATA	ATC	ATG	ATT	CAA	CAC	CAG	CAT	CCA	CCC	CCG	CCT	CGA	CGC	CGG	CGT	CTA	CTC	CTG	CTT	GAA	GAC	GAG	GAT	GCA	GCC	GCG	GCT	GGA	GGC	GGG	GGT	GTA	GTC	GTG	GTT	TAA	TAC	TAG	TAT	TCA	TCC	TCG	TCT	TGA	TGC	TGG	TGT	TTA	TTC	TTG	TTT
0.017606602475928473	0.02255845942228336	0.003301237964236589	0.008803301237964236	0.037414030261348014	0.0343878954607978	0.004401650618982118	0.011004126547455296	0.0	0.011829436038514442	0.0	0.002200825309491059	0.02751031636863824	0.03576341127922971	0.01375515818431912	0.040715268225584585	0.017881705639614855	0.02393397524071527	0.00687757909215956	0.0057771664374140315	0.018431911966987617	0.02888583218707015	0.0024759284731774413	0.008528198074277855	0.013480055020632738	0.004401650618982118	0.0008253094910591472	0.0019257221458046766	0.048968363136176064	0.04236588720770289	0.01513067400275103	0.035213204951856945	0.02255845942228336	0.016781292984869325	0.004401650618982118	0.0038514442916093533	0.027785419532324617	0.04511691884456672	0.002200825309491059	0.016231086657496563	0.0233837689133425	0.01980742778541953	0.009903713892709769	0.004676753782668501	0.015405777166437413	0.014030261348005502	0.005226960110041265	0.012929848693259973	0.0	0.02090784044016506	0.0	0.007152682255845942	0.016231086657496563	0.02090784044016506	0.0038514442916093533	0.008803301237964236	0.02475928473177441	0.007152682255845942	0.004951856946354884	0.0016506189821182944	0.021458046767537826	0.041265474552957364	0.003576341127922971	0.02668500687757909
0.009903713892709767	0.014580467675378267	0.011004126547455296	0.016781292984869325	0.021182943603851444	0.023658872077028884	0.02173314993122421	0.02063273727647868	0.0	0.008803301237964236	0.0	0.01265474552957359	0.021182943603851444	0.04154057771664374	0.020082530949105913	0.03493810178817056	0.010729023383768913	0.01843191196698762	0.014030261348005502	0.011279229711141679	0.012929848693259973	0.014580467675378267	0.013204951856946355	0.017606602475928473	0.0049518569463548835	0.006327372764786795	0.003301237964236589	0.006052269601100412	0.02640990371389271	0.02778541953232462	0.027235213204951855	0.030811554332874826	0.01265474552957359	0.009628610729023384	0.014305364511691884	0.011004126547455296	0.018982118294360386	0.025859697386519945	0.02283356258596974	0.023658872077028884	0.01265474552957359	0.015130674002751032	0.016506189821182942	0.013480055020632738	0.013204951856946355	0.01045392022008253	0.011829436038514442	0.012104539202200825	0.0	0.014030261348005502	0.0	0.014030261348005502	0.01045392022008253	0.009353507565337002	0.010729023383768913	0.011829436038514442	0.01485557083906465	0.005226960110041265	0.01485557083906465	0.003576341127922971	0.02640990371389271	0.03493810178817056	0.028060522696011003	0.033012379642365884
0.010178817056396148	0.01485557083906465	0.010729023383768913	0.016506189821182942	0.023108665749656122	0.023933975240715267	0.020082530949105913	0.020082530949105913	0.0	0.008803301237964236	0.0	0.01265474552957359	0.02200825309491059	0.04181568088033012	0.01925722145804677	0.03466299862448418	0.011554332874828061	0.018156808803301238	0.013204951856946355	0.011554332874828061	0.01485557083906465	0.01485557083906465	0.011829436038514442	0.016781292984869325	0.004401650618982118	0.006052269601100412	0.0041265474552957355	0.006052269601100412	0.02888583218707015	0.02861072902338377	0.024484181568088032	0.029986244841815682	0.013204951856946355	0.009628610729023384	0.013755158184319119	0.011004126547455296	0.020082530949105913	0.02640990371389271	0.02200825309491059	0.02283356258596974	0.013480055020632738	0.015405777166437413	0.01595598349381018	0.012929848693259973	0.013480055020632738	0.011279229711141679	0.011829436038514442	0.011004126547455296	0.0	0.014030261348005502	0.0	0.014030261348005502	0.011279229711141679	0.009078404401650619	0.010178817056396148	0.011829436038514442	0.01595598349381018	0.005226960110041265	0.013755158184319119	0.003576341127922971	0.027235213204951855	0.03576341127922971	0.027510316368638238	0.03218707015130674
0.010729023383768913	0.015130674002751032	0.010178817056396148	0.016231086657496563	0.02420907840440165	0.023933975240715267	0.018707015130674003	0.020357634112792296	0.0	0.009353507565337002	0.0	0.012104539202200825	0.023658872077028884	0.04154057771664374	0.017606602475928473	0.03493810178817056	0.012379642365887207	0.018707015130674003	0.012379642365887207	0.011004126547455296	0.015405777166437413	0.015130674002751032	0.011554332874828061	0.016231086657496563	0.004401650618982118	0.006052269601100412	0.0041265474552957355	0.006052269601100412	0.030811554332874826	0.02861072902338377	0.023108665749656122	0.029436038514442917	0.014030261348005502	0.009628610729023384	0.012929848693259973	0.011004126547455296	0.02283356258596974	0.026960110041265476	0.01925722145804677	0.022283356258596974	0.01485557083906465	0.01595598349381018	0.014305364511691884	0.01265474552957359	0.014305364511691884	0.011554332874828061	0.011004126547455296	0.010729023383768913	0.0	0.014030261348005502	0.0	0.014030261348005502	0.012379642365887207	0.009078404401650619	0.009353507565337002	0.011554332874828061	0.016781292984869325	0.005502063273727648	0.012929848693259973	0.003301237964236589	0.029160935350756534	0.036313617606602476	0.025584594222833563	0.03163686382393398
0.011279229711141679	0.015130674002751032	0.009628610729023384	0.016231086657496563	0.02530949105914718	0.024759284731774415	0.01733149931224209	0.019807427785419534	0.0	0.009353507565337002	0.0	0.012104539202200825	0.023658872077028884	0.04126547455295736	0.017606602475928473	0.035213204951856945	0.013204951856946355	0.01843191196698762	0.011554332874828061	0.011279229711141679	0.01595598349381018	0.01595598349381018	0.010729023383768913	0.015680880330123798	0.0049518569463548835	0.006327372764786795	0.003576341127922971	0.005777166437414031	0.0327372764786795	0.028335625859697386	0.02173314993122421	0.029160935350756534	0.015130674002751032	0.009628610729023384	0.011829436038514442	0.011004126547455296	0.023933975240715267	0.027510316368638238	0.017881705639614855	0.02200825309491059	0.015680880330123798	0.01595598349381018	0.013480055020632738	0.01265474552957359	0.015130674002751032	0.012104539202200825	0.009353507565337002	0.011004126547455296	0.0	0.014580467675378267	0.0	0.013480055020632738	0.012379642365887207	0.008803301237964236	0.009903713892709767	0.011279229711141679	0.01733149931224209	0.005502063273727648	0.012379642365887207	0.003301237964236589	0.030811554332874826	0.03658872077028886	0.023933975240715267	0.031361760660247595
0.012104539202200825	0.015130674002751032	0.008803301237964236	0.016231086657496563	0.027235213204951855	0.024759284731774415	0.015405777166437413	0.019807427785419534	0.0	0.009628610729023384	0.0	0.011829436038514442	0.024484181568088032	0.04126547455295736	0.016781292984869325	0.035213204951856945	0.013480055020632738	0.01843191196698762	0.011279229711141679	0.011279229711141679	0.016506189821182942	0.01595598349381018	0.010178817056396148	0.015680880330123798	0.0049518569463548835	0.0068775790921595595	0.0038514442916093533	0.0049518569463548835	0.03383768913342503	0.02861072902338377	0.019807427785419534	0.029160935350756534	0.015680880330123798	0.009903713892709767	0.011279229711141679	0.010729023383768913	0.025034387895460797	0.027510316368638238	0.017881705639614855	0.02090784044016506	0.01595598349381018	0.016231086657496563	0.013755158184319119	0.011829436038514442	0.01595598349381018	0.012929848693259973	0.008528198074277854	0.010178817056396148	0.0	0.014580467675378267	0.0	0.013480055020632738	0.013755158184319119	0.009078404401650619	0.008528198074277854	0.011004126547455296	0.018156808803301238	0.005502063273727648	0.011554332874828061	0.003301237964236589	0.030811554332874826	0.03658872077028886	0.024484181568088032	0.031361760660247595
0.01265474552957359	0.015680880330123798	0.008253094910591471	0.015680880330123798	0.02778541953232462	0.02530949105914718	0.014580467675378267	0.01953232462173315	0.0	0.009903713892709767	0.0	0.011554332874828061	0.026134800550206328	0.042090784044016505	0.015130674002751032	0.0343878954607978	0.013204951856946355	0.01843191196698762	0.011554332874828061	0.011279229711141679	0.017606602475928473	0.015405777166437413	0.009353507565337002	0.01595598349381018	0.0049518569463548835	0.0068775790921595595	0.0038514442916093533	0.0049518569463548835	0.035213204951856945	0.02888583218707015	0.018156808803301238	0.029160935350756534	0.016781292984869325	0.009628610729023384	0.010178817056396148	0.011004126547455296	0.026134800550206328	0.02778541953232462	0.017056396148555707	0.020357634112792296	0.016781292984869325	0.017056396148555707	0.012929848693259973	0.011004126547455296	0.016506189821182942	0.013204951856946355	0.008253094910591471	0.009628610729023384	0.0	0.014580467675378267	0.0	0.013480055020632738	0.014305364511691884	0.009078404401650619	0.008253094910591471	0.010729023383768913	0.01925722145804677	0.005777166437414031	0.01045392022008253	0.003026134800550206	0.032462173314993126	0.03741403026134801	0.02283356258596974	0.030536451169188447
0.012379642365887207	0.01595598349381018	0.008528198074277854	0.015405777166437413	0.0297111416781293	0.025584594222833563	0.012379642365887207	0.01953232462173315	0.0	0.009628610729023384	0.0	0.011829436038514442	0.026134800550206328	0.04264099037138927	0.015130674002751032	0.03383768913342503	0.013204951856946355	0.01843191196698762	0.011554332874828061	0.011279229711141679	0.017881705639614855	0.01595598349381018	0.008528198074277854	0.01595598349381018	0.005502063273727648	0.007152682255845942	0.003026134800550206	0.0049518569463548835	0.03686382393397524	0.029160935350756534	0.015130674002751032	0.02861072902338377	0.01733149931224209	0.01045392022008253	0.009628610729023384	0.010178817056396148	0.026960110041265476	0.028060522696011003	0.016506189821182942	0.019807427785419534	0.017881705639614855	0.017606602475928473	0.011554332874828061	0.010729023383768913	0.016781292984869325	0.013480055020632738	0.007702888583218707	0.009628610729023384	0.0	0.015130674002751032	0.0	0.012929848693259973	0.014580467675378267	0.010178817056396148	0.007702888583218707	0.009903713892709767	0.02090784044016506	0.006052269601100412	0.008803301237964236	0.002751031636863824	0.03356258596973865	0.03741403026134801	0.023383768913342505	0.030536451169188447
0.012929848693259973	0.016231086657496563	0.00797799174690509	0.015130674002751032	0.029986244841815682	0.02640990371389271	0.012379642365887207	0.01843191196698762	0.0	0.009903713892709767	0.0	0.011554332874828061	0.026685006877579093	0.04346629986244842	0.014580467675378267	0.033012379642365884	0.013480055020632738	0.018156808803301238	0.011279229711141679	0.011554332874828061	0.01843191196698762	0.01595598349381018	0.00797799174690509	0.01595598349381018	0.005777166437414031	0.007427785419532325	0.002751031636863824	0.004676753782668501	0.03686382393397524	0.029160935350756534	0.015680880330123798	0.028060522696011003	0.018707015130674003	0.010729023383768913	0.008253094910591471	0.009903713892709767	0.028335625859697386	0.02861072902338377	0.015130674002751032	0.01925722145804677	0.020082530949105913	0.017056396148555707	0.009628610729023384	0.011004126547455296	0.01733149931224209	0.013480055020632738	0.007152682255845942	0.009628610729023384	0.0	0.015405777166437413	0.0	0.01265474552957359	0.01485557083906465	0.009903713892709767	0.007152682255845942	0.01045392022008253	0.021458046767537826	0.006052269601100412	0.008253094910591471	0.002751031636863824	0.035213204951856945	0.03796423658872077	0.02173314993122421	0.029986244841815682
0.014305364511691884	0.017056396148555707	0.006602475928473178	0.014305364511691884	0.03163686382393398	0.026134800550206328	0.011279229711141679	0.018156808803301238	0.0	0.009903713892709767	0.0	0.011554332874828061	0.028335625859697386	0.0437414030261348	0.012929848693259973	0.0327372764786795	0.015130674002751032	0.018156808803301238	0.009628610729023384	0.011554332874828061	0.01953232462173315	0.016231086657496563	0.007152682255845942	0.015405777166437413	0.006327372764786795	0.007152682255845942	0.002200825309491059	0.0049518569463548835	0.0390646492434663	0.029436038514442917	0.01485557083906465	0.027510316368638238	0.018707015130674003	0.011279229711141679	0.008253094910591471	0.009353507565337002	0.029436038514442917	0.02888583218707015	0.014580467675378267	0.01843191196698762	0.020082530949105913	0.017056396148555707	0.009078404401650619	0.011554332874828061	0.018156808803301238	0.014030261348005502	0.006602475928473178	0.008803301237964236	0.0	0.015130674002751032	0.0	0.012929848693259973	0.01485557083906465	0.009903713892709767	0.007152682255845942	0.01045392022008253	0.02200825309491059	0.006052269601100412	0.007702888583218707	0.002751031636863824	0.03658872077028886	0.03768913342503439	0.01925722145804677	0.030261348005502064
0.01485557083906465	0.017056396148555707	0.006052269601100412	0.014305364511691884	0.032462173314993126	0.027235213204951855	0.01045392022008253	0.017056396148555707	0.0	0.009903713892709767	0.0	0.011554332874828061	0.0297111416781293	0.04401650618982118	0.011554332874828061	0.032462173314993126	0.01595598349381018	0.01843191196698762	0.008803301237964236	0.011279229711141679	0.019807427785419534	0.016506189821182942	0.007427785419532325	0.014580467675378267	0.006327372764786795	0.007152682255845942	0.002200825309491059	0.0049518569463548835	0.04044016506189821	0.029986244841815682	0.014305364511691884	0.026960110041265476	0.01925722145804677	0.011554332874828061	0.007702888583218707	0.009078404401650619	0.030811554332874826	0.02861072902338377	0.013755158184319119	0.018156808803301238	0.021182943603851444	0.01733149931224209	0.00797799174690509	0.011279229711141679	0.018707015130674003	0.014030261348005502	0.005777166437414031	0.009078404401650619	0.0	0.015130674002751032	0.0	0.012929848693259973	0.01485557083906465	0.009628610729023384	0.007152682255845942	0.010729023383768913	0.022283356258596974	0.005777166437414031	0.007427785419532325	0.003026134800550206	0.038239339752407155	0.03768913342503439	0.016781292984869325	0.030261348005502064
0.015130674002751032	0.016506189821182942	0.005777166437414031	0.01485557083906465	0.033012379642365884	0.028060522696011003	0.009903713892709767	0.016231086657496563	0.0	0.010178817056396148	0.0	0.011279229711141679	0.030261348005502064	0.04456671251719395	0.011004126547455296	0.03191196698762036	0.016506189821182942	0.01843191196698762	0.008253094910591471	0.011279229711141679	0.021182943603851444	0.017056396148555707	0.006327372764786795	0.013755158184319119	0.006052269601100412	0.007427785419532325	0.002751031636863824	0.004401650618982118	0.04181568088033012	0.0297111416781293	0.014030261348005502	0.026134800550206328	0.020082530949105913	0.011554332874828061	0.0068775790921595595	0.009078404401650619	0.03218707015130674	0.02888583218707015	0.01265474552957359	0.017606602475928473	0.02173314993122421	0.017056396148555707	0.007702888583218707	0.011279229711141679	0.018707015130674003	0.014305364511691884	0.006052269601100412	0.008528198074277854	0.0	0.015405777166437413	0.0	0.01265474552957359	0.015680880330123798	0.009628610729023384	0.006327372764786795	0.010729023383768913	0.022283356258596974	0.005777166437414031	0.007427785419532325	0.003026134800550206	0.03878954607977992	0.03768913342503439	0.016231086657496563	0.030261348005502064
0.01595598349381018	0.016506189821182942	0.0049518569463548835	0.01485557083906465	0.03493810178817056	0.02778541953232462	0.009353507565337002	0.015130674002751032	0.0	0.01045392022008253	0.0	0.011004126547455296	0.0297111416781293	0.045116918844566714	0.011554332874828061	0.031361760660247595	0.01733149931224209	0.018156808803301238	0.007427785419532325	0.011554332874828061	0.022283356258596974	0.017056396148555707	0.005777166437414031	0.013204951856946355	0.005777166437414031	0.007152682255845942	0.003026134800550206	0.004676753782668501	0.043191196698762035	0.0297111416781293	0.015130674002751032	0.025584594222833563	0.020357634112792296	0.011554332874828061	0.006602475928473178	0.009078404401650619	0.03328748280605227	0.02861072902338377	0.011279229711141679	0.018156808803301238	0.02173314993122421	0.017606602475928473	0.007152682255845942	0.011279229711141679	0.01953232462173315	0.013480055020632738	0.005502063273727648	0.009078404401650619	0.0	0.015130674002751032	0.0	0.012929848693259973	0.01595598349381018	0.010178817056396148	0.006602475928473178	0.009628610729023384	0.022558459422283357	0.005502063273727648	0.007152682255845942	0.003301237964236589	0.03878954607977992	0.03741403026134801	0.014305364511691884	0.030536451169188447
0.01595598349381018	0.016781292984869325	0.0049518569463548835	0.014580467675378267	0.03576341127922971	0.02778541953232462	0.008803301237964236	0.01485557083906465	0.0	0.010729023383768913	0.0	0.010729023383768913	0.0297111416781293	0.045116918844566714	0.011554332874828061	0.031361760660247595	0.01733149931224209	0.017881705639614855	0.007427785419532325	0.011829436038514442	0.02283356258596974	0.017056396148555707	0.005777166437414031	0.01265474552957359	0.006327372764786795	0.007152682255845942	0.0024759284731774417	0.004676753782668501	0.04401650618982118	0.030261348005502064	0.015405777166437413	0.02420907840440165	0.02063273727647868	0.011554332874828061	0.006327372764786795	0.009078404401650619	0.03383768913342503	0.028335625859697386	0.01045392022008253	0.018707015130674003	0.02173314993122421	0.017056396148555707	0.007702888583218707	0.011279229711141679	0.020082530949105913	0.013480055020632738	0.005777166437414031	0.008253094910591471	0.0	0.01485557083906465	0.0	0.013204951856946355	0.017606602475928473	0.010178817056396148	0.005226960110041265	0.009353507565337002	0.023108665749656122	0.005777166437414031	0.006602475928473178	0.003026134800550206	0.040165061898211826	0.03796423658872077	0.01265474552957359	0.029986244841815682
0.016506189821182942	0.01733149931224209	0.004401650618982118	0.014030261348005502	0.037138927097661624	0.028060522696011003	0.007152682255845942	0.01485557083906465	0.0	0.011004126547455296	0.0	0.01045392022008253	0.030811554332874826	0.045116918844566714	0.01045392022008253	0.031361760660247595	0.018707015130674003	0.017881705639614855	0.006052269601100412	0.011829436038514442	0.023108665749656122	0.016506189821182942	0.005777166437414031	0.012929848693259973	0.006327372764786795	0.007152682255845942	0.002200825309491059	0.0049518569463548835	0.0453920220082531	0.029986244841815682	0.015405777166437413	0.023933975240715267	0.02063273727647868	0.011554332874828061	0.006327372764786795	0.009078404401650619	0.034112792297111415	0.02861072902338377	0.009903713892709767	0.018707015130674003	0.022283356258596974	0.017056396148555707	0.0068775790921595595	0.011554332874828061	0.020082530949105913	0.013755158184319119	0.005777166437414031	0.00797799174690509	0.0	0.014580467675378267	0.0	0.013480055020632738	0.017606602475928473	0.01045392022008253	0.005502063273727648	0.008803301237964236	0.023933975240715267	0.005777166437414031	0.005777166437414031	0.003026134800550206	0.04071526822558459	0.03851444291609354	0.011279229711141679	0.029436038514442917
0.017056396148555707	0.017881705639614855	0.0038514442916093533	0.013480055020632738	0.03851444291609354	0.028335625859697386	0.006052269601100412	0.014305364511691884	0.0	0.011829436038514442	0.0	0.009628610729023384	0.031361760660247595	0.045116918844566714	0.009903713892709767	0.031361760660247595	0.01925722145804677	0.017606602475928473	0.005502063273727648	0.012104539202200825	0.024484181568088032	0.016781292984869325	0.0041265474552957355	0.012929848693259973	0.006602475928473178	0.007152682255845942	0.002200825309491059	0.004676753782668501	0.04869325997248968	0.029160935350756534	0.013204951856946355	0.024484181568088032	0.020357634112792296	0.011554332874828061	0.006602475928473178	0.009078404401650619	0.03548830811554333	0.029160935350756534	0.008253094910591471	0.01843191196698762	0.02283356258596974	0.017056396148555707	0.006327372764786795	0.011554332874828061	0.02063273727647868	0.014030261348005502	0.0049518569463548835	0.00797799174690509	0.0	0.014305364511691884	0.0	0.013755158184319119	0.017606602475928473	0.009903713892709767	0.005777166437414031	0.009078404401650619	0.024484181568088032	0.006052269601100412	0.005226960110041265	0.002751031636863824	0.04126547455295736	0.03878954607977992	0.009903713892709767	0.029160935350756534
0.017056396148555707	0.017606602475928473	0.0038514442916093533	0.013755158184319119	0.03796423658872077	0.029160935350756534	0.006602475928473178	0.013480055020632738	0.0	0.012104539202200825	0.0	0.009353507565337002	0.03163686382393398	0.0453920220082531	0.009628610729023384	0.03108665749656121	0.019807427785419534	0.018156808803301238	0.0049518569463548835	0.011554332874828061	0.02420907840440165	0.017056396148555707	0.004401650618982118	0.01265474552957359	0.0068775790921595595	0.007152682255845942	0.0019257221458046766	0.004676753782668501	0.04951856946354883	0.0297111416781293	0.014030261348005502	0.02283356258596974	0.021458046767537826	0.011554332874828061	0.005502063273727648	0.009078404401650619	0.03658872077028886	0.02861072902338377	0.00797799174690509	0.018156808803301238	0.02283356258596974	0.016781292984869325	0.006327372764786795	0.011829436038514442	0.02173314993122421	0.013204951856946355	0.005226960110041265	0.007427785419532325	0.0	0.014305364511691884	0.0	0.013755158184319119	0.017881705639614855	0.009903713892709767	0.005777166437414031	0.008803301237964236	0.025034387895460797	0.006052269601100412	0.004676753782668501	0.002751031636863824	0.04181568088033012	0.03741403026134801	0.008803301237964236	0.030536451169188447
0.017606602475928473	0.017606602475928473	0.003301237964236589	0.013755158184319119	0.03796423658872077	0.0297111416781293	0.007152682255845942	0.012379642365887207	0.0	0.012379642365887207	0.0	0.009078404401650619	0.03191196698762036	0.04649243466299863	0.009353507565337002	0.029986244841815682	0.020357634112792296	0.01843191196698762	0.004401650618982118	0.011279229711141679	0.02420907840440165	0.017056396148555707	0.004401650618982118	0.01265474552957359	0.006327372764786795	0.007152682255845942	0.0024759284731774417	0.004676753782668501	0.05144429160935351	0.029436038514442917	0.014030261348005502	0.02200825309491059	0.02173314993122421	0.011279229711141679	0.005226960110041265	0.009353507565337002	0.03686382393397524	0.02861072902338377	0.007427785419532325	0.01843191196698762	0.023658872077028884	0.017606602475928473	0.005502063273727648	0.011004126547455296	0.023108665749656122	0.013204951856946355	0.004401650618982118	0.0068775790921595595	0.0	0.015680880330123798	0.0	0.012379642365887207	0.01843191196698762	0.01045392022008253	0.005777166437414031	0.007702888583218707	0.025034387895460797	0.006052269601100412	0.004676753782668501	0.002751031636863824	0.042090784044016505	0.03768913342503439	0.007702888583218707	0.030261348005502064
0.017606602475928473	0.017606602475928473	0.003301237964236589	0.013755158184319119	0.03851444291609354	0.0297111416781293	0.0068775790921595595	0.012104539202200825	0.0	0.01265474552957359	0.0	0.008803301237964236	0.032462173314993126	0.046217331499312245	0.008803301237964236	0.030261348005502064	0.021182943603851444	0.018156808803301238	0.003576341127922971	0.011554332874828061	0.02530949105914718	0.01733149931224209	0.0041265474552957355	0.011554332874828061	0.006327372764786795	0.007152682255845942	0.0024759284731774417	0.004676753782668501	0.05364511691884457	0.029160935350756534	0.014030261348005502	0.020357634112792296	0.022558459422283357	0.012104539202200825	0.004401650618982118	0.008528198074277854	0.03796423658872077	0.02778541953232462	0.007152682255845942	0.01843191196698762	0.023933975240715267	0.018156808803301238	0.005226960110041265	0.01045392022008253	0.02420907840440165	0.013480055020632738	0.003576341127922971	0.006327372764786795	0.0	0.015680880330123798	0.0	0.012379642365887207	0.018707015130674003	0.010729023383768913	0.006052269601100412	0.0068775790921595595	0.025034387895460797	0.006052269601100412	0.004676753782668501	0.002751031636863824	0.04181568088033012	0.03768913342503439	0.007702888583218707	0.030261348005502064
0.017606602475928473	0.017881705639614855	0.003301237964236589	0.013480055020632738	0.039339752407152685	0.02861072902338377	0.006602475928473178	0.01265474552957359	0.0	0.012929848693259973	0.0	0.008528198074277854	0.0327372764786795	0.04704264099037139	0.008528198074277854	0.029436038514442917	0.02173314993122421	0.017606602475928473	0.003026134800550206	0.012104539202200825	0.025859697386519945	0.01733149931224209	0.0038514442916093533	0.011279229711141679	0.006327372764786795	0.0068775790921595595	0.0024759284731774417	0.0049518569463548835	0.05254470426409904	0.029436038514442917	0.013755158184319119	0.020082530949105913	0.02283356258596974	0.012379642365887207	0.0041265474552957355	0.008253094910591471	0.03768913342503439	0.02861072902338377	0.007427785419532325	0.017606602475928473	0.02420907840440165	0.01843191196698762	0.0049518569463548835	0.010178817056396148	0.024484181568088032	0.014030261348005502	0.003026134800550206	0.006052269601100412	0.0	0.015680880330123798	0.0	0.012379642365887207	0.018707015130674003	0.010729023383768913	0.006327372764786795	0.006602475928473178	0.02530949105914718	0.006052269601100412	0.004401650618982118	0.002751031636863824	0.04401650618982118	0.037138927097661624	0.0068775790921595595	0.030811554332874826
0.018156808803301238	0.01843191196698762	0.002751031636863824	0.012929848693259973	0.040165061898211826	0.029436038514442917	0.005777166437414031	0.011829436038514442	0.0	0.013204951856946355	0.0	0.008253094910591471	0.03356258596973865	0.04731774415405777	0.007702888583218707	0.029160935350756534	0.02200825309491059	0.017881705639614855	0.002751031636863824	0.011829436038514442	0.026685006877579093	0.017606602475928473	0.003301237964236589	0.010729023383768913	0.005777166437414031	0.0068775790921595595	0.002751031636863824	0.005226960110041265	0.05364511691884457	0.0297111416781293	0.012929848693259973	0.019807427785419534	0.023108665749656122	0.011829436038514442	0.0038514442916093533	0.008803301237964236	0.038239339752407155	0.0297111416781293	0.006602475928473178	0.016781292984869325	0.024484181568088032	0.018156808803301238	0.0049518569463548835	0.010178817056396148	0.024484181568088032	0.014580467675378267	0.003026134800550206	0.005502063273727648	0.0	0.015405777166437413	0.0	0.01265474552957359	0.018982118294360386	0.011004126547455296	0.006052269601100412	0.006327372764786795	0.025034387895460797	0.006052269601100412	0.004676753782668501	0.002751031636863824	0.0437414030261348	0.038239339752407155	0.0068775790921595595	0.0297111416781293
0.017881705639614855	0.018707015130674003	0.003026134800550206	0.01265474552957359	0.04071526822558459	0.029436038514442917	0.005226960110041265	0.011829436038514442	0.0	0.013204951856946355	0.0	0.008253094910591471	0.0343878954607978	0.047867950481430534	0.0068775790921595595	0.02861072902338377	0.02200825309491059	0.017881705639614855	0.002751031636863824	0.011829436038514442	0.026685006877579093	0.017881705639614855	0.003576341127922971	0.010178817056396148	0.006052269601100412	0.006602475928473178	0.0024759284731774417	0.005502063273727648	0.054195323246217335	0.030261348005502064	0.012929848693259973	0.018982118294360386	0.023108665749656122	0.011829436038514442	0.0038514442916093533	0.008803301237964236	0.039339752407152685	0.029160935350756534	0.005226960110041265	0.017606602475928473	0.023933975240715267	0.018156808803301238	0.005777166437414031	0.009903713892709767	0.02420907840440165	0.015130674002751032	0.003301237964236589	0.0049518569463548835	0.0	0.015405777166437413	0.0	0.01265474552957359	0.020082530949105913	0.011004126547455296	0.005226960110041265	0.006052269601100412	0.025034387895460797	0.005777166437414031	0.004676753782668501	0.003026134800550206	0.04401650618982118	0.03851444291609354	0.006327372764786795	0.029436038514442917
0.017881705639614855	0.017606602475928473	0.003026134800550206	0.013755158184319119	0.040990371389270974	0.029436038514442917	0.005226960110041265	0.011554332874828061	0.0	0.013204951856946355	0.0	0.008253094910591471	0.035213204951856945	0.04731774415405777	0.006052269601100412	0.029160935350756534	0.02200825309491059	0.017881705639614855	0.002751031636863824	0.011829436038514442	0.026685006877579093	0.017881705639614855	0.003576341127922971	0.010178817056396148	0.006052269601100412	0.006602475928473178	0.0024759284731774417	0.005502063273727648	0.055020632737276476	0.030261348005502064	0.012104539202200825	0.018707015130674003	0.023383768913342505	0.012379642365887207	0.003576341127922971	0.008253094910591471	0.039889958734525444	0.028060522696011003	0.006052269601100412	0.01733149931224209	0.02530949105914718	0.018156808803301238	0.004676753782668501	0.009628610729023384	0.024484181568088032	0.015130674002751032	0.003301237964236589	0.004676753782668501	0.0	0.01485557083906465	0.0	0.013204951856946355	0.02063273727647868	0.010729023383768913	0.0049518569463548835	0.006052269601100412	0.026134800550206328	0.005502063273727648	0.003576341127922971	0.003301237964236589	0.044291609353507566	0.038239339752407155	0.006327372764786795	0.0297111416781293
0.017881705639614855	0.01843191196698762	0.003026134800550206	0.012929848693259973	0.04044016506189821	0.029436038514442917	0.005502063273727648	0.011829436038514442	0.0	0.013204951856946355	0.0	0.008253094910591471	0.03576341127922971	0.04731774415405777	0.005502063273727648	0.029160935350756534	0.02173314993122421	0.018156808803301238	0.003026134800550206	0.011554332874828061	0.026960110041265476	0.017881705639614855	0.003301237964236589	0.010178817056396148	0.006327372764786795	0.006602475928473178	0.0024759284731774417	0.005226960110041265	0.05447042640990371	0.030811554332874826	0.012379642365887207	0.017881705639614855	0.023108665749656122	0.01265474552957359	0.0038514442916093533	0.00797799174690509	0.03961485557083907	0.028060522696011003	0.006602475928473178	0.017056396148555707	0.026134800550206328	0.01843191196698762	0.0041265474552957355	0.009078404401650619	0.02530949105914718	0.01485557083906465	0.002200825309491059	0.005226960110041265	0.0	0.015405777166437413	0.0	0.01265474552957359	0.020357634112792296	0.010729023383768913	0.005226960110041265	0.006052269601100412	0.02640990371389271	0.005226960110041265	0.003301237964236589	0.003576341127922971	0.04484181568088033	0.03796423658872077	0.006327372764786795	0.029986244841815682
0.017881705639614855	0.018156808803301238	0.003026134800550206	0.013204951856946355	0.04044016506189821	0.029986244841815682	0.005777166437414031	0.011004126547455296	0.0	0.013480055020632738	0.0	0.00797799174690509	0.03658872077028886	0.04704264099037139	0.004676753782668501	0.029436038514442917	0.02200825309491059	0.018156808803301238	0.002751031636863824	0.011554332874828061	0.02778541953232462	0.018982118294360386	0.0024759284731774417	0.009078404401650619	0.006602475928473178	0.006327372764786795	0.002200825309491059	0.005502063273727648	0.056121045392022006	0.03108665749656121	0.011004126547455296	0.017881705639614855	0.023108665749656122	0.01265474552957359	0.0038514442916093533	0.00797799174690509	0.040165061898211826	0.02778541953232462	0.006327372764786795	0.017056396148555707	0.02640990371389271	0.01843191196698762	0.0038514442916093533	0.009078404401650619	0.02530949105914718	0.014305364511691884	0.002200825309491059	0.005777166437414031	0.0	0.015130674002751032	0.0	0.012929848693259973	0.021182943603851444	0.010729023383768913	0.004401650618982118	0.006052269601100412	0.026960110041265476	0.005226960110041265	0.002751031636863824	0.003576341127922971	0.04456671251719395	0.03768913342503439	0.006052269601100412	0.030261348005502064
0.01843191196698762	0.017881705639614855	0.0024759284731774417	0.013480055020632738	0.04071526822558459	0.029986244841815682	0.005502063273727648	0.011004126547455296	0.0	0.013480055020632738	0.0	0.00797799174690509	0.03686382393397524	0.04649243466299863	0.004401650618982118	0.029986244841815682	0.02283356258596974	0.018707015130674003	0.0019257221458046766	0.011004126547455296	0.02778541953232462	0.018982118294360386	0.002751031636863824	0.008803301237964236	0.006602475928473178	0.006327372764786795	0.002200825309491059	0.005502063273727648	0.05749656121045392	0.030261348005502064	0.010178817056396148	0.018156808803301238	0.023383768913342505	0.012379642365887207	0.003576341127922971	0.008253094910591471	0.04044016506189821	0.028335625859697386	0.006327372764786795	0.016231086657496563	0.02640990371389271	0.018982118294360386	0.003576341127922971	0.008803301237964236	0.025034387895460797	0.014580467675378267	0.0024759284731774417	0.005502063273727648	0.0	0.015405777166437413	0.0	0.01265474552957359	0.02063273727647868	0.011004126547455296	0.004676753782668501	0.006052269601100412	0.027510316368638238	0.005226960110041265	0.002200825309491059	0.003576341127922971	0.04484181568088033	0.03741403026134801	0.005777166437414031	0.030536451169188447
0.01843191196698762	0.017606602475928473	0.0024759284731774417	0.013755158184319119	0.04126547455295736	0.030536451169188447	0.004401650618982118	0.011004126547455296	0.0	0.013204951856946355	0.0	0.008253094910591471	0.037138927097661624	0.04731774415405777	0.0041265474552957355	0.029160935350756534	0.02283356258596974	0.01843191196698762	0.0019257221458046766	0.011279229711141679	0.028060522696011003	0.01925722145804677	0.003301237964236589	0.007702888583218707	0.006602475928473178	0.006327372764786795	0.0024759284731774417	0.005226960110041265	0.05529573590096286	0.030536451169188447	0.010729023383768913	0.018156808803301238	0.023658872077028884	0.012929848693259973	0.003301237964236589	0.007702888583218707	0.040990371389270974	0.027235213204951855	0.005777166437414031	0.01733149931224209	0.027235213204951855	0.01843191196698762	0.003026134800550206	0.009078404401650619	0.02530949105914718	0.01485557083906465	0.0019257221458046766	0.005502063273727648	0.0	0.015405777166437413	0.0	0.01265474552957359	0.021182943603851444	0.011279229711141679	0.0041265474552957355	0.005777166437414031	0.028060522696011003	0.005777166437414031	0.0016506189821182944	0.003026134800550206	0.04676753782668501	0.03768913342503439	0.005226960110041265	0.030261348005502064
0.01843191196698762	0.01733149931224209	0.0024759284731774417	0.014030261348005502	0.04154057771664374	0.030261348005502064	0.004401650618982118	0.011004126547455296	0.0	0.013204951856946355	0.0	0.008253094910591471	0.03741403026134801	0.0484181568088033	0.0038514442916093533	0.028060522696011003	0.022283356258596974	0.017881705639614855	0.0024759284731774417	0.011829436038514442	0.02888583218707015	0.01925722145804677	0.002200825309491059	0.00797799174690509	0.0068775790921595595	0.0068775790921595595	0.002200825309491059	0.004676753782668501	0.058046767537826685	0.030536451169188447	0.01045392022008253	0.017606602475928473	0.023658872077028884	0.013204951856946355	0.003301237964236589	0.007427785419532325	0.04181568088033012	0.027510316368638238	0.005226960110041265	0.016781292984869325	0.027235213204951855	0.017881705639614855	0.003301237964236589	0.009353507565337002	0.02530949105914718	0.01485557083906465	0.002200825309491059	0.005226960110041265	0.0	0.016231086657496563	0.0	0.011829436038514442	0.021458046767537826	0.011554332874828061	0.0038514442916093533	0.005502063273727648	0.028335625859697386	0.005777166437414031	0.001375515818431912	0.003026134800550206	0.04484181568088033	0.03768913342503439	0.005226960110041265	0.030261348005502064
0.018156808803301238	0.017606602475928473	0.002751031636863824	0.013755158184319119	0.04236588720770289	0.0297111416781293	0.0041265474552957355	0.011004126547455296	0.0	0.012929848693259973	0.0	0.008528198074277854	0.03741403026134801	0.04869325997248968	0.0038514442916093533	0.02778541953232462	0.022283356258596974	0.017881705639614855	0.0024759284731774417	0.011829436038514442	0.02861072902338377	0.018707015130674003	0.0024759284731774417	0.008528198074277854	0.007427785419532325	0.006327372764786795	0.0019257221458046766	0.0049518569463548835	0.05969738651994498	0.0297111416781293	0.009903713892709767	0.017881705639614855	0.023658872077028884	0.01265474552957359	0.003301237964236589	0.00797799174690509	0.04181568088033012	0.028060522696011003	0.005226960110041265	0.016231086657496563	0.027235213204951855	0.018156808803301238	0.003026134800550206	0.009353507565337002	0.02530949105914718	0.014580467675378267	0.002200825309491059	0.005502063273727648	0.0	0.016506189821182942	0.0	0.011554332874828061	0.02200825309491059	0.011554332874828061	0.003026134800550206	0.005777166437414031	0.028335625859697386	0.005502063273727648	0.001375515818431912	0.003301237964236589	0.04594222833562586	0.038239339752407155	0.003576341127922971	0.0297111416781293
0.018982118294360386	0.017606602475928473	0.0019257221458046766	0.013755158184319119	0.04264099037138927	0.02888583218707015	0.004401650618982118	0.011279229711141679	0.0	0.01265474552957359	0.0	0.008803301237964236	0.037138927097661624	0.048968363136176064	0.0041265474552957355	0.027510316368638238	0.022283356258596974	0.017881705639614855	0.0024759284731774417	0.011829436038514442	0.028060522696011003	0.018982118294360386	0.0024759284731774417	0.008803301237964236	0.008253094910591471	0.006327372764786795	0.0011004126547455295	0.0049518569463548835	0.06217331499312242	0.030536451169188447	0.008803301237964236	0.016781292984869325	0.023658872077028884	0.01265474552957359	0.003301237964236589	0.00797799174690509	0.04236588720770289	0.02778541953232462	0.0049518569463548835	0.016231086657496563	0.027235213204951855	0.018156808803301238	0.003301237964236589	0.009078404401650619	0.025584594222833563	0.01485557083906465	0.002200825309491059	0.0049518569463548835	0.0	0.016781292984869325	0.0	0.011279229711141679	0.022283356258596974	0.011554332874828061	0.002751031636863824	0.005777166437414031	0.02778541953232462	0.005502063273727648	0.0019257221458046766	0.003301237964236589	0.04456671251719395	0.03878954607977992	0.0038514442916093533	0.029160935350756534
0.01925722145804677	0.01733149931224209	0.0016506189821182944	0.014030261348005502	0.04291609353507565	0.028060522696011003	0.0041265474552957355	0.012104539202200825	0.0	0.013204951856946355	0.0	0.008253094910591471	0.03741403026134801	0.04924346629986245	0.0038514442916093533	0.027235213204951855	0.022283356258596974	0.017881705639614855	0.0024759284731774417	0.011829436038514442	0.02778541953232462	0.018982118294360386	0.002751031636863824	0.008803301237964236	0.008253094910591471	0.006052269601100412	0.0011004126547455295	0.005226960110041265	0.06327372764786796	0.030811554332874826	0.008253094910591471	0.016781292984869325	0.023933975240715267	0.012379642365887207	0.003026134800550206	0.008253094910591471	0.04346629986244842	0.026685006877579093	0.0049518569463548835	0.016231086657496563	0.027235213204951855	0.018982118294360386	0.003576341127922971	0.00797799174690509	0.025584594222833563	0.014305364511691884	0.0024759284731774417	0.005226960110041265	0.0	0.016781292984869325	0.0	0.011279229711141679	0.022558459422283357	0.011554332874828061	0.003026134800550206	0.005226960110041265	0.02778541953232462	0.005502063273727648	0.0019257221458046766	0.003301237964236589	0.04346629986244842	0.0390646492434663	0.0041265474552957355	0.02888583218707015
0.018982118294360386	0.017056396148555707	0.0019257221458046766	0.014305364511691884	0.04291609353507565	0.027510316368638238	0.0041265474552957355	0.01265474552957359	0.0	0.013480055020632738	0.0	0.00797799174690509	0.037138927097661624	0.04951856946354883	0.0041265474552957355	0.026960110041265476	0.02283356258596974	0.017881705639614855	0.0019257221458046766	0.011829436038514442	0.027510316368638238	0.01925722145804677	0.003301237964236589	0.008253094910591471	0.00797799174690509	0.0068775790921595595	0.001375515818431912	0.004401650618982118	0.06519944979367263	0.030811554332874826	0.007702888583218707	0.01595598349381018	0.023658872077028884	0.012104539202200825	0.003301237964236589	0.008528198074277854	0.04401650618982118	0.02640990371389271	0.004676753782668501	0.016231086657496563	0.027510316368638238	0.01953232462173315	0.003026134800550206	0.007702888583218707	0.02530949105914718	0.014580467675378267	0.002751031636863824	0.0049518569463548835	0.0	0.016781292984869325	0.0	0.011279229711141679	0.022283356258596974	0.011554332874828061	0.003026134800550206	0.005502063273727648	0.02778541953232462	0.005502063273727648	0.0019257221458046766	0.003301237964236589	0.04291609353507565	0.03961485557083907	0.0041265474552957355	0.028335625859697386
0.018707015130674003	0.017606602475928473	0.002200825309491059	0.013755158184319119	0.043191196698762035	0.027510316368638238	0.0038514442916093533	0.01265474552957359	0.0	0.012929848693259973	0.0	0.008528198074277854	0.037138927097661624	0.050068775790921595	0.0041265474552957355	0.02640990371389271	0.022558459422283357	0.018707015130674003	0.002200825309491059	0.011004126547455296	0.02778541953232462	0.01925722145804677	0.003026134800550206	0.008253094910591471	0.008528198074277854	0.007152682255845942	0.0008253094910591472	0.0041265474552957355	0.06602475928473177	0.031361760660247595	0.007427785419532325	0.015130674002751032	0.023658872077028884	0.011829436038514442	0.003301237964236589	0.008803301237964236	0.04456671251719395	0.025859697386519945	0.0049518569463548835	0.01595598349381018	0.027235213204951855	0.01925722145804677	0.003301237964236589	0.00797799174690509	0.025859697386519945	0.014305364511691884	0.002751031636863824	0.004676753782668501	0.0	0.017606602475928473	0.0	0.01045392022008253	0.023108665749656122	0.011554332874828061	0.002751031636863824	0.0049518569463548835	0.028335625859697386	0.005777166437414031	0.001375515818431912	0.003026134800550206	0.04291609353507565	0.040990371389270974	0.0038514442916093533	0.026960110041265476
0.018707015130674003	0.01733149931224209	0.002200825309491059	0.014030261348005502	0.04401650618982118	0.028060522696011003	0.003026134800550206	0.012104539202200825	0.0	0.01265474552957359	0.0	0.008803301237964236	0.03741403026134801	0.04951856946354883	0.0038514442916093533	0.026960110041265476	0.02283356258596974	0.01843191196698762	0.0019257221458046766	0.011279229711141679	0.027510316368638238	0.020082530949105913	0.0038514442916093533	0.0068775790921595595	0.008528198074277854	0.0068775790921595595	0.0011004126547455295	0.0041265474552957355	0.06767537826685006	0.030811554332874826	0.006052269601100412	0.015680880330123798	0.023933975240715267	0.011829436038514442	0.003026134800550206	0.008803301237964236	0.04676753782668501	0.025859697386519945	0.0038514442916093533	0.01485557083906465	0.027235213204951855	0.01925722145804677	0.003576341127922971	0.007702888583218707	0.025859697386519945	0.014030261348005502	0.002751031636863824	0.0049518569463548835	0.0	0.017881705639614855	0.0	0.010178817056396148	0.02420907840440165	0.011004126547455296	0.0019257221458046766	0.005226960110041265	0.028060522696011003	0.005777166437414031	0.0016506189821182944	0.003026134800550206	0.04291609353507565	0.04181568088033012	0.003576341127922971	0.026134800550206328
0.018156808803301238	0.016781292984869325	0.002751031636863824	0.014580467675378267	0.044291609353507566	0.027510316368638238	0.003026134800550206	0.012379642365887207	0.0	0.01265474552957359	0.0	0.008803301237964236	0.03768913342503439	0.050068775790921595	0.003576341127922971	0.02640990371389271	0.023108665749656122	0.018982118294360386	0.0016506189821182944	0.010729023383768913	0.02861072902338377	0.019807427785419534	0.003026134800550206	0.0068775790921595595	0.008803301237964236	0.006602475928473178	0.0008253094910591472	0.004401650618982118	0.06740027510316368	0.032462173314993126	0.007152682255845942	0.013480055020632738	0.023383768913342505	0.012104539202200825	0.003576341127922971	0.008528198074277854	0.04731774415405777	0.025584594222833563	0.003576341127922971	0.01485557083906465	0.02861072902338377	0.01953232462173315	0.002200825309491059	0.007427785419532325	0.026960110041265476	0.013755158184319119	0.0016506189821182944	0.005226960110041265	0.0	0.018156808803301238	0.0	0.009903713892709767	0.023658872077028884	0.011279229711141679	0.002200825309491059	0.005226960110041265	0.028335625859697386	0.005777166437414031	0.001375515818431912	0.003026134800550206	0.04236588720770289	0.04154057771664374	0.0038514442916093533	0.02640990371389271
0.018156808803301238	0.016506189821182942	0.002751031636863824	0.01485557083906465	0.04456671251719395	0.026960110041265476	0.002751031636863824	0.012929848693259973	0.0	0.012929848693259973	0.0	0.008528198074277854	0.03768913342503439	0.050068775790921595	0.003576341127922971	0.02640990371389271	0.02283356258596974	0.01953232462173315	0.0019257221458046766	0.010178817056396148	0.02888583218707015	0.019807427785419534	0.003026134800550206	0.006602475928473178	0.009078404401650619	0.006602475928473178	0.0005502063273727648	0.004401650618982118	0.06905089408528198	0.03191196698762036	0.007152682255845942	0.013204951856946355	0.023383768913342505	0.012104539202200825	0.003576341127922971	0.008528198074277854	0.047867950481430534	0.025034387895460797	0.0038514442916093533	0.014580467675378267	0.028335625859697386	0.020357634112792296	0.002200825309491059	0.0068775790921595595	0.027510316368638238	0.013480055020632738	0.0011004126547455295	0.005502063273727648	0.0	0.018156808803301238	0.0	0.009903713892709767	0.023933975240715267	0.011554332874828061	0.0016506189821182944	0.005226960110041265	0.028335625859697386	0.006052269601100412	0.001375515818431912	0.002751031636863824	0.04154057771664374	0.042090784044016505	0.0038514442916093533	0.025859697386519945
0.01843191196698762	0.01733149931224209	0.0024759284731774417	0.014030261348005502	0.0453920220082531	0.02640990371389271	0.0024759284731774417	0.012929848693259973	0.0	0.012379642365887207	0.0	0.009078404401650619	0.03741403026134801	0.050068775790921595	0.0038514442916093533	0.02640990371389271	0.02283356258596974	0.01925722145804677	0.0019257221458046766	0.01045392022008253	0.029160935350756534	0.020082530949105913	0.002751031636863824	0.006327372764786795	0.009353507565337002	0.0068775790921595595	0.0002751031636863824	0.0041265474552957355	0.07015130674002751	0.03191196698762036	0.007427785419532325	0.012379642365887207	0.023658872077028884	0.012104539202200825	0.003301237964236589	0.008528198074277854	0.047867950481430534	0.024759284731774415	0.004401650618982118	0.014305364511691884	0.028060522696011003	0.01953232462173315	0.0024759284731774417	0.007702888583218707	0.027235213204951855	0.013755158184319119	0.0019257221458046766	0.004676753782668501	0.0	0.017881705639614855	0.0	0.010178817056396148	0.02420907840440165	0.011554332874828061	0.001375515818431912	0.005226960110041265	0.028060522696011003	0.006052269601100412	0.0016506189821182944	0.002751031636863824	0.04126547455295736	0.04291609353507565	0.003576341127922971	0.025034387895460797
0.017606602475928473	0.017056396148555707	0.003301237964236589	0.014305364511691884	0.0453920220082531	0.026685006877579093	0.002751031636863824	0.012379642365887207	0.0	0.012929848693259973	0.0	0.008528198074277854	0.03741403026134801	0.05034387895460798	0.0038514442916093533	0.026134800550206328	0.023108665749656122	0.01925722145804677	0.0016506189821182944	0.01045392022008253	0.029436038514442917	0.019807427785419534	0.002751031636863824	0.006327372764786795	0.008803301237964236	0.007152682255845942	0.0008253094910591472	0.0038514442916093533	0.07097661623108666	0.03108665749656121	0.0068775790921595595	0.01265474552957359	0.023933975240715267	0.012379642365887207	0.003026134800550206	0.008253094910591471	0.047867950481430534	0.025859697386519945	0.0049518569463548835	0.01265474552957359	0.027510316368638238	0.01953232462173315	0.002751031636863824	0.00797799174690509	0.027510316368638238	0.014030261348005502	0.0016506189821182944	0.004401650618982118	0.0	0.018707015130674003	0.0	0.009353507565337002	0.024484181568088032	0.011829436038514442	0.0011004126547455295	0.0049518569463548835	0.027235213204951855	0.006327372764786795	0.0024759284731774417	0.0024759284731774417	0.04126547455295736	0.04291609353507565	0.0038514442916093533	0.025034387895460797
0.017881705639614855	0.017056396148555707	0.003026134800550206	0.014305364511691884	0.04484181568088033	0.026960110041265476	0.003576341127922971	0.011829436038514442	0.0	0.013204951856946355	0.0	0.008253094910591471	0.03741403026134801	0.051169188445667126	0.0038514442916093533	0.02530949105914718	0.023108665749656122	0.01925722145804677	0.0016506189821182944	0.01045392022008253	0.029986244841815682	0.020082530949105913	0.0024759284731774417	0.005777166437414031	0.008803301237964236	0.0068775790921595595	0.0008253094910591472	0.0041265474552957355	0.07262723521320495	0.03163686382393398	0.006602475928473178	0.012379642365887207	0.023658872077028884	0.012104539202200825	0.003301237964236589	0.008528198074277854	0.047867950481430534	0.025859697386519945	0.0049518569463548835	0.01265474552957359	0.027235213204951855	0.01953232462173315	0.003026134800550206	0.00797799174690509	0.027510316368638238	0.013755158184319119	0.002200825309491059	0.0041265474552957355	0.0	0.017881705639614855	0.0	0.010178817056396148	0.024484181568088032	0.011829436038514442	0.0011004126547455295	0.0049518569463548835	0.027235213204951855	0.006602475928473178	0.0024759284731774417	0.002200825309491059	0.04044016506189821	0.042090784044016505	0.003026134800550206	0.025859697386519945
0.01843191196698762	0.017606602475928473	0.0024759284731774417	0.013755158184319119	0.04484181568088033	0.027235213204951855	0.0038514442916093533	0.011279229711141679	0.0	0.013480055020632738	0.0	0.00797799174690509	0.03796423658872077	0.05061898211829436	0.003301237964236589	0.025859697386519945	0.023108665749656122	0.018707015130674003	0.0016506189821182944	0.011004126547455296	0.030261348005502064	0.01953232462173315	0.0024759284731774417	0.006052269601100412	0.009078404401650619	0.0068775790921595595	0.0008253094910591472	0.0038514442916093533	0.0751031636863824	0.033012379642365884	0.005226960110041265	0.011004126547455296	0.023933975240715267	0.012104539202200825	0.003026134800550206	0.008528198074277854	0.047867950481430534	0.025859697386519945	0.005226960110041265	0.012379642365887207	0.02778541953232462	0.01953232462173315	0.0024759284731774417	0.00797799174690509	0.027510316368638238	0.013755158184319119	0.002200825309491059	0.0041265474552957355	0.0	0.018707015130674003	0.0	0.009353507565337002	0.024484181568088032	0.012104539202200825	0.0011004126547455295	0.004676753782668501	0.02778541953232462	0.006327372764786795	0.0019257221458046766	0.0024759284731774417	0.03961485557083907	0.04264099037138927	0.002751031636863824	0.02530949105914718
0.018982118294360386	0.017606602475928473	0.0019257221458046766	0.013755158184319119	0.04594222833562586	0.027510316368638238	0.0024759284731774417	0.011279229711141679	0.0	0.014305364511691884	0.0	0.007152682255845942	0.03796423658872077	0.05144429160935351	0.003301237964236589	0.025034387895460797	0.02283356258596974	0.018156808803301238	0.0019257221458046766	0.011554332874828061	0.0297111416781293	0.020082530949105913	0.002751031636863824	0.005777166437414031	0.009078404401650619	0.0068775790921595595	0.0008253094910591472	0.0038514442916093533	0.07482806052269601	0.0327372764786795	0.005502063273727648	0.011004126547455296	0.02420907840440165	0.011829436038514442	0.002751031636863824	0.008803301237964236	0.047867950481430534	0.026134800550206328	0.0049518569463548835	0.012379642365887207	0.027235213204951855	0.01953232462173315	0.002751031636863824	0.008253094910591471	0.027510316368638238	0.014030261348005502	0.002200825309491059	0.0038514442916093533	0.0	0.01925722145804677	0.0	0.008803301237964236	0.024484181568088032	0.012379642365887207	0.0011004126547455295	0.004401650618982118	0.028060522696011003	0.006327372764786795	0.0016506189821182944	0.0024759284731774417	0.03961485557083907	0.043191196698762035	0.003026134800550206	0.024759284731774415
0.018982118294360386	0.017606602475928473	0.0019257221458046766	0.013755158184319119	0.0453920220082531	0.02778541953232462	0.003026134800550206	0.011004126547455296	0.0	0.014030261348005502	0.0	0.007427785419532325	0.03796423658872077	0.052269601100412656	0.003301237964236589	0.02420907840440165	0.023108665749656122	0.017606602475928473	0.0016506189821182944	0.012104539202200825	0.0297111416781293	0.01953232462173315	0.002751031636863824	0.006327372764786795	0.008803301237964236	0.007152682255845942	0.0011004126547455295	0.003576341127922971	0.07620357634112793	0.03218707015130674	0.005777166437414031	0.011279229711141679	0.024759284731774415	0.012379642365887207	0.002200825309491059	0.008253094910591471	0.048143053645116916	0.025584594222833563	0.004676753782668501	0.012929848693259973	0.02778541953232462	0.01925722145804677	0.002751031636863824	0.00797799174690509	0.028060522696011003	0.013480055020632738	0.0019257221458046766	0.0041265474552957355	0.0	0.020082530949105913	0.0	0.00797799174690509	0.024484181568088032	0.011829436038514442	0.001375515818431912	0.004676753782668501	0.028335625859697386	0.006327372764786795	0.001375515818431912	0.0024759284731774417	0.03851444291609354	0.04346629986244842	0.002751031636863824	0.024484181568088032
0.018982118294360386	0.01733149931224209	0.0019257221458046766	0.014030261348005502	0.045116918844566714	0.02778541953232462	0.0038514442916093533	0.01045392022008253	0.0	0.014030261348005502	0.0	0.007427785419532325	0.03796423658872077	0.052269601100412656	0.003301237964236589	0.02420907840440165	0.02283356258596974	0.017881705639614855	0.0019257221458046766	0.011829436038514442	0.029986244841815682	0.019807427785419534	0.0024759284731774417	0.006052269601100412	0.008803301237964236	0.007427785419532325	0.0011004126547455295	0.003301237964236589	0.07482806052269601	0.03163686382393398	0.006602475928473178	0.011554332874828061	0.024484181568088032	0.01265474552957359	0.0024759284731774417	0.00797799174690509	0.047867950481430534	0.026685006877579093	0.0049518569463548835	0.011829436038514442	0.027510316368638238	0.020082530949105913	0.0024759284731774417	0.007702888583218707	0.02861072902338377	0.013204951856946355	0.0019257221458046766	0.0038514442916093533	0.0	0.020082530949105913	0.0	0.00797799174690509	0.024759284731774415	0.012104539202200825	0.0011004126547455295	0.004401650618982118	0.028335625859697386	0.006327372764786795	0.001375515818431912	0.0024759284731774417	0.03961485557083907	0.0437414030261348	0.0024759284731774417	0.02420907840440165
0.018982118294360386	0.01733149931224209	0.0019257221458046766	0.014030261348005502	0.04566712517193948	0.027510316368638238	0.0038514442916093533	0.010178817056396148	0.0	0.014030261348005502	0.0	0.007427785419532325	0.03741403026134801	0.052269601100412656	0.0038514442916093533	0.02420907840440165	0.022558459422283357	0.018156808803301238	0.002200825309491059	0.011554332874828061	0.029986244841815682	0.019807427785419534	0.003026134800550206	0.005502063273727648	0.009078404401650619	0.007427785419532325	0.0011004126547455295	0.003026134800550206	0.07482806052269601	0.03163686382393398	0.006052269601100412	0.011554332874828061	0.024484181568088032	0.012929848693259973	0.0024759284731774417	0.007702888583218707	0.0484181568088033	0.027235213204951855	0.005226960110041265	0.01045392022008253	0.02640990371389271	0.020357634112792296	0.003301237964236589	0.007702888583218707	0.02861072902338377	0.013204951856946355	0.002200825309491059	0.003576341127922971	0.0	0.02090784044016506	0.0	0.007152682255845942	0.02530949105914718	0.011829436038514442	0.0011004126547455295	0.0041265474552957355	0.02861072902338377	0.006052269601100412	0.0011004126547455295	0.002751031636863824	0.03961485557083907	0.044291609353507566	0.003026134800550206	0.023658872077028884
0.01925722145804677	0.01733149931224209	0.0016506189821182944	0.014030261348005502	0.046217331499312245	0.02640990371389271	0.003576341127922971	0.011004126547455296	0.0	0.013480055020632738	0.0	0.00797799174690509	0.03768913342503439	0.054195323246217335	0.003576341127922971	0.022283356258596974	0.022558459422283357	0.018156808803301238	0.002200825309491059	0.011554332874828061	0.030261348005502064	0.01953232462173315	0.003301237964236589	0.005226960110041265	0.009078404401650619	0.007427785419532325	0.0011004126547455295	0.003026134800550206	0.07647867950481431	0.03191196698762036	0.005777166437414031	0.010729023383768913	0.025034387895460797	0.013204951856946355	0.0019257221458046766	0.007427785419532325	0.04951856946354883	0.026685006877579093	0.004401650618982118	0.010729023383768913	0.026960110041265476	0.020082530949105913	0.003026134800550206	0.007702888583218707	0.028335625859697386	0.013204951856946355	0.002751031636863824	0.003301237964236589	0.0	0.02063273727647868	0.0	0.007427785419532325	0.025584594222833563	0.011554332874828061	0.0008253094910591472	0.004401650618982118	0.02861072902338377	0.006327372764786795	0.0011004126547455295	0.0024759284731774417	0.0390646492434663	0.04456671251719395	0.002751031636863824	0.023383768913342505
0.018982118294360386	0.01733149931224209	0.0019257221458046766	0.014030261348005502	0.04594222833562586	0.025859697386519945	0.003576341127922971	0.011829436038514442	0.0	0.013755158184319119	0.0	0.007702888583218707	0.038239339752407155	0.054195323246217335	0.003026134800550206	0.022283356258596974	0.022283356258596974	0.017606602475928473	0.0024759284731774417	0.012104539202200825	0.030536451169188447	0.018156808803301238	0.003301237964236589	0.006327372764786795	0.009078404401650619	0.007427785419532325	0.0011004126547455295	0.003026134800550206	0.07482806052269601	0.030811554332874826	0.0068775790921595595	0.011554332874828061	0.024759284731774415	0.013204951856946355	0.002200825309491059	0.007427785419532325	0.04924346629986245	0.02778541953232462	0.004401650618982118	0.009903713892709767	0.026960110041265476	0.020357634112792296	0.003301237964236589	0.007152682255845942	0.029436038514442917	0.013204951856946355	0.002200825309491059	0.002751031636863824	0.0	0.021182943603851444	0.0	0.0068775790921595595	0.025584594222833563	0.011279229711141679	0.0008253094910591472	0.004676753782668501	0.02861072902338377	0.006327372764786795	0.0011004126547455295	0.0024759284731774417	0.039889958734525444	0.0453920220082531	0.002751031636863824	0.022558459422283357
0.01925722145804677	0.018156808803301238	0.0016506189821182944	0.013204951856946355	0.04731774415405777	0.025859697386519945	0.002751031636863824	0.011279229711141679	0.0	0.013755158184319119	0.0	0.007702888583218707	0.03851444291609354	0.05392022008253095	0.002751031636863824	0.022558459422283357	0.022283356258596974	0.01843191196698762	0.0024759284731774417	0.011279229711141679	0.030536451169188447	0.018156808803301238	0.003301237964236589	0.006327372764786795	0.009078404401650619	0.007427785419532325	0.0011004126547455295	0.003026134800550206	0.07427785419532325	0.030536451169188447	0.0068775790921595595	0.011829436038514442	0.025034387895460797	0.012929848693259973	0.0019257221458046766	0.007702888583218707	0.04924346629986245	0.02778541953232462	0.0049518569463548835	0.009353507565337002	0.026685006877579093	0.019807427785419534	0.003576341127922971	0.007702888583218707	0.029436038514442917	0.013755158184319119	0.002200825309491059	0.002200825309491059	0.0	0.02063273727647868	0.0	0.007427785419532325	0.024484181568088032	0.011554332874828061	0.001375515818431912	0.0049518569463548835	0.028060522696011003	0.006052269601100412	0.0016506189821182944	0.002751031636863824	0.04071526822558459	0.04704264099037139	0.0024759284731774417	0.02090784044016506
0.018982118294360386	0.01843191196698762	0.0019257221458046766	0.012929848693259973	0.04731774415405777	0.025584594222833563	0.0024759284731774417	0.011829436038514442	0.0	0.013755158184319119	0.0	0.007702888583218707	0.03878954607977992	0.05337001375515819	0.0024759284731774417	0.023108665749656122	0.022283356258596974	0.018982118294360386	0.0024759284731774417	0.010729023383768913	0.03163686382393398	0.01843191196698762	0.002200825309491059	0.006052269601100412	0.009078404401650619	0.007427785419532325	0.0011004126547455295	0.003026134800550206	0.07537826685006878	0.030536451169188447	0.006602475928473178	0.010729023383768913	0.024759284731774415	0.01265474552957359	0.002200825309491059	0.00797799174690509	0.04869325997248968	0.027510316368638238	0.005777166437414031	0.009353507565337002	0.027235213204951855	0.019807427785419534	0.003026134800550206	0.007702888583218707	0.029986244841815682	0.012929848693259973	0.0019257221458046766	0.002751031636863824	0.0	0.020357634112792296	0.0	0.007702888583218707	0.023933975240715267	0.011554332874828061	0.0019257221458046766	0.0049518569463548835	0.02778541953232462	0.006052269601100412	0.0019257221458046766	0.002751031636863824	0.040990371389270974	0.04759284731774415	0.0024759284731774417	0.020357634112792296
0.01953232462173315	0.018156808803301238	0.001375515818431912	0.013204951856946355	0.048143053645116916	0.025034387895460797	0.002751031636863824	0.011279229711141679	0.0	0.014030261348005502	0.0	0.007427785419532325	0.038239339752407155	0.05364511691884457	0.003026134800550206	0.02283356258596974	0.022558459422283357	0.01925722145804677	0.002200825309491059	0.01045392022008253	0.03191196698762036	0.018156808803301238	0.002200825309491059	0.006052269601100412	0.008803301237964236	0.007702888583218707	0.001375515818431912	0.002751031636863824	0.0751031636863824	0.030811554332874826	0.005777166437414031	0.011279229711141679	0.024759284731774415	0.012104539202200825	0.002200825309491059	0.008528198074277854	0.04924346629986245	0.027235213204951855	0.005502063273727648	0.009353507565337002	0.026960110041265476	0.019807427785419534	0.003301237964236589	0.007702888583218707	0.030811554332874826	0.012379642365887207	0.0011004126547455295	0.003301237964236589	0.0	0.020082530949105913	0.0	0.00797799174690509	0.023658872077028884	0.012104539202200825	0.0019257221458046766	0.004676753782668501	0.027235213204951855	0.006052269601100412	0.0024759284731774417	0.002751031636863824	0.04044016506189821	0.048968363136176064	0.003301237964236589	0.018982118294360386
0.01953232462173315	0.018707015130674003	0.001375515818431912	0.01265474552957359	0.04759284731774415	0.024484181568088032	0.003576341127922971	0.011554332874828061	0.0	0.013755158184319119	0.0	0.007702888583218707	0.03796423658872077	0.05254470426409904	0.003301237964236589	0.023933975240715267	0.02283356258596974	0.01953232462173315	0.0019257221458046766	0.010178817056396148	0.03191196698762036	0.018156808803301238	0.0019257221458046766	0.006327372764786795	0.008803301237964236	0.00797799174690509	0.001375515818431912	0.0024759284731774417	0.07592847317744154	0.03163686382393398	0.005777166437414031	0.010729023383768913	0.025034387895460797	0.012379642365887207	0.0019257221458046766	0.008253094910591471	0.050068775790921595	0.026960110041265476	0.0049518569463548835	0.009353507565337002	0.027235213204951855	0.020082530949105913	0.003026134800550206	0.007427785419532325	0.030261348005502064	0.012379642365887207	0.0016506189821182944	0.003301237964236589	0.0	0.01953232462173315	0.0	0.008528198074277854	0.023658872077028884	0.012379642365887207	0.0016506189821182944	0.004676753782668501	0.027235213204951855	0.006052269601100412	0.0024759284731774417	0.002751031636863824	0.039339752407152685	0.048968363136176064	0.003301237964236589	0.018982118294360386
0.01953232462173315	0.01925722145804677	0.001375515818431912	0.012104539202200825	0.04759284731774415	0.02420907840440165	0.0041265474552957355	0.011279229711141679	0.0	0.013480055020632738	0.0	0.00797799174690509	0.03796423658872077	0.05171939477303989	0.003301237964236589	0.024759284731774415	0.023108665749656122	0.019807427785419534	0.0016506189821182944	0.009903713892709767	0.03191196698762036	0.01843191196698762	0.0019257221458046766	0.006052269601100412	0.008803301237964236	0.008253094910591471	0.001375515818431912	0.002200825309491059	0.07592847317744154	0.03108665749656121	0.005502063273727648	0.011279229711141679	0.024759284731774415	0.012379642365887207	0.002200825309491059	0.008253094910591471	0.051169188445667126	0.026960110041265476	0.0041265474552957355	0.009078404401650619	0.027510316368638238	0.019807427785419534	0.003301237964236589	0.007152682255845942	0.0297111416781293	0.01265474552957359	0.002200825309491059	0.003026134800550206	0.0	0.019807427785419534	0.0	0.008253094910591471	0.023383768913342505	0.012379642365887207	0.0019257221458046766	0.004676753782668501	0.028060522696011003	0.005777166437414031	0.0016506189821182944	0.003026134800550206	0.04044016506189821	0.04759284731774415	0.0024759284731774417	0.020357634112792296
0.019807427785419534	0.01953232462173315	0.0011004126547455295	0.011829436038514442	0.0484181568088033	0.02420907840440165	0.0038514442916093533	0.010729023383768913	0.0	0.013755158184319119	0.0	0.007702888583218707	0.038239339752407155	0.05144429160935351	0.003026134800550206	0.025034387895460797	0.02283356258596974	0.01953232462173315	0.0019257221458046766	0.010178817056396148	0.032462173314993126	0.016781292984869325	0.0019257221458046766	0.007152682255845942	0.008803301237964236	0.008253094910591471	0.001375515818431912	0.002200825309491059	0.07620357634112793	0.030536451169188447	0.005226960110041265	0.011004126547455296	0.02420907840440165	0.012104539202200825	0.002751031636863824	0.008528198074277854	0.05144429160935351	0.026685006877579093	0.004401650618982118	0.008803301237964236	0.028060522696011003	0.020082530949105913	0.002751031636863824	0.0068775790921595595	0.029986244841815682	0.012379642365887207	0.0016506189821182944	0.003576341127922971	0.0	0.020357634112792296	0.0	0.007702888583218707	0.023383768913342505	0.011829436038514442	0.002200825309491059	0.0049518569463548835	0.028335625859697386	0.005777166437414031	0.001375515818431912	0.003026134800550206	0.04071526822558459	0.047867950481430534	0.003026134800550206	0.020082530949105913
0.019807427785419534	0.01925722145804677	0.0011004126547455295	0.012104539202200825	0.04676753782668501	0.025034387895460797	0.0049518569463548835	0.01045392022008253	0.0	0.013755158184319119	0.0	0.007702888583218707	0.03878954607977992	0.05144429160935351	0.0024759284731774417	0.025034387895460797	0.023108665749656122	0.01953232462173315	0.0016506189821182944	0.010178817056396148	0.03191196698762036	0.016506189821182942	0.002200825309491059	0.007702888583218707	0.008803301237964236	0.007702888583218707	0.0016506189821182944	0.0024759284731774417	0.07675378266850069	0.030261348005502064	0.0049518569463548835	0.011004126547455296	0.024484181568088032	0.012379642365887207	0.0024759284731774417	0.008253094910591471	0.051169188445667126	0.02640990371389271	0.0041265474552957355	0.009628610729023384	0.028335625859697386	0.019807427785419534	0.0024759284731774417	0.007152682255845942	0.029986244841815682	0.011279229711141679	0.0024759284731774417	0.0038514442916093533	0.0	0.02090784044016506	0.0	0.007152682255845942	0.023383768913342505	0.011554332874828061	0.0024759284731774417	0.0049518569463548835	0.02861072902338377	0.005777166437414031	0.0011004126547455295	0.003026134800550206	0.04044016506189821	0.04731774415405777	0.003301237964236589	0.02063273727647868
0.01953232462173315	0.01925722145804677	0.001375515818431912	0.012104539202200825	0.04759284731774415	0.025034387895460797	0.0049518569463548835	0.009628610729023384	0.0	0.013755158184319119	0.0	0.007702888583218707	0.03878954607977992	0.051169188445667126	0.0024759284731774417	0.02530949105914718	0.023383768913342505	0.01953232462173315	0.001375515818431912	0.010178817056396148	0.03191196698762036	0.01595598349381018	0.0024759284731774417	0.00797799174690509	0.008528198074277854	0.007702888583218707	0.0019257221458046766	0.0024759284731774417	0.07647867950481431	0.029160935350756534	0.0049518569463548835	0.011829436038514442	0.025034387895460797	0.012104539202200825	0.0019257221458046766	0.008528198074277854	0.05089408528198074	0.02640990371389271	0.004676753782668501	0.009353507565337002	0.028060522696011003	0.01953232462173315	0.002200825309491059	0.00797799174690509	0.0297111416781293	0.011554332874828061	0.002200825309491059	0.0041265474552957355	0.0	0.021182943603851444	0.0	0.0068775790921595595	0.023658872077028884	0.011554332874828061	0.002200825309491059	0.0049518569463548835	0.02888583218707015	0.005777166437414031	0.0008253094910591472	0.003026134800550206	0.04071526822558459	0.047867950481430534	0.003576341127922971	0.020082530949105913
0.018707015130674003	0.01953232462173315	0.002200825309491059	0.011829436038514442	0.048143053645116916	0.024484181568088032	0.0049518569463548835	0.009628610729023384	0.0	0.013755158184319119	0.0	0.007702888583218707	0.038239339752407155	0.05034387895460798	0.003026134800550206	0.026134800550206328	0.023108665749656122	0.01953232462173315	0.0016506189821182944	0.010178817056396148	0.03163686382393398	0.015405777166437413	0.003026134800550206	0.008253094910591471	0.008803301237964236	0.00797799174690509	0.001375515818431912	0.0024759284731774417	0.07592847317744154	0.030261348005502064	0.004676753782668501	0.011554332874828061	0.025034387895460797	0.012379642365887207	0.0019257221458046766	0.008253094910591471	0.05144429160935351	0.026134800550206328	0.0041265474552957355	0.009628610729023384	0.028335625859697386	0.01953232462173315	0.002751031636863824	0.007152682255845942	0.029436038514442917	0.011829436038514442	0.002200825309491059	0.0041265474552957355	0.0	0.02090784044016506	0.0	0.007152682255845942	0.023658872077028884	0.011554332874828061	0.0024759284731774417	0.004676753782668501	0.02888583218707015	0.005226960110041265	0.0008253094910591472	0.003576341127922971	0.040990371389270974	0.047867950481430534	0.003301237964236589	0.020082530949105913
0.018156808803301238	0.01953232462173315	0.002751031636863824	0.011829436038514442	0.0484181568088033	0.024484181568088032	0.004676753782668501	0.009628610729023384	0.0	0.012929848693259973	0.0	0.008528198074277854	0.038239339752407155	0.04924346629986245	0.003026134800550206	0.027235213204951855	0.023108665749656122	0.01843191196698762	0.0016506189821182944	0.011279229711141679	0.03191196698762036	0.015405777166437413	0.003026134800550206	0.00797799174690509	0.008803301237964236	0.008253094910591471	0.0011004126547455295	0.0024759284731774417	0.07537826685006878	0.030536451169188447	0.005226960110041265	0.011279229711141679	0.024759284731774415	0.012379642365887207	0.002200825309491059	0.008253094910591471	0.05171939477303989	0.02640990371389271	0.003576341127922971	0.009628610729023384	0.02861072902338377	0.01925722145804677	0.0024759284731774417	0.007427785419532325	0.0297111416781293	0.011279229711141679	0.0024759284731774417	0.0041265474552957355	0.0	0.020357634112792296	0.0	0.007702888583218707	0.023383768913342505	0.011279229711141679	0.003026134800550206	0.004676753782668501	0.02861072902338377	0.005226960110041265	0.0011004126547455295	0.003576341127922971	0.04154057771664374	0.04759284731774415	0.002751031636863824	0.020357634112792296
0.018156808803301238	0.018982118294360386	0.002751031636863824	0.012379642365887207	0.04869325997248968	0.023658872077028884	0.004401650618982118	0.01045392022008253	0.0	0.013204951856946355	0.0	0.008253094910591471	0.038239339752407155	0.04924346629986245	0.003026134800550206	0.027235213204951855	0.022558459422283357	0.018707015130674003	0.002200825309491059	0.011004126547455296	0.03163686382393398	0.015405777166437413	0.0038514442916093533	0.007427785419532325	0.008803301237964236	0.008528198074277854	0.0008253094910591472	0.0024759284731774417	0.07675378266850069	0.030811554332874826	0.004676753782668501	0.01045392022008253	0.024759284731774415	0.012379642365887207	0.002200825309491059	0.008253094910591471	0.051994497936726274	0.026685006877579093	0.003026134800550206	0.009628610729023384	0.029436038514442917	0.018982118294360386	0.0019257221458046766	0.007427785419532325	0.029986244841815682	0.011554332874828061	0.002200825309491059	0.0038514442916093533	0.0	0.02063273727647868	0.0	0.007427785419532325	0.023933975240715267	0.010729023383768913	0.0024759284731774417	0.005226960110041265	0.02888583218707015	0.005226960110041265	0.0008253094910591472	0.003576341127922971	0.040990371389270974	0.047867950481430534	0.003026134800550206	0.020082530949105913
0.018707015130674003	0.018707015130674003	0.002200825309491059	0.01265474552957359	0.0484181568088033	0.02420907840440165	0.0041265474552957355	0.01045392022008253	0.0	0.013204951856946355	0.0	0.008253094910591471	0.03851444291609354	0.048143053645116916	0.002751031636863824	0.028335625859697386	0.02173314993122421	0.01843191196698762	0.003026134800550206	0.011279229711141679	0.03218707015130674	0.015405777166437413	0.0038514442916093533	0.0068775790921595595	0.009078404401650619	0.00797799174690509	0.0008253094910591472	0.002751031636863824	0.0781292984869326	0.03108665749656121	0.0038514442916093533	0.009903713892709767	0.025584594222833563	0.012379642365887207	0.001375515818431912	0.008253094910591471	0.05144429160935351	0.027235213204951855	0.0038514442916093533	0.008803301237964236	0.028060522696011003	0.018156808803301238	0.003576341127922971	0.00797799174690509	0.029986244841815682	0.011554332874828061	0.002200825309491059	0.0038514442916093533	0.0	0.02063273727647868	0.0	0.007427785419532325	0.02420907840440165	0.01045392022008253	0.0024759284731774417	0.005226960110041265	0.02861072902338377	0.0049518569463548835	0.0011004126547455295	0.0038514442916093533	0.04071526822558459	0.047867950481430534	0.003026134800550206	0.020082530949105913
0.018982118294360386	0.01925722145804677	0.0019257221458046766	0.012104539202200825	0.048143053645116916	0.023658872077028884	0.004676753782668501	0.010729023383768913	0.0	0.013480055020632738	0.0	0.00797799174690509	0.03878954607977992	0.04951856946354883	0.0024759284731774417	0.026960110041265476	0.02200825309491059	0.018707015130674003	0.002751031636863824	0.011004126547455296	0.03218707015130674	0.015405777166437413	0.003576341127922971	0.007152682255845942	0.009628610729023384	0.00797799174690509	0.0005502063273727648	0.0024759284731774417	0.08005502063273727	0.031361760660247595	0.004676753782668501	0.009078404401650619	0.025584594222833563	0.012929848693259973	0.001375515818431912	0.007702888583218707	0.052269601100412656	0.026960110041265476	0.003301237964236589	0.008803301237964236	0.028335625859697386	0.018707015130674003	0.003301237964236589	0.007427785419532325	0.029160935350756534	0.011829436038514442	0.002751031636863824	0.0038514442916093533	0.0	0.02063273727647868	0.0	0.007427785419532325	0.023658872077028884	0.010178817056396148	0.003026134800550206	0.005502063273727648	0.02861072902338377	0.005226960110041265	0.0011004126547455295	0.003576341127922971	0.03796423658872077	0.048143053645116916	0.003576341127922971	0.019807427785419534
0.01843191196698762	0.01925722145804677	0.0024759284731774417	0.012104539202200825	0.04951856946354883	0.023658872077028884	0.0041265474552957355	0.009903713892709767	0.0	0.013755158184319119	0.0	0.007702888583218707	0.038239339752407155	0.05034387895460798	0.003026134800550206	0.026134800550206328	0.022283356258596974	0.018707015130674003	0.0024759284731774417	0.011004126547455296	0.03218707015130674	0.015405777166437413	0.0038514442916093533	0.0068775790921595595	0.009903713892709767	0.00797799174690509	0.0002751031636863824	0.0024759284731774417	0.07977991746905089	0.03163686382393398	0.004401650618982118	0.009353507565337002	0.02530949105914718	0.012929848693259973	0.0016506189821182944	0.007702888583218707	0.05171939477303989	0.02640990371389271	0.004401650618982118	0.008803301237964236	0.029436038514442917	0.01953232462173315	0.003026134800550206	0.005777166437414031	0.029986244841815682	0.011554332874828061	0.0024759284731774417	0.003576341127922971	0.0	0.020082530949105913	0.0	0.00797799174690509	0.023933975240715267	0.010178817056396148	0.003026134800550206	0.005226960110041265	0.02888583218707015	0.005226960110041265	0.0008253094910591472	0.003576341127922971	0.03796423658872077	0.04704264099037139	0.003576341127922971	0.02090784044016506
0.01843191196698762	0.019807427785419534	0.0024759284731774417	0.011554332874828061	0.04951856946354883	0.024484181568088032	0.0041265474552957355	0.009078404401650619	0.0	0.014305364511691884	0.0	0.007152682255845942	0.038239339752407155	0.04951856946354883	0.003026134800550206	0.026960110041265476	0.022283356258596974	0.018982118294360386	0.0024759284731774417	0.010729023383768913	0.032462173314993126	0.015130674002751032	0.0038514442916093533	0.0068775790921595595	0.009903713892709767	0.00797799174690509	0.0002751031636863824	0.0024759284731774417	0.07895460797799175	0.03108665749656121	0.0049518569463548835	0.009903713892709767	0.025584594222833563	0.012929848693259973	0.001375515818431912	0.007702888583218707	0.05061898211829436	0.025584594222833563	0.005777166437414031	0.009353507565337002	0.029436038514442917	0.020357634112792296	0.003026134800550206	0.0049518569463548835	0.029986244841815682	0.012104539202200825	0.002200825309491059	0.003301237964236589	0.0	0.019807427785419534	0.0	0.008253094910591471	0.02420907840440165	0.010178817056396148	0.002751031636863824	0.005226960110041265	0.029436038514442917	0.005226960110041265	0.0002751031636863824	0.003576341127922971	0.03686382393397524	0.047867950481430534	0.0049518569463548835	0.020082530949105913
0.01925722145804677	0.01953232462173315	0.0016506189821182944	0.011829436038514442	0.050068775790921595	0.025034387895460797	0.003576341127922971	0.008528198074277854	0.0	0.01485557083906465	0.0	0.006602475928473178	0.03768913342503439	0.05034387895460798	0.003576341127922971	0.026134800550206328	0.022283356258596974	0.01925722145804677	0.0024759284731774417	0.01045392022008253	0.032462173314993126	0.01485557083906465	0.0038514442916093533	0.007152682255845942	0.009903713892709767	0.00797799174690509	0.0002751031636863824	0.0024759284731774417	0.07977991746905089	0.030811554332874826	0.0049518569463548835	0.009903713892709767	0.025584594222833563	0.012929848693259973	0.001375515818431912	0.007702888583218707	0.05061898211829436	0.025859697386519945	0.005502063273727648	0.009353507565337002	0.029986244841815682	0.01953232462173315	0.003301237964236589	0.0049518569463548835	0.029436038514442917	0.011554332874828061	0.0024759284731774417	0.0041265474552957355	0.0	0.01953232462173315	0.0	0.008528198074277854	0.02420907840440165	0.01045392022008253	0.002751031636863824	0.0049518569463548835	0.029436038514442917	0.0049518569463548835	0.0002751031636863824	0.0038514442916093533	0.037138927097661624	0.04759284731774415	0.0041265474552957355	0.020357634112792296
0.018982118294360386	0.02063273727647868	0.0019257221458046766	0.010729023383768913	0.04924346629986245	0.02530949105914718	0.0041265474552957355	0.008528198074277854	0.0	0.015130674002751032	0.0	0.006327372764786795	0.038239339752407155	0.05034387895460798	0.003026134800550206	0.026134800550206328	0.022558459422283357	0.01953232462173315	0.002200825309491059	0.010178817056396148	0.03218707015130674	0.01485557083906465	0.003576341127922971	0.007702888583218707	0.009903713892709767	0.007702888583218707	0.0002751031636863824	0.002751031636863824	0.0781292984869326	0.032462173314993126	0.005226960110041265	0.008803301237964236	0.02530949105914718	0.01265474552957359	0.0016506189821182944	0.00797799174690509	0.05061898211829436	0.02640990371389271	0.005502063273727648	0.008803301237964236	0.029986244841815682	0.018982118294360386	0.003301237964236589	0.005502063273727648	0.02888583218707015	0.011554332874828061	0.003026134800550206	0.0041265474552957355	0.0	0.01953232462173315	0.0	0.008528198074277854	0.02420907840440165	0.01045392022008253	0.003026134800550206	0.004676753782668501	0.029436038514442917	0.0049518569463548835	0.0002751031636863824	0.0038514442916093533	0.03851444291609354	0.04704264099037139	0.003576341127922971	0.02090784044016506
0.018982118294360386	0.020082530949105913	0.0019257221458046766	0.011279229711141679	0.050068775790921595	0.026134800550206328	0.003301237964236589	0.007702888583218707	0.0	0.014580467675378267	0.0	0.0068775790921595595	0.03768913342503439	0.05034387895460798	0.003576341127922971	0.026134800550206328	0.022283356258596974	0.01953232462173315	0.0024759284731774417	0.010178817056396148	0.03218707015130674	0.014305364511691884	0.003576341127922971	0.008253094910591471	0.009628610729023384	0.007702888583218707	0.0005502063273727648	0.002751031636863824	0.07675378266850069	0.03328748280605227	0.006602475928473178	0.008528198074277854	0.02530949105914718	0.01265474552957359	0.0016506189821182944	0.00797799174690509	0.05061898211829436	0.02640990371389271	0.005777166437414031	0.008528198074277854	0.030261348005502064	0.01953232462173315	0.002751031636863824	0.005226960110041265	0.029160935350756534	0.011829436038514442	0.002751031636863824	0.0038514442916093533	0.0	0.01925722145804677	0.0	0.008803301237964236	0.023658872077028884	0.010729023383768913	0.003026134800550206	0.0049518569463548835	0.029436038514442917	0.0049518569463548835	0.0002751031636863824	0.0038514442916093533	0.03878954607977992	0.04594222833562586	0.002751031636863824	0.02200825309491059
0.018982118294360386	0.020357634112792296	0.0019257221458046766	0.011004126547455296	0.04979367262723521	0.026134800550206328	0.003026134800550206	0.008253094910591471	0.0	0.014580467675378267	0.0	0.0068775790921595595	0.03796423658872077	0.05034387895460798	0.003301237964236589	0.026134800550206328	0.022558459422283357	0.01953232462173315	0.002200825309491059	0.010178817056396148	0.0327372764786795	0.014580467675378267	0.003301237964236589	0.007702888583218707	0.009628610729023384	0.00797799174690509	0.0002751031636863824	0.002751031636863824	0.07922971114167814	0.033012379642365884	0.006602475928473178	0.008253094910591471	0.02530949105914718	0.012379642365887207	0.0016506189821182944	0.008253094910591471	0.05144429160935351	0.026960110041265476	0.004676753782668501	0.008253094910591471	0.0297111416781293	0.019807427785419534	0.003026134800550206	0.005226960110041265	0.029986244841815682	0.011279229711141679	0.002200825309491059	0.0041265474552957355	0.0	0.01843191196698762	0.0	0.009628610729023384	0.023383768913342505	0.010729023383768913	0.003026134800550206	0.005226960110041265	0.029436038514442917	0.0049518569463548835	0.0002751031636863824	0.0038514442916093533	0.037138927097661624	0.045116918844566714	0.0024759284731774417	0.02283356258596974
0.01925722145804677	0.02063273727647868	0.0016506189821182944	0.010729023383768913	0.048968363136176064	0.02640990371389271	0.003576341127922971	0.008253094910591471	0.0	0.014580467675378267	0.0	0.0068775790921595595	0.03741403026134801	0.04979367262723521	0.0038514442916093533	0.026685006877579093	0.02283356258596974	0.020357634112792296	0.0019257221458046766	0.009353507565337002	0.033012379642365884	0.014030261348005502	0.003026134800550206	0.008253094910591471	0.009628610729023384	0.007702888583218707	0.0002751031636863824	0.003026134800550206	0.07895460797799175	0.03328748280605227	0.005777166437414031	0.00797799174690509	0.02530949105914718	0.012379642365887207	0.0016506189821182944	0.008253094910591471	0.051169188445667126	0.027235213204951855	0.0049518569463548835	0.00797799174690509	0.0297111416781293	0.019807427785419534	0.003301237964236589	0.0049518569463548835	0.030536451169188447	0.011004126547455296	0.0019257221458046766	0.0041265474552957355	0.0	0.018156808803301238	0.0	0.009903713892709767	0.023933975240715267	0.011279229711141679	0.002200825309491059	0.0049518569463548835	0.029436038514442917	0.0049518569463548835	0.0002751031636863824	0.0038514442916093533	0.03768913342503439	0.046217331499312245	0.003026134800550206	0.02173314993122421
0.020357634112792296	0.021458046767537826	0.0005502063273727648	0.009903713892709767	0.048968363136176064	0.02640990371389271	0.0041265474552957355	0.007702888583218707	0.0	0.014305364511691884	0.0	0.007152682255845942	0.03741403026134801	0.04924346629986245	0.0038514442916093533	0.027235213204951855	0.022558459422283357	0.020082530949105913	0.002200825309491059	0.009628610729023384	0.03191196698762036	0.014305364511691884	0.003576341127922971	0.008528198074277854	0.009903713892709767	0.007702888583218707	0.0002751031636863824	0.002751031636863824	0.07620357634112793	0.03328748280605227	0.0068775790921595595	0.00797799174690509	0.02530949105914718	0.012929848693259973	0.0016506189821182944	0.007702888583218707	0.05144429160935351	0.026685006877579093	0.0049518569463548835	0.008253094910591471	0.030261348005502064	0.01953232462173315	0.003026134800550206	0.0049518569463548835	0.030536451169188447	0.010729023383768913	0.0019257221458046766	0.004401650618982118	0.0	0.018707015130674003	0.0	0.009353507565337002	0.023933975240715267	0.011554332874828061	0.0019257221458046766	0.0049518569463548835	0.02888583218707015	0.004676753782668501	0.0008253094910591472	0.0041265474552957355	0.03961485557083907	0.04594222833562586	0.002751031636863824	0.02200825309491059
0.020357634112792296	0.021182943603851444	0.0005502063273727648	0.010178817056396148	0.04924346629986245	0.026134800550206328	0.003576341127922971	0.008253094910591471	0.0	0.014305364511691884	0.0	0.007152682255845942	0.03741403026134801	0.048968363136176064	0.0038514442916093533	0.027510316368638238	0.022558459422283357	0.020357634112792296	0.002200825309491059	0.009353507565337002	0.03191196698762036	0.014030261348005502	0.0038514442916093533	0.008528198074277854	0.009903713892709767	0.007702888583218707	0.0002751031636863824	0.002751031636863824	0.07427785419532325	0.03356258596973865	0.007152682255845942	0.007427785419532325	0.024484181568088032	0.013480055020632738	0.0024759284731774417	0.007152682255845942	0.053094910591471804	0.026685006877579093	0.003301237964236589	0.008253094910591471	0.029986244841815682	0.01925722145804677	0.003576341127922971	0.0049518569463548835	0.030536451169188447	0.010729023383768913	0.0019257221458046766	0.004401650618982118	0.0	0.01925722145804677	0.0	0.008803301237964236	0.023658872077028884	0.011829436038514442	0.002200825309491059	0.004676753782668501	0.02861072902338377	0.0049518569463548835	0.0011004126547455295	0.0038514442916093533	0.04154057771664374	0.04594222833562586	0.002751031636863824	0.02200825309491059
0.020082530949105913	0.021182943603851444	0.0008253094910591472	0.010178817056396148	0.04869325997248968	0.025859697386519945	0.0038514442916093533	0.008803301237964236	0.0	0.014305364511691884	0.0	0.007152682255845942	0.038239339752407155	0.05034387895460798	0.003026134800550206	0.026134800550206328	0.02283356258596974	0.019807427785419534	0.0019257221458046766	0.009903713892709767	0.03218707015130674	0.014030261348005502	0.003301237964236589	0.008803301237964236	0.009628610729023384	0.007427785419532325	0.0005502063273727648	0.003026134800550206	0.0734525447042641	0.033012379642365884	0.008528198074277854	0.007427785419532325	0.023933975240715267	0.014030261348005502	0.003026134800550206	0.006602475928473178	0.052269601100412656	0.02530949105914718	0.0041265474552957355	0.009628610729023384	0.030536451169188447	0.018982118294360386	0.003301237964236589	0.0049518569463548835	0.030261348005502064	0.010729023383768913	0.002200825309491059	0.004401650618982118	0.0	0.018707015130674003	0.0	0.009353507565337002	0.023658872077028884	0.012104539202200825	0.002200825309491059	0.004401650618982118	0.02888583218707015	0.0049518569463548835	0.0008253094910591472	0.0038514442916093533	0.04154057771664374	0.04594222833562586	0.002751031636863824	0.02200825309491059
0.019807427785419534	0.02090784044016506	0.0011004126547455295	0.01045392022008253	0.048968363136176064	0.02530949105914718	0.0038514442916093533	0.009078404401650619	0.0	0.014580467675378267	0.0	0.0068775790921595595	0.038239339752407155	0.050068775790921595	0.003026134800550206	0.02640990371389271	0.022283356258596974	0.019807427785419534	0.0024759284731774417	0.009903713892709767	0.032462173314993126	0.013480055020632738	0.003301237964236589	0.009078404401650619	0.009078404401650619	0.007702888583218707	0.0008253094910591472	0.003026134800550206	0.07290233837689133	0.03218707015130674	0.008528198074277854	0.008253094910591471	0.02420907840440165	0.013480055020632738	0.002751031636863824	0.007152682255845942	0.051169188445667126	0.02530949105914718	0.0049518569463548835	0.009903713892709767	0.030811554332874826	0.01925722145804677	0.003026134800550206	0.004676753782668501	0.029986244841815682	0.01045392022008253	0.002751031636863824	0.004401650618982118	0.0	0.01843191196698762	0.0	0.009628610729023384	0.023658872077028884	0.012104539202200825	0.0024759284731774417	0.0041265474552957355	0.02861072902338377	0.004676753782668501	0.0011004126547455295	0.0041265474552957355	0.04154057771664374	0.04566712517193948	0.003301237964236589	0.022283356258596974
0.020082530949105913	0.02063273727647868	0.0008253094910591472	0.010729023383768913	0.04869325997248968	0.025584594222833563	0.0041265474552957355	0.008803301237964236	0.0	0.014305364511691884	0.0	0.007152682255845942	0.039339752407152685	0.04979367262723521	0.0019257221458046766	0.026685006877579093	0.022558459422283357	0.01953232462173315	0.002200825309491059	0.010178817056396148	0.033012379642365884	0.013755158184319119	0.002751031636863824	0.008803301237964236	0.009353507565337002	0.007427785419532325	0.0005502063273727648	0.003301237964236589	0.07372764786795048	0.03191196698762036	0.008253094910591471	0.00797799174690509	0.024759284731774415	0.012929848693259973	0.002200825309491059	0.007702888583218707	0.05144429160935351	0.024484181568088032	0.0049518569463548835	0.01045392022008253	0.03108665749656121	0.01925722145804677	0.002751031636863824	0.004676753782668501	0.0297111416781293	0.011004126547455296	0.003026134800550206	0.0038514442916093533	0.0	0.01843191196698762	0.0	0.009628610729023384	0.023658872077028884	0.012104539202200825	0.0024759284731774417	0.0041265474552957355	0.028060522696011003	0.005226960110041265	0.0016506189821182944	0.003576341127922971	0.04126547455295736	0.04594222833562586	0.003576341127922971	0.02200825309491059
0.020082530949105913	0.020357634112792296	0.0008253094910591472	0.011004126547455296	0.04979367262723521	0.02530949105914718	0.0038514442916093533	0.008253094910591471	0.0	0.014580467675378267	0.0	0.0068775790921595595	0.0390646492434663	0.048968363136176064	0.002200825309491059	0.027510316368638238	0.022283356258596974	0.01953232462173315	0.0024759284731774417	0.010178817056396148	0.0327372764786795	0.014305364511691884	0.003301237964236589	0.00797799174690509	0.009353507565337002	0.007427785419532325	0.0008253094910591472	0.003026134800550206	0.07372764786795048	0.03356258596973865	0.00797799174690509	0.007152682255845942	0.02420907840440165	0.01265474552957359	0.002751031636863824	0.00797799174690509	0.05171939477303989	0.024759284731774415	0.004676753782668501	0.010178817056396148	0.031361760660247595	0.020357634112792296	0.002200825309491059	0.0038514442916093533	0.029986244841815682	0.011004126547455296	0.003026134800550206	0.003576341127922971	0.0	0.01843191196698762	0.0	0.009628610729023384	0.023933975240715267	0.012104539202200825	0.0024759284731774417	0.0038514442916093533	0.02778541953232462	0.005226960110041265	0.0019257221458046766	0.003576341127922971	0.040990371389270974	0.04566712517193948	0.003301237964236589	0.022283356258596974
0.019807427785419534	0.02063273727647868	0.0011004126547455295	0.010729023383768913	0.05061898211829436	0.025034387895460797	0.003576341127922971	0.00797799174690509	0.0	0.014305364511691884	0.0	0.007152682255845942	0.039339752407152685	0.04869325997248968	0.0019257221458046766	0.02778541953232462	0.022558459422283357	0.01953232462173315	0.002200825309491059	0.010178817056396148	0.0327372764786795	0.01485557083906465	0.003576341127922971	0.007152682255845942	0.009353507565337002	0.00797799174690509	0.0008253094910591472	0.0024759284731774417	0.07290233837689133	0.03328748280605227	0.008528198074277854	0.007427785419532325	0.024759284731774415	0.012929848693259973	0.002200825309491059	0.007702888583218707	0.05254470426409904	0.023383768913342505	0.004401650618982118	0.011004126547455296	0.03191196698762036	0.020357634112792296	0.0016506189821182944	0.0038514442916093533	0.029986244841815682	0.011279229711141679	0.002751031636863824	0.003576341127922971	0.0	0.018156808803301238	0.0	0.009903713892709767	0.023658872077028884	0.011829436038514442	0.003301237964236589	0.003576341127922971	0.027510316368638238	0.004676753782668501	0.002200825309491059	0.0041265474552957355	0.040990371389270974	0.046217331499312245	0.003576341127922971	0.02173314993122421
0.01953232462173315	0.020082530949105913	0.001375515818431912	0.011279229711141679	0.05034387895460798	0.024484181568088032	0.003576341127922971	0.008803301237964236	0.0	0.014305364511691884	0.0	0.007152682255845942	0.039889958734525444	0.04924346629986245	0.001375515818431912	0.027235213204951855	0.023108665749656122	0.01953232462173315	0.0016506189821182944	0.010178817056396148	0.032462173314993126	0.014305364511691884	0.0041265474552957355	0.007427785419532325	0.009628610729023384	0.00797799174690509	0.0011004126547455295	0.0019257221458046766	0.0718019257221458	0.03356258596973865	0.007427785419532325	0.007427785419532325	0.025034387895460797	0.013480055020632738	0.0019257221458046766	0.007152682255845942	0.05364511691884457	0.023383768913342505	0.003576341127922971	0.010729023383768913	0.03163686382393398	0.020357634112792296	0.0019257221458046766	0.0038514442916093533	0.029986244841815682	0.011554332874828061	0.0024759284731774417	0.003576341127922971	0.0	0.018707015130674003	0.0	0.009353507565337002	0.023383768913342505	0.011829436038514442	0.0038514442916093533	0.003301237964236589	0.027510316368638238	0.004676753782668501	0.002200825309491059	0.0041265474552957355	0.043191196698762035	0.046217331499312245	0.003301237964236589	0.02173314993122421
0.01953232462173315	0.01953232462173315	0.001375515818431912	0.011829436038514442	0.05034387895460798	0.025034387895460797	0.003301237964236589	0.008528198074277854	0.0	0.014305364511691884	0.0	0.007152682255845942	0.03961485557083907	0.04869325997248968	0.0016506189821182944	0.02778541953232462	0.02283356258596974	0.019807427785419534	0.0019257221458046766	0.009903713892709767	0.03328748280605227	0.013204951856946355	0.0038514442916093533	0.00797799174690509	0.009903713892709767	0.008253094910591471	0.0008253094910591472	0.0016506189821182944	0.07262723521320495	0.03328748280605227	0.0068775790921595595	0.007702888583218707	0.025034387895460797	0.013755158184319119	0.0019257221458046766	0.0068775790921595595	0.05364511691884457	0.023933975240715267	0.0041265474552957355	0.009628610729023384	0.03108665749656121	0.020082530949105913	0.0024759284731774417	0.0041265474552957355	0.029436038514442917	0.011554332874828061	0.003026134800550206	0.003576341127922971	0.0	0.018707015130674003	0.0	0.009353507565337002	0.023383768913342505	0.011554332874828061	0.0038514442916093533	0.003576341127922971	0.026960110041265476	0.0049518569463548835	0.002751031636863824	0.0038514442916093533	0.04181568088033012	0.046217331499312245	0.004401650618982118	0.02173314993122421
0.01925722145804677	0.018982118294360386	0.0016506189821182944	0.012379642365887207	0.04979367262723521	0.025859697386519945	0.0041265474552957355	0.007427785419532325	0.0	0.014580467675378267	0.0	0.0068775790921595595	0.039339752407152685	0.04951856946354883	0.0019257221458046766	0.026960110041265476	0.023658872077028884	0.019807427785419534	0.0011004126547455295	0.009903713892709767	0.03328748280605227	0.01265474552957359	0.004401650618982118	0.00797799174690509	0.009903713892709767	0.00797799174690509	0.0011004126547455295	0.0016506189821182944	0.07317744154057772	0.03356258596973865	0.006327372764786795	0.00797799174690509	0.025584594222833563	0.014030261348005502	0.001375515818431912	0.006602475928473178	0.053094910591471804	0.02420907840440165	0.004676753782668501	0.009353507565337002	0.03108665749656121	0.01953232462173315	0.0024759284731774417	0.004676753782668501	0.0297111416781293	0.012104539202200825	0.0024759284731774417	0.003301237964236589	0.0	0.01925722145804677	0.0	0.008803301237964236	0.023658872077028884	0.012104539202200825	0.003576341127922971	0.003026134800550206	0.027235213204951855	0.005226960110041265	0.0024759284731774417	0.003576341127922971	0.04126547455295736	0.04731774415405777	0.004401650618982118	0.02063273727647868
0.018982118294360386	0.01953232462173315	0.0019257221458046766	0.011829436038514442	0.04979367262723521	0.026685006877579093	0.0041265474552957355	0.006602475928473178	0.0	0.014305364511691884	0.0	0.007152682255845942	0.03878954607977992	0.05061898211829436	0.0024759284731774417	0.025859697386519945	0.023933975240715267	0.01953232462173315	0.0008253094910591472	0.010178817056396148	0.033012379642365884	0.012379642365887207	0.004401650618982118	0.008528198074277854	0.009903713892709767	0.00797799174690509	0.0011004126547455295	0.0016506189821182944	0.0751031636863824	0.034112792297111415	0.005777166437414031	0.007702888583218707	0.025584594222833563	0.014030261348005502	0.001375515818431912	0.006602475928473178	0.05337001375515819	0.025034387895460797	0.0041265474552957355	0.008803301237964236	0.030811554332874826	0.01925722145804677	0.0024759284731774417	0.005226960110041265	0.0297111416781293	0.012379642365887207	0.002200825309491059	0.003301237964236589	0.0	0.018982118294360386	0.0	0.009078404401650619	0.024484181568088032	0.012379642365887207	0.002751031636863824	0.002751031636863824	0.027235213204951855	0.005226960110041265	0.0024759284731774417	0.003576341127922971	0.04044016506189821	0.04731774415405777	0.003576341127922971	0.02063273727647868
0.018707015130674003	0.020357634112792296	0.002200825309491059	0.011004126547455296	0.050068775790921595	0.026685006877579093	0.004401650618982118	0.006052269601100412	0.0	0.01485557083906465	0.0	0.006602475928473178	0.03878954607977992	0.05034387895460798	0.0024759284731774417	0.026134800550206328	0.023933975240715267	0.019807427785419534	0.0008253094910591472	0.009903713892709767	0.033012379642365884	0.012104539202200825	0.0041265474552957355	0.009078404401650619	0.010178817056396148	0.007702888583218707	0.0008253094910591472	0.0019257221458046766	0.07290233837689133	0.034112792297111415	0.006052269601100412	0.00797799174690509	0.025034387895460797	0.014305364511691884	0.0019257221458046766	0.006327372764786795	0.054195323246217335	0.02420907840440165	0.003301237964236589	0.009628610729023384	0.029986244841815682	0.018707015130674003	0.003301237964236589	0.005777166437414031	0.030536451169188447	0.011829436038514442	0.0019257221458046766	0.003301237964236589	0.0	0.018707015130674003	0.0	0.009353507565337002	0.023933975240715267	0.012104539202200825	0.002751031636863824	0.003576341127922971	0.027510316368638238	0.005226960110041265	0.002200825309491059	0.003576341127922971	0.04181568088033012	0.048143053645116916	0.0038514442916093533	0.019807427785419534
0.018707015130674003	0.020082530949105913	0.002200825309491059	0.011279229711141679	0.04979367262723521	0.026685006877579093	0.004676753782668501	0.006052269601100412	0.0	0.014305364511691884	0.0	0.007152682255845942	0.0390646492434663	0.04951856946354883	0.002200825309491059	0.026960110041265476	0.023933975240715267	0.01925722145804677	0.0008253094910591472	0.01045392022008253	0.0343878954607978	0.012104539202200825	0.003576341127922971	0.008253094910591471	0.010178817056396148	0.007702888583218707	0.0008253094910591472	0.0019257221458046766	0.07372764786795048	0.03356258596973865	0.006327372764786795	0.008253094910591471	0.025034387895460797	0.014305364511691884	0.0019257221458046766	0.006327372764786795	0.05364511691884457	0.023933975240715267	0.0041265474552957355	0.009628610729023384	0.029436038514442917	0.017881705639614855	0.0041265474552957355	0.006327372764786795	0.030536451169188447	0.011829436038514442	0.0019257221458046766	0.003301237964236589	0.0	0.017881705639614855	0.0	0.010178817056396148	0.024484181568088032	0.012104539202200825	0.0024759284731774417	0.003301237964236589	0.02778541953232462	0.005226960110041265	0.0019257221458046766	0.003576341127922971	0.04071526822558459	0.04759284731774415	0.0041265474552957355	0.020357634112792296
0.01843191196698762	0.02063273727647868	0.0024759284731774417	0.010729023383768913	0.04951856946354883	0.02640990371389271	0.004676753782668501	0.006602475928473178	0.0	0.014305364511691884	0.0	0.007152682255845942	0.03961485557083907	0.04869325997248968	0.0016506189821182944	0.02778541953232462	0.023658872077028884	0.01925722145804677	0.0011004126547455295	0.01045392022008253	0.035213204951856945	0.012104539202200825	0.0024759284731774417	0.008528198074277854	0.010178817056396148	0.007702888583218707	0.0008253094910591472	0.0019257221458046766	0.07372764786795048	0.032462173314993126	0.005777166437414031	0.009353507565337002	0.024484181568088032	0.013755158184319119	0.0024759284731774417	0.0068775790921595595	0.054195323246217335	0.023933975240715267	0.0038514442916093533	0.009353507565337002	0.030536451169188447	0.01843191196698762	0.002751031636863824	0.006052269601100412	0.030536451169188447	0.011004126547455296	0.0019257221458046766	0.0041265474552957355	0.0	0.017881705639614855	0.0	0.010178817056396148	0.025034387895460797	0.011554332874828061	0.002200825309491059	0.003576341127922971	0.02778541953232462	0.005226960110041265	0.0019257221458046766	0.003576341127922971	0.040990371389270974	0.047867950481430534	0.004401650618982118	0.020082530949105913
0.018707015130674003	0.020082530949105913	0.002200825309491059	0.011279229711141679	0.05061898211829436	0.025859697386519945	0.003576341127922971	0.007152682255845942	0.0	0.014030261348005502	0.0	0.007427785419532325	0.039339752407152685	0.0484181568088033	0.0019257221458046766	0.028060522696011003	0.023933975240715267	0.018982118294360386	0.0008253094910591472	0.010729023383768913	0.034112792297111415	0.012104539202200825	0.0038514442916093533	0.008253094910591471	0.010178817056396148	0.007152682255845942	0.0008253094910591472	0.0024759284731774417	0.07152682255845942	0.03218707015130674	0.006327372764786795	0.01045392022008253	0.024484181568088032	0.013755158184319119	0.0024759284731774417	0.0068775790921595595	0.05474552957359009	0.02420907840440165	0.003576341127922971	0.008803301237964236	0.030536451169188447	0.018156808803301238	0.002751031636863824	0.006327372764786795	0.03163686382393398	0.010729023383768913	0.001375515818431912	0.0038514442916093533	0.0	0.017881705639614855	0.0	0.010178817056396148	0.024759284731774415	0.011554332874828061	0.0024759284731774417	0.003576341127922971	0.02778541953232462	0.005226960110041265	0.0019257221458046766	0.003576341127922971	0.04236588720770289	0.04869325997248968	0.0038514442916093533	0.01925722145804677
0.01925722145804677	0.019807427785419534	0.0016506189821182944	0.011554332874828061	0.050068775790921595	0.025859697386519945	0.003576341127922971	0.007702888583218707	0.0	0.014305364511691884	0.0	0.007152682255845942	0.0390646492434663	0.04951856946354883	0.002200825309491059	0.026960110041265476	0.023108665749656122	0.018982118294360386	0.0016506189821182944	0.010729023383768913	0.0343878954607978	0.012379642365887207	0.003576341127922971	0.00797799174690509	0.010178817056396148	0.007427785419532325	0.0008253094910591472	0.002200825309491059	0.0718019257221458	0.03163686382393398	0.006602475928473178	0.011004126547455296	0.023658872077028884	0.013755158184319119	0.003301237964236589	0.0068775790921595595	0.055020632737276476	0.023383768913342505	0.003301237964236589	0.009628610729023384	0.030261348005502064	0.017606602475928473	0.003301237964236589	0.006602475928473178	0.03191196698762036	0.011279229711141679	0.0011004126547455295	0.003301237964236589	0.0	0.01843191196698762	0.0	0.009628610729023384	0.025034387895460797	0.012104539202200825	0.002200825309491059	0.003026134800550206	0.027510316368638238	0.005226960110041265	0.002200825309491059	0.003576341127922971	0.04181568088033012	0.0484181568088033	0.0038514442916093533	0.01953232462173315
0.018982118294360386	0.01953232462173315	0.0019257221458046766	0.011829436038514442	0.05061898211829436	0.025859697386519945	0.003301237964236589	0.007427785419532325	0.0	0.01485557083906465	0.0	0.006602475928473178	0.039339752407152685	0.051169188445667126	0.0019257221458046766	0.02530949105914718	0.023383768913342505	0.017881705639614855	0.001375515818431912	0.011829436038514442	0.03493810178817056	0.012104539202200825	0.003026134800550206	0.008253094910591471	0.01045392022008253	0.0068775790921595595	0.0011004126547455295	0.002200825309491059	0.07235213204951857	0.032462173314993126	0.006602475928473178	0.009628610729023384	0.023108665749656122	0.014030261348005502	0.0038514442916093533	0.006602475928473178	0.05639614855570839	0.022558459422283357	0.002751031636863824	0.009628610729023384	0.030811554332874826	0.017606602475928473	0.002751031636863824	0.006602475928473178	0.03163686382393398	0.010729023383768913	0.0016506189821182944	0.003576341127922971	0.0	0.01843191196698762	0.0	0.009628610729023384	0.02530949105914718	0.011829436038514442	0.0019257221458046766	0.003301237964236589	0.027510316368638238	0.005502063273727648	0.002200825309491059	0.003301237964236589	0.04181568088033012	0.048143053645116916	0.0038514442916093533	0.019807427785419534
0.01925722145804677	0.01925722145804677	0.0016506189821182944	0.012104539202200825	0.05089408528198074	0.02640990371389271	0.002751031636863824	0.007152682255845942	0.0	0.014580467675378267	0.0	0.0068775790921595595	0.03878954607977992	0.05144429160935351	0.0024759284731774417	0.025034387895460797	0.023658872077028884	0.01843191196698762	0.0011004126547455295	0.011279229711141679	0.035213204951856945	0.01265474552957359	0.003301237964236589	0.007152682255845942	0.011004126547455296	0.006602475928473178	0.0008253094910591472	0.002200825309491059	0.0718019257221458	0.03218707015130674	0.0068775790921595595	0.010178817056396148	0.023383768913342505	0.013755158184319119	0.003576341127922971	0.0068775790921595595	0.055845942228335624	0.02283356258596974	0.003301237964236589	0.009353507565337002	0.030536451169188447	0.017056396148555707	0.003301237964236589	0.0068775790921595595	0.03218707015130674	0.011004126547455296	0.001375515818431912	0.003026134800550206	0.0	0.018982118294360386	0.0	0.009078404401650619	0.024484181568088032	0.011554332874828061	0.0024759284731774417	0.0038514442916093533	0.026960110041265476	0.005502063273727648	0.002751031636863824	0.003301237964236589	0.04181568088033012	0.04869325997248968	0.0038514442916093533	0.01925722145804677
0.01925722145804677	0.01925722145804677	0.0016506189821182944	0.012104539202200825	0.05171939477303989	0.02530949105914718	0.002751031636863824	0.007427785419532325	0.0	0.014030261348005502	0.0	0.007427785419532325	0.03851444291609354	0.05144429160935351	0.002751031636863824	0.025034387895460797	0.023383768913342505	0.018707015130674003	0.001375515818431912	0.011004126547455296	0.03548830811554333	0.012379642365887207	0.003026134800550206	0.007427785419532325	0.011004126547455296	0.006602475928473178	0.0005502063273727648	0.0024759284731774417	0.0718019257221458	0.033012379642365884	0.007152682255845942	0.009078404401650619	0.024484181568088032	0.013755158184319119	0.0024759284731774417	0.0068775790921595595	0.055845942228335624	0.023108665749656122	0.003026134800550206	0.009353507565337002	0.029986244841815682	0.017606602475928473	0.003301237964236589	0.0068775790921595595	0.03218707015130674	0.01045392022008253	0.0016506189821182944	0.003301237964236589	0.0	0.018707015130674003	0.0	0.009353507565337002	0.024759284731774415	0.011554332874828061	0.0024759284731774417	0.003576341127922971	0.026960110041265476	0.005502063273727648	0.002751031636863824	0.003301237964236589	0.04181568088033012	0.0484181568088033	0.0038514442916093533	0.01953232462173315
0.01925722145804677	0.01953232462173315	0.0016506189821182944	0.011829436038514442	0.05061898211829436	0.026134800550206328	0.0038514442916093533	0.006602475928473178	0.0	0.013755158184319119	0.0	0.007702888583218707	0.03796423658872077	0.05061898211829436	0.003301237964236589	0.025859697386519945	0.023108665749656122	0.01953232462173315	0.0016506189821182944	0.010178817056396148	0.035213204951856945	0.01265474552957359	0.003026134800550206	0.007427785419532325	0.010729023383768913	0.0068775790921595595	0.0002751031636863824	0.002751031636863824	0.07235213204951857	0.032462173314993126	0.006052269601100412	0.009628610729023384	0.02530949105914718	0.014030261348005502	0.0016506189821182944	0.006602475928473178	0.05557083906464924	0.023658872077028884	0.002751031636863824	0.009353507565337002	0.03108665749656121	0.017606602475928473	0.0024759284731774417	0.006602475928473178	0.03191196698762036	0.009903713892709767	0.0019257221458046766	0.0038514442916093533	0.0	0.01925722145804677	0.0	0.008803301237964236	0.024759284731774415	0.012104539202200825	0.002200825309491059	0.003301237964236589	0.027235213204951855	0.005502063273727648	0.0024759284731774417	0.003301237964236589	0.0437414030261348	0.04759284731774415	0.0024759284731774417	0.020357634112792296
0.01925722145804677	0.01953232462173315	0.0016506189821182944	0.011829436038514442	0.051169188445667126	0.02640990371389271	0.003301237964236589	0.006327372764786795	0.0	0.013204951856946355	0.0	0.008253094910591471	0.038239339752407155	0.051169188445667126	0.003026134800550206	0.02530949105914718	0.023108665749656122	0.01925722145804677	0.0016506189821182944	0.01045392022008253	0.03466299862448418	0.013204951856946355	0.003576341127922971	0.0068775790921595595	0.010729023383768913	0.0068775790921595595	0.0002751031636863824	0.002751031636863824	0.07290233837689133	0.032462173314993126	0.005777166437414031	0.009078404401650619	0.025584594222833563	0.014305364511691884	0.001375515818431912	0.006327372764786795	0.055020632737276476	0.024484181568088032	0.003576341127922971	0.008253094910591471	0.030261348005502064	0.017606602475928473	0.003576341127922971	0.006327372764786795	0.03218707015130674	0.010178817056396148	0.0016506189821182944	0.003576341127922971	0.0	0.01953232462173315	0.0	0.008528198074277854	0.02530949105914718	0.011554332874828061	0.002751031636863824	0.002751031636863824	0.027235213204951855	0.005226960110041265	0.0024759284731774417	0.003576341127922971	0.04456671251719395	0.047867950481430534	0.0019257221458046766	0.020082530949105913
0.01925722145804677	0.020082530949105913	0.0016506189821182944	0.011279229711141679	0.05144429160935351	0.02640990371389271	0.003026134800550206	0.006327372764786795	0.0	0.013204951856946355	0.0	0.008253094910591471	0.03851444291609354	0.051169188445667126	0.002751031636863824	0.02530949105914718	0.023108665749656122	0.018982118294360386	0.0016506189821182944	0.010729023383768913	0.03466299862448418	0.014305364511691884	0.003301237964236589	0.006052269601100412	0.010729023383768913	0.006602475928473178	0.0005502063273727648	0.002751031636863824	0.0734525447042641	0.033012379642365884	0.006327372764786795	0.008803301237964236	0.025034387895460797	0.014305364511691884	0.0019257221458046766	0.006327372764786795	0.05474552957359009	0.02420907840440165	0.004401650618982118	0.00797799174690509	0.030536451169188447	0.017606602475928473	0.003576341127922971	0.006052269601100412	0.03218707015130674	0.010178817056396148	0.001375515818431912	0.0038514442916093533	0.0	0.01925722145804677	0.0	0.008803301237964236	0.024759284731774415	0.011279229711141679	0.003301237964236589	0.003026134800550206	0.026960110041265476	0.005502063273727648	0.002751031636863824	0.003301237964236589	0.04236588720770289	0.04759284731774415	0.002751031636863824	0.020357634112792296
0.01925722145804677	0.020082530949105913	0.0016506189821182944	0.011279229711141679	0.050068775790921595	0.027510316368638238	0.0041265474552957355	0.005502063273727648	0.0	0.013480055020632738	0.0	0.00797799174690509	0.03768913342503439	0.05089408528198074	0.003576341127922971	0.025584594222833563	0.02283356258596974	0.018707015130674003	0.0019257221458046766	0.011004126547455296	0.03493810178817056	0.013755158184319119	0.003576341127922971	0.006052269601100412	0.010729023383768913	0.006327372764786795	0.0005502063273727648	0.003026134800550206	0.07427785419532325	0.03328748280605227	0.005502063273727648	0.008803301237964236	0.02530949105914718	0.014030261348005502	0.0016506189821182944	0.006602475928473178	0.05557083906464924	0.023933975240715267	0.003576341127922971	0.008253094910591471	0.030536451169188447	0.017606602475928473	0.003301237964236589	0.006327372764786795	0.03191196698762036	0.010178817056396148	0.0019257221458046766	0.003576341127922971	0.0	0.01925722145804677	0.0	0.008803301237964236	0.023933975240715267	0.011829436038514442	0.0038514442916093533	0.002751031636863824	0.026960110041265476	0.005777166437414031	0.002751031636863824	0.003026134800550206	0.04236588720770289	0.047867950481430534	0.0024759284731774417	0.020082530949105913
0.01925722145804677	0.020082530949105913	0.0016506189821182944	0.011279229711141679	0.050068775790921595	0.027235213204951855	0.0041265474552957355	0.005777166437414031	0.0	0.014030261348005502	0.0	0.007427785419532325	0.03768913342503439	0.05034387895460798	0.003576341127922971	0.026134800550206328	0.02283356258596974	0.018982118294360386	0.0019257221458046766	0.010729023383768913	0.035213204951856945	0.014305364511691884	0.003026134800550206	0.005777166437414031	0.010729023383768913	0.006052269601100412	0.0005502063273727648	0.003301237964236589	0.07455295735900963	0.03328748280605227	0.006052269601100412	0.00797799174690509	0.025859697386519945	0.014030261348005502	0.0011004126547455295	0.006602475928473178	0.05364511691884457	0.023658872077028884	0.005502063273727648	0.008528198074277854	0.029436038514442917	0.018156808803301238	0.0038514442916093533	0.006327372764786795	0.031361760660247595	0.010729023383768913	0.0019257221458046766	0.003576341127922971	0.0	0.01925722145804677	0.0	0.008803301237964236	0.02420907840440165	0.011554332874828061	0.0038514442916093533	0.002751031636863824	0.02640990371389271	0.005502063273727648	0.003301237964236589	0.003301237964236589	0.043191196698762035	0.04676753782668501	0.0016506189821182944	0.021182943603851444
0.01925722145804677	0.01953232462173315	0.0016506189821182944	0.011829436038514442	0.04979367262723521	0.027235213204951855	0.0041265474552957355	0.006052269601100412	0.0	0.014030261348005502	0.0	0.007427785419532325	0.03768913342503439	0.05089408528198074	0.003576341127922971	0.025584594222833563	0.023383768913342505	0.018982118294360386	0.001375515818431912	0.010729023383768913	0.03548830811554333	0.014305364511691884	0.002751031636863824	0.005777166437414031	0.010729023383768913	0.006052269601100412	0.0008253094910591472	0.003026134800550206	0.07702888583218707	0.033012379642365884	0.0049518569463548835	0.00797799174690509	0.026134800550206328	0.014305364511691884	0.0008253094910591472	0.006327372764786795	0.05364511691884457	0.023658872077028884	0.005502063273727648	0.008528198074277854	0.029436038514442917	0.018156808803301238	0.0038514442916093533	0.006327372764786795	0.03108665749656121	0.010729023383768913	0.002200825309491059	0.003576341127922971	0.0	0.01925722145804677	0.0	0.008803301237964236	0.02420907840440165	0.011554332874828061	0.0038514442916093533	0.002751031636863824	0.026960110041265476	0.005777166437414031	0.002751031636863824	0.003026134800550206	0.04154057771664374	0.04731774415405777	0.002200825309491059	0.02063273727647868
0.01925722145804677	0.01953232462173315	0.0016506189821182944	0.011829436038514442	0.050068775790921595	0.025584594222833563	0.0038514442916093533	0.007702888583218707	0.0	0.014580467675378267	0.0	0.0068775790921595595	0.03796423658872077	0.05089408528198074	0.003301237964236589	0.025584594222833563	0.023658872077028884	0.01925722145804677	0.0011004126547455295	0.01045392022008253	0.03493810178817056	0.015130674002751032	0.003301237964236589	0.0049518569463548835	0.010729023383768913	0.005777166437414031	0.0008253094910591472	0.003301237964236589	0.07895460797799175	0.0327372764786795	0.0049518569463548835	0.008253094910591471	0.026134800550206328	0.014580467675378267	0.0008253094910591472	0.006052269601100412	0.05364511691884457	0.023383768913342505	0.006052269601100412	0.008253094910591471	0.0297111416781293	0.018156808803301238	0.003576341127922971	0.006327372764786795	0.030811554332874826	0.01045392022008253	0.0024759284731774417	0.0038514442916093533	0.0	0.018982118294360386	0.0	0.009078404401650619	0.024484181568088032	0.011829436038514442	0.003301237964236589	0.002751031636863824	0.027235213204951855	0.005777166437414031	0.0024759284731774417	0.003026134800550206	0.039339752407152685	0.04924346629986245	0.0024759284731774417	0.018707015130674003
0.018982118294360386	0.01953232462173315	0.0019257221458046766	0.011829436038514442	0.050068775790921595	0.02530949105914718	0.0041265474552957355	0.007702888583218707	0.0	0.014305364511691884	0.0	0.007152682255845942	0.038239339752407155	0.050068775790921595	0.003026134800550206	0.02640990371389271	0.023383768913342505	0.01925722145804677	0.001375515818431912	0.01045392022008253	0.036313617606602476	0.015680880330123798	0.003301237964236589	0.003026134800550206	0.01045392022008253	0.005777166437414031	0.0011004126547455295	0.003301237964236589	0.07840440165061899	0.03218707015130674	0.0049518569463548835	0.008803301237964236	0.026134800550206328	0.014305364511691884	0.0008253094910591472	0.006327372764786795	0.05337001375515819	0.023108665749656122	0.006602475928473178	0.008253094910591471	0.0297111416781293	0.01843191196698762	0.003576341127922971	0.006052269601100412	0.03108665749656121	0.010178817056396148	0.002751031636863824	0.003576341127922971	0.0	0.01925722145804677	0.0	0.008803301237964236	0.023933975240715267	0.012104539202200825	0.003576341127922971	0.002751031636863824	0.026685006877579093	0.005502063273727648	0.003026134800550206	0.003301237964236589	0.04044016506189821	0.04951856946354883	0.0019257221458046766	0.01843191196698762
0.018982118294360386	0.01925722145804677	0.0019257221458046766	0.012104539202200825	0.05034387895460798	0.02530949105914718	0.0041265474552957355	0.007427785419532325	0.0	0.014030261348005502	0.0	0.007427785419532325	0.03741403026134801	0.04924346629986245	0.0038514442916093533	0.027235213204951855	0.023933975240715267	0.018982118294360386	0.0008253094910591472	0.010729023383768913	0.03686382393397524	0.015680880330123798	0.0024759284731774417	0.003301237964236589	0.01045392022008253	0.005502063273727648	0.001375515818431912	0.003301237964236589	0.07647867950481431	0.032462173314993126	0.006602475928473178	0.009078404401650619	0.025859697386519945	0.014305364511691884	0.0011004126547455295	0.006327372764786795	0.05392022008253095	0.023383768913342505	0.006052269601100412	0.00797799174690509	0.030261348005502064	0.01843191196698762	0.003301237964236589	0.005777166437414031	0.03191196698762036	0.009903713892709767	0.002200825309491059	0.003576341127922971	0.0	0.01925722145804677	0.0	0.008803301237964236	0.023933975240715267	0.011554332874828061	0.003576341127922971	0.003301237964236589	0.02640990371389271	0.005226960110041265	0.003301237964236589	0.003576341127922971	0.040165061898211826	0.0484181568088033	0.0019257221458046766	0.01953232462173315
0.01843191196698762	0.018707015130674003	0.0024759284731774417	0.01265474552957359	0.05061898211829436	0.02530949105914718	0.0038514442916093533	0.007427785419532325	0.0	0.014580467675378267	0.0	0.0068775790921595595	0.03796423658872077	0.04951856946354883	0.003301237964236589	0.026960110041265476	0.023658872077028884	0.01953232462173315	0.0011004126547455295	0.010178817056396148	0.036313617606602476	0.015680880330123798	0.003026134800550206	0.003301237964236589	0.01045392022008253	0.005226960110041265	0.0016506189821182944	0.003301237964236589	0.07482806052269601	0.03191196698762036	0.0068775790921595595	0.009628610729023384	0.025584594222833563	0.01485557083906465	0.001375515818431912	0.005777166437414031	0.05447042640990371	0.023108665749656122	0.005502063273727648	0.008253094910591471	0.03108665749656121	0.018156808803301238	0.002751031636863824	0.005777166437414031	0.03218707015130674	0.009903713892709767	0.0019257221458046766	0.003576341127922971	0.0	0.01953232462173315	0.0	0.008528198074277854	0.02420907840440165	0.011829436038514442	0.003026134800550206	0.003301237964236589	0.027510316368638238	0.005226960110041265	0.002200825309491059	0.003576341127922971	0.04154057771664374	0.04951856946354883	0.0019257221458046766	0.01843191196698762
0.018982118294360386	0.018707015130674003	0.0019257221458046766	0.01265474552957359	0.05061898211829436	0.02420907840440165	0.0041265474552957355	0.008253094910591471	0.0	0.01485557083906465	0.0	0.006602475928473178	0.038239339752407155	0.04979367262723521	0.003026134800550206	0.026685006877579093	0.023383768913342505	0.020357634112792296	0.001375515818431912	0.009353507565337002	0.03658872077028886	0.015680880330123798	0.002751031636863824	0.003301237964236589	0.01045392022008253	0.005502063273727648	0.0016506189821182944	0.003026134800550206	0.07427785419532325	0.03218707015130674	0.006602475928473178	0.009628610729023384	0.02530949105914718	0.014580467675378267	0.0016506189821182944	0.006052269601100412	0.054195323246217335	0.022283356258596974	0.006327372764786795	0.008528198074277854	0.03108665749656121	0.017056396148555707	0.0024759284731774417	0.007152682255845942	0.0327372764786795	0.010178817056396148	0.0019257221458046766	0.002751031636863824	0.0	0.019807427785419534	0.0	0.008253094910591471	0.023933975240715267	0.011279229711141679	0.003576341127922971	0.003576341127922971	0.02778541953232462	0.0049518569463548835	0.0019257221458046766	0.0038514442916093533	0.04126547455295736	0.048968363136176064	0.002751031636863824	0.018982118294360386
0.018982118294360386	0.01953232462173315	0.0019257221458046766	0.011829436038514442	0.05061898211829436	0.02420907840440165	0.0041265474552957355	0.008253094910591471	0.0	0.014580467675378267	0.0	0.0068775790921595595	0.03851444291609354	0.05144429160935351	0.002751031636863824	0.025034387895460797	0.023383768913342505	0.020082530949105913	0.001375515818431912	0.009628610729023384	0.03686382393397524	0.015405777166437413	0.002751031636863824	0.003301237964236589	0.01045392022008253	0.005502063273727648	0.0016506189821182944	0.003026134800550206	0.07482806052269601	0.030811554332874826	0.0068775790921595595	0.010178817056396148	0.02530949105914718	0.015130674002751032	0.0016506189821182944	0.005502063273727648	0.05529573590096286	0.022283356258596974	0.005777166437414031	0.00797799174690509	0.030536451169188447	0.016781292984869325	0.003576341127922971	0.0068775790921595595	0.032462173314993126	0.010178817056396148	0.002200825309491059	0.002751031636863824	0.0	0.020357634112792296	0.0	0.007702888583218707	0.023933975240715267	0.011279229711141679	0.0038514442916093533	0.003301237964236589	0.027235213204951855	0.0049518569463548835	0.0024759284731774417	0.0038514442916093533	0.04126547455295736	0.04869325997248968	0.002751031636863824	0.01925722145804677
0.018982118294360386	0.019807427785419534	0.0019257221458046766	0.011554332874828061	0.05061898211829436	0.02420907840440165	0.004401650618982118	0.00797799174690509	0.0	0.014580467675378267	0.0	0.0068775790921595595	0.03768913342503439	0.05144429160935351	0.003576341127922971	0.025034387895460797	0.023108665749656122	0.020357634112792296	0.0016506189821182944	0.009353507565337002	0.036313617606602476	0.015130674002751032	0.003576341127922971	0.003301237964236589	0.009903713892709767	0.005502063273727648	0.002200825309491059	0.003026134800550206	0.07482806052269601	0.031361760660247595	0.005777166437414031	0.010178817056396148	0.02530949105914718	0.015130674002751032	0.0016506189821182944	0.005502063273727648	0.05557083906464924	0.02283356258596974	0.005502063273727648	0.007427785419532325	0.031361760660247595	0.016781292984869325	0.003301237964236589	0.006327372764786795	0.032462173314993126	0.01045392022008253	0.0019257221458046766	0.002751031636863824	0.0	0.020082530949105913	0.0	0.00797799174690509	0.024484181568088032	0.011004126547455296	0.0041265474552957355	0.002751031636863824	0.027235213204951855	0.004676753782668501	0.0024759284731774417	0.0041265474552957355	0.04181568088033012	0.048968363136176064	0.002751031636863824	0.018982118294360386
0.018982118294360386	0.02090784044016506	0.0019257221458046766	0.01045392022008253	0.05061898211829436	0.023658872077028884	0.004676753782668501	0.008253094910591471	0.0	0.014580467675378267	0.0	0.0068775790921595595	0.03686382393397524	0.051169188445667126	0.004401650618982118	0.02530949105914718	0.02283356258596974	0.02090784044016506	0.0019257221458046766	0.008803301237964236	0.036313617606602476	0.015405777166437413	0.003026134800550206	0.003576341127922971	0.009903713892709767	0.005502063273727648	0.0024759284731774417	0.002751031636863824	0.07565337001375516	0.03108665749656121	0.004676753782668501	0.01045392022008253	0.025034387895460797	0.015130674002751032	0.0019257221458046766	0.005502063273727648	0.05639614855570839	0.023383768913342505	0.005502063273727648	0.006052269601100412	0.03191196698762036	0.016781292984869325	0.002751031636863824	0.006327372764786795	0.032462173314993126	0.01045392022008253	0.0019257221458046766	0.002751031636863824	0.0	0.020357634112792296	0.0	0.007702888583218707	0.025584594222833563	0.01045392022008253	0.003026134800550206	0.003301237964236589	0.027235213204951855	0.0049518569463548835	0.0024759284731774417	0.0038514442916093533	0.04181568088033012	0.0484181568088033	0.003026134800550206	0.01953232462173315
0.01925722145804677	0.02063273727647868	0.0016506189821182944	0.010729023383768913	0.05061898211829436	0.02420907840440165	0.005226960110041265	0.007152682255845942	0.0	0.01485557083906465	0.0	0.006602475928473178	0.03796423658872077	0.05061898211829436	0.003301237964236589	0.025859697386519945	0.022558459422283357	0.019807427785419534	0.002200825309491059	0.009903713892709767	0.03576341127922971	0.015405777166437413	0.0038514442916093533	0.003301237964236589	0.01045392022008253	0.005226960110041265	0.002751031636863824	0.002200825309491059	0.07482806052269601	0.03108665749656121	0.005226960110041265	0.010729023383768913	0.025034387895460797	0.015130674002751032	0.0019257221458046766	0.005502063273727648	0.056946354883081154	0.02283356258596974	0.005226960110041265	0.006327372764786795	0.03191196698762036	0.016781292984869325	0.003026134800550206	0.006052269601100412	0.03163686382393398	0.010729023383768913	0.0024759284731774417	0.002751031636863824	0.0	0.020357634112792296	0.0	0.007702888583218707	0.025034387895460797	0.01045392022008253	0.003301237964236589	0.003576341127922971	0.02778541953232462	0.005226960110041265	0.0019257221458046766	0.003576341127922971	0.04236588720770289	0.0484181568088033	0.0024759284731774417	0.01953232462173315
0.01953232462173315	0.021182943603851444	0.001375515818431912	0.010178817056396148	0.05061898211829436	0.02420907840440165	0.0049518569463548835	0.007427785419532325	0.0	0.015130674002751032	0.0	0.006327372764786795	0.03796423658872077	0.05171939477303989	0.003301237964236589	0.024759284731774415	0.02200825309491059	0.01925722145804677	0.002751031636863824	0.01045392022008253	0.03548830811554333	0.015130674002751032	0.0041265474552957355	0.003576341127922971	0.011004126547455296	0.005226960110041265	0.0024759284731774417	0.0019257221458046766	0.07537826685006878	0.030536451169188447	0.006327372764786795	0.010729023383768913	0.02530949105914718	0.01485557083906465	0.0016506189821182944	0.005777166437414031	0.05749656121045392	0.02283356258596974	0.004676753782668501	0.006327372764786795	0.03191196698762036	0.016506189821182942	0.003301237964236589	0.006052269601100412	0.031361760660247595	0.010178817056396148	0.003301237964236589	0.002751031636863824	0.0	0.020082530949105913	0.0	0.00797799174690509	0.025859697386519945	0.01045392022008253	0.002751031636863824	0.003301237964236589	0.028060522696011003	0.005226960110041265	0.0016506189821182944	0.003576341127922971	0.04071526822558459	0.0484181568088033	0.003026134800550206	0.01953232462173315
0.01925722145804677	0.021182943603851444	0.0016506189821182944	0.010178817056396148	0.051169188445667126	0.023108665749656122	0.005226960110041265	0.007702888583218707	0.0	0.01595598349381018	0.0	0.005502063273727648	0.03768913342503439	0.05089408528198074	0.003576341127922971	0.025584594222833563	0.02200825309491059	0.01953232462173315	0.002751031636863824	0.010178817056396148	0.03493810178817056	0.014580467675378267	0.004676753782668501	0.0041265474552957355	0.011554332874828061	0.005502063273727648	0.002200825309491059	0.001375515818431912	0.07427785419532325	0.029986244841815682	0.007427785419532325	0.011004126547455296	0.024759284731774415	0.014305364511691884	0.002200825309491059	0.006327372764786795	0.05722145804676754	0.022558459422283357	0.005502063273727648	0.006052269601100412	0.03218707015130674	0.016781292984869325	0.003026134800550206	0.005777166437414031	0.03218707015130674	0.01045392022008253	0.002200825309491059	0.002751031636863824	0.0	0.020082530949105913	0.0	0.00797799174690509	0.025859697386519945	0.010729023383768913	0.0024759284731774417	0.003301237964236589	0.02861072902338377	0.0049518569463548835	0.0011004126547455295	0.0038514442916093533	0.040990371389270974	0.04869325997248968	0.003026134800550206	0.01925722145804677
0.018982118294360386	0.02090784044016506	0.0019257221458046766	0.01045392022008253	0.05144429160935351	0.023383768913342505	0.004676753782668501	0.007702888583218707	0.0	0.016231086657496563	0.0	0.005226960110041265	0.03796423658872077	0.05089408528198074	0.003301237964236589	0.025584594222833563	0.021458046767537826	0.020082530949105913	0.003301237964236589	0.009628610729023384	0.03603851444291609	0.01485557083906465	0.003576341127922971	0.0038514442916093533	0.011829436038514442	0.005502063273727648	0.0019257221458046766	0.001375515818431912	0.07482806052269601	0.029986244841815682	0.007702888583218707	0.01045392022008253	0.025034387895460797	0.014305364511691884	0.0019257221458046766	0.006327372764786795	0.05667125171939477	0.021458046767537826	0.006052269601100412	0.007152682255845942	0.03191196698762036	0.016506189821182942	0.003301237964236589	0.006052269601100412	0.03218707015130674	0.011004126547455296	0.0024759284731774417	0.0019257221458046766	0.0	0.020082530949105913	0.0	0.00797799174690509	0.026134800550206328	0.010729023383768913	0.0019257221458046766	0.003576341127922971	0.02888583218707015	0.0049518569463548835	0.0008253094910591472	0.0038514442916093533	0.039889958734525444	0.04869325997248968	0.0038514442916093533	0.01925722145804677
0.01925722145804677	0.021182943603851444	0.0016506189821182944	0.010178817056396148	0.05171939477303989	0.023658872077028884	0.004401650618982118	0.007427785419532325	0.0	0.016231086657496563	0.0	0.005226960110041265	0.038239339752407155	0.051169188445667126	0.003026134800550206	0.02530949105914718	0.02173314993122421	0.020357634112792296	0.003026134800550206	0.009353507565337002	0.036313617606602476	0.015130674002751032	0.003576341127922971	0.003301237964236589	0.012379642365887207	0.005502063273727648	0.0011004126547455295	0.0016506189821182944	0.07620357634112793	0.030811554332874826	0.008253094910591471	0.009628610729023384	0.025034387895460797	0.014305364511691884	0.0019257221458046766	0.006327372764786795	0.056121045392022006	0.02200825309491059	0.006327372764786795	0.0068775790921595595	0.032462173314993126	0.016506189821182942	0.002751031636863824	0.006052269601100412	0.03218707015130674	0.01045392022008253	0.0024759284731774417	0.0024759284731774417	0.0	0.019807427785419534	0.0	0.008253094910591471	0.025859697386519945	0.011279229711141679	0.002200825309491059	0.003026134800550206	0.02888583218707015	0.005226960110041265	0.0008253094910591472	0.003576341127922971	0.03796423658872077	0.048143053645116916	0.0038514442916093533	0.019807427785419534
0.01925722145804677	0.02090784044016506	0.0016506189821182944	0.01045392022008253	0.05144429160935351	0.023658872077028884	0.005226960110041265	0.0068775790921595595	0.0	0.016781292984869325	0.0	0.004676753782668501	0.03851444291609354	0.05089408528198074	0.002751031636863824	0.025584594222833563	0.02200825309491059	0.020082530949105913	0.002751031636863824	0.009628610729023384	0.03658872077028886	0.015405777166437413	0.003576341127922971	0.002751031636863824	0.012379642365887207	0.005502063273727648	0.0011004126547455295	0.0016506189821182944	0.07620357634112793	0.030536451169188447	0.007702888583218707	0.01045392022008253	0.025034387895460797	0.014305364511691884	0.0019257221458046766	0.006327372764786795	0.05667125171939477	0.02283356258596974	0.006602475928473178	0.005226960110041265	0.032462173314993126	0.016506189821182942	0.002751031636863824	0.006052269601100412	0.032462173314993126	0.01045392022008253	0.002200825309491059	0.0024759284731774417	0.0	0.020082530949105913	0.0	0.00797799174690509	0.025859697386519945	0.011279229711141679	0.002200825309491059	0.003026134800550206	0.02861072902338377	0.0049518569463548835	0.0011004126547455295	0.0038514442916093533	0.038239339752407155	0.04759284731774415	0.003576341127922971	0.020357634112792296
0.019807427785419534	0.02173314993122421	0.0011004126547455295	0.009628610729023384	0.052269601100412656	0.023933975240715267	0.004401650618982118	0.006602475928473178	0.0	0.017056396148555707	0.0	0.004401650618982118	0.03851444291609354	0.05144429160935351	0.002751031636863824	0.025034387895460797	0.022283356258596974	0.01953232462173315	0.0024759284731774417	0.010178817056396148	0.03686382393397524	0.015130674002751032	0.003301237964236589	0.003026134800550206	0.01265474552957359	0.005502063273727648	0.0008253094910591472	0.0016506189821182944	0.0781292984869326	0.0297111416781293	0.007702888583218707	0.01045392022008253	0.025034387895460797	0.014580467675378267	0.0019257221458046766	0.006052269601100412	0.05667125171939477	0.02283356258596974	0.006327372764786795	0.005502063273727648	0.03191196698762036	0.017056396148555707	0.003026134800550206	0.005777166437414031	0.03218707015130674	0.01045392022008253	0.002751031636863824	0.002200825309491059	0.0	0.019807427785419534	0.0	0.008253094910591471	0.026134800550206328	0.011554332874828061	0.0019257221458046766	0.002751031636863824	0.02861072902338377	0.004676753782668501	0.0011004126547455295	0.0041265474552957355	0.03741403026134801	0.04704264099037139	0.003301237964236589	0.02090784044016506
0.01925722145804677	0.021458046767537826	0.0016506189821182944	0.009903713892709767	0.05281980742778542	0.023383768913342505	0.004401650618982118	0.006602475928473178	0.0	0.016781292984869325	0.0	0.004676753782668501	0.0390646492434663	0.05061898211829436	0.002200825309491059	0.025859697386519945	0.022283356258596974	0.020357634112792296	0.0024759284731774417	0.009353507565337002	0.036313617606602476	0.015130674002751032	0.0038514442916093533	0.003026134800550206	0.012929848693259973	0.005777166437414031	0.0005502063273727648	0.001375515818431912	0.07922971114167814	0.029986244841815682	0.007152682255845942	0.009903713892709767	0.024759284731774415	0.014305364511691884	0.002200825309491059	0.006327372764786795	0.05859697386519945	0.022283356258596974	0.004676753782668501	0.005777166437414031	0.032462173314993126	0.016781292984869325	0.002751031636863824	0.005777166437414031	0.03191196698762036	0.010729023383768913	0.003026134800550206	0.0019257221458046766	0.0	0.019807427785419534	0.0	0.008253094910591471	0.025859697386519945	0.012104539202200825	0.002200825309491059	0.002200825309491059	0.02861072902338377	0.0049518569463548835	0.0011004126547455295	0.0038514442916093533	0.03851444291609354	0.04676753782668501	0.0019257221458046766	0.021182943603851444
0.01925722145804677	0.021182943603851444	0.0016506189821182944	0.010178817056396148	0.05337001375515819	0.023108665749656122	0.004401650618982118	0.006327372764786795	0.0	0.016781292984869325	0.0	0.004676753782668501	0.0390646492434663	0.052269601100412656	0.002200825309491059	0.02420907840440165	0.022558459422283357	0.019807427785419534	0.002200825309491059	0.009903713892709767	0.03548830811554333	0.015680880330123798	0.0041265474552957355	0.003026134800550206	0.012929848693259973	0.005502063273727648	0.0005502063273727648	0.0016506189821182944	0.07895460797799175	0.029436038514442917	0.007152682255845942	0.009903713892709767	0.02420907840440165	0.013755158184319119	0.002751031636863824	0.0068775790921595595	0.05859697386519945	0.022558459422283357	0.004676753782668501	0.005502063273727648	0.03163686382393398	0.017056396148555707	0.003576341127922971	0.005502063273727648	0.03218707015130674	0.010729023383768913	0.002751031636863824	0.0019257221458046766	0.0	0.020357634112792296	0.0	0.007702888583218707	0.026134800550206328	0.011554332874828061	0.0019257221458046766	0.002751031636863824	0.02861072902338377	0.004676753782668501	0.0011004126547455295	0.0041265474552957355	0.03961485557083907	0.04704264099037139	0.0016506189821182944	0.02090784044016506
0.01953232462173315	0.021458046767537826	0.001375515818431912	0.009903713892709767	0.05364511691884457	0.022558459422283357	0.004676753782668501	0.006327372764786795	0.0	0.016231086657496563	0.0	0.005226960110041265	0.0390646492434663	0.051994497936726274	0.002200825309491059	0.024484181568088032	0.023108665749656122	0.01953232462173315	0.0016506189821182944	0.010178817056396148	0.03548830811554333	0.015680880330123798	0.0038514442916093533	0.003301237964236589	0.01265474552957359	0.005502063273727648	0.0008253094910591472	0.0016506189821182944	0.08005502063273727	0.02888583218707015	0.008253094910591471	0.009628610729023384	0.024484181568088032	0.014305364511691884	0.0024759284731774417	0.006327372764786795	0.058046767537826685	0.022283356258596974	0.004676753782668501	0.006327372764786795	0.03191196698762036	0.01733149931224209	0.003576341127922971	0.0049518569463548835	0.03191196698762036	0.010729023383768913	0.003026134800550206	0.0019257221458046766	0.0	0.02063273727647868	0.0	0.007427785419532325	0.026685006877579093	0.011554332874828061	0.0016506189821182944	0.0024759284731774417	0.02861072902338377	0.004676753782668501	0.0011004126547455295	0.0041265474552957355	0.03768913342503439	0.04759284731774415	0.002200825309491059	0.020357634112792296
0.01925722145804677	0.02090784044016506	0.0016506189821182944	0.01045392022008253	0.05392022008253095	0.022283356258596974	0.004676753782668501	0.006327372764786795	0.0	0.015405777166437413	0.0	0.006052269601100412	0.039339752407152685	0.051994497936726274	0.0019257221458046766	0.024484181568088032	0.02283356258596974	0.01953232462173315	0.0019257221458046766	0.010178817056396148	0.03576341127922971	0.015405777166437413	0.0041265474552957355	0.003026134800550206	0.01265474552957359	0.005502063273727648	0.0008253094910591472	0.0016506189821182944	0.08005502063273727	0.02888583218707015	0.008803301237964236	0.008528198074277854	0.024759284731774415	0.014305364511691884	0.002200825309491059	0.006327372764786795	0.058046767537826685	0.022283356258596974	0.004401650618982118	0.006602475928473178	0.03218707015130674	0.016781292984869325	0.003301237964236589	0.005502063273727648	0.032462173314993126	0.010729023383768913	0.0024759284731774417	0.0019257221458046766	0.0	0.020357634112792296	0.0	0.007702888583218707	0.027510316368638238	0.011554332874828061	0.0011004126547455295	0.002200825309491059	0.028060522696011003	0.005226960110041265	0.0016506189821182944	0.003576341127922971	0.03768913342503439	0.04704264099037139	0.002751031636863824	0.02090784044016506
0.01953232462173315	0.021458046767537826	0.001375515818431912	0.009903713892709767	0.05337001375515819	0.022558459422283357	0.005226960110041265	0.006052269601100412	0.0	0.015405777166437413	0.0	0.006052269601100412	0.0390646492434663	0.05171939477303989	0.002200825309491059	0.024759284731774415	0.023108665749656122	0.01925722145804677	0.0016506189821182944	0.01045392022008253	0.03576341127922971	0.01595598349381018	0.0041265474552957355	0.0024759284731774417	0.013204951856946355	0.005502063273727648	0.0002751031636863824	0.0016506189821182944	0.08143053645116918	0.029160935350756534	0.007152682255845942	0.008253094910591471	0.025034387895460797	0.014580467675378267	0.0019257221458046766	0.006052269601100412	0.05722145804676754	0.023108665749656122	0.005226960110041265	0.005777166437414031	0.033012379642365884	0.017056396148555707	0.002751031636863824	0.0049518569463548835	0.0327372764786795	0.01045392022008253	0.002200825309491059	0.002200825309491059	0.0	0.020082530949105913	0.0	0.00797799174690509	0.027510316368638238	0.011004126547455296	0.001375515818431912	0.0024759284731774417	0.028335625859697386	0.005226960110041265	0.001375515818431912	0.003576341127922971	0.03768913342503439	0.04731774415405777	0.003026134800550206	0.02063273727647868
0.01953232462173315	0.021182943603851444	0.001375515818431912	0.010178817056396148	0.05392022008253095	0.022558459422283357	0.0049518569463548835	0.005777166437414031	0.0	0.01485557083906465	0.0	0.006602475928473178	0.03878954607977992	0.05034387895460798	0.0024759284731774417	0.026134800550206328	0.023108665749656122	0.01953232462173315	0.0016506189821182944	0.010178817056396148	0.03603851444291609	0.016231086657496563	0.003576341127922971	0.0024759284731774417	0.013480055020632738	0.005226960110041265	0.0005502063273727648	0.001375515818431912	0.08143053645116918	0.029160935350756534	0.007152682255845942	0.008253094910591471	0.024759284731774415	0.014305364511691884	0.002200825309491059	0.006327372764786795	0.058046767537826685	0.02200825309491059	0.005226960110041265	0.006052269601100412	0.03356258596973865	0.017056396148555707	0.0024759284731774417	0.004676753782668501	0.033012379642365884	0.01045392022008253	0.0019257221458046766	0.002200825309491059	0.0	0.02063273727647868	0.0	0.007427785419532325	0.027510316368638238	0.011004126547455296	0.001375515818431912	0.0024759284731774417	0.028335625859697386	0.005226960110041265	0.001375515818431912	0.003576341127922971	0.03768913342503439	0.0453920220082531	0.003026134800550206	0.022558459422283357
0.01953232462173315	0.02090784044016506	0.001375515818431912	0.01045392022008253	0.055020632737276476	0.022558459422283357	0.004401650618982118	0.005226960110041265	0.0	0.014580467675378267	0.0	0.0068775790921595595	0.038239339752407155	0.048143053645116916	0.003026134800550206	0.028335625859697386	0.023383768913342505	0.020357634112792296	0.001375515818431912	0.009353507565337002	0.03603851444291609	0.016781292984869325	0.003576341127922971	0.0019257221458046766	0.013480055020632738	0.005226960110041265	0.0005502063273727648	0.001375515818431912	0.08225584594222833	0.029160935350756534	0.006327372764786795	0.008528198074277854	0.025034387895460797	0.014305364511691884	0.0019257221458046766	0.006327372764786795	0.0577716643741403	0.021458046767537826	0.005502063273727648	0.006602475928473178	0.03383768913342503	0.01733149931224209	0.002200825309491059	0.004401650618982118	0.0327372764786795	0.010178817056396148	0.002751031636863824	0.0019257221458046766	0.0	0.021182943603851444	0.0	0.0068775790921595595	0.027510316368638238	0.011004126547455296	0.0016506189821182944	0.002200825309491059	0.028060522696011003	0.005226960110041265	0.0016506189821182944	0.003576341127922971	0.038239339752407155	0.04566712517193948	0.002200825309491059	0.022283356258596974
0.01925722145804677	0.020357634112792296	0.0016506189821182944	0.011004126547455296	0.05529573590096286	0.02200825309491059	0.004401650618982118	0.005502063273727648	0.0	0.014580467675378267	0.0	0.0068775790921595595	0.03851444291609354	0.0484181568088033	0.002751031636863824	0.028060522696011003	0.023658872077028884	0.019807427785419534	0.0011004126547455295	0.009903713892709767	0.03686382393397524	0.016781292984869325	0.0024759284731774417	0.002200825309491059	0.013755158184319119	0.0049518569463548835	0.0002751031636863824	0.0016506189821182944	0.08143053645116918	0.029436038514442917	0.007702888583218707	0.0068775790921595595	0.02530949105914718	0.014580467675378267	0.0016506189821182944	0.006052269601100412	0.05832187070151307	0.021182943603851444	0.0049518569463548835	0.0068775790921595595	0.034112792297111415	0.017056396148555707	0.0019257221458046766	0.004676753782668501	0.033012379642365884	0.009628610729023384	0.002751031636863824	0.002200825309491059	0.0	0.021458046767537826	0.0	0.006602475928473178	0.028060522696011003	0.011004126547455296	0.0008253094910591472	0.0024759284731774417	0.02778541953232462	0.005226960110041265	0.0019257221458046766	0.003576341127922971	0.038239339752407155	0.04594222833562586	0.003026134800550206	0.02200825309491059
0.01925722145804677	0.020357634112792296	0.0016506189821182944	0.011004126547455296	0.05557083906464924	0.02173314993122421	0.0038514442916093533	0.006052269601100412	0.0	0.015130674002751032	0.0	0.006327372764786795	0.03741403026134801	0.0484181568088033	0.0038514442916093533	0.028060522696011003	0.023933975240715267	0.02063273727647868	0.0008253094910591472	0.009078404401650619	0.03686382393397524	0.016781292984869325	0.002751031636863824	0.0019257221458046766	0.013755158184319119	0.0049518569463548835	0.0002751031636863824	0.0016506189821182944	0.08308115543328748	0.02861072902338377	0.007427785419532325	0.006602475928473178	0.025584594222833563	0.013480055020632738	0.001375515818431912	0.007152682255845942	0.05859697386519945	0.02090784044016506	0.005502063273727648	0.006327372764786795	0.03383768913342503	0.01733149931224209	0.0019257221458046766	0.004676753782668501	0.0327372764786795	0.009903713892709767	0.002751031636863824	0.002200825309491059	0.0	0.020357634112792296	0.0	0.007702888583218707	0.028060522696011003	0.011279229711141679	0.001375515818431912	0.0016506189821182944	0.028060522696011003	0.005502063273727648	0.0016506189821182944	0.003301237964236589	0.03741403026134801	0.0453920220082531	0.003576341127922971	0.022558459422283357
0.01843191196698762	0.019807427785419534	0.0024759284731774417	0.011554332874828061	0.05474552957359009	0.02173314993122421	0.004401650618982118	0.006327372764786795	0.0	0.01485557083906465	0.0	0.006602475928473178	0.037138927097661624	0.050068775790921595	0.0041265474552957355	0.02640990371389271	0.023108665749656122	0.020357634112792296	0.0016506189821182944	0.009353507565337002	0.03741403026134801	0.016231086657496563	0.002200825309491059	0.0024759284731774417	0.013480055020632738	0.004676753782668501	0.0005502063273727648	0.0019257221458046766	0.08253094910591471	0.02861072902338377	0.007427785419532325	0.007152682255845942	0.026134800550206328	0.012929848693259973	0.0008253094910591472	0.007702888583218707	0.0594222833562586	0.021182943603851444	0.004676753782668501	0.006052269601100412	0.03383768913342503	0.017606602475928473	0.0016506189821182944	0.004676753782668501	0.033012379642365884	0.010178817056396148	0.002200825309491059	0.002200825309491059	0.0	0.020082530949105913	0.0	0.00797799174690509	0.02778541953232462	0.011004126547455296	0.0016506189821182944	0.0019257221458046766	0.028335625859697386	0.005777166437414031	0.001375515818431912	0.003026134800550206	0.037138927097661624	0.04649243466299863	0.0038514442916093533	0.021458046767537826
0.01843191196698762	0.01953232462173315	0.0024759284731774417	0.011829436038514442	0.05474552957359009	0.02173314993122421	0.0038514442916093533	0.0068775790921595595	0.0	0.01485557083906465	0.0	0.006602475928473178	0.03768913342503439	0.05061898211829436	0.003576341127922971	0.025859697386519945	0.023383768913342505	0.02063273727647868	0.001375515818431912	0.009078404401650619	0.03741403026134801	0.016506189821182942	0.0024759284731774417	0.0019257221458046766	0.013480055020632738	0.004676753782668501	0.0005502063273727648	0.0019257221458046766	0.08363136176066024	0.026685006877579093	0.006602475928473178	0.008803301237964236	0.026134800550206328	0.012929848693259973	0.0008253094910591472	0.007702888583218707	0.060247592847317746	0.02063273727647868	0.0041265474552957355	0.006327372764786795	0.03383768913342503	0.017606602475928473	0.0019257221458046766	0.004401650618982118	0.03328748280605227	0.009903713892709767	0.0019257221458046766	0.0024759284731774417	0.0	0.01925722145804677	0.0	0.008803301237964236	0.027235213204951855	0.011004126547455296	0.0024759284731774417	0.0016506189821182944	0.02778541953232462	0.005777166437414031	0.0019257221458046766	0.003026134800550206	0.037138927097661624	0.046217331499312245	0.0038514442916093533	0.02173314993122421
0.01843191196698762	0.019807427785419534	0.0024759284731774417	0.011554332874828061	0.05364511691884457	0.02200825309491059	0.004676753782668501	0.0068775790921595595	0.0	0.013755158184319119	0.0	0.007702888583218707	0.03741403026134801	0.05089408528198074	0.0038514442916093533	0.025584594222833563	0.023658872077028884	0.021182943603851444	0.0011004126547455295	0.008528198074277854	0.037138927097661624	0.016231086657496563	0.0024759284731774417	0.0024759284731774417	0.013480055020632738	0.004676753782668501	0.0005502063273727648	0.0019257221458046766	0.08198074277854195	0.027510316368638238	0.007702888583218707	0.00797799174690509	0.026134800550206328	0.01265474552957359	0.0008253094910591472	0.00797799174690509	0.06052269601100413	0.02063273727647868	0.0038514442916093533	0.006327372764786795	0.03356258596973865	0.01733149931224209	0.0024759284731774417	0.004401650618982118	0.03328748280605227	0.009903713892709767	0.0019257221458046766	0.0024759284731774417	0.0	0.01925722145804677	0.0	0.008803301237964236	0.027510316368638238	0.010729023383768913	0.002200825309491059	0.0019257221458046766	0.02861072902338377	0.005777166437414031	0.0011004126547455295	0.003026134800550206	0.03796423658872077	0.04676753782668501	0.003576341127922971	0.021182943603851444
0.01925722145804677	0.020357634112792296	0.0016506189821182944	0.011004126547455296	0.05281980742778542	0.022558459422283357	0.0049518569463548835	0.0068775790921595595	0.0	0.013755158184319119	0.0	0.007702888583218707	0.03741403026134801	0.05089408528198074	0.0038514442916093533	0.025584594222833563	0.023658872077028884	0.021458046767537826	0.0011004126547455295	0.008253094910591471	0.03686382393397524	0.015680880330123798	0.0024759284731774417	0.003301237964236589	0.012929848693259973	0.004401650618982118	0.0011004126547455295	0.002200825309491059	0.08143053645116918	0.027235213204951855	0.0068775790921595595	0.008528198074277854	0.026685006877579093	0.013204951856946355	0.0002751031636863824	0.007427785419532325	0.060247592847317746	0.020082530949105913	0.004676753782668501	0.006327372764786795	0.03356258596973865	0.01733149931224209	0.0024759284731774417	0.004401650618982118	0.03356258596973865	0.009903713892709767	0.001375515818431912	0.002751031636863824	0.0	0.018982118294360386	0.0	0.009078404401650619	0.026685006877579093	0.010729023383768913	0.002200825309491059	0.002751031636863824	0.02861072902338377	0.005777166437414031	0.0011004126547455295	0.003026134800550206	0.039339752407152685	0.046217331499312245	0.003301237964236589	0.02173314993122421
0.01925722145804677	0.020082530949105913	0.0016506189821182944	0.011279229711141679	0.053094910591471804	0.022558459422283357	0.005226960110041265	0.006327372764786795	0.0	0.014305364511691884	0.0	0.007152682255845942	0.037138927097661624	0.05144429160935351	0.0041265474552957355	0.025034387895460797	0.023383768913342505	0.02200825309491059	0.001375515818431912	0.007702888583218707	0.03658872077028886	0.015130674002751032	0.003301237964236589	0.003301237964236589	0.012929848693259973	0.004676753782668501	0.0011004126547455295	0.0019257221458046766	0.08198074277854195	0.027510316368638238	0.0068775790921595595	0.008253094910591471	0.02640990371389271	0.013480055020632738	0.0005502063273727648	0.007152682255845942	0.06079779917469051	0.020357634112792296	0.0038514442916093533	0.006327372764786795	0.03328748280605227	0.017056396148555707	0.002751031636863824	0.004676753782668501	0.03383768913342503	0.009903713892709767	0.0008253094910591472	0.003026134800550206	0.0	0.018707015130674003	0.0	0.009353507565337002	0.026960110041265476	0.010729023383768913	0.0016506189821182944	0.003026134800550206	0.028335625859697386	0.005777166437414031	0.001375515818431912	0.003026134800550206	0.03851444291609354	0.046217331499312245	0.003576341127922971	0.02173314993122421
0.01925722145804677	0.020082530949105913	0.0016506189821182944	0.011279229711141679	0.05364511691884457	0.022283356258596974	0.004401650618982118	0.0068775790921595595	0.0	0.014580467675378267	0.0	0.0068775790921595595	0.03658872077028886	0.051994497936726274	0.004676753782668501	0.024484181568088032	0.023658872077028884	0.02173314993122421	0.0011004126547455295	0.00797799174690509	0.03658872077028886	0.01485557083906465	0.0038514442916093533	0.003026134800550206	0.013755158184319119	0.004676753782668501	0.0002751031636863824	0.0019257221458046766	0.08143053645116918	0.02861072902338377	0.005777166437414031	0.007427785419532325	0.02640990371389271	0.014305364511691884	0.0005502063273727648	0.006327372764786795	0.06134800550206328	0.020082530949105913	0.003576341127922971	0.006327372764786795	0.03383768913342503	0.017056396148555707	0.0024759284731774417	0.004401650618982118	0.03356258596973865	0.009628610729023384	0.0016506189821182944	0.002751031636863824	0.0	0.018982118294360386	0.0	0.009078404401650619	0.02640990371389271	0.010729023383768913	0.0019257221458046766	0.003301237964236589	0.028335625859697386	0.006052269601100412	0.001375515818431912	0.002751031636863824	0.039889958734525444	0.04731774415405777	0.003576341127922971	0.02063273727647868
0.01925722145804677	0.019807427785419534	0.0016506189821182944	0.011554332874828061	0.05392022008253095	0.02200825309491059	0.004676753782668501	0.006602475928473178	0.0	0.01485557083906465	0.0	0.006602475928473178	0.037138927097661624	0.051994497936726274	0.0041265474552957355	0.024484181568088032	0.02420907840440165	0.02173314993122421	0.0005502063273727648	0.00797799174690509	0.036313617606602476	0.015130674002751032	0.0038514442916093533	0.003026134800550206	0.013755158184319119	0.005226960110041265	0.0	0.0016506189821182944	0.08060522696011004	0.029160935350756534	0.0041265474552957355	0.007427785419532325	0.02530949105914718	0.015130674002751032	0.0016506189821182944	0.005502063273727648	0.06052269601100413	0.01953232462173315	0.004401650618982118	0.0068775790921595595	0.03356258596973865	0.017056396148555707	0.003026134800550206	0.0041265474552957355	0.03383768913342503	0.009628610729023384	0.001375515818431912	0.002751031636863824	0.0	0.018982118294360386	0.0	0.009078404401650619	0.026960110041265476	0.011004126547455296	0.001375515818431912	0.003026134800550206	0.028060522696011003	0.005777166437414031	0.0016506189821182944	0.003026134800550206	0.04154057771664374	0.04676753782668501	0.0038514442916093533	0.021182943603851444
0.018707015130674003	0.01953232462173315	0.002200825309491059	0.011829436038514442	0.05392022008253095	0.022283356258596974	0.004401650618982118	0.006602475928473178	0.0	0.01485557083906465	0.0	0.006602475928473178	0.03658872077028886	0.05281980742778542	0.004676753782668501	0.023658872077028884	0.023658872077028884	0.02173314993122421	0.0011004126547455295	0.00797799174690509	0.03603851444291609	0.015405777166437413	0.003576341127922971	0.003301237964236589	0.014030261348005502	0.005226960110041265	0.0	0.001375515818431912	0.08198074277854195	0.0297111416781293	0.0038514442916093533	0.006602475928473178	0.02530949105914718	0.015130674002751032	0.0016506189821182944	0.005502063273727648	0.060247592847317746	0.019807427785419534	0.004401650618982118	0.0068775790921595595	0.034112792297111415	0.016506189821182942	0.002751031636863824	0.004401650618982118	0.03383768913342503	0.009628610729023384	0.001375515818431912	0.002751031636863824	0.0	0.01843191196698762	0.0	0.009628610729023384	0.026960110041265476	0.011004126547455296	0.0011004126547455295	0.003301237964236589	0.028060522696011003	0.006052269601100412	0.0016506189821182944	0.002751031636863824	0.04181568088033012	0.046217331499312245	0.002751031636863824	0.02173314993122421
0.018982118294360386	0.020082530949105913	0.0019257221458046766	0.011279229711141679	0.055020632737276476	0.02200825309491059	0.0038514442916093533	0.006327372764786795	0.0	0.015130674002751032	0.0	0.006327372764786795	0.03686382393397524	0.051994497936726274	0.004401650618982118	0.024484181568088032	0.023933975240715267	0.022558459422283357	0.0008253094910591472	0.007152682255845942	0.03576341127922971	0.01595598349381018	0.003576341127922971	0.003026134800550206	0.014030261348005502	0.005226960110041265	0.0	0.001375515818431912	0.08198074277854195	0.0297111416781293	0.003576341127922971	0.0068775790921595595	0.025859697386519945	0.015130674002751032	0.0011004126547455295	0.005502063273727648	0.060247592847317746	0.01953232462173315	0.004676753782668501	0.0068775790921595595	0.03466299862448418	0.016506189821182942	0.002751031636863824	0.0038514442916093533	0.03383768913342503	0.009628610729023384	0.0019257221458046766	0.002200825309491059	0.0	0.017881705639614855	0.0	0.010178817056396148	0.026685006877579093	0.011554332874828061	0.001375515818431912	0.002751031636863824	0.027235213204951855	0.005777166437414031	0.0024759284731774417	0.003026134800550206	0.042090784044016505	0.04594222833562586	0.0024759284731774417	0.02200825309491059
0.018982118294360386	0.020357634112792296	0.0019257221458046766	0.011004126547455296	0.05447042640990371	0.022558459422283357	0.004401650618982118	0.005777166437414031	0.0	0.015130674002751032	0.0	0.006327372764786795	0.03741403026134801	0.05254470426409904	0.0038514442916093533	0.023933975240715267	0.023933975240715267	0.023108665749656122	0.0008253094910591472	0.006602475928473178	0.03493810178817056	0.016231086657496563	0.0041265474552957355	0.003026134800550206	0.014030261348005502	0.0049518569463548835	0.0002751031636863824	0.001375515818431912	0.08198074277854195	0.029436038514442917	0.002751031636863824	0.0068775790921595595	0.025859697386519945	0.014305364511691884	0.0011004126547455295	0.006327372764786795	0.060247592847317746	0.019807427785419534	0.0049518569463548835	0.006327372764786795	0.03493810178817056	0.01595598349381018	0.002751031636863824	0.0041265474552957355	0.03466299862448418	0.009353507565337002	0.001375515818431912	0.002200825309491059	0.0	0.01843191196698762	0.0	0.009628610729023384	0.026685006877579093	0.011554332874828061	0.001375515818431912	0.002751031636863824	0.027235213204951855	0.006052269601100412	0.0024759284731774417	0.002751031636863824	0.04346629986244842	0.04704264099037139	0.002200825309491059	0.02090784044016506
0.018707015130674003	0.019807427785419534	0.002200825309491059	0.011554332874828061	0.05474552957359009	0.02173314993122421	0.004676753782668501	0.006052269601100412	0.0	0.015130674002751032	0.0	0.006327372764786795	0.038239339752407155	0.051994497936726274	0.003026134800550206	0.024484181568088032	0.023658872077028884	0.023658872077028884	0.0011004126547455295	0.006052269601100412	0.03493810178817056	0.016506189821182942	0.0038514442916093533	0.003026134800550206	0.014030261348005502	0.0049518569463548835	0.0002751031636863824	0.001375515818431912	0.08390646492434663	0.029436038514442917	0.003301237964236589	0.006602475928473178	0.025859697386519945	0.014580467675378267	0.0011004126547455295	0.006052269601100412	0.06052269601100413	0.01925722145804677	0.005226960110041265	0.006327372764786795	0.03493810178817056	0.01595598349381018	0.002751031636863824	0.0041265474552957355	0.0343878954607978	0.008528198074277854	0.0019257221458046766	0.002751031636863824	0.0	0.01843191196698762	0.0	0.009628610729023384	0.02640990371389271	0.011279229711141679	0.0016506189821182944	0.003026134800550206	0.02640990371389271	0.006052269601100412	0.003301237964236589	0.002751031636863824	0.040990371389270974	0.04704264099037139	0.0024759284731774417	0.02090784044016506
0.018707015130674003	0.01953232462173315	0.002200825309491059	0.011829436038514442	0.05447042640990371	0.02173314993122421	0.0049518569463548835	0.006052269601100412	0.0	0.015405777166437413	0.0	0.006052269601100412	0.03851444291609354	0.051994497936726274	0.002751031636863824	0.024484181568088032	0.023658872077028884	0.023108665749656122	0.0011004126547455295	0.006602475928473178	0.03493810178817056	0.016781292984869325	0.0041265474552957355	0.0024759284731774417	0.014305364511691884	0.0049518569463548835	0.0	0.001375515818431912	0.08225584594222833	0.02888583218707015	0.0041265474552957355	0.007152682255845942	0.025584594222833563	0.014030261348005502	0.001375515818431912	0.006602475928473178	0.060247592847317746	0.019807427785419534	0.0049518569463548835	0.006327372764786795	0.03576341127922971	0.016231086657496563	0.002751031636863824	0.003026134800550206	0.03356258596973865	0.008803301237964236	0.0024759284731774417	0.002751031636863824	0.0	0.018156808803301238	0.0	0.009903713892709767	0.02640990371389271	0.011279229711141679	0.0016506189821182944	0.003026134800550206	0.026960110041265476	0.006327372764786795	0.002751031636863824	0.0024759284731774417	0.042090784044016505	0.046217331499312245	0.002200825309491059	0.02173314993122421
0.018707015130674003	0.01925722145804677	0.002200825309491059	0.012104539202200825	0.05447042640990371	0.02200825309491059	0.0049518569463548835	0.005777166437414031	0.0	0.01595598349381018	0.0	0.005502063273727648	0.03796423658872077	0.05254470426409904	0.003301237964236589	0.023933975240715267	0.023108665749656122	0.022558459422283357	0.0016506189821182944	0.007152682255845942	0.035213204951856945	0.016781292984869325	0.0038514442916093533	0.0024759284731774417	0.014030261348005502	0.0049518569463548835	0.0002751031636863824	0.001375515818431912	0.08253094910591471	0.02888583218707015	0.006052269601100412	0.006327372764786795	0.025859697386519945	0.014030261348005502	0.0011004126547455295	0.006602475928473178	0.059147180192572216	0.01953232462173315	0.006052269601100412	0.006602475928473178	0.03658872077028886	0.015130674002751032	0.002751031636863824	0.003301237964236589	0.03356258596973865	0.008528198074277854	0.0024759284731774417	0.003026134800550206	0.0	0.01843191196698762	0.0	0.009628610729023384	0.026685006877579093	0.010729023383768913	0.001375515818431912	0.003576341127922971	0.026960110041265476	0.006327372764786795	0.002751031636863824	0.0024759284731774417	0.04044016506189821	0.045116918844566714	0.0024759284731774417	0.02283356258596974
0.01925722145804677	0.02063273727647868	0.0016506189821182944	0.010729023383768913	0.05474552957359009	0.02200825309491059	0.0041265474552957355	0.006327372764786795	0.0	0.016506189821182942	0.0	0.0049518569463548835	0.03796423658872077	0.052269601100412656	0.003301237964236589	0.02420907840440165	0.022558459422283357	0.02283356258596974	0.002200825309491059	0.0068775790921595595	0.03576341127922971	0.017056396148555707	0.003301237964236589	0.002200825309491059	0.014030261348005502	0.0049518569463548835	0.0002751031636863824	0.001375515818431912	0.08225584594222833	0.028335625859697386	0.006602475928473178	0.006327372764786795	0.025859697386519945	0.014305364511691884	0.0011004126547455295	0.006327372764786795	0.0577716643741403	0.019807427785419534	0.006602475928473178	0.007152682255845942	0.03548830811554333	0.014580467675378267	0.003301237964236589	0.004401650618982118	0.034112792297111415	0.008528198074277854	0.0019257221458046766	0.003026134800550206	0.0	0.01843191196698762	0.0	0.009628610729023384	0.02640990371389271	0.011279229711141679	0.0016506189821182944	0.003026134800550206	0.027235213204951855	0.006052269601100412	0.0024759284731774417	0.002751031636863824	0.03961485557083907	0.045116918844566714	0.003576341127922971	0.02283356258596974
0.01925722145804677	0.02063273727647868	0.0016506189821182944	0.010729023383768913	0.055020632737276476	0.022283356258596974	0.003576341127922971	0.006327372764786795	0.0	0.016781292984869325	0.0	0.004676753782668501	0.03851444291609354	0.05254470426409904	0.002751031636863824	0.023933975240715267	0.023108665749656122	0.023658872077028884	0.0016506189821182944	0.006052269601100412	0.03603851444291609	0.01733149931224209	0.002751031636863824	0.002200825309491059	0.013480055020632738	0.0049518569463548835	0.0008253094910591472	0.001375515818431912	0.08253094910591471	0.027510316368638238	0.005226960110041265	0.007427785419532325	0.02530949105914718	0.014580467675378267	0.0016506189821182944	0.006052269601100412	0.05722145804676754	0.019807427785419534	0.007427785419532325	0.0068775790921595595	0.03576341127922971	0.01485557083906465	0.0038514442916093533	0.003301237964236589	0.03383768913342503	0.008528198074277854	0.002200825309491059	0.003026134800550206	0.0	0.018707015130674003	0.0	0.009353507565337002	0.02640990371389271	0.011554332874828061	0.0016506189821182944	0.002751031636863824	0.027235213204951855	0.006052269601100412	0.0024759284731774417	0.002751031636863824	0.040165061898211826	0.045116918844566714	0.0038514442916093533	0.02283356258596974
0.01925722145804677	0.020357634112792296	0.0016506189821182944	0.011004126547455296	0.05337001375515819	0.02173314993122421	0.0049518569463548835	0.007152682255845942	0.0	0.016231086657496563	0.0	0.005226960110041265	0.03961485557083907	0.052269601100412656	0.0016506189821182944	0.02420907840440165	0.023108665749656122	0.023108665749656122	0.0016506189821182944	0.006602475928473178	0.03658872077028886	0.017881705639614855	0.0019257221458046766	0.0019257221458046766	0.013755158184319119	0.0049518569463548835	0.0005502063273727648	0.001375515818431912	0.0828060522696011	0.027510316368638238	0.005226960110041265	0.007427785419532325	0.02420907840440165	0.014305364511691884	0.002751031636863824	0.006327372764786795	0.05639614855570839	0.019807427785419534	0.00797799174690509	0.007152682255845942	0.036313617606602476	0.014580467675378267	0.003576341127922971	0.003301237964236589	0.033012379642365884	0.009078404401650619	0.0024759284731774417	0.003026134800550206	0.0	0.01925722145804677	0.0	0.008803301237964236	0.026685006877579093	0.011279229711141679	0.0016506189821182944	0.002751031636863824	0.026685006877579093	0.005777166437414031	0.003026134800550206	0.003026134800550206	0.03961485557083907	0.04594222833562586	0.0041265474552957355	0.02200825309491059
0.020082530949105913	0.020082530949105913	0.0008253094910591472	0.011279229711141679	0.05364511691884457	0.02200825309491059	0.0041265474552957355	0.007427785419532325	0.0	0.01595598349381018	0.0	0.005502063273727648	0.038239339752407155	0.05144429160935351	0.003026134800550206	0.025034387895460797	0.023383768913342505	0.023108665749656122	0.001375515818431912	0.006602475928473178	0.03576341127922971	0.01733149931224209	0.002751031636863824	0.0024759284731774417	0.013480055020632738	0.0049518569463548835	0.0008253094910591472	0.001375515818431912	0.08170563961485557	0.02778541953232462	0.005502063273727648	0.007152682255845942	0.02420907840440165	0.014030261348005502	0.002751031636863824	0.006602475928473178	0.0577716643741403	0.01925722145804677	0.0068775790921595595	0.007427785419532325	0.036313617606602476	0.01485557083906465	0.003301237964236589	0.003301237964236589	0.03328748280605227	0.008803301237964236	0.002751031636863824	0.002751031636863824	0.0	0.01925722145804677	0.0	0.008803301237964236	0.026960110041265476	0.011279229711141679	0.0016506189821182944	0.0024759284731774417	0.026960110041265476	0.005777166437414031	0.002751031636863824	0.003026134800550206	0.04044016506189821	0.04594222833562586	0.0041265474552957355	0.02200825309491059
0.019807427785419534	0.020082530949105913	0.0011004126547455295	0.011279229711141679	0.053094910591471804	0.022558459422283357	0.005226960110041265	0.006327372764786795	0.0	0.01595598349381018	0.0	0.005502063273727648	0.03961485557083907	0.052269601100412656	0.0016506189821182944	0.02420907840440165	0.023383768913342505	0.022558459422283357	0.001375515818431912	0.007152682255845942	0.03576341127922971	0.01733149931224209	0.0024759284731774417	0.002751031636863824	0.013480055020632738	0.005226960110041265	0.0008253094910591472	0.0011004126547455295	0.08005502063273727	0.02778541953232462	0.006327372764786795	0.0068775790921595595	0.024484181568088032	0.014305364511691884	0.0024759284731774417	0.006327372764786795	0.0577716643741403	0.018707015130674003	0.006327372764786795	0.008528198074277854	0.03493810178817056	0.015130674002751032	0.004401650618982118	0.003301237964236589	0.034112792297111415	0.008528198074277854	0.0019257221458046766	0.003026134800550206	0.0	0.01843191196698762	0.0	0.009628610729023384	0.026960110041265476	0.011829436038514442	0.001375515818431912	0.002200825309491059	0.026960110041265476	0.005777166437414031	0.002751031636863824	0.003026134800550206	0.042090784044016505	0.04704264099037139	0.003576341127922971	0.02090784044016506
0.020082530949105913	0.020082530949105913	0.0008253094910591472	0.011279229711141679	0.05337001375515819	0.02283356258596974	0.005502063273727648	0.005502063273727648	0.0	0.01595598349381018	0.0	0.005502063273727648	0.0390646492434663	0.05171939477303989	0.002200825309491059	0.024759284731774415	0.022558459422283357	0.022558459422283357	0.002200825309491059	0.007152682255845942	0.03548830811554333	0.017606602475928473	0.0024759284731774417	0.002751031636863824	0.013755158184319119	0.0049518569463548835	0.0005502063273727648	0.001375515818431912	0.0811554332874828	0.028060522696011003	0.005226960110041265	0.0068775790921595595	0.02420907840440165	0.014305364511691884	0.002751031636863824	0.006327372764786795	0.0594222833562586	0.01843191196698762	0.005226960110041265	0.008253094910591471	0.03603851444291609	0.014030261348005502	0.003301237964236589	0.004401650618982118	0.03356258596973865	0.008528198074277854	0.0024759284731774417	0.003026134800550206	0.0	0.018982118294360386	0.0	0.009078404401650619	0.026960110041265476	0.011829436038514442	0.001375515818431912	0.002200825309491059	0.026685006877579093	0.006052269601100412	0.003026134800550206	0.002751031636863824	0.04154057771664374	0.04731774415405777	0.0038514442916093533	0.02063273727647868
0.020082530949105913	0.019807427785419534	0.0008253094910591472	0.011554332874828061	0.05337001375515819	0.022283356258596974	0.005226960110041265	0.006327372764786795	0.0	0.016231086657496563	0.0	0.005226960110041265	0.03878954607977992	0.05171939477303989	0.0024759284731774417	0.024759284731774415	0.022558459422283357	0.023108665749656122	0.002200825309491059	0.006602475928473178	0.035213204951856945	0.017606602475928473	0.0024759284731774417	0.003026134800550206	0.013755158184319119	0.0049518569463548835	0.0005502063273727648	0.001375515818431912	0.08143053645116918	0.027510316368638238	0.0041265474552957355	0.008253094910591471	0.025034387895460797	0.014305364511691884	0.0019257221458046766	0.006327372764786795	0.0594222833562586	0.018707015130674003	0.004676753782668501	0.008528198074277854	0.03603851444291609	0.013755158184319119	0.003576341127922971	0.004401650618982118	0.03328748280605227	0.008253094910591471	0.002751031636863824	0.003301237964236589	0.0	0.01843191196698762	0.0	0.009628610729023384	0.02640990371389271	0.011829436038514442	0.0016506189821182944	0.0024759284731774417	0.026685006877579093	0.005777166437414031	0.003026134800550206	0.003026134800550206	0.04236588720770289	0.04676753782668501	0.003026134800550206	0.021182943603851444
0.020357634112792296	0.01953232462173315	0.0005502063273727648	0.011829436038514442	0.05337001375515819	0.022283356258596974	0.005226960110041265	0.006327372764786795	0.0	0.016231086657496563	0.0	0.005226960110041265	0.03851444291609354	0.051169188445667126	0.002751031636863824	0.02530949105914718	0.022558459422283357	0.023383768913342505	0.002200825309491059	0.006327372764786795	0.03466299862448418	0.017881705639614855	0.002751031636863824	0.003026134800550206	0.014030261348005502	0.0049518569463548835	0.0002751031636863824	0.001375515818431912	0.08170563961485557	0.028060522696011003	0.0041265474552957355	0.008253094910591471	0.024759284731774415	0.014580467675378267	0.002200825309491059	0.006052269601100412	0.060247592847317746	0.018707015130674003	0.0041265474552957355	0.008253094910591471	0.03768913342503439	0.013204951856946355	0.0019257221458046766	0.0049518569463548835	0.03383768913342503	0.008803301237964236	0.0016506189821182944	0.003301237964236589	0.0	0.017881705639614855	0.0	0.010178817056396148	0.026685006877579093	0.011279229711141679	0.0011004126547455295	0.003301237964236589	0.027235213204951855	0.005777166437414031	0.0024759284731774417	0.003026134800550206	0.04071526822558459	0.047867950481430534	0.0038514442916093533	0.020082530949105913
0.020357634112792296	0.01925722145804677	0.0005502063273727648	0.012104539202200825	0.05392022008253095	0.02200825309491059	0.0049518569463548835	0.006327372764786795	0.0	0.016506189821182942	0.0	0.0049518569463548835	0.0390646492434663	0.05061898211829436	0.002200825309491059	0.025859697386519945	0.023108665749656122	0.023108665749656122	0.0016506189821182944	0.006602475928473178	0.03466299862448418	0.017881705639614855	0.002751031636863824	0.003026134800550206	0.014305364511691884	0.004676753782668501	0.0002751031636863824	0.001375515818431912	0.08060522696011004	0.02778541953232462	0.005226960110041265	0.008528198074277854	0.025034387895460797	0.014580467675378267	0.0019257221458046766	0.006052269601100412	0.06052269601100413	0.018707015130674003	0.003576341127922971	0.008528198074277854	0.037138927097661624	0.013480055020632738	0.002200825309491059	0.0049518569463548835	0.033012379642365884	0.008528198074277854	0.0019257221458046766	0.0041265474552957355	0.0	0.017881705639614855	0.0	0.010178817056396148	0.02640990371389271	0.011554332874828061	0.0008253094910591472	0.003576341127922971	0.027510316368638238	0.006052269601100412	0.002200825309491059	0.002751031636863824	0.040990371389270974	0.04869325997248968	0.003576341127922971	0.01925722145804677
0.020357634112792296	0.020357634112792296	0.0005502063273727648	0.011004126547455296	0.05447042640990371	0.02200825309491059	0.004401650618982118	0.006327372764786795	0.0	0.016781292984869325	0.0	0.004676753782668501	0.039339752407152685	0.05089408528198074	0.0019257221458046766	0.025584594222833563	0.023658872077028884	0.023383768913342505	0.0011004126547455295	0.006327372764786795	0.03466299862448418	0.017881705639614855	0.0024759284731774417	0.003301237964236589	0.014580467675378267	0.0049518569463548835	0.0	0.0011004126547455295	0.08225584594222833	0.028335625859697386	0.005226960110041265	0.007702888583218707	0.024759284731774415	0.014580467675378267	0.002200825309491059	0.006052269601100412	0.06079779917469051	0.01953232462173315	0.003301237964236589	0.007702888583218707	0.036313617606602476	0.013480055020632738	0.002751031636863824	0.005226960110041265	0.033012379642365884	0.00797799174690509	0.002200825309491059	0.004401650618982118	0.0	0.01733149931224209	0.0	0.010729023383768913	0.025859697386519945	0.011829436038514442	0.0011004126547455295	0.003576341127922971	0.027510316368638238	0.006052269601100412	0.002200825309491059	0.002751031636863824	0.0390646492434663	0.048143053645116916	0.0041265474552957355	0.019807427785419534
0.020357634112792296	0.02063273727647868	0.0005502063273727648	0.010729023383768913	0.054195323246217335	0.022558459422283357	0.005226960110041265	0.005226960110041265	0.0	0.016231086657496563	0.0	0.005226960110041265	0.03961485557083907	0.051169188445667126	0.0016506189821182944	0.02530949105914718	0.023383768913342505	0.023383768913342505	0.001375515818431912	0.006327372764786795	0.035213204951856945	0.017606602475928473	0.0019257221458046766	0.003576341127922971	0.014580467675378267	0.004676753782668501	0.0	0.001375515818431912	0.08143053645116918	0.02778541953232462	0.005777166437414031	0.00797799174690509	0.024759284731774415	0.014580467675378267	0.002200825309491059	0.006052269601100412	0.059972489683631364	0.01925722145804677	0.0038514442916093533	0.008253094910591471	0.035213204951856945	0.013480055020632738	0.0038514442916093533	0.005226960110041265	0.033012379642365884	0.008253094910591471	0.002200825309491059	0.0041265474552957355	0.0	0.017606602475928473	0.0	0.01045392022008253	0.025034387895460797	0.011829436038514442	0.0019257221458046766	0.003576341127922971	0.02778541953232462	0.006052269601100412	0.0019257221458046766	0.002751031636863824	0.039889958734525444	0.04924346629986245	0.0038514442916093533	0.018707015130674003
0.020357634112792296	0.02090784044016506	0.0005502063273727648	0.01045392022008253	0.05392022008253095	0.021458046767537826	0.005502063273727648	0.006327372764786795	0.0	0.01595598349381018	0.0	0.005502063273727648	0.039339752407152685	0.05171939477303989	0.0019257221458046766	0.024759284731774415	0.02283356258596974	0.023383768913342505	0.0019257221458046766	0.006327372764786795	0.03466299862448418	0.01733149931224209	0.0024759284731774417	0.0038514442916093533	0.014580467675378267	0.004676753782668501	0.0	0.001375515818431912	0.08143053645116918	0.027510316368638238	0.006602475928473178	0.008803301237964236	0.024484181568088032	0.014580467675378267	0.0024759284731774417	0.006052269601100412	0.0594222833562586	0.018982118294360386	0.004401650618982118	0.008528198074277854	0.03493810178817056	0.014030261348005502	0.0038514442916093533	0.0049518569463548835	0.0327372764786795	0.008803301237964236	0.002200825309491059	0.0038514442916093533	0.0	0.017881705639614855	0.0	0.010178817056396148	0.025034387895460797	0.011554332874828061	0.0016506189821182944	0.0041265474552957355	0.028060522696011003	0.006602475928473178	0.0016506189821182944	0.002200825309491059	0.038239339752407155	0.04924346629986245	0.0041265474552957355	0.018707015130674003
0.020357634112792296	0.02090784044016506	0.0005502063273727648	0.01045392022008253	0.05447042640990371	0.021182943603851444	0.005226960110041265	0.006327372764786795	0.0	0.016506189821182942	0.0	0.0049518569463548835	0.039889958734525444	0.05144429160935351	0.001375515818431912	0.025034387895460797	0.022558459422283357	0.023108665749656122	0.002200825309491059	0.006602475928473178	0.034112792297111415	0.017056396148555707	0.003026134800550206	0.0041265474552957355	0.01485557083906465	0.004401650618982118	0.0	0.001375515818431912	0.08033012379642365	0.027235213204951855	0.007702888583218707	0.009078404401650619	0.024484181568088032	0.015130674002751032	0.0024759284731774417	0.005502063273727648	0.05832187070151307	0.01925722145804677	0.006052269601100412	0.007702888583218707	0.03493810178817056	0.014305364511691884	0.003576341127922971	0.0049518569463548835	0.03218707015130674	0.009903713892709767	0.002751031636863824	0.002751031636863824	0.0	0.017881705639614855	0.0	0.010178817056396148	0.024759284731774415	0.011279229711141679	0.002200825309491059	0.0041265474552957355	0.028335625859697386	0.006602475928473178	0.001375515818431912	0.002200825309491059	0.0390646492434663	0.04759284731774415	0.003301237964236589	0.020357634112792296
0.020357634112792296	0.02090784044016506	0.0005502063273727648	0.01045392022008253	0.05474552957359009	0.02200825309491059	0.0049518569463548835	0.005502063273727648	0.0	0.016506189821182942	0.0	0.0049518569463548835	0.039889958734525444	0.05171939477303989	0.001375515818431912	0.024759284731774415	0.022283356258596974	0.02283356258596974	0.0024759284731774417	0.0068775790921595595	0.034112792297111415	0.016781292984869325	0.003026134800550206	0.004401650618982118	0.01485557083906465	0.004401650618982118	0.0	0.001375515818431912	0.07977991746905089	0.027510316368638238	0.008253094910591471	0.00797799174690509	0.023933975240715267	0.015405777166437413	0.003026134800550206	0.005226960110041265	0.05832187070151307	0.018982118294360386	0.006327372764786795	0.007702888583218707	0.035213204951856945	0.014030261348005502	0.003301237964236589	0.005226960110041265	0.03191196698762036	0.009903713892709767	0.003026134800550206	0.002751031636863824	0.0	0.017881705639614855	0.0	0.010178817056396148	0.02530949105914718	0.011279229711141679	0.0016506189821182944	0.0041265474552957355	0.02861072902338377	0.007152682255845942	0.0011004126547455295	0.0016506189821182944	0.040165061898211826	0.048143053645116916	0.003026134800550206	0.019807427785419534
0.020357634112792296	0.021182943603851444	0.0005502063273727648	0.010178817056396148	0.05447042640990371	0.021458046767537826	0.005777166437414031	0.005502063273727648	0.0	0.016506189821182942	0.0	0.0049518569463548835	0.0390646492434663	0.05171939477303989	0.002200825309491059	0.024759284731774415	0.02173314993122421	0.023383768913342505	0.003026134800550206	0.006327372764786795	0.034112792297111415	0.017056396148555707	0.003301237964236589	0.0038514442916093533	0.01485557083906465	0.0041265474552957355	0.0	0.0016506189821182944	0.08033012379642365	0.028060522696011003	0.007152682255845942	0.00797799174690509	0.023933975240715267	0.015405777166437413	0.003026134800550206	0.005226960110041265	0.05832187070151307	0.018707015130674003	0.006602475928473178	0.007702888583218707	0.036313617606602476	0.013755158184319119	0.002200825309491059	0.005502063273727648	0.031361760660247595	0.009353507565337002	0.003576341127922971	0.003301237964236589	0.0	0.01733149931224209	0.0	0.010729023383768913	0.02530949105914718	0.011279229711141679	0.0016506189821182944	0.0041265474552957355	0.028335625859697386	0.007427785419532325	0.001375515818431912	0.001375515818431912	0.03961485557083907	0.048143053645116916	0.003576341127922971	0.019807427785419534
0.020082530949105913	0.02200825309491059	0.0008253094910591472	0.009353507565337002	0.05337001375515819	0.021458046767537826	0.006602475928473178	0.005777166437414031	0.0	0.016231086657496563	0.0	0.005226960110041265	0.03961485557083907	0.05171939477303989	0.0016506189821182944	0.024759284731774415	0.02173314993122421	0.02283356258596974	0.003026134800550206	0.0068775790921595595	0.03383768913342503	0.016781292984869325	0.003576341127922971	0.0041265474552957355	0.014305364511691884	0.004401650618982118	0.0005502063273727648	0.001375515818431912	0.07867950481430537	0.027235213204951855	0.007152682255845942	0.009078404401650619	0.023933975240715267	0.015405777166437413	0.003026134800550206	0.005226960110041265	0.05749656121045392	0.01843191196698762	0.007427785419532325	0.00797799174690509	0.03658872077028886	0.013480055020632738	0.0019257221458046766	0.005777166437414031	0.03108665749656121	0.009903713892709767	0.003301237964236589	0.003301237964236589	0.0	0.01733149931224209	0.0	0.010729023383768913	0.025034387895460797	0.011829436038514442	0.0019257221458046766	0.003576341127922971	0.02778541953232462	0.007152682255845942	0.0019257221458046766	0.0016506189821182944	0.04154057771664374	0.047867950481430534	0.003026134800550206	0.020082530949105913
0.01953232462173315	0.02090784044016506	0.001375515818431912	0.01045392022008253	0.05337001375515819	0.02063273727647868	0.006602475928473178	0.006602475928473178	0.0	0.016231086657496563	0.0	0.005226960110041265	0.03961485557083907	0.052269601100412656	0.0016506189821182944	0.02420907840440165	0.02173314993122421	0.02283356258596974	0.003026134800550206	0.0068775790921595595	0.034112792297111415	0.016781292984869325	0.003576341127922971	0.0038514442916093533	0.014030261348005502	0.004401650618982118	0.0008253094910591472	0.001375515818431912	0.08005502063273727	0.026685006877579093	0.008253094910591471	0.008253094910591471	0.023933975240715267	0.015405777166437413	0.003026134800550206	0.005226960110041265	0.05859697386519945	0.018156808803301238	0.0068775790921595595	0.007702888583218707	0.03658872077028886	0.013480055020632738	0.002200825309491059	0.005502063273727648	0.031361760660247595	0.01045392022008253	0.003026134800550206	0.002751031636863824	0.0	0.018156808803301238	0.0	0.009903713892709767	0.025034387895460797	0.012379642365887207	0.0016506189821182944	0.003301237964236589	0.028060522696011003	0.007152682255845942	0.0016506189821182944	0.0016506189821182944	0.04071526822558459	0.04759284731774415	0.002751031636863824	0.020357634112792296
0.018982118294360386	0.020357634112792296	0.0019257221458046766	0.011004126547455296	0.05447042640990371	0.01953232462173315	0.006327372764786795	0.0068775790921595595	0.0	0.015405777166437413	0.0	0.006052269601100412	0.040165061898211826	0.05089408528198074	0.0011004126547455295	0.025584594222833563	0.02173314993122421	0.02283356258596974	0.003026134800550206	0.0068775790921595595	0.034112792297111415	0.016781292984869325	0.003301237964236589	0.0041265474552957355	0.014030261348005502	0.004401650618982118	0.0008253094910591472	0.001375515818431912	0.08143053645116918	0.02530949105914718	0.007427785419532325	0.009353507565337002	0.02420907840440165	0.014580467675378267	0.002751031636863824	0.006052269601100412	0.05887207702888583	0.018707015130674003	0.006602475928473178	0.007152682255845942	0.03686382393397524	0.013480055020632738	0.0019257221458046766	0.005502063273727648	0.030811554332874826	0.009903713892709767	0.003576341127922971	0.003301237964236589	0.0	0.018707015130674003	0.0	0.009353507565337002	0.025034387895460797	0.01265474552957359	0.0016506189821182944	0.003026134800550206	0.027510316368638238	0.007152682255845942	0.002200825309491059	0.0016506189821182944	0.040165061898211826	0.04704264099037139	0.003026134800550206	0.02090784044016506
0.01925722145804677	0.020082530949105913	0.0016506189821182944	0.011279229711141679	0.055020632737276476	0.019807427785419534	0.005226960110041265	0.007152682255845942	0.0	0.015405777166437413	0.0	0.006052269601100412	0.039889958734525444	0.05089408528198074	0.001375515818431912	0.025584594222833563	0.02173314993122421	0.022283356258596974	0.003026134800550206	0.007427785419532325	0.034112792297111415	0.016781292984869325	0.003026134800550206	0.004401650618982118	0.014030261348005502	0.004401650618982118	0.0008253094910591472	0.001375515818431912	0.07977991746905089	0.02530949105914718	0.007152682255845942	0.009628610729023384	0.024484181568088032	0.014030261348005502	0.0024759284731774417	0.006602475928473178	0.05887207702888583	0.01925722145804677	0.006327372764786795	0.0068775790921595595	0.037138927097661624	0.014305364511691884	0.001375515818431912	0.0049518569463548835	0.03108665749656121	0.009903713892709767	0.003301237964236589	0.003301237964236589	0.0	0.01953232462173315	0.0	0.008528198074277854	0.02530949105914718	0.012379642365887207	0.0019257221458046766	0.002751031636863824	0.027510316368638238	0.0068775790921595595	0.002200825309491059	0.0019257221458046766	0.04154057771664374	0.04759284731774415	0.003301237964236589	0.020357634112792296
0.01925722145804677	0.020082530949105913	0.0016506189821182944	0.011279229711141679	0.05392022008253095	0.019807427785419534	0.006602475928473178	0.0068775790921595595	0.0	0.015130674002751032	0.0	0.006327372764786795	0.039339752407152685	0.050068775790921595	0.0019257221458046766	0.02640990371389271	0.02200825309491059	0.02090784044016506	0.002751031636863824	0.008803301237964236	0.03466299862448418	0.016506189821182942	0.0024759284731774417	0.004676753782668501	0.01265474552957359	0.0041265474552957355	0.002200825309491059	0.0016506189821182944	0.07867950481430537	0.025034387895460797	0.008253094910591471	0.009628610729023384	0.02420907840440165	0.013480055020632738	0.002751031636863824	0.007152682255845942	0.0594222833562586	0.01953232462173315	0.005777166437414031	0.006602475928473178	0.037138927097661624	0.014305364511691884	0.001375515818431912	0.0049518569463548835	0.030811554332874826	0.009903713892709767	0.003301237964236589	0.003576341127922971	0.0	0.019807427785419534	0.0	0.008253094910591471	0.025034387895460797	0.012104539202200825	0.002200825309491059	0.003026134800550206	0.02778541953232462	0.0068775790921595595	0.0019257221458046766	0.0019257221458046766	0.04236588720770289	0.04951856946354883	0.002751031636863824	0.01843191196698762
0.01953232462173315	0.020357634112792296	0.001375515818431912	0.011004126547455296	0.05474552957359009	0.01925722145804677	0.006052269601100412	0.007152682255845942	0.0	0.015130674002751032	0.0	0.006327372764786795	0.039339752407152685	0.0484181568088033	0.0019257221458046766	0.028060522696011003	0.022558459422283357	0.02090784044016506	0.002200825309491059	0.008803301237964236	0.03548830811554333	0.016231086657496563	0.001375515818431912	0.005226960110041265	0.01265474552957359	0.0041265474552957355	0.002200825309491059	0.0016506189821182944	0.07840440165061899	0.024759284731774415	0.009078404401650619	0.009353507565337002	0.024759284731774415	0.013480055020632738	0.002200825309491059	0.007152682255845942	0.060247592847317746	0.01925722145804677	0.0049518569463548835	0.0068775790921595595	0.03741403026134801	0.014030261348005502	0.001375515818431912	0.0049518569463548835	0.030811554332874826	0.009628610729023384	0.003576341127922971	0.003576341127922971	0.0	0.019807427785419534	0.0	0.008253094910591471	0.02530949105914718	0.012104539202200825	0.002200825309491059	0.002751031636863824	0.028060522696011003	0.006602475928473178	0.0016506189821182944	0.002200825309491059	0.04264099037138927	0.04924346629986245	0.0024759284731774417	0.018707015130674003
0.019807427785419534	0.021182943603851444	0.0011004126547455295	0.010178817056396148	0.05474552957359009	0.01925722145804677	0.006052269601100412	0.007152682255845942	0.0	0.01485557083906465	0.0	0.006602475928473178	0.03878954607977992	0.048143053645116916	0.0024759284731774417	0.028335625859697386	0.02283356258596974	0.019807427785419534	0.0019257221458046766	0.009903713892709767	0.03493810178817056	0.016231086657496563	0.0019257221458046766	0.005226960110041265	0.01265474552957359	0.0041265474552957355	0.002200825309491059	0.0016506189821182944	0.07867950481430537	0.024759284731774415	0.009078404401650619	0.009353507565337002	0.024759284731774415	0.013204951856946355	0.002200825309491059	0.007427785419532325	0.059972489683631364	0.01953232462173315	0.005226960110041265	0.006602475928473178	0.037138927097661624	0.013755158184319119	0.0016506189821182944	0.005226960110041265	0.030811554332874826	0.009628610729023384	0.003576341127922971	0.003576341127922971	0.0	0.020082530949105913	0.0	0.00797799174690509	0.024759284731774415	0.012104539202200825	0.002751031636863824	0.002751031636863824	0.028335625859697386	0.006327372764786795	0.001375515818431912	0.0024759284731774417	0.042090784044016505	0.04869325997248968	0.002751031636863824	0.01925722145804677
0.01925722145804677	0.02090784044016506	0.0016506189821182944	0.01045392022008253	0.05447042640990371	0.018982118294360386	0.006602475928473178	0.007152682255845942	0.0	0.015130674002751032	0.0	0.006327372764786795	0.03851444291609354	0.048143053645116916	0.002751031636863824	0.028335625859697386	0.023383768913342505	0.019807427785419534	0.001375515818431912	0.009903713892709767	0.03466299862448418	0.016231086657496563	0.002200825309491059	0.005226960110041265	0.01265474552957359	0.0041265474552957355	0.002200825309491059	0.0016506189821182944	0.08005502063273727	0.025034387895460797	0.008803301237964236	0.008803301237964236	0.025034387895460797	0.013204951856946355	0.0019257221458046766	0.007427785419532325	0.059972489683631364	0.019807427785419534	0.005226960110041265	0.006327372764786795	0.036313617606602476	0.014030261348005502	0.0024759284731774417	0.0049518569463548835	0.031361760660247595	0.009628610729023384	0.003026134800550206	0.003576341127922971	0.0	0.020082530949105913	0.0	0.00797799174690509	0.024759284731774415	0.012379642365887207	0.003026134800550206	0.002200825309491059	0.028335625859697386	0.006602475928473178	0.001375515818431912	0.002200825309491059	0.040990371389270974	0.04869325997248968	0.003026134800550206	0.01925722145804677
0.018982118294360386	0.021182943603851444	0.0019257221458046766	0.010178817056396148	0.05474552957359009	0.018982118294360386	0.006052269601100412	0.007427785419532325	0.0	0.015130674002751032	0.0	0.006327372764786795	0.03796423658872077	0.048968363136176064	0.003301237964236589	0.027510316368638238	0.023383768913342505	0.020357634112792296	0.001375515818431912	0.009353507565337002	0.03493810178817056	0.015680880330123798	0.0024759284731774417	0.005226960110041265	0.01265474552957359	0.0041265474552957355	0.002200825309491059	0.0016506189821182944	0.08005502063273727	0.024759284731774415	0.009628610729023384	0.009353507565337002	0.024759284731774415	0.013204951856946355	0.002200825309491059	0.007427785419532325	0.059972489683631364	0.01953232462173315	0.005226960110041265	0.006602475928473178	0.03576341127922971	0.013480055020632738	0.003301237964236589	0.005226960110041265	0.03218707015130674	0.010178817056396148	0.002200825309491059	0.003026134800550206	0.0	0.019807427785419534	0.0	0.008253094910591471	0.024759284731774415	0.012104539202200825	0.003301237964236589	0.002200825309491059	0.028335625859697386	0.006052269601100412	0.001375515818431912	0.002751031636863824	0.039889958734525444	0.04979367262723521	0.003026134800550206	0.018156808803301238
0.018707015130674003	0.02090784044016506	0.002200825309491059	0.01045392022008253	0.05447042640990371	0.01843191196698762	0.0068775790921595595	0.007427785419532325	0.0	0.014305364511691884	0.0	0.007152682255845942	0.03796423658872077	0.04979367262723521	0.003301237964236589	0.026685006877579093	0.02283356258596974	0.02090784044016506	0.0019257221458046766	0.008803301237964236	0.035213204951856945	0.015680880330123798	0.0024759284731774417	0.0049518569463548835	0.012379642365887207	0.0038514442916093533	0.002751031636863824	0.0016506189821182944	0.08335625859697386	0.024759284731774415	0.007427785419532325	0.008803301237964236	0.024759284731774415	0.013204951856946355	0.002200825309491059	0.007427785419532325	0.0594222833562586	0.021182943603851444	0.005226960110041265	0.005502063273727648	0.036313617606602476	0.013480055020632738	0.0024759284731774417	0.005502063273727648	0.03163686382393398	0.010178817056396148	0.0024759284731774417	0.003301237964236589	0.0	0.019807427785419534	0.0	0.008253094910591471	0.025034387895460797	0.011279229711141679	0.003026134800550206	0.003026134800550206	0.02861072902338377	0.005777166437414031	0.0011004126547455295	0.003026134800550206	0.03878954607977992	0.05089408528198074	0.003576341127922971	0.017056396148555707
0.018707015130674003	0.02063273727647868	0.002200825309491059	0.010729023383768913	0.05392022008253095	0.01925722145804677	0.0068775790921595595	0.007152682255845942	0.0	0.014580467675378267	0.0	0.0068775790921595595	0.038239339752407155	0.05061898211829436	0.003026134800550206	0.025859697386519945	0.022558459422283357	0.02090784044016506	0.002200825309491059	0.008803301237964236	0.035213204951856945	0.016231086657496563	0.0024759284731774417	0.004401650618982118	0.012104539202200825	0.0038514442916093533	0.003026134800550206	0.0016506189821182944	0.08253094910591471	0.025034387895460797	0.007152682255845942	0.009078404401650619	0.024759284731774415	0.013480055020632738	0.002200825309491059	0.007152682255845942	0.05969738651994498	0.02090784044016506	0.004676753782668501	0.006052269601100412	0.037138927097661624	0.01265474552957359	0.0024759284731774417	0.005502063273727648	0.03191196698762036	0.01045392022008253	0.0024759284731774417	0.002751031636863824	0.0	0.01953232462173315	0.0	0.008528198074277854	0.025034387895460797	0.011554332874828061	0.003026134800550206	0.002751031636863824	0.02861072902338377	0.005777166437414031	0.0011004126547455295	0.003026134800550206	0.03961485557083907	0.05061898211829436	0.003301237964236589	0.01733149931224209
0.018707015130674003	0.02063273727647868	0.002200825309491059	0.010729023383768913	0.055020632737276476	0.018707015130674003	0.006327372764786795	0.007152682255845942	0.0	0.014305364511691884	0.0	0.007152682255845942	0.03851444291609354	0.05171939477303989	0.002751031636863824	0.024759284731774415	0.02283356258596974	0.021458046767537826	0.0019257221458046766	0.008253094910591471	0.03493810178817056	0.016231086657496563	0.002751031636863824	0.004401650618982118	0.011829436038514442	0.0041265474552957355	0.003026134800550206	0.0016506189821182944	0.08225584594222833	0.024759284731774415	0.0068775790921595595	0.009903713892709767	0.025034387895460797	0.013480055020632738	0.0019257221458046766	0.007152682255845942	0.05887207702888583	0.02090784044016506	0.005502063273727648	0.006052269601100412	0.03741403026134801	0.012104539202200825	0.002751031636863824	0.005502063273727648	0.03163686382393398	0.009903713892709767	0.003026134800550206	0.003026134800550206	0.0	0.01953232462173315	0.0	0.008528198074277854	0.02530949105914718	0.011554332874828061	0.0024759284731774417	0.003026134800550206	0.029160935350756534	0.005777166437414031	0.0005502063273727648	0.003026134800550206	0.040165061898211826	0.05034387895460798	0.002751031636863824	0.017606602475928473
0.018707015130674003	0.020357634112792296	0.002200825309491059	0.011004126547455296	0.05529573590096286	0.017881705639614855	0.005777166437414031	0.008253094910591471	0.0	0.014305364511691884	0.0	0.007152682255845942	0.038239339752407155	0.051994497936726274	0.003026134800550206	0.024484181568088032	0.02283356258596974	0.02090784044016506	0.0019257221458046766	0.008803301237964236	0.03548830811554333	0.016231086657496563	0.002200825309491059	0.004401650618982118	0.01265474552957359	0.0041265474552957355	0.002200825309491059	0.0016506189821182944	0.08308115543328748	0.02530949105914718	0.007152682255845942	0.009353507565337002	0.025034387895460797	0.014030261348005502	0.0019257221458046766	0.006602475928473178	0.05887207702888583	0.02173314993122421	0.005226960110041265	0.005502063273727648	0.03741403026134801	0.012379642365887207	0.003026134800550206	0.0049518569463548835	0.03163686382393398	0.010178817056396148	0.003026134800550206	0.002751031636863824	0.0	0.01953232462173315	0.0	0.008528198074277854	0.025034387895460797	0.011554332874828061	0.002751031636863824	0.003026134800550206	0.02861072902338377	0.006052269601100412	0.0011004126547455295	0.002751031636863824	0.0390646492434663	0.04869325997248968	0.002751031636863824	0.01925722145804677
0.018707015130674003	0.020357634112792296	0.002200825309491059	0.011004126547455296	0.056121045392022006	0.018156808803301238	0.0049518569463548835	0.00797799174690509	0.0	0.014030261348005502	0.0	0.007427785419532325	0.03851444291609354	0.052269601100412656	0.002751031636863824	0.02420907840440165	0.02283356258596974	0.021182943603851444	0.0019257221458046766	0.008528198074277854	0.036313617606602476	0.016231086657496563	0.0016506189821182944	0.0041265474552957355	0.012379642365887207	0.0041265474552957355	0.0024759284731774417	0.0016506189821182944	0.08225584594222833	0.02530949105914718	0.006327372764786795	0.009628610729023384	0.024759284731774415	0.014305364511691884	0.002200825309491059	0.006327372764786795	0.05969738651994498	0.02200825309491059	0.0041265474552957355	0.005502063273727648	0.03741403026134801	0.011829436038514442	0.003301237964236589	0.005226960110041265	0.032462173314993126	0.009903713892709767	0.0024759284731774417	0.002751031636863824	0.0	0.01925722145804677	0.0	0.008803301237964236	0.02530949105914718	0.011554332874828061	0.002200825309491059	0.003301237964236589	0.028335625859697386	0.006052269601100412	0.001375515818431912	0.002751031636863824	0.040165061898211826	0.048968363136176064	0.003026134800550206	0.018982118294360386
0.018707015130674003	0.02063273727647868	0.002200825309491059	0.010729023383768913	0.056946354883081154	0.017881705639614855	0.004401650618982118	0.00797799174690509	0.0	0.014030261348005502	0.0	0.007427785419532325	0.03851444291609354	0.052269601100412656	0.002751031636863824	0.02420907840440165	0.022558459422283357	0.021182943603851444	0.002200825309491059	0.008528198074277854	0.03548830811554333	0.01595598349381018	0.0024759284731774417	0.004401650618982118	0.012929848693259973	0.0041265474552957355	0.0019257221458046766	0.0016506189821182944	0.08170563961485557	0.025034387895460797	0.007702888583218707	0.009078404401650619	0.02530949105914718	0.014305364511691884	0.0016506189821182944	0.006327372764786795	0.059972489683631364	0.02173314993122421	0.0041265474552957355	0.005502063273727648	0.03796423658872077	0.012104539202200825	0.002751031636863824	0.0049518569463548835	0.03191196698762036	0.009903713892709767	0.002751031636863824	0.003026134800550206	0.0	0.018707015130674003	0.0	0.009353507565337002	0.025859697386519945	0.011554332874828061	0.0016506189821182944	0.003301237964236589	0.028060522696011003	0.006052269601100412	0.0016506189821182944	0.002751031636863824	0.039339752407152685	0.0484181568088033	0.0038514442916093533	0.01953232462173315
0.018982118294360386	0.02063273727647868	0.0019257221458046766	0.010729023383768913	0.056121045392022006	0.018707015130674003	0.005226960110041265	0.007152682255845942	0.0	0.014030261348005502	0.0	0.007427785419532325	0.03851444291609354	0.052269601100412656	0.002751031636863824	0.02420907840440165	0.022558459422283357	0.020357634112792296	0.002200825309491059	0.009353507565337002	0.03548830811554333	0.015680880330123798	0.003026134800550206	0.0041265474552957355	0.012379642365887207	0.0041265474552957355	0.0024759284731774417	0.0016506189821182944	0.08253094910591471	0.02530949105914718	0.006602475928473178	0.009353507565337002	0.02530949105914718	0.014305364511691884	0.0016506189821182944	0.006327372764786795	0.05969738651994498	0.021182943603851444	0.004676753782668501	0.005777166437414031	0.038239339752407155	0.011829436038514442	0.003026134800550206	0.004676753782668501	0.03163686382393398	0.009353507565337002	0.003026134800550206	0.003576341127922971	0.0	0.018982118294360386	0.0	0.009078404401650619	0.025584594222833563	0.011554332874828061	0.0016506189821182944	0.003576341127922971	0.02861072902338377	0.006052269601100412	0.0011004126547455295	0.002751031636863824	0.03851444291609354	0.048143053645116916	0.004401650618982118	0.019807427785419534
0.018982118294360386	0.021182943603851444	0.0019257221458046766	0.010178817056396148	0.056121045392022006	0.01925722145804677	0.005777166437414031	0.006052269601100412	0.0	0.014305364511691884	0.0	0.007152682255845942	0.03851444291609354	0.05281980742778542	0.002751031636863824	0.023658872077028884	0.02283356258596974	0.020357634112792296	0.0019257221458046766	0.009353507565337002	0.03576341127922971	0.015130674002751032	0.002751031636863824	0.004676753782668501	0.012929848693259973	0.0041265474552957355	0.0019257221458046766	0.0016506189821182944	0.08445667125171939	0.024759284731774415	0.006327372764786795	0.009628610729023384	0.02530949105914718	0.014580467675378267	0.0016506189821182944	0.006052269601100412	0.05859697386519945	0.02090784044016506	0.005502063273727648	0.006327372764786795	0.03796423658872077	0.011829436038514442	0.003576341127922971	0.004401650618982118	0.03191196698762036	0.009353507565337002	0.002751031636863824	0.003576341127922971	0.0	0.01925722145804677	0.0	0.008803301237964236	0.026134800550206328	0.011279229711141679	0.001375515818431912	0.003576341127922971	0.028060522696011003	0.006327372764786795	0.0016506189821182944	0.0024759284731774417	0.03741403026134801	0.048143053645116916	0.0041265474552957355	0.019807427785419534
0.01925722145804677	0.02090784044016506	0.0016506189821182944	0.01045392022008253	0.056121045392022006	0.01925722145804677	0.006052269601100412	0.005777166437414031	0.0	0.01485557083906465	0.0	0.006602475928473178	0.0390646492434663	0.05254470426409904	0.002200825309491059	0.023933975240715267	0.022558459422283357	0.02063273727647868	0.002200825309491059	0.009078404401650619	0.03576341127922971	0.01485557083906465	0.002751031636863824	0.0049518569463548835	0.013204951856946355	0.0041265474552957355	0.0016506189821182944	0.0016506189821182944	0.08308115543328748	0.025034387895460797	0.006602475928473178	0.009628610729023384	0.02530949105914718	0.014580467675378267	0.0016506189821182944	0.006052269601100412	0.05887207702888583	0.021182943603851444	0.005226960110041265	0.006052269601100412	0.037138927097661624	0.012379642365887207	0.004401650618982118	0.0038514442916093533	0.033012379642365884	0.009078404401650619	0.0019257221458046766	0.003576341127922971	0.0	0.01953232462173315	0.0	0.008528198074277854	0.02640990371389271	0.011554332874828061	0.0011004126547455295	0.003301237964236589	0.028060522696011003	0.006327372764786795	0.0016506189821182944	0.0024759284731774417	0.037138927097661624	0.04759284731774415	0.005226960110041265	0.020357634112792296
0.01953232462173315	0.02063273727647868	0.001375515818431912	0.010729023383768913	0.05639614855570839	0.018982118294360386	0.006052269601100412	0.005777166437414031	0.0	0.015130674002751032	0.0	0.006327372764786795	0.039339752407152685	0.05254470426409904	0.0019257221458046766	0.023933975240715267	0.02283356258596974	0.02090784044016506	0.0019257221458046766	0.008803301237964236	0.035213204951856945	0.01485557083906465	0.003026134800550206	0.005226960110041265	0.012929848693259973	0.004676753782668501	0.001375515818431912	0.0016506189821182944	0.08198074277854195	0.025584594222833563	0.007427785419532325	0.009353507565337002	0.025859697386519945	0.014580467675378267	0.0011004126547455295	0.006052269601100412	0.059147180192572216	0.021182943603851444	0.004676753782668501	0.006327372764786795	0.038239339752407155	0.012379642365887207	0.003301237964236589	0.0038514442916093533	0.03191196698762036	0.009353507565337002	0.002751031636863824	0.003576341127922971	0.0	0.019807427785419534	0.0	0.008253094910591471	0.025859697386519945	0.011279229711141679	0.0016506189821182944	0.003576341127922971	0.027510316368638238	0.006602475928473178	0.002200825309491059	0.002200825309491059	0.03658872077028886	0.048143053645116916	0.005777166437414031	0.019807427785419534
0.019807427785419534	0.02090784044016506	0.0011004126547455295	0.01045392022008253	0.05557083906464924	0.01925722145804677	0.006327372764786795	0.006052269601100412	0.0	0.01485557083906465	0.0	0.006602475928473178	0.03961485557083907	0.051994497936726274	0.0016506189821182944	0.024484181568088032	0.022283356258596974	0.020357634112792296	0.0024759284731774417	0.009353507565337002	0.03493810178817056	0.015405777166437413	0.003301237964236589	0.004676753782668501	0.012929848693259973	0.004676753782668501	0.001375515818431912	0.0016506189821182944	0.08170563961485557	0.025859697386519945	0.007702888583218707	0.008803301237964236	0.025859697386519945	0.014580467675378267	0.0011004126547455295	0.006052269601100412	0.059147180192572216	0.02090784044016506	0.004401650618982118	0.0068775790921595595	0.03851444291609354	0.012104539202200825	0.003301237964236589	0.0038514442916093533	0.03191196698762036	0.009353507565337002	0.003026134800550206	0.003301237964236589	0.0	0.020357634112792296	0.0	0.007702888583218707	0.02640990371389271	0.011829436038514442	0.0011004126547455295	0.003026134800550206	0.02778541953232462	0.006602475928473178	0.0019257221458046766	0.002200825309491059	0.03603851444291609	0.048968363136176064	0.006602475928473178	0.018982118294360386
0.01953232462173315	0.021458046767537826	0.001375515818431912	0.009903713892709767	0.056121045392022006	0.018982118294360386	0.006052269601100412	0.006052269601100412	0.0	0.01485557083906465	0.0	0.006602475928473178	0.039339752407152685	0.052269601100412656	0.0019257221458046766	0.02420907840440165	0.022283356258596974	0.020082530949105913	0.0024759284731774417	0.009628610729023384	0.035213204951856945	0.015680880330123798	0.003301237964236589	0.0041265474552957355	0.013480055020632738	0.004401650618982118	0.0011004126547455295	0.0016506189821182944	0.08363136176066024	0.026134800550206328	0.006602475928473178	0.008803301237964236	0.025584594222833563	0.014305364511691884	0.001375515818431912	0.006327372764786795	0.059147180192572216	0.021458046767537826	0.004401650618982118	0.006327372764786795	0.03741403026134801	0.012379642365887207	0.0038514442916093533	0.0041265474552957355	0.03191196698762036	0.009353507565337002	0.003026134800550206	0.003301237964236589	0.0	0.020357634112792296	0.0	0.007702888583218707	0.02640990371389271	0.011829436038514442	0.0008253094910591472	0.003301237964236589	0.028060522696011003	0.006327372764786795	0.0016506189821182944	0.0024759284731774417	0.035213204951856945	0.048968363136176064	0.006327372764786795	0.018982118294360386
0.01925722145804677	0.022283356258596974	0.0016506189821182944	0.009078404401650619	0.056946354883081154	0.01925722145804677	0.005226960110041265	0.005777166437414031	0.0	0.01485557083906465	0.0	0.006602475928473178	0.03961485557083907	0.05254470426409904	0.0016506189821182944	0.023933975240715267	0.022558459422283357	0.020357634112792296	0.002200825309491059	0.009353507565337002	0.03576341127922971	0.015680880330123798	0.002751031636863824	0.0041265474552957355	0.013755158184319119	0.0041265474552957355	0.0008253094910591472	0.0019257221458046766	0.08335625859697386	0.025584594222833563	0.006327372764786795	0.009353507565337002	0.025859697386519945	0.014305364511691884	0.0011004126547455295	0.006327372764786795	0.059147180192572216	0.021458046767537826	0.004401650618982118	0.006327372764786795	0.03686382393397524	0.01265474552957359	0.0041265474552957355	0.0041265474552957355	0.03191196698762036	0.008803301237964236	0.003026134800550206	0.0038514442916093533	0.0	0.020082530949105913	0.0	0.00797799174690509	0.02640990371389271	0.011829436038514442	0.0008253094910591472	0.003301237964236589	0.028335625859697386	0.006052269601100412	0.001375515818431912	0.002751031636863824	0.03548830811554333	0.04924346629986245	0.006602475928473178	0.018707015130674003
0.01925722145804677	0.022283356258596974	0.0016506189821182944	0.009078404401650619	0.05749656121045392	0.019807427785419534	0.004676753782668501	0.005226960110041265	0.0	0.01485557083906465	0.0	0.006602475928473178	0.03851444291609354	0.05171939477303989	0.002751031636863824	0.024759284731774415	0.02283356258596974	0.019807427785419534	0.0019257221458046766	0.009903713892709767	0.03576341127922971	0.015680880330123798	0.003026134800550206	0.0038514442916093533	0.013755158184319119	0.0041265474552957355	0.0008253094910591472	0.0019257221458046766	0.08390646492434663	0.025859697386519945	0.007152682255845942	0.009078404401650619	0.02640990371389271	0.014305364511691884	0.0005502063273727648	0.006327372764786795	0.05887207702888583	0.02173314993122421	0.004676753782668501	0.006052269601100412	0.03851444291609354	0.012379642365887207	0.002751031636863824	0.0041265474552957355	0.032462173314993126	0.008803301237964236	0.003026134800550206	0.003301237964236589	0.0	0.020357634112792296	0.0	0.007702888583218707	0.02640990371389271	0.011829436038514442	0.0008253094910591472	0.003301237964236589	0.028335625859697386	0.005777166437414031	0.001375515818431912	0.003026134800550206	0.03466299862448418	0.048968363136176064	0.006052269601100412	0.018982118294360386
0.019807427785419534	0.02283356258596974	0.0011004126547455295	0.008528198074277854	0.058046767537826685	0.018707015130674003	0.0041265474552957355	0.006327372764786795	0.0	0.015405777166437413	0.0	0.006052269601100412	0.038239339752407155	0.05144429160935351	0.003026134800550206	0.025034387895460797	0.023383768913342505	0.01925722145804677	0.001375515818431912	0.01045392022008253	0.03576341127922971	0.01595598349381018	0.002751031636863824	0.0038514442916093533	0.014030261348005502	0.003576341127922971	0.0008253094910591472	0.002200825309491059	0.08198074277854195	0.025034387895460797	0.009353507565337002	0.009628610729023384	0.026134800550206328	0.013755158184319119	0.0008253094910591472	0.0068775790921595595	0.05969738651994498	0.02173314993122421	0.0049518569463548835	0.0049518569463548835	0.03851444291609354	0.012929848693259973	0.002200825309491059	0.0041265474552957355	0.0327372764786795	0.008803301237964236	0.003026134800550206	0.003026134800550206	0.0	0.02090784044016506	0.0	0.007152682255845942	0.02640990371389271	0.012104539202200825	0.0008253094910591472	0.003026134800550206	0.02861072902338377	0.006052269601100412	0.0011004126547455295	0.002751031636863824	0.036313617606602476	0.04869325997248968	0.004401650618982118	0.01925722145804677
0.019807427785419534	0.023108665749656122	0.0011004126547455295	0.008253094910591471	0.05832187070151307	0.018707015130674003	0.0041265474552957355	0.006052269601100412	0.0	0.015405777166437413	0.0	0.006052269601100412	0.037138927097661624	0.051169188445667126	0.0041265474552957355	0.02530949105914718	0.023933975240715267	0.018982118294360386	0.0008253094910591472	0.010729023383768913	0.036313617606602476	0.015405777166437413	0.003026134800550206	0.003576341127922971	0.014030261348005502	0.003301237964236589	0.0011004126547455295	0.002200825309491059	0.08033012379642365	0.02530949105914718	0.009078404401650619	0.009353507565337002	0.02640990371389271	0.013480055020632738	0.0005502063273727648	0.007152682255845942	0.06079779917469051	0.022283356258596974	0.0038514442916093533	0.004401650618982118	0.03796423658872077	0.012929848693259973	0.002751031636863824	0.0041265474552957355	0.032462173314993126	0.009078404401650619	0.003301237964236589	0.002751031636863824	0.0	0.02090784044016506	0.0	0.007152682255845942	0.02640990371389271	0.012104539202200825	0.001375515818431912	0.0024759284731774417	0.028060522696011003	0.005777166437414031	0.0016506189821182944	0.003026134800550206	0.03741403026134801	0.04951856946354883	0.005226960110041265	0.01843191196698762
0.01953232462173315	0.02200825309491059	0.001375515818431912	0.009353507565337002	0.0577716643741403	0.018707015130674003	0.0041265474552957355	0.006602475928473178	0.0	0.015405777166437413	0.0	0.006052269601100412	0.03686382393397524	0.051169188445667126	0.004401650618982118	0.02530949105914718	0.023108665749656122	0.01925722145804677	0.0016506189821182944	0.01045392022008253	0.036313617606602476	0.015405777166437413	0.003026134800550206	0.003576341127922971	0.013480055020632738	0.003301237964236589	0.0016506189821182944	0.002200825309491059	0.07977991746905089	0.025034387895460797	0.008253094910591471	0.009628610729023384	0.026134800550206328	0.013204951856946355	0.0008253094910591472	0.007427785419532325	0.06052269601100413	0.022283356258596974	0.003301237964236589	0.005226960110041265	0.03768913342503439	0.012379642365887207	0.002751031636863824	0.0049518569463548835	0.032462173314993126	0.009353507565337002	0.003026134800550206	0.002751031636863824	0.0	0.020357634112792296	0.0	0.007702888583218707	0.02640990371389271	0.01265474552957359	0.0011004126547455295	0.002200825309491059	0.02778541953232462	0.005777166437414031	0.0019257221458046766	0.003026134800550206	0.039339752407152685	0.050068775790921595	0.004676753782668501	0.017881705639614855
0.01925722145804677	0.02090784044016506	0.0016506189821182944	0.01045392022008253	0.056946354883081154	0.018156808803301238	0.0049518569463548835	0.007152682255845942	0.0	0.015680880330123798	0.0	0.005777166437414031	0.03658872077028886	0.05254470426409904	0.004676753782668501	0.023933975240715267	0.02283356258596974	0.01843191196698762	0.0019257221458046766	0.011279229711141679	0.03576341127922971	0.01485557083906465	0.0038514442916093533	0.0038514442916093533	0.013204951856946355	0.003301237964236589	0.0019257221458046766	0.002200825309491059	0.07977991746905089	0.02420907840440165	0.007702888583218707	0.010178817056396148	0.026134800550206328	0.012929848693259973	0.0008253094910591472	0.007702888583218707	0.060247592847317746	0.02173314993122421	0.003301237964236589	0.006052269601100412	0.038239339752407155	0.012379642365887207	0.002200825309491059	0.0049518569463548835	0.032462173314993126	0.009353507565337002	0.003026134800550206	0.002751031636863824	0.0	0.020082530949105913	0.0	0.00797799174690509	0.026685006877579093	0.01265474552957359	0.0008253094910591472	0.002200825309491059	0.02778541953232462	0.005777166437414031	0.0019257221458046766	0.003026134800550206	0.040165061898211826	0.05034387895460798	0.004676753782668501	0.017606602475928473
0.018707015130674003	0.02090784044016506	0.002200825309491059	0.01045392022008253	0.05722145804676754	0.01843191196698762	0.004676753782668501	0.0068775790921595595	0.0	0.015680880330123798	0.0	0.005777166437414031	0.03603851444291609	0.05337001375515819	0.005226960110041265	0.023108665749656122	0.02283356258596974	0.018982118294360386	0.0019257221458046766	0.010729023383768913	0.03658872077028886	0.014580467675378267	0.003301237964236589	0.0038514442916093533	0.013204951856946355	0.003576341127922971	0.0016506189821182944	0.002200825309491059	0.07922971114167814	0.024759284731774415	0.00797799174690509	0.01045392022008253	0.025859697386519945	0.012929848693259973	0.0011004126547455295	0.007702888583218707	0.059972489683631364	0.02090784044016506	0.0041265474552957355	0.006327372764786795	0.03878954607977992	0.011554332874828061	0.0016506189821182944	0.005777166437414031	0.032462173314993126	0.009353507565337002	0.003026134800550206	0.002751031636863824	0.0	0.01953232462173315	0.0	0.008528198074277854	0.026960110041265476	0.012104539202200825	0.0005502063273727648	0.002751031636863824	0.02778541953232462	0.006052269601100412	0.0019257221458046766	0.002751031636863824	0.040165061898211826	0.05061898211829436	0.0041265474552957355	0.01733149931224209
0.018982118294360386	0.021182943603851444	0.0019257221458046766	0.010178817056396148	0.05722145804676754	0.01843191196698762	0.004676753782668501	0.0068775790921595595	0.0	0.015130674002751032	0.0	0.006327372764786795	0.03576341127922971	0.05171939477303989	0.005502063273727648	0.024759284731774415	0.023108665749656122	0.018707015130674003	0.0016506189821182944	0.011004126547455296	0.03548830811554333	0.015130674002751032	0.003576341127922971	0.0041265474552957355	0.013204951856946355	0.0038514442916093533	0.001375515818431912	0.002200825309491059	0.07840440165061899	0.024759284731774415	0.008253094910591471	0.010729023383768913	0.02530949105914718	0.012929848693259973	0.0016506189821182944	0.007702888583218707	0.059147180192572216	0.020357634112792296	0.004676753782668501	0.007152682255845942	0.03878954607977992	0.011829436038514442	0.0016506189821182944	0.005502063273727648	0.033012379642365884	0.009353507565337002	0.002751031636863824	0.0024759284731774417	0.0	0.01925722145804677	0.0	0.008803301237964236	0.026960110041265476	0.011829436038514442	0.0005502063273727648	0.003026134800550206	0.028060522696011003	0.005777166437414031	0.0016506189821182944	0.003026134800550206	0.040165061898211826	0.05034387895460798	0.004401650618982118	0.017606602475928473
0.01925722145804677	0.02090784044016506	0.0016506189821182944	0.01045392022008253	0.05639614855570839	0.017606602475928473	0.005777166437414031	0.007427785419532325	0.0	0.015130674002751032	0.0	0.006327372764786795	0.03548830811554333	0.051169188445667126	0.005777166437414031	0.02530949105914718	0.02283356258596974	0.018707015130674003	0.0019257221458046766	0.011004126547455296	0.03548830811554333	0.01485557083906465	0.0041265474552957355	0.0038514442916093533	0.013480055020632738	0.0038514442916093533	0.0011004126547455295	0.002200825309491059	0.07977991746905089	0.024484181568088032	0.007152682255845942	0.01045392022008253	0.025034387895460797	0.013204951856946355	0.0019257221458046766	0.007427785419532325	0.05832187070151307	0.02090784044016506	0.005502063273727648	0.006602475928473178	0.03878954607977992	0.011829436038514442	0.0016506189821182944	0.005502063273727648	0.03191196698762036	0.009628610729023384	0.0038514442916093533	0.002200825309491059	0.0	0.018982118294360386	0.0	0.009078404401650619	0.027235213204951855	0.011829436038514442	0.0002751031636863824	0.003026134800550206	0.028060522696011003	0.005777166437414031	0.0016506189821182944	0.003026134800550206	0.04071526822558459	0.04979367262723521	0.0041265474552957355	0.018156808803301238
0.01953232462173315	0.020357634112792296	0.001375515818431912	0.011004126547455296	0.056946354883081154	0.017881705639614855	0.0049518569463548835	0.007427785419532325	0.0	0.015680880330123798	0.0	0.005777166437414031	0.036313617606602476	0.051169188445667126	0.0049518569463548835	0.02530949105914718	0.02283356258596974	0.018982118294360386	0.0019257221458046766	0.010729023383768913	0.035213204951856945	0.014305364511691884	0.0038514442916093533	0.0049518569463548835	0.013480055020632738	0.0038514442916093533	0.0011004126547455295	0.002200825309491059	0.07867950481430537	0.024484181568088032	0.007702888583218707	0.009903713892709767	0.023658872077028884	0.012929848693259973	0.003301237964236589	0.007702888583218707	0.0577716643741403	0.020357634112792296	0.005777166437414031	0.007427785419532325	0.03878954607977992	0.012104539202200825	0.0016506189821182944	0.005226960110041265	0.03163686382393398	0.009628610729023384	0.0041265474552957355	0.002200825309491059	0.0	0.018707015130674003	0.0	0.009353507565337002	0.027235213204951855	0.011829436038514442	0.0002751031636863824	0.003026134800550206	0.02778541953232462	0.005777166437414031	0.0019257221458046766	0.003026134800550206	0.04236588720770289	0.048968363136176064	0.003576341127922971	0.018982118294360386
0.01953232462173315	0.020357634112792296	0.001375515818431912	0.011004126547455296	0.0577716643741403	0.016781292984869325	0.0041265474552957355	0.008528198074277854	0.0	0.015405777166437413	0.0	0.006052269601100412	0.036313617606602476	0.05061898211829436	0.0049518569463548835	0.025859697386519945	0.02283356258596974	0.018707015130674003	0.0019257221458046766	0.011004126547455296	0.03603851444291609	0.014580467675378267	0.003576341127922971	0.0041265474552957355	0.013755158184319119	0.0038514442916093533	0.0011004126547455295	0.0019257221458046766	0.0781292984869326	0.023383768913342505	0.00797799174690509	0.011279229711141679	0.02283356258596974	0.011829436038514442	0.0041265474552957355	0.008803301237964236	0.058046767537826685	0.02090784044016506	0.0049518569463548835	0.007427785419532325	0.0390646492434663	0.012104539202200825	0.0019257221458046766	0.004676753782668501	0.03163686382393398	0.009628610729023384	0.0041265474552957355	0.002200825309491059	0.0	0.018982118294360386	0.0	0.009078404401650619	0.026960110041265476	0.012379642365887207	0.0005502063273727648	0.0024759284731774417	0.02778541953232462	0.006052269601100412	0.0019257221458046766	0.002751031636863824	0.04291609353507565	0.04979367262723521	0.003026134800550206	0.018156808803301238
0.01953232462173315	0.020082530949105913	0.001375515818431912	0.011279229711141679	0.05749656121045392	0.017881705639614855	0.0041265474552957355	0.007702888583218707	0.0	0.015680880330123798	0.0	0.005777166437414031	0.036313617606602476	0.05144429160935351	0.0049518569463548835	0.025034387895460797	0.023108665749656122	0.018156808803301238	0.0016506189821182944	0.011554332874828061	0.03658872077028886	0.014305364511691884	0.003301237964236589	0.0041265474552957355	0.013755158184319119	0.0038514442916093533	0.0011004126547455295	0.0019257221458046766	0.0781292984869326	0.023933975240715267	0.007152682255845942	0.01045392022008253	0.022558459422283357	0.012104539202200825	0.004401650618982118	0.008528198074277854	0.05887207702888583	0.02063273727647868	0.004676753782668501	0.007152682255845942	0.03961485557083907	0.011279229711141679	0.0016506189821182944	0.005226960110041265	0.03163686382393398	0.009628610729023384	0.0038514442916093533	0.0024759284731774417	0.0	0.018982118294360386	0.0	0.009078404401650619	0.026960110041265476	0.01265474552957359	0.0008253094910591472	0.0019257221458046766	0.028060522696011003	0.005777166437414031	0.0016506189821182944	0.003026134800550206	0.0437414030261348	0.05034387895460798	0.003301237964236589	0.017606602475928473
0.018982118294360386	0.02063273727647868	0.0019257221458046766	0.010729023383768913	0.05859697386519945	0.017606602475928473	0.003576341127922971	0.007427785419532325	0.0	0.01595598349381018	0.0	0.005502063273727648	0.03658872077028886	0.05144429160935351	0.004676753782668501	0.025034387895460797	0.023108665749656122	0.017881705639614855	0.0016506189821182944	0.011829436038514442	0.03658872077028886	0.014580467675378267	0.003026134800550206	0.0041265474552957355	0.014030261348005502	0.0041265474552957355	0.0011004126547455295	0.001375515818431912	0.07895460797799175	0.023658872077028884	0.006602475928473178	0.010729023383768913	0.023108665749656122	0.012379642365887207	0.0038514442916093533	0.008253094910591471	0.05832187070151307	0.02063273727647868	0.005502063273727648	0.0068775790921595595	0.03961485557083907	0.011554332874828061	0.0016506189821182944	0.0049518569463548835	0.03191196698762036	0.009628610729023384	0.003301237964236589	0.002751031636863824	0.0	0.01843191196698762	0.0	0.009628610729023384	0.02778541953232462	0.01265474552957359	0.0005502063273727648	0.001375515818431912	0.028335625859697386	0.005502063273727648	0.001375515818431912	0.003301237964236589	0.043191196698762035	0.050068775790921595	0.003576341127922971	0.017881705639614855
0.018982118294360386	0.02063273727647868	0.0019257221458046766	0.010729023383768913	0.05859697386519945	0.017881705639614855	0.003026134800550206	0.007702888583218707	0.0	0.016231086657496563	0.0	0.005226960110041265	0.03741403026134801	0.05171939477303989	0.0038514442916093533	0.024759284731774415	0.023658872077028884	0.017606602475928473	0.0011004126547455295	0.012104539202200825	0.03686382393397524	0.014580467675378267	0.003576341127922971	0.003301237964236589	0.014030261348005502	0.0041265474552957355	0.0008253094910591472	0.0016506189821182944	0.08033012379642365	0.023933975240715267	0.006327372764786795	0.010178817056396148	0.023933975240715267	0.012379642365887207	0.003026134800550206	0.008253094910591471	0.0577716643741403	0.02090784044016506	0.006327372764786795	0.006327372764786795	0.0390646492434663	0.011554332874828061	0.002200825309491059	0.0049518569463548835	0.03356258596973865	0.009078404401650619	0.0019257221458046766	0.003026134800550206	0.0	0.01925722145804677	0.0	0.008803301237964236	0.02778541953232462	0.012379642365887207	0.0005502063273727648	0.0016506189821182944	0.02861072902338377	0.005502063273727648	0.0011004126547455295	0.003301237964236589	0.04236588720770289	0.050068775790921595	0.003576341127922971	0.017881705639614855
0.01925722145804677	0.02090784044016506	0.0016506189821182944	0.01045392022008253	0.05832187070151307	0.017881705639614855	0.003576341127922971	0.007427785419532325	0.0	0.016781292984869325	0.0	0.004676753782668501	0.03741403026134801	0.052269601100412656	0.0038514442916093533	0.02420907840440165	0.023933975240715267	0.01733149931224209	0.0008253094910591472	0.012379642365887207	0.03686382393397524	0.01485557083906465	0.003301237964236589	0.003301237964236589	0.013755158184319119	0.0038514442916093533	0.0011004126547455295	0.0019257221458046766	0.07950481430536452	0.023658872077028884	0.007152682255845942	0.010178817056396148	0.023658872077028884	0.011829436038514442	0.003301237964236589	0.008803301237964236	0.058046767537826685	0.021458046767537826	0.005502063273727648	0.006327372764786795	0.03851444291609354	0.011004126547455296	0.003026134800550206	0.005226960110041265	0.03328748280605227	0.008803301237964236	0.0024759284731774417	0.003026134800550206	0.0	0.018707015130674003	0.0	0.009353507565337002	0.02778541953232462	0.012379642365887207	0.0005502063273727648	0.0016506189821182944	0.02888583218707015	0.005502063273727648	0.0008253094910591472	0.003301237964236589	0.04291609353507565	0.04924346629986245	0.003301237964236589	0.018707015130674003
0.018707015130674003	0.02063273727647868	0.002200825309491059	0.010729023383768913	0.058046767537826685	0.018156808803301238	0.003576341127922971	0.007427785419532325	0.0	0.017881705639614855	0.0	0.003576341127922971	0.03768913342503439	0.05171939477303989	0.003576341127922971	0.024759284731774415	0.023658872077028884	0.017056396148555707	0.0011004126547455295	0.01265474552957359	0.037138927097661624	0.014580467675378267	0.002751031636863824	0.0038514442916093533	0.013480055020632738	0.0038514442916093533	0.0011004126547455295	0.002200825309491059	0.08198074277854195	0.023383768913342505	0.006327372764786795	0.010178817056396148	0.023933975240715267	0.011829436038514442	0.003026134800550206	0.008803301237964236	0.0594222833562586	0.02090784044016506	0.0049518569463548835	0.006052269601100412	0.03796423658872077	0.011004126547455296	0.003301237964236589	0.005502063273727648	0.03328748280605227	0.008803301237964236	0.0024759284731774417	0.003026134800550206	0.0	0.01843191196698762	0.0	0.009628610729023384	0.027235213204951855	0.012379642365887207	0.0005502063273727648	0.002200825309491059	0.02888583218707015	0.005502063273727648	0.0008253094910591472	0.003301237964236589	0.040990371389270974	0.04869325997248968	0.0038514442916093533	0.01925722145804677
0.01843191196698762	0.020082530949105913	0.0024759284731774417	0.011279229711141679	0.05722145804676754	0.017881705639614855	0.004401650618982118	0.007702888583218707	0.0	0.017606602475928473	0.0	0.0038514442916093533	0.03851444291609354	0.05281980742778542	0.002751031636863824	0.023658872077028884	0.02420907840440165	0.016781292984869325	0.0005502063273727648	0.012929848693259973	0.03741403026134801	0.014030261348005502	0.002751031636863824	0.0041265474552957355	0.013480055020632738	0.0038514442916093533	0.001375515818431912	0.0019257221458046766	0.08225584594222833	0.02283356258596974	0.006327372764786795	0.01045392022008253	0.023658872077028884	0.01265474552957359	0.003301237964236589	0.00797799174690509	0.05859697386519945	0.02063273727647868	0.005777166437414031	0.006327372764786795	0.03796423658872077	0.011279229711141679	0.003026134800550206	0.005502063273727648	0.03328748280605227	0.008528198074277854	0.0024759284731774417	0.003301237964236589	0.0	0.01843191196698762	0.0	0.009628610729023384	0.026960110041265476	0.01265474552957359	0.0008253094910591472	0.0019257221458046766	0.02861072902338377	0.005502063273727648	0.0011004126547455295	0.003301237964236589	0.040165061898211826	0.047867950481430534	0.004676753782668501	0.020082530949105913
0.018707015130674003	0.02063273727647868	0.002200825309491059	0.010729023383768913	0.05639614855570839	0.017881705639614855	0.004676753782668501	0.008253094910591471	0.0	0.016781292984869325	0.0	0.004676753782668501	0.03878954607977992	0.05171939477303989	0.0024759284731774417	0.024759284731774415	0.023933975240715267	0.017056396148555707	0.0008253094910591472	0.01265474552957359	0.03741403026134801	0.014580467675378267	0.003026134800550206	0.003301237964236589	0.013755158184319119	0.003576341127922971	0.001375515818431912	0.0019257221458046766	0.08088033012379642	0.022283356258596974	0.007427785419532325	0.010729023383768913	0.024759284731774415	0.012929848693259973	0.002200825309491059	0.007702888583218707	0.05859697386519945	0.02063273727647868	0.005777166437414031	0.006327372764786795	0.03768913342503439	0.009903713892709767	0.003026134800550206	0.007152682255845942	0.03328748280605227	0.008803301237964236	0.002751031636863824	0.002751031636863824	0.0	0.018156808803301238	0.0	0.009903713892709767	0.026685006877579093	0.012104539202200825	0.001375515818431912	0.002200825309491059	0.028335625859697386	0.005226960110041265	0.001375515818431912	0.003576341127922971	0.04126547455295736	0.0484181568088033	0.0041265474552957355	0.01953232462173315
0.018982118294360386	0.020357634112792296	0.0019257221458046766	0.011004126547455296	0.05722145804676754	0.017606602475928473	0.0041265474552957355	0.008253094910591471	0.0	0.017056396148555707	0.0	0.004401650618982118	0.03878954607977992	0.05144429160935351	0.0024759284731774417	0.025034387895460797	0.024484181568088032	0.017881705639614855	0.0002751031636863824	0.011829436038514442	0.03768913342503439	0.014580467675378267	0.002751031636863824	0.003301237964236589	0.013480055020632738	0.0038514442916093533	0.001375515818431912	0.0019257221458046766	0.0828060522696011	0.022283356258596974	0.007427785419532325	0.01045392022008253	0.025034387895460797	0.013204951856946355	0.0019257221458046766	0.007427785419532325	0.05887207702888583	0.021458046767537826	0.005226960110041265	0.005777166437414031	0.03741403026134801	0.009903713892709767	0.003576341127922971	0.0068775790921595595	0.03218707015130674	0.008803301237964236	0.003576341127922971	0.003026134800550206	0.0	0.018156808803301238	0.0	0.009903713892709767	0.026685006877579093	0.012104539202200825	0.0016506189821182944	0.0019257221458046766	0.028060522696011003	0.005226960110041265	0.0016506189821182944	0.003576341127922971	0.039889958734525444	0.04759284731774415	0.0038514442916093533	0.020357634112792296
0.01843191196698762	0.019807427785419534	0.0024759284731774417	0.011554332874828061	0.055845942228335624	0.01733149931224209	0.005502063273727648	0.008528198074277854	0.0	0.016781292984869325	0.0	0.004676753782668501	0.03878954607977992	0.051994497936726274	0.0024759284731774417	0.024484181568088032	0.024484181568088032	0.017881705639614855	0.0002751031636863824	0.011829436038514442	0.03686382393397524	0.014580467675378267	0.003576341127922971	0.003301237964236589	0.013204951856946355	0.0041265474552957355	0.001375515818431912	0.0019257221458046766	0.08308115543328748	0.02200825309491059	0.00797799174690509	0.009903713892709767	0.025584594222833563	0.013480055020632738	0.001375515818431912	0.007152682255845942	0.05887207702888583	0.02200825309491059	0.0049518569463548835	0.005502063273727648	0.03768913342503439	0.010178817056396148	0.003576341127922971	0.006327372764786795	0.03218707015130674	0.008803301237964236	0.003301237964236589	0.003301237964236589	0.0	0.018156808803301238	0.0	0.009903713892709767	0.026960110041265476	0.012379642365887207	0.001375515818431912	0.0016506189821182944	0.028335625859697386	0.005226960110041265	0.001375515818431912	0.003576341127922971	0.039889958734525444	0.04731774415405777	0.0038514442916093533	0.02063273727647868
0.018707015130674003	0.020357634112792296	0.002200825309491059	0.011004126547455296	0.05639614855570839	0.017881705639614855	0.004401650618982118	0.008528198074277854	0.0	0.016506189821182942	0.0	0.0049518569463548835	0.03851444291609354	0.05337001375515819	0.002751031636863824	0.023108665749656122	0.023658872077028884	0.017606602475928473	0.0011004126547455295	0.012104539202200825	0.03741403026134801	0.01485557083906465	0.002751031636863824	0.003301237964236589	0.013204951856946355	0.0038514442916093533	0.001375515818431912	0.002200825309491059	0.08308115543328748	0.022283356258596974	0.00797799174690509	0.009628610729023384	0.025584594222833563	0.013480055020632738	0.001375515818431912	0.007152682255845942	0.05832187070151307	0.02173314993122421	0.005502063273727648	0.005777166437414031	0.03741403026134801	0.01045392022008253	0.0038514442916093533	0.006052269601100412	0.03163686382393398	0.008803301237964236	0.0038514442916093533	0.003301237964236589	0.0	0.01843191196698762	0.0	0.009628610729023384	0.026134800550206328	0.012379642365887207	0.0019257221458046766	0.0019257221458046766	0.02861072902338377	0.005502063273727648	0.0011004126547455295	0.003301237964236589	0.04044016506189821	0.04649243466299863	0.003301237964236589	0.021458046767537826
0.01925722145804677	0.01925722145804677	0.0016506189821182944	0.012104539202200825	0.056121045392022006	0.018156808803301238	0.0049518569463548835	0.00797799174690509	0.0	0.016506189821182942	0.0	0.0049518569463548835	0.0390646492434663	0.052269601100412656	0.002200825309491059	0.02420907840440165	0.023933975240715267	0.017881705639614855	0.0008253094910591472	0.011829436038514442	0.03796423658872077	0.014580467675378267	0.002751031636863824	0.003026134800550206	0.013480055020632738	0.003576341127922971	0.001375515818431912	0.002200825309491059	0.08198074277854195	0.02283356258596974	0.009628610729023384	0.008803301237964236	0.02530949105914718	0.014305364511691884	0.0016506189821182944	0.006327372764786795	0.0577716643741403	0.02173314993122421	0.006052269601100412	0.005777166437414031	0.03768913342503439	0.01045392022008253	0.003576341127922971	0.006052269601100412	0.03163686382393398	0.008803301237964236	0.003576341127922971	0.003576341127922971	0.0	0.018707015130674003	0.0	0.009353507565337002	0.026134800550206328	0.011554332874828061	0.0019257221458046766	0.002751031636863824	0.02861072902338377	0.005777166437414031	0.0011004126547455295	0.003026134800550206	0.04044016506189821	0.04649243466299863	0.003026134800550206	0.021458046767537826
0.020082530949105913	0.019807427785419534	0.0008253094910591472	0.011554332874828061	0.05557083906464924	0.01843191196698762	0.0049518569463548835	0.008253094910591471	0.0	0.016781292984869325	0.0	0.004676753782668501	0.03851444291609354	0.051994497936726274	0.002751031636863824	0.024484181568088032	0.023933975240715267	0.017606602475928473	0.0008253094910591472	0.012104539202200825	0.03796423658872077	0.014580467675378267	0.002751031636863824	0.003026134800550206	0.013204951856946355	0.003576341127922971	0.0019257221458046766	0.0019257221458046766	0.08088033012379642	0.023108665749656122	0.01045392022008253	0.008803301237964236	0.02530949105914718	0.014305364511691884	0.0016506189821182944	0.006327372764786795	0.05832187070151307	0.02173314993122421	0.005502063273727648	0.005777166437414031	0.03741403026134801	0.01045392022008253	0.0038514442916093533	0.006052269601100412	0.03108665749656121	0.009353507565337002	0.0038514442916093533	0.003301237964236589	0.0	0.01843191196698762	0.0	0.009628610729023384	0.025859697386519945	0.011829436038514442	0.0024759284731774417	0.002200825309491059	0.028335625859697386	0.005777166437414031	0.001375515818431912	0.003026134800550206	0.040165061898211826	0.04676753782668501	0.003301237964236589	0.021182943603851444
0.01953232462173315	0.02063273727647868	0.001375515818431912	0.010729023383768913	0.05722145804676754	0.01843191196698762	0.0041265474552957355	0.007427785419532325	0.0	0.016781292984869325	0.0	0.004676753782668501	0.038239339752407155	0.051994497936726274	0.003026134800550206	0.024484181568088032	0.023933975240715267	0.017606602475928473	0.0008253094910591472	0.012104539202200825	0.03878954607977992	0.014030261348005502	0.002200825309491059	0.003301237964236589	0.014030261348005502	0.0038514442916093533	0.0008253094910591472	0.0019257221458046766	0.08005502063273727	0.023658872077028884	0.010729023383768913	0.009078404401650619	0.025034387895460797	0.014305364511691884	0.0019257221458046766	0.006327372764786795	0.05749656121045392	0.021458046767537826	0.006602475928473178	0.005777166437414031	0.03741403026134801	0.01045392022008253	0.003576341127922971	0.006327372764786795	0.030811554332874826	0.009628610729023384	0.0041265474552957355	0.003026134800550206	0.0	0.018982118294360386	0.0	0.009078404401650619	0.026685006877579093	0.012104539202200825	0.0016506189821182944	0.0019257221458046766	0.028335625859697386	0.005502063273727648	0.001375515818431912	0.003301237964236589	0.040165061898211826	0.04759284731774415	0.003026134800550206	0.020357634112792296
0.01925722145804677	0.02063273727647868	0.0016506189821182944	0.010729023383768913	0.058046767537826685	0.01843191196698762	0.003576341127922971	0.007152682255845942	0.0	0.016231086657496563	0.0	0.005226960110041265	0.038239339752407155	0.051994497936726274	0.003026134800550206	0.024484181568088032	0.023658872077028884	0.017881705639614855	0.0011004126547455295	0.011829436038514442	0.03878954607977992	0.014030261348005502	0.0024759284731774417	0.003026134800550206	0.013755158184319119	0.0038514442916093533	0.0011004126547455295	0.0019257221458046766	0.08060522696011004	0.023933975240715267	0.009353507565337002	0.008803301237964236	0.024759284731774415	0.014580467675378267	0.002200825309491059	0.006052269601100412	0.0577716643741403	0.02173314993122421	0.006052269601100412	0.005777166437414031	0.03878954607977992	0.01045392022008253	0.0024759284731774417	0.006052269601100412	0.03108665749656121	0.009353507565337002	0.0038514442916093533	0.003301237964236589	0.0	0.01953232462173315	0.0	0.008528198074277854	0.026685006877579093	0.011829436038514442	0.0016506189821182944	0.002200825309491059	0.02861072902338377	0.005777166437414031	0.0011004126547455295	0.003026134800550206	0.04071526822558459	0.04676753782668501	0.003301237964236589	0.021182943603851444
0.01925722145804677	0.020357634112792296	0.0016506189821182944	0.011004126547455296	0.058046767537826685	0.017606602475928473	0.0038514442916093533	0.007702888583218707	0.0	0.016506189821182942	0.0	0.0049518569463548835	0.03878954607977992	0.05171939477303989	0.0024759284731774417	0.024759284731774415	0.023658872077028884	0.018156808803301238	0.0011004126547455295	0.011554332874828061	0.038239339752407155	0.014305364511691884	0.002751031636863824	0.003026134800550206	0.014030261348005502	0.0038514442916093533	0.0011004126547455295	0.0016506189821182944	0.08170563961485557	0.023383768913342505	0.009628610729023384	0.009078404401650619	0.024484181568088032	0.01485557083906465	0.0024759284731774417	0.005777166437414031	0.058046767537826685	0.021458046767537826	0.005777166437414031	0.006052269601100412	0.03878954607977992	0.010729023383768913	0.0024759284731774417	0.005777166437414031	0.03191196698762036	0.009078404401650619	0.003026134800550206	0.003576341127922971	0.0	0.019807427785419534	0.0	0.008253094910591471	0.026685006877579093	0.012104539202200825	0.001375515818431912	0.002200825309491059	0.02861072902338377	0.005777166437414031	0.0011004126547455295	0.003026134800550206	0.0390646492434663	0.045116918844566714	0.0038514442916093533	0.02283356258596974
0.018707015130674003	0.020357634112792296	0.002200825309491059	0.011004126547455296	0.059147180192572216	0.017056396148555707	0.003026134800550206	0.00797799174690509	0.0	0.016781292984869325	0.0	0.004676753782668501	0.038239339752407155	0.05171939477303989	0.003026134800550206	0.024759284731774415	0.023108665749656122	0.018156808803301238	0.0016506189821182944	0.011554332874828061	0.038239339752407155	0.014030261348005502	0.002751031636863824	0.003301237964236589	0.013480055020632738	0.0038514442916093533	0.001375515818431912	0.0019257221458046766	0.0811554332874828	0.023108665749656122	0.009078404401650619	0.009078404401650619	0.024759284731774415	0.014305364511691884	0.002200825309491059	0.006327372764786795	0.058046767537826685	0.02090784044016506	0.005777166437414031	0.006602475928473178	0.03878954607977992	0.011004126547455296	0.0024759284731774417	0.005502063273727648	0.0327372764786795	0.009078404401650619	0.002200825309491059	0.003576341127922971	0.0	0.020082530949105913	0.0	0.00797799174690509	0.026134800550206328	0.012379642365887207	0.0019257221458046766	0.0019257221458046766	0.02861072902338377	0.005502063273727648	0.0011004126547455295	0.003301237964236589	0.04071526822558459	0.04566712517193948	0.003576341127922971	0.022283356258596974
0.018707015130674003	0.020357634112792296	0.002200825309491059	0.011004126547455296	0.05887207702888583	0.017056396148555707	0.003026134800550206	0.008253094910591471	0.0	0.016781292984869325	0.0	0.004676753782668501	0.0390646492434663	0.051994497936726274	0.002200825309491059	0.024484181568088032	0.023658872077028884	0.017606602475928473	0.0011004126547455295	0.012104539202200825	0.038239339752407155	0.013755158184319119	0.002751031636863824	0.003576341127922971	0.013480055020632738	0.0038514442916093533	0.001375515818431912	0.0019257221458046766	0.08253094910591471	0.023383768913342505	0.0068775790921595595	0.009353507565337002	0.025034387895460797	0.013755158184319119	0.0019257221458046766	0.0068775790921595595	0.05887207702888583	0.020357634112792296	0.005226960110041265	0.0068775790921595595	0.03851444291609354	0.010178817056396148	0.003026134800550206	0.006052269601100412	0.032462173314993126	0.009078404401650619	0.002200825309491059	0.0038514442916093533	0.0	0.02063273727647868	0.0	0.007427785419532325	0.026960110041265476	0.011554332874828061	0.001375515818431912	0.0024759284731774417	0.02861072902338377	0.005502063273727648	0.0011004126547455295	0.003301237964236589	0.04071526822558459	0.046217331499312245	0.0038514442916093533	0.02173314993122421
0.018982118294360386	0.019807427785419534	0.0019257221458046766	0.011554332874828061	0.05887207702888583	0.017056396148555707	0.003301237964236589	0.00797799174690509	0.0	0.01733149931224209	0.0	0.0041265474552957355	0.03878954607977992	0.05171939477303989	0.0024759284731774417	0.024759284731774415	0.023658872077028884	0.017606602475928473	0.0011004126547455295	0.012104539202200825	0.03796423658872077	0.014030261348005502	0.003026134800550206	0.003301237964236589	0.013755158184319119	0.004401650618982118	0.0008253094910591472	0.0016506189821182944	0.08308115543328748	0.023108665749656122	0.008253094910591471	0.009078404401650619	0.025034387895460797	0.014030261348005502	0.0019257221458046766	0.006602475928473178	0.05859697386519945	0.020082530949105913	0.005502063273727648	0.007152682255845942	0.03796423658872077	0.011004126547455296	0.003026134800550206	0.005777166437414031	0.033012379642365884	0.009353507565337002	0.0016506189821182944	0.003576341127922971	0.0	0.020357634112792296	0.0	0.007702888583218707	0.027235213204951855	0.011554332874828061	0.0011004126547455295	0.0024759284731774417	0.028335625859697386	0.005502063273727648	0.001375515818431912	0.003301237964236589	0.04044016506189821	0.04594222833562586	0.002751031636863824	0.02200825309491059
0.01925722145804677	0.020082530949105913	0.0016506189821182944	0.011279229711141679	0.05832187070151307	0.017606602475928473	0.0038514442916093533	0.007427785419532325	0.0	0.016781292984869325	0.0	0.004676753782668501	0.038239339752407155	0.051994497936726274	0.003026134800550206	0.024484181568088032	0.02283356258596974	0.018707015130674003	0.0019257221458046766	0.011004126547455296	0.03796423658872077	0.013755158184319119	0.003301237964236589	0.003301237964236589	0.013755158184319119	0.004401650618982118	0.0008253094910591472	0.0016506189821182944	0.08390646492434663	0.023108665749656122	0.008528198074277854	0.008528198074277854	0.025034387895460797	0.013755158184319119	0.0019257221458046766	0.0068775790921595595	0.0594222833562586	0.020357634112792296	0.005502063273727648	0.006052269601100412	0.03796423658872077	0.011554332874828061	0.002751031636863824	0.005502063273727648	0.0327372764786795	0.009078404401650619	0.0019257221458046766	0.0038514442916093533	0.0	0.02063273727647868	0.0	0.007427785419532325	0.027235213204951855	0.011554332874828061	0.0011004126547455295	0.0024759284731774417	0.02861072902338377	0.005226960110041265	0.0011004126547455295	0.003576341127922971	0.040165061898211826	0.04484181568088033	0.0024759284731774417	0.023108665749656122
0.01925722145804677	0.019807427785419534	0.0016506189821182944	0.011554332874828061	0.05749656121045392	0.017881705639614855	0.004401650618982118	0.007427785419532325	0.0	0.016506189821182942	0.0	0.0049518569463548835	0.03878954607977992	0.05171939477303989	0.0024759284731774417	0.024759284731774415	0.02283356258596974	0.018156808803301238	0.0019257221458046766	0.011554332874828061	0.03851444291609354	0.013480055020632738	0.002751031636863824	0.003576341127922971	0.013755158184319119	0.004401650618982118	0.0008253094910591472	0.0016506189821182944	0.08445667125171939	0.023108665749656122	0.00797799174690509	0.008253094910591471	0.025034387895460797	0.014030261348005502	0.0019257221458046766	0.006602475928473178	0.060247592847317746	0.020082530949105913	0.004676753782668501	0.006327372764786795	0.03851444291609354	0.011554332874828061	0.0019257221458046766	0.005777166437414031	0.032462173314993126	0.009078404401650619	0.002200825309491059	0.0038514442916093533	0.0	0.02063273727647868	0.0	0.007427785419532325	0.027510316368638238	0.011554332874828061	0.0008253094910591472	0.0024759284731774417	0.027510316368638238	0.0049518569463548835	0.002200825309491059	0.0038514442916093533	0.04071526822558459	0.04456671251719395	0.002200825309491059	0.023383768913342505
0.01925722145804677	0.020082530949105913	0.0016506189821182944	0.011279229711141679	0.056946354883081154	0.018156808803301238	0.004676753782668501	0.007427785419532325	0.0	0.016506189821182942	0.0	0.0049518569463548835	0.03878954607977992	0.051994497936726274	0.0024759284731774417	0.024484181568088032	0.023383768913342505	0.017881705639614855	0.001375515818431912	0.011829436038514442	0.0390646492434663	0.013755158184319119	0.002751031636863824	0.002751031636863824	0.013755158184319119	0.004401650618982118	0.0008253094910591472	0.0016506189821182944	0.08363136176066024	0.022558459422283357	0.00797799174690509	0.009353507565337002	0.024759284731774415	0.013480055020632738	0.002200825309491059	0.007152682255845942	0.0594222833562586	0.02090784044016506	0.0049518569463548835	0.006052269601100412	0.0390646492434663	0.011829436038514442	0.0019257221458046766	0.0049518569463548835	0.03218707015130674	0.00797799174690509	0.003026134800550206	0.004401650618982118	0.0	0.02090784044016506	0.0	0.007152682255845942	0.027235213204951855	0.011279229711141679	0.0011004126547455295	0.002751031636863824	0.026134800550206328	0.0049518569463548835	0.003576341127922971	0.0038514442916093533	0.04154057771664374	0.04484181568088033	0.0016506189821182944	0.023108665749656122
0.019807427785419534	0.020357634112792296	0.0011004126547455295	0.011004126547455296	0.056121045392022006	0.017606602475928473	0.005226960110041265	0.008253094910591471	0.0	0.017056396148555707	0.0	0.004401650618982118	0.03878954607977992	0.05171939477303989	0.0024759284731774417	0.024759284731774415	0.023658872077028884	0.018982118294360386	0.0011004126547455295	0.010729023383768913	0.0390646492434663	0.013480055020632738	0.003026134800550206	0.002751031636863824	0.013480055020632738	0.004401650618982118	0.0011004126547455295	0.0016506189821182944	0.08473177441540578	0.02283356258596974	0.007427785419532325	0.008803301237964236	0.024759284731774415	0.013755158184319119	0.002200825309491059	0.0068775790921595595	0.05859697386519945	0.021458046767537826	0.005226960110041265	0.006052269601100412	0.03878954607977992	0.011829436038514442	0.002200825309491059	0.0049518569463548835	0.03218707015130674	0.008528198074277854	0.003301237964236589	0.003576341127922971	0.0	0.02090784044016506	0.0	0.007152682255845942	0.027235213204951855	0.011554332874828061	0.0011004126547455295	0.0024759284731774417	0.025584594222833563	0.0049518569463548835	0.0041265474552957355	0.0038514442916093533	0.04071526822558459	0.04566712517193948	0.002200825309491059	0.022283356258596974
0.020082530949105913	0.020357634112792296	0.0008253094910591472	0.011004126547455296	0.05722145804676754	0.017881705639614855	0.004401650618982118	0.007702888583218707	0.0	0.016506189821182942	0.0	0.0049518569463548835	0.03851444291609354	0.05171939477303989	0.002751031636863824	0.024759284731774415	0.023383768913342505	0.01843191196698762	0.001375515818431912	0.011279229711141679	0.03961485557083907	0.013480055020632738	0.003026134800550206	0.002200825309491059	0.013480055020632738	0.004401650618982118	0.0011004126547455295	0.0016506189821182944	0.0858321870701513	0.022558459422283357	0.006602475928473178	0.008803301237964236	0.025034387895460797	0.013755158184319119	0.0019257221458046766	0.0068775790921595595	0.058046767537826685	0.021182943603851444	0.006052269601100412	0.006052269601100412	0.03878954607977992	0.011829436038514442	0.002200825309491059	0.0049518569463548835	0.03328748280605227	0.008253094910591471	0.002200825309491059	0.0038514442916093533	0.0	0.02063273727647868	0.0	0.007427785419532325	0.026960110041265476	0.011829436038514442	0.001375515818431912	0.002200825309491059	0.02530949105914718	0.004676753782668501	0.004401650618982118	0.0041265474552957355	0.040165061898211826	0.046217331499312245	0.002751031636863824	0.02173314993122421
0.01953232462173315	0.02063273727647868	0.001375515818431912	0.010729023383768913	0.05722145804676754	0.017606602475928473	0.004401650618982118	0.00797799174690509	0.0	0.016231086657496563	0.0	0.005226960110041265	0.03851444291609354	0.05171939477303989	0.002751031636863824	0.024759284731774415	0.023658872077028884	0.017881705639614855	0.0011004126547455295	0.011829436038514442	0.03961485557083907	0.013480055020632738	0.002751031636863824	0.0024759284731774417	0.013480055020632738	0.004401650618982118	0.0011004126547455295	0.0016506189821182944	0.08445667125171939	0.02200825309491059	0.007427785419532325	0.009353507565337002	0.025034387895460797	0.013755158184319119	0.0019257221458046766	0.0068775790921595595	0.058046767537826685	0.02063273727647868	0.006602475928473178	0.006052269601100412	0.0390646492434663	0.011829436038514442	0.0019257221458046766	0.0049518569463548835	0.03383768913342503	0.008803301237964236	0.0019257221458046766	0.003026134800550206	0.0	0.020357634112792296	0.0	0.007702888583218707	0.026685006877579093	0.011829436038514442	0.0016506189821182944	0.002200825309491059	0.025859697386519945	0.004676753782668501	0.0038514442916093533	0.0041265474552957355	0.04071526822558459	0.04676753782668501	0.002751031636863824	0.021182943603851444
0.01953232462173315	0.02063273727647868	0.001375515818431912	0.010729023383768913	0.05749656121045392	0.017881705639614855	0.0041265474552957355	0.007702888583218707	0.0	0.016506189821182942	0.0	0.0049518569463548835	0.03796423658872077	0.05061898211829436	0.003301237964236589	0.025859697386519945	0.023658872077028884	0.01843191196698762	0.0011004126547455295	0.011279229711141679	0.03961485557083907	0.013480055020632738	0.002751031636863824	0.0024759284731774417	0.013480055020632738	0.004401650618982118	0.0011004126547455295	0.0016506189821182944	0.08363136176066024	0.02283356258596974	0.00797799174690509	0.009078404401650619	0.025584594222833563	0.013755158184319119	0.001375515818431912	0.0068775790921595595	0.05832187070151307	0.021458046767537826	0.006327372764786795	0.005226960110041265	0.0390646492434663	0.011829436038514442	0.0019257221458046766	0.0049518569463548835	0.032462173314993126	0.00797799174690509	0.003301237964236589	0.0038514442916093533	0.0	0.02090784044016506	0.0	0.007152682255845942	0.026685006877579093	0.011554332874828061	0.0016506189821182944	0.0024759284731774417	0.026685006877579093	0.004401650618982118	0.003026134800550206	0.004401650618982118	0.040165061898211826	0.046217331499312245	0.003026134800550206	0.02173314993122421
0.019807427785419534	0.020357634112792296	0.0011004126547455295	0.011004126547455296	0.058046767537826685	0.01733149931224209	0.0038514442916093533	0.00797799174690509	0.0	0.016231086657496563	0.0	0.005226960110041265	0.03796423658872077	0.050068775790921595	0.003301237964236589	0.02640990371389271	0.023108665749656122	0.018156808803301238	0.0016506189821182944	0.011554332874828061	0.039339752407152685	0.013755158184319119	0.003026134800550206	0.002200825309491059	0.013755158184319119	0.004676753782668501	0.0008253094910591472	0.001375515818431912	0.08253094910591471	0.023933975240715267	0.00797799174690509	0.008528198074277854	0.02530949105914718	0.013755158184319119	0.0016506189821182944	0.0068775790921595595	0.05859697386519945	0.021182943603851444	0.006052269601100412	0.005502063273727648	0.0390646492434663	0.012104539202200825	0.002200825309491059	0.004401650618982118	0.03218707015130674	0.00797799174690509	0.003301237964236589	0.0041265474552957355	0.0	0.02090784044016506	0.0	0.007152682255845942	0.026685006877579093	0.011554332874828061	0.0016506189821182944	0.0024759284731774417	0.027235213204951855	0.004676753782668501	0.0024759284731774417	0.0041265474552957355	0.040165061898211826	0.046217331499312245	0.003576341127922971	0.02173314993122421
0.019807427785419534	0.02063273727647868	0.0011004126547455295	0.010729023383768913	0.058046767537826685	0.017056396148555707	0.0038514442916093533	0.008253094910591471	0.0	0.01595598349381018	0.0	0.005502063273727648	0.03796423658872077	0.050068775790921595	0.003301237964236589	0.02640990371389271	0.023383768913342505	0.018156808803301238	0.001375515818431912	0.011554332874828061	0.039339752407152685	0.013480055020632738	0.003026134800550206	0.0024759284731774417	0.013755158184319119	0.004676753782668501	0.0008253094910591472	0.001375515818431912	0.08198074277854195	0.024484181568088032	0.008253094910591471	0.008803301237964236	0.025584594222833563	0.013480055020632738	0.001375515818431912	0.007152682255845942	0.059147180192572216	0.020082530949105913	0.005777166437414031	0.006327372764786795	0.038239339752407155	0.012104539202200825	0.003026134800550206	0.004401650618982118	0.03163686382393398	0.008253094910591471	0.003576341127922971	0.0041265474552957355	0.0	0.02090784044016506	0.0	0.007152682255845942	0.026685006877579093	0.011004126547455296	0.0019257221458046766	0.002751031636863824	0.028060522696011003	0.0049518569463548835	0.0016506189821182944	0.0038514442916093533	0.0390646492434663	0.04594222833562586	0.0041265474552957355	0.02200825309491059
0.020082530949105913	0.02063273727647868	0.0008253094910591472	0.010729023383768913	0.05859697386519945	0.017056396148555707	0.003576341127922971	0.00797799174690509	0.0	0.01595598349381018	0.0	0.005502063273727648	0.03741403026134801	0.05034387895460798	0.0038514442916093533	0.026134800550206328	0.02283356258596974	0.018156808803301238	0.0019257221458046766	0.011554332874828061	0.039339752407152685	0.013480055020632738	0.0024759284731774417	0.003026134800550206	0.013755158184319119	0.004676753782668501	0.0008253094910591472	0.001375515818431912	0.08390646492434663	0.02420907840440165	0.006327372764786795	0.008528198074277854	0.025584594222833563	0.012929848693259973	0.001375515818431912	0.007702888583218707	0.06052269601100413	0.020357634112792296	0.0049518569463548835	0.005502063273727648	0.03741403026134801	0.012379642365887207	0.0038514442916093533	0.0041265474552957355	0.03163686382393398	0.00797799174690509	0.0038514442916093533	0.0041265474552957355	0.0	0.02090784044016506	0.0	0.007152682255845942	0.026134800550206328	0.01045392022008253	0.002200825309491059	0.003576341127922971	0.02861072902338377	0.0049518569463548835	0.0011004126547455295	0.0038514442916093533	0.039889958734525444	0.04566712517193948	0.0038514442916093533	0.022283356258596974
0.01925722145804677	0.02090784044016506	0.0016506189821182944	0.01045392022008253	0.05859697386519945	0.017881705639614855	0.003026134800550206	0.007702888583218707	0.0	0.015680880330123798	0.0	0.005777166437414031	0.03741403026134801	0.05089408528198074	0.0038514442916093533	0.025584594222833563	0.02283356258596974	0.01843191196698762	0.0019257221458046766	0.011279229711141679	0.040165061898211826	0.013755158184319119	0.0016506189821182944	0.002751031636863824	0.014030261348005502	0.004676753782668501	0.0008253094910591472	0.0011004126547455295	0.0828060522696011	0.024484181568088032	0.006602475928473178	0.008803301237964236	0.02530949105914718	0.013204951856946355	0.0016506189821182944	0.007427785419532325	0.0594222833562586	0.02173314993122421	0.004676753782668501	0.005502063273727648	0.03658872077028886	0.012929848693259973	0.004676753782668501	0.003576341127922971	0.033012379642365884	0.00797799174690509	0.003026134800550206	0.003576341127922971	0.0	0.021182943603851444	0.0	0.0068775790921595595	0.02640990371389271	0.01045392022008253	0.002200825309491059	0.003301237964236589	0.029160935350756534	0.005226960110041265	0.0005502063273727648	0.003576341127922971	0.04044016506189821	0.045116918844566714	0.003576341127922971	0.02283356258596974
0.01925722145804677	0.02090784044016506	0.0016506189821182944	0.01045392022008253	0.0577716643741403	0.01733149931224209	0.0038514442916093533	0.008253094910591471	0.0	0.01595598349381018	0.0	0.005502063273727648	0.03686382393397524	0.051994497936726274	0.004401650618982118	0.024484181568088032	0.023108665749656122	0.018156808803301238	0.0016506189821182944	0.011554332874828061	0.03961485557083907	0.013755158184319119	0.0016506189821182944	0.003301237964236589	0.013755158184319119	0.004401650618982118	0.0008253094910591472	0.0016506189821182944	0.08363136176066024	0.02420907840440165	0.006602475928473178	0.009078404401650619	0.02530949105914718	0.012929848693259973	0.0016506189821182944	0.007702888583218707	0.05969738651994498	0.021182943603851444	0.0049518569463548835	0.005502063273727648	0.03658872077028886	0.013204951856946355	0.0041265474552957355	0.0038514442916093533	0.0327372764786795	0.008528198074277854	0.003026134800550206	0.003301237964236589	0.0	0.02090784044016506	0.0	0.007152682255845942	0.025584594222833563	0.01045392022008253	0.003026134800550206	0.003301237964236589	0.029160935350756534	0.0049518569463548835	0.0005502063273727648	0.0038514442916093533	0.039889958734525444	0.04484181568088033	0.003301237964236589	0.023108665749656122
0.01925722145804677	0.02063273727647868	0.0016506189821182944	0.010729023383768913	0.05722145804676754	0.017881705639614855	0.004401650618982118	0.007702888583218707	0.0	0.01595598349381018	0.0	0.005502063273727648	0.03686382393397524	0.05171939477303989	0.004401650618982118	0.024759284731774415	0.023108665749656122	0.018156808803301238	0.0016506189821182944	0.011554332874828061	0.039889958734525444	0.013755158184319119	0.001375515818431912	0.003301237964236589	0.013755158184319119	0.004401650618982118	0.0008253094910591472	0.0016506189821182944	0.08363136176066024	0.025034387895460797	0.007427785419532325	0.00797799174690509	0.025034387895460797	0.012929848693259973	0.0019257221458046766	0.007702888583218707	0.05859697386519945	0.021182943603851444	0.006052269601100412	0.005502063273727648	0.037138927097661624	0.01265474552957359	0.0041265474552957355	0.0038514442916093533	0.0327372764786795	0.008528198074277854	0.003301237964236589	0.003026134800550206	0.0	0.021182943603851444	0.0	0.0068775790921595595	0.02640990371389271	0.010178817056396148	0.0024759284731774417	0.003301237964236589	0.02888583218707015	0.0049518569463548835	0.0008253094910591472	0.0038514442916093533	0.03961485557083907	0.0453920220082531	0.003026134800550206	0.022558459422283357
0.01953232462173315	0.02063273727647868	0.001375515818431912	0.010729023383768913	0.0577716643741403	0.017881705639614855	0.003301237964236589	0.008253094910591471	0.0	0.015680880330123798	0.0	0.005777166437414031	0.03741403026134801	0.05254470426409904	0.0038514442916093533	0.023933975240715267	0.023383768913342505	0.018982118294360386	0.001375515818431912	0.010729023383768913	0.039889958734525444	0.014030261348005502	0.001375515818431912	0.003026134800550206	0.013755158184319119	0.004676753782668501	0.0008253094910591472	0.001375515818431912	0.08390646492434663	0.02420907840440165	0.006327372764786795	0.008528198074277854	0.02420907840440165	0.013204951856946355	0.002751031636863824	0.007427785419532325	0.05749656121045392	0.021182943603851444	0.006602475928473178	0.006052269601100412	0.037138927097661624	0.01265474552957359	0.0038514442916093533	0.0041265474552957355	0.03191196698762036	0.008528198074277854	0.003576341127922971	0.003576341127922971	0.0	0.02173314993122421	0.0	0.006327372764786795	0.02640990371389271	0.009903713892709767	0.0024759284731774417	0.003576341127922971	0.02888583218707015	0.004676753782668501	0.0008253094910591472	0.0041265474552957355	0.04154057771664374	0.046217331499312245	0.002200825309491059	0.02173314993122421
0.018707015130674003	0.020357634112792296	0.002200825309491059	0.011004126547455296	0.05832187070151307	0.01733149931224209	0.003576341127922971	0.00797799174690509	0.0	0.015405777166437413	0.0	0.006052269601100412	0.03796423658872077	0.053094910591471804	0.003301237964236589	0.023383768913342505	0.023383768913342505	0.01843191196698762	0.001375515818431912	0.011279229711141679	0.039889958734525444	0.013755158184319119	0.001375515818431912	0.003301237964236589	0.013755158184319119	0.004676753782668501	0.0008253094910591472	0.001375515818431912	0.08555708390646492	0.023108665749656122	0.005777166437414031	0.009353507565337002	0.023658872077028884	0.013480055020632738	0.003301237964236589	0.007152682255845942	0.0577716643741403	0.02090784044016506	0.006602475928473178	0.006052269601100412	0.038239339752407155	0.012379642365887207	0.003301237964236589	0.0038514442916093533	0.03163686382393398	0.008528198074277854	0.003576341127922971	0.0038514442916093533	0.0	0.02173314993122421	0.0	0.006327372764786795	0.02640990371389271	0.009903713892709767	0.002751031636863824	0.003301237964236589	0.02888583218707015	0.005226960110041265	0.0008253094910591472	0.003576341127922971	0.039889958734525444	0.0453920220082531	0.003026134800550206	0.022558459422283357
0.018707015130674003	0.020357634112792296	0.002200825309491059	0.011004126547455296	0.059147180192572216	0.016781292984869325	0.003026134800550206	0.008253094910591471	0.0	0.015405777166437413	0.0	0.006052269601100412	0.038239339752407155	0.05364511691884457	0.003026134800550206	0.02283356258596974	0.023383768913342505	0.018707015130674003	0.001375515818431912	0.011004126547455296	0.039889958734525444	0.013755158184319119	0.001375515818431912	0.003301237964236589	0.013755158184319119	0.004676753782668501	0.0008253094910591472	0.001375515818431912	0.0858321870701513	0.02283356258596974	0.005777166437414031	0.009628610729023384	0.023383768913342505	0.013755158184319119	0.003576341127922971	0.0068775790921595595	0.056946354883081154	0.020357634112792296	0.0068775790921595595	0.007152682255845942	0.03851444291609354	0.012379642365887207	0.003301237964236589	0.003576341127922971	0.03163686382393398	0.008803301237964236	0.003026134800550206	0.0041265474552957355	0.0	0.02173314993122421	0.0	0.006327372764786795	0.026960110041265476	0.010178817056396148	0.002200825309491059	0.003026134800550206	0.02861072902338377	0.005777166437414031	0.0011004126547455295	0.003026134800550206	0.039339752407152685	0.046217331499312245	0.003301237964236589	0.02173314993122421
0.018707015130674003	0.02063273727647868	0.002200825309491059	0.010729023383768913	0.05887207702888583	0.017056396148555707	0.003301237964236589	0.00797799174690509	0.0	0.015405777166437413	0.0	0.006052269601100412	0.038239339752407155	0.053094910591471804	0.003026134800550206	0.023383768913342505	0.023658872077028884	0.017881705639614855	0.0011004126547455295	0.011829436038514442	0.03961485557083907	0.013755158184319119	0.0016506189821182944	0.003301237964236589	0.014030261348005502	0.004676753782668501	0.0005502063273727648	0.001375515818431912	0.08500687757909216	0.023108665749656122	0.005777166437414031	0.010178817056396148	0.023383768913342505	0.013755158184319119	0.003576341127922971	0.0068775790921595595	0.05667125171939477	0.020082530949105913	0.0068775790921595595	0.007702888583218707	0.03878954607977992	0.011279229711141679	0.003301237964236589	0.004401650618982118	0.031361760660247595	0.008528198074277854	0.003301237964236589	0.004401650618982118	0.0	0.02173314993122421	0.0	0.006327372764786795	0.026685006877579093	0.01045392022008253	0.0024759284731774417	0.002751031636863824	0.028335625859697386	0.006052269601100412	0.001375515818431912	0.002751031636863824	0.040165061898211826	0.04566712517193948	0.0024759284731774417	0.022283356258596974
0.01843191196698762	0.02063273727647868	0.0024759284731774417	0.010729023383768913	0.05887207702888583	0.017056396148555707	0.003301237964236589	0.00797799174690509	0.0	0.01485557083906465	0.0	0.006602475928473178	0.038239339752407155	0.05254470426409904	0.003026134800550206	0.023933975240715267	0.023933975240715267	0.017606602475928473	0.0008253094910591472	0.012104539202200825	0.0390646492434663	0.013755158184319119	0.0019257221458046766	0.003576341127922971	0.014030261348005502	0.004676753782668501	0.0005502063273727648	0.001375515818431912	0.08528198074277854	0.02283356258596974	0.006602475928473178	0.01045392022008253	0.023658872077028884	0.013204951856946355	0.003301237964236589	0.007427785419532325	0.056121045392022006	0.020357634112792296	0.007152682255845942	0.007702888583218707	0.03961485557083907	0.011279229711141679	0.0024759284731774417	0.004401650618982118	0.03163686382393398	0.008528198074277854	0.003026134800550206	0.004401650618982118	0.0	0.021458046767537826	0.0	0.006602475928473178	0.026960110041265476	0.010729023383768913	0.002200825309491059	0.0024759284731774417	0.028335625859697386	0.005777166437414031	0.001375515818431912	0.003026134800550206	0.0390646492434663	0.04594222833562586	0.0024759284731774417	0.02200825309491059
0.018156808803301238	0.02063273727647868	0.002751031636863824	0.010729023383768913	0.05859697386519945	0.017606602475928473	0.003576341127922971	0.007427785419532325	0.0	0.014580467675378267	0.0	0.0068775790921595595	0.039339752407152685	0.052269601100412656	0.0019257221458046766	0.02420907840440165	0.023658872077028884	0.017881705639614855	0.0011004126547455295	0.011829436038514442	0.03796423658872077	0.014305364511691884	0.002200825309491059	0.0038514442916093533	0.013480055020632738	0.0049518569463548835	0.0008253094910591472	0.001375515818431912	0.08335625859697386	0.02283356258596974	0.008803301237964236	0.009628610729023384	0.023933975240715267	0.012929848693259973	0.003026134800550206	0.007702888583218707	0.05722145804676754	0.020357634112792296	0.006602475928473178	0.007152682255845942	0.039339752407152685	0.011004126547455296	0.003026134800550206	0.004401650618982118	0.03191196698762036	0.008528198074277854	0.003301237964236589	0.0038514442916093533	0.0	0.021182943603851444	0.0	0.0068775790921595595	0.026134800550206328	0.011004126547455296	0.003026134800550206	0.002200825309491059	0.028060522696011003	0.005777166437414031	0.0016506189821182944	0.003026134800550206	0.0390646492434663	0.04566712517193948	0.003026134800550206	0.022283356258596974
0.01843191196698762	0.021458046767537826	0.0024759284731774417	0.009903713892709767	0.059972489683631364	0.017881705639614855	0.002200825309491059	0.007152682255845942	0.0	0.014580467675378267	0.0	0.0068775790921595595	0.0390646492434663	0.052269601100412656	0.002200825309491059	0.02420907840440165	0.023658872077028884	0.018156808803301238	0.0011004126547455295	0.011554332874828061	0.03851444291609354	0.014305364511691884	0.0016506189821182944	0.0038514442916093533	0.013480055020632738	0.004676753782668501	0.0008253094910591472	0.0016506189821182944	0.08308115543328748	0.02283356258596974	0.008253094910591471	0.009353507565337002	0.025034387895460797	0.013480055020632738	0.0019257221458046766	0.007152682255845942	0.056946354883081154	0.020082530949105913	0.0068775790921595595	0.007427785419532325	0.04044016506189821	0.01045392022008253	0.002200825309491059	0.004676753782668501	0.03191196698762036	0.009078404401650619	0.003026134800550206	0.003576341127922971	0.0	0.021458046767537826	0.0	0.006602475928473178	0.02640990371389271	0.011004126547455296	0.002751031636863824	0.002200825309491059	0.028335625859697386	0.005777166437414031	0.001375515818431912	0.003026134800550206	0.039889958734525444	0.04594222833562586	0.003301237964236589	0.02200825309491059
0.018707015130674003	0.02173314993122421	0.002200825309491059	0.009628610729023384	0.05969738651994498	0.017056396148555707	0.0019257221458046766	0.008528198074277854	0.0	0.014030261348005502	0.0	0.007427785419532325	0.03851444291609354	0.05254470426409904	0.002751031636863824	0.023933975240715267	0.023933975240715267	0.01843191196698762	0.0008253094910591472	0.011279229711141679	0.03851444291609354	0.014305364511691884	0.0019257221458046766	0.003576341127922971	0.013480055020632738	0.0041265474552957355	0.0008253094910591472	0.002200825309491059	0.08253094910591471	0.023383768913342505	0.007152682255845942	0.008803301237964236	0.025034387895460797	0.013204951856946355	0.0019257221458046766	0.007427785419532325	0.05722145804676754	0.019807427785419534	0.0068775790921595595	0.007427785419532325	0.04044016506189821	0.011004126547455296	0.0019257221458046766	0.004401650618982118	0.03191196698762036	0.009078404401650619	0.003026134800550206	0.003576341127922971	0.0	0.02173314993122421	0.0	0.006327372764786795	0.026685006877579093	0.01045392022008253	0.002751031636863824	0.0024759284731774417	0.027235213204951855	0.005777166437414031	0.0024759284731774417	0.003026134800550206	0.04154057771664374	0.046217331499312245	0.003301237964236589	0.02173314993122421
0.018982118294360386	0.02200825309491059	0.0019257221458046766	0.009353507565337002	0.059147180192572216	0.01733149931224209	0.002751031636863824	0.00797799174690509	0.0	0.013480055020632738	0.0	0.00797799174690509	0.03878954607977992	0.052269601100412656	0.0024759284731774417	0.02420907840440165	0.023658872077028884	0.018156808803301238	0.0011004126547455295	0.011554332874828061	0.03878954607977992	0.014030261348005502	0.0016506189821182944	0.0038514442916093533	0.013480055020632738	0.0041265474552957355	0.0011004126547455295	0.0019257221458046766	0.08253094910591471	0.022558459422283357	0.007702888583218707	0.008803301237964236	0.02530949105914718	0.01265474552957359	0.0016506189821182944	0.00797799174690509	0.05639614855570839	0.019807427785419534	0.007427785419532325	0.007702888583218707	0.03961485557083907	0.011279229711141679	0.0024759284731774417	0.004401650618982118	0.03191196698762036	0.008528198074277854	0.003026134800550206	0.0041265474552957355	0.0	0.022283356258596974	0.0	0.005777166437414031	0.027510316368638238	0.01045392022008253	0.002200825309491059	0.002200825309491059	0.026685006877579093	0.005777166437414031	0.003026134800550206	0.003026134800550206	0.04181568088033012	0.04704264099037139	0.003301237964236589	0.02090784044016506
0.01925722145804677	0.02200825309491059	0.0016506189821182944	0.009353507565337002	0.05832187070151307	0.01733149931224209	0.0038514442916093533	0.007702888583218707	0.0	0.013480055020632738	0.0	0.00797799174690509	0.038239339752407155	0.053094910591471804	0.003026134800550206	0.023383768913342505	0.023658872077028884	0.018707015130674003	0.0011004126547455295	0.011004126547455296	0.038239339752407155	0.013480055020632738	0.002200825309491059	0.004401650618982118	0.013204951856946355	0.0038514442916093533	0.0016506189821182944	0.0019257221458046766	0.08308115543328748	0.023658872077028884	0.006327372764786795	0.008253094910591471	0.02420907840440165	0.013204951856946355	0.002751031636863824	0.007427785419532325	0.05639614855570839	0.01953232462173315	0.00797799174690509	0.007427785419532325	0.03961485557083907	0.010729023383768913	0.002751031636863824	0.004676753782668501	0.03218707015130674	0.008803301237964236	0.002751031636863824	0.0038514442916093533	0.0	0.022283356258596974	0.0	0.005777166437414031	0.028335625859697386	0.01045392022008253	0.001375515818431912	0.002200825309491059	0.026685006877579093	0.006052269601100412	0.003026134800550206	0.002751031636863824	0.04126547455295736	0.046217331499312245	0.0041265474552957355	0.02173314993122421
0.01925722145804677	0.02063273727647868	0.0016506189821182944	0.010729023383768913	0.05832187070151307	0.017056396148555707	0.0041265474552957355	0.007702888583218707	0.0	0.013204951856946355	0.0	0.008253094910591471	0.03878954607977992	0.05337001375515819	0.0024759284731774417	0.023108665749656122	0.023383768913342505	0.018156808803301238	0.001375515818431912	0.011554332874828061	0.03851444291609354	0.014030261348005502	0.002751031636863824	0.003026134800550206	0.013204951856946355	0.0038514442916093533	0.0016506189821182944	0.0019257221458046766	0.08335625859697386	0.023383768913342505	0.006327372764786795	0.008253094910591471	0.024484181568088032	0.013204951856946355	0.0024759284731774417	0.007427785419532325	0.05639614855570839	0.019807427785419534	0.008253094910591471	0.0068775790921595595	0.039339752407152685	0.011004126547455296	0.003301237964236589	0.0041265474552957355	0.03218707015130674	0.008803301237964236	0.003026134800550206	0.003576341127922971	0.0	0.02173314993122421	0.0	0.006327372764786795	0.02888583218707015	0.01045392022008253	0.0008253094910591472	0.002200825309491059	0.026960110041265476	0.006052269601100412	0.002751031636863824	0.002751031636863824	0.04154057771664374	0.04676753782668501	0.0038514442916093533	0.021182943603851444
0.018982118294360386	0.020357634112792296	0.0019257221458046766	0.011004126547455296	0.0594222833562586	0.01733149931224209	0.003301237964236589	0.007152682255845942	0.0	0.013204951856946355	0.0	0.008253094910591471	0.038239339752407155	0.05337001375515819	0.003026134800550206	0.023108665749656122	0.02283356258596974	0.018707015130674003	0.0019257221458046766	0.011004126547455296	0.03796423658872077	0.013480055020632738	0.0038514442916093533	0.003026134800550206	0.013204951856946355	0.0038514442916093533	0.0019257221458046766	0.0016506189821182944	0.0828060522696011	0.022558459422283357	0.007427785419532325	0.009078404401650619	0.024759284731774415	0.013204951856946355	0.002200825309491059	0.007427785419532325	0.056946354883081154	0.018982118294360386	0.00797799174690509	0.007427785419532325	0.039339752407152685	0.011004126547455296	0.003301237964236589	0.0041265474552957355	0.03191196698762036	0.008803301237964236	0.003576341127922971	0.003301237964236589	0.0	0.02200825309491059	0.0	0.006052269601100412	0.02888583218707015	0.010178817056396148	0.0008253094910591472	0.0024759284731774417	0.026685006877579093	0.005777166437414031	0.003026134800550206	0.003026134800550206	0.04044016506189821	0.04676753782668501	0.004401650618982118	0.021182943603851444
0.018982118294360386	0.020357634112792296	0.0019257221458046766	0.011004126547455296	0.059147180192572216	0.017881705639614855	0.003301237964236589	0.0068775790921595595	0.0	0.013480055020632738	0.0	0.00797799174690509	0.03796423658872077	0.052269601100412656	0.003301237964236589	0.02420907840440165	0.022558459422283357	0.017881705639614855	0.002200825309491059	0.011829436038514442	0.038239339752407155	0.014030261348005502	0.003301237964236589	0.002751031636863824	0.013755158184319119	0.0038514442916093533	0.0016506189821182944	0.001375515818431912	0.08335625859697386	0.023383768913342505	0.0068775790921595595	0.00797799174690509	0.024484181568088032	0.012379642365887207	0.0024759284731774417	0.008253094910591471	0.05722145804676754	0.01843191196698762	0.007702888583218707	0.00797799174690509	0.03961485557083907	0.010729023383768913	0.003026134800550206	0.004401650618982118	0.03191196698762036	0.009628610729023384	0.003301237964236589	0.002751031636863824	0.0	0.021182943603851444	0.0	0.0068775790921595595	0.02861072902338377	0.01045392022008253	0.0011004126547455295	0.002200825309491059	0.026685006877579093	0.005502063273727648	0.003026134800550206	0.003301237964236589	0.04126547455295736	0.04731774415405777	0.0038514442916093533	0.02063273727647868
0.01925722145804677	0.020082530949105913	0.0016506189821182944	0.011279229711141679	0.05859697386519945	0.018156808803301238	0.003301237964236589	0.007152682255845942	0.0	0.013204951856946355	0.0	0.008253094910591471	0.038239339752407155	0.05337001375515819	0.003026134800550206	0.023108665749656122	0.022558459422283357	0.01733149931224209	0.002200825309491059	0.012379642365887207	0.0390646492434663	0.013755158184319119	0.0024759284731774417	0.003026134800550206	0.014030261348005502	0.0038514442916093533	0.0011004126547455295	0.0016506189821182944	0.08500687757909216	0.023383768913342505	0.005502063273727648	0.008253094910591471	0.024484181568088032	0.011829436038514442	0.0024759284731774417	0.008803301237964236	0.05722145804676754	0.018156808803301238	0.007702888583218707	0.008253094910591471	0.039339752407152685	0.010729023383768913	0.003301237964236589	0.004401650618982118	0.030811554332874826	0.009903713892709767	0.004401650618982118	0.0024759284731774417	0.0	0.02090784044016506	0.0	0.007152682255845942	0.02861072902338377	0.01045392022008253	0.0011004126547455295	0.002200825309491059	0.027510316368638238	0.005502063273727648	0.002200825309491059	0.003301237964236589	0.04126547455295736	0.04704264099037139	0.003301237964236589	0.02090784044016506
0.01953232462173315	0.020357634112792296	0.001375515818431912	0.011004126547455296	0.0577716643741403	0.017881705639614855	0.0041265474552957355	0.007427785419532325	0.0	0.013204951856946355	0.0	0.008253094910591471	0.03796423658872077	0.054195323246217335	0.003301237964236589	0.022283356258596974	0.02283356258596974	0.017881705639614855	0.0019257221458046766	0.011829436038514442	0.0390646492434663	0.013204951856946355	0.002200825309491059	0.0038514442916093533	0.014030261348005502	0.0038514442916093533	0.0011004126547455295	0.0016506189821182944	0.08473177441540578	0.023383768913342505	0.005777166437414031	0.008528198074277854	0.025034387895460797	0.011829436038514442	0.0019257221458046766	0.008803301237964236	0.058046767537826685	0.018156808803301238	0.007152682255845942	0.00797799174690509	0.03961485557083907	0.010729023383768913	0.003576341127922971	0.0038514442916093533	0.030811554332874826	0.009903713892709767	0.004401650618982118	0.0024759284731774417	0.0	0.020082530949105913	0.0	0.00797799174690509	0.027510316368638238	0.01045392022008253	0.002200825309491059	0.002200825309491059	0.027235213204951855	0.005502063273727648	0.0024759284731774417	0.003301237964236589	0.040990371389270974	0.04731774415405777	0.003301237964236589	0.02063273727647868
0.01953232462173315	0.020357634112792296	0.001375515818431912	0.011004126547455296	0.056121045392022006	0.01843191196698762	0.005226960110041265	0.007427785419532325	0.0	0.013480055020632738	0.0	0.00797799174690509	0.03768913342503439	0.055020632737276476	0.003576341127922971	0.021458046767537826	0.023108665749656122	0.017881705639614855	0.0016506189821182944	0.011829436038514442	0.038239339752407155	0.013204951856946355	0.002751031636863824	0.0041265474552957355	0.013755158184319119	0.003576341127922971	0.0011004126547455295	0.002200825309491059	0.0858321870701513	0.02283356258596974	0.005502063273727648	0.009078404401650619	0.025584594222833563	0.011554332874828061	0.001375515818431912	0.009078404401650619	0.0577716643741403	0.01843191196698762	0.007152682255845942	0.00797799174690509	0.039889958734525444	0.011004126547455296	0.0038514442916093533	0.003026134800550206	0.030261348005502064	0.009903713892709767	0.004676753782668501	0.002751031636863824	0.0	0.020082530949105913	0.0	0.00797799174690509	0.027235213204951855	0.010178817056396148	0.002751031636863824	0.002200825309491059	0.027510316368638238	0.005502063273727648	0.002200825309491059	0.003301237964236589	0.04044016506189821	0.04676753782668501	0.003026134800550206	0.021182943603851444
0.020082530949105913	0.020082530949105913	0.0008253094910591472	0.011279229711141679	0.055845942228335624	0.018982118294360386	0.005777166437414031	0.006602475928473178	0.0	0.014030261348005502	0.0	0.007427785419532325	0.037138927097661624	0.054195323246217335	0.0041265474552957355	0.022283356258596974	0.023108665749656122	0.017606602475928473	0.0016506189821182944	0.012104539202200825	0.03768913342503439	0.013480055020632738	0.003301237964236589	0.0038514442916093533	0.014030261348005502	0.003301237964236589	0.0011004126547455295	0.002200825309491059	0.08665749656121045	0.02283356258596974	0.006052269601100412	0.009078404401650619	0.025859697386519945	0.011554332874828061	0.0011004126547455295	0.009078404401650619	0.058046767537826685	0.018156808803301238	0.006602475928473178	0.008528198074277854	0.03961485557083907	0.011829436038514442	0.003301237964236589	0.003026134800550206	0.030261348005502064	0.009903713892709767	0.004676753782668501	0.002751031636863824	0.0	0.019807427785419534	0.0	0.008253094910591471	0.026960110041265476	0.01045392022008253	0.002751031636863824	0.002200825309491059	0.027510316368638238	0.005502063273727648	0.002200825309491059	0.003301237964236589	0.039339752407152685	0.04676753782668501	0.002751031636863824	0.021182943603851444
0.020082530949105913	0.019807427785419534	0.0008253094910591472	0.011554332874828061	0.055020632737276476	0.01925722145804677	0.005502063273727648	0.007427785419532325	0.0	0.014030261348005502	0.0	0.007427785419532325	0.03741403026134801	0.054195323246217335	0.0038514442916093533	0.022283356258596974	0.02283356258596974	0.01733149931224209	0.0019257221458046766	0.012379642365887207	0.03741403026134801	0.013204951856946355	0.003576341127922971	0.0041265474552957355	0.014030261348005502	0.003301237964236589	0.0011004126547455295	0.002200825309491059	0.08528198074277854	0.023383768913342505	0.006052269601100412	0.008528198074277854	0.025584594222833563	0.011279229711141679	0.001375515818431912	0.009353507565337002	0.05722145804676754	0.018156808803301238	0.006602475928473178	0.009353507565337002	0.039339752407152685	0.011554332874828061	0.003576341127922971	0.003301237964236589	0.030811554332874826	0.010178817056396148	0.0041265474552957355	0.0024759284731774417	0.0	0.01953232462173315	0.0	0.008528198074277854	0.02640990371389271	0.01045392022008253	0.003301237964236589	0.002200825309491059	0.027510316368638238	0.005502063273727648	0.002200825309491059	0.003301237964236589	0.04044016506189821	0.04676753782668501	0.003026134800550206	0.021182943603851444
0.020357634112792296	0.020082530949105913	0.0005502063273727648	0.011279229711141679	0.05529573590096286	0.018982118294360386	0.005502063273727648	0.007427785419532325	0.0	0.013755158184319119	0.0	0.007702888583218707	0.03796423658872077	0.05337001375515819	0.003301237964236589	0.023108665749656122	0.02283356258596974	0.018156808803301238	0.0019257221458046766	0.011554332874828061	0.03741403026134801	0.013204951856946355	0.003576341127922971	0.0041265474552957355	0.014305364511691884	0.003576341127922971	0.0005502063273727648	0.002200825309491059	0.08473177441540578	0.023108665749656122	0.006327372764786795	0.008528198074277854	0.025034387895460797	0.011829436038514442	0.0019257221458046766	0.008803301237964236	0.05667125171939477	0.01843191196698762	0.0068775790921595595	0.009353507565337002	0.039339752407152685	0.011554332874828061	0.003576341127922971	0.003301237964236589	0.030811554332874826	0.01045392022008253	0.0038514442916093533	0.0024759284731774417	0.0	0.018982118294360386	0.0	0.009078404401650619	0.027235213204951855	0.009353507565337002	0.002751031636863824	0.003026134800550206	0.027510316368638238	0.005777166437414031	0.002200825309491059	0.003026134800550206	0.04044016506189821	0.04649243466299863	0.003576341127922971	0.021458046767537826
0.020357634112792296	0.020082530949105913	0.0005502063273727648	0.011279229711141679	0.056121045392022006	0.018982118294360386	0.004676753782668501	0.007427785419532325	0.0	0.013755158184319119	0.0	0.007702888583218707	0.03768913342503439	0.051994497936726274	0.003576341127922971	0.024484181568088032	0.022558459422283357	0.018156808803301238	0.002200825309491059	0.011554332874828061	0.03741403026134801	0.013480055020632738	0.003576341127922971	0.0038514442916093533	0.014305364511691884	0.0038514442916093533	0.0005502063273727648	0.0019257221458046766	0.08418156808803301	0.022558459422283357	0.007152682255845942	0.008803301237964236	0.024484181568088032	0.011829436038514442	0.0024759284731774417	0.008803301237964236	0.05722145804676754	0.017606602475928473	0.007152682255845942	0.009353507565337002	0.03796423658872077	0.011554332874828061	0.004676753782668501	0.003576341127922971	0.031361760660247595	0.01045392022008253	0.003301237964236589	0.0024759284731774417	0.0	0.01925722145804677	0.0	0.008803301237964236	0.02778541953232462	0.009078404401650619	0.0024759284731774417	0.003026134800550206	0.02778541953232462	0.005502063273727648	0.0019257221458046766	0.003301237964236589	0.04044016506189821	0.04649243466299863	0.003576341127922971	0.021458046767537826
