AAA	AAC	AAG	AAT	ACA	ACC	ACG	ACT	AGA	AGC	AGG	AGT	ATA	ATC	ATG	ATT	CAA	CAC	CAG	CAT	CCA	CCC	CCG	CCT	CGA	CGC	CGG	CGT	CTA	CTC	CTG	CTT	GAA	GAC	GAG	GAT	GCA	GCC	GCG	GCT	GGA	GGC	GGG	GGT	GTA	GTC	GTG	GTT	TAA	TAC	TAG	TAT	TCA	TCC	TCG	TCT	TGA	TGC	TGG	TGT	TTA	TTC	TTG	TTT
45	56	38	61	77	88	64	77	0	34	0	50	79	131	82	133	53	42	47	63	54	48	56	53	20	16	17	17	104	100	116	100	53	39	42	37	94	83	64	82	51	60	51	55	37	42	42	62	0	45	0	52	50	25	44	27	56	17	59	9	113	108	96	123
50	57	33	60	78	92	59	77	0	35	0	49	84	133	77	131	57	42	43	63	59	51	49	52	20	16	16	18	115	100	103	102	58	39	37	37	103	81	55	84	55	62	45	55	39	42	38	64	0	45	0	52	54	28	37	27	57	17	58	9	118	107	91	124
53	57	30	60	82	92	55	77	0	35	0	49	86	134	75	130	65	41	35	64	65	52	39	55	21	16	15	18	120	113	85	101	58	39	37	37	109	86	45	83	60	64	36	57	42	43	34	64	0	45	0	52	56	30	33	27	59	17	56	9	124	106	86	125
56	56	27	61	88	94	47	77	0	35	0	49	90	131	71	133	65	40	35	65	67	53	34	57	21	17	13	19	130	116	74	101	60	38	35	38	109	86	44	84	61	67	32	57	46	41	31	65	0	44	0	53	58	31	29	28	63	17	52	9	127	107	81	124
59	58	24	59	91	95	43	77	0	35	0	49	98	130	63	134	69	41	31	64	68	54	32	57	22	17	12	19	136	122	61	102	63	39	32	37	113	86	40	84	67	69	23	58	46	43	28	66	0	44	0	53	61	30	28	27	64	17	51	9	136	108	72	123
61	58	22	59	94	96	38	78	0	35	0	49	100	132	61	132	72	41	28	64	72	61	22	56	26	17	8	19	136	122	60	104	68	40	27	36	120	88	32	83	70	68	21	58	49	46	23	65	0	44	0	53	63	31	23	29	70	17	45	9	139	110	68	121
61	56	22	61	97	96	34	79	0	35	0	49	103	133	58	131	72	41	28	64	74	62	19	56	26	17	8	19	143	127	49	103	71	40	24	36	123	90	28	82	70	68	22	57	48	45	24	66	0	44	0	53	65	32	19	30	78	17	37	9	148	107	59	124
62	57	21	60	99	99	28	80	0	34	0	50	109	134	52	130	74	42	26	63	76	65	17	53	26	19	7	18	143	129	47	102	74	40	21	36	130	89	21	83	70	71	19	57	52	46	20	65	0	44	0	53	67	33	16	30	81	17	34	9	155	106	53	125
66	57	17	60	101	102	25	78	0	34	0	50	114	135	47	129	78	42	22	63	79	65	12	55	25	20	7	18	147	128	42	105	75	40	20	36	135	91	16	81	74	70	16	57	55	46	19	63	0	44	0	53	70	34	13	29	87	17	28	9	155	107	52	124
67	57	16	60	105	101	22	78	0	33	0	51	124	138	37	126	79	41	21	64	82	65	9	55	25	21	6	18	151	128	36	107	76	39	19	37	135	93	14	81	75	71	15	56	58	47	16	62	0	44	0	53	71	37	9	29	90	17	25	9	159	108	48	123
69	58	14	59	108	101	17	80	0	33	0	51	129	140	32	124	79	42	21	63	85	62	9	55	25	21	6	18	160	129	30	107	76	39	19	37	134	93	11	85	81	71	9	56	57	46	17	63	0	44	0	53	72	38	7	29	95	17	20	9	157	109	46	122
71	58	12	59	108	101	16	81	0	33	0	51	131	142	30	122	81	42	19	63	88	62	7	54	26	23	3	18	160	132	25	107	81	38	14	38	138	92	7	86	83	71	6	57	61	48	13	61	0	45	0	52	77	37	4	28	97	17	18	9	164	109	41	122
71	60	12	57	110	104	12	80	0	33	0	51	131	141	30	123	85	43	15	62	91	64	3	53	26	24	3	17	164	135	16	108	81	37	14	39	143	90	5	85	83	70	7	57	61	49	13	60	0	45	0	52	79	35	4	28	98	17	17	9	168	109	38	122
70	59	13	58	115	102	11	78	0	35	0	49	133	142	28	122	84	44	16	61	89	62	4	56	26	24	3	17	166	134	14	108	84	36	11	40	143	89	4	87	85	70	5	57	64	47	11	61	0	44	0	53	79	37	3	27	100	17	15	9	172	106	35	125
73	61	10	56	117	100	10	79	0	33	0	51	138	139	23	125	85	45	15	60	90	60	4	57	28	22	2	18	164	130	17	110	84	36	11	40	145	86	2	90	84	67	5	61	65	49	8	61	0	43	0	54	78	38	2	28	102	18	13	8	174	106	34	125
70	61	13	56	117	99	8	82	0	33	0	51	139	138	22	126	84	44	16	61	91	60	2	58	27	23	2	18	169	125	14	111	86	37	9	39	146	85	2	90	87	65	3	62	64	51	7	61	0	44	0	53	79	37	1	29	102	18	13	8	176	102	34	129
71	62	12	55	117	100	6	83	0	33	0	51	135	139	26	125	83	46	17	59	89	60	4	58	27	23	2	18	173	121	11	112	86	36	9	40	147	88	1	87	88	67	3	59	64	49	7	63	0	43	0	54	80	37	1	28	106	19	9	7	180	102	32	129
71	63	12	54	120	97	4	85	0	33	0	51	139	136	22	128	83	46	17	59	90	59	5	57	26	21	3	20	178	118	8	115	86	37	9	39	148	90	0	85	89	68	2	58	65	50	5	63	0	43	0	54	81	36	2	27	107	19	8	7	182	106	28	125
72	65	11	52	119	93	5	89	0	33	0	51	141	136	20	128	86	45	14	60	90	58	4	59	25	21	4	20	176	117	8	119	89	38	6	38	149	87	1	86	88	66	3	60	65	53	6	59	0	43	0	54	81	38	1	26	108	19	7	7	187	106	22	125
71	63	12	54	125	91	1	89	0	34	0	50	142	137	19	127	87	45	13	60	89	60	4	58	26	22	3	19	183	118	5	116	89	38	6	38	149	87	2	85	91	63	4	59	66	55	4	58	0	45	0	52	81	38	1	26	108	19	7	7	185	107	22	124
74	61	9	56	126	89	2	89	0	35	0	49	143	138	18	126	87	45	13	60	92	59	2	58	27	24	2	17	184	122	3	113	90	39	5	37	148	84	4	87	91	63	2	61	68	51	5	59	0	44	0	53	81	37	2	26	105	19	10	7	191	108	16	123
73	63	10	54	125	86	5	90	0	38	0	46	144	138	17	126	89	44	11	61	93	58	2	58	27	23	2	18	181	122	2	113	91	37	4	39	148	85	4	86	90	61	4	62	69	53	4	57	0	42	0	55	80	37	1	28	106	19	9	7	197	107	14	124
71	62	12	55	126	84	5	91	0	38	0	46	145	135	16	129	91	45	9	60	94	54	4	59	27	23	2	18	187	114	2	119	90	38	5	38	148	87	4	84	92	59	3	63	68	53	4	58	0	42	0	55	82	36	0	28	106	19	9	7	192	105	15	126
76	60	7	57	125	86	5	90	0	37	0	47	147	134	14	130	93	47	7	58	96	52	3	60	27	24	1	18	191	111	2	118	93	36	2	40	148	90	4	81	94	58	1	64	70	53	3	57	0	43	0	54	82	34	1	29	106	17	9	9	192	106	15	125
76	62	7	55	126	86	1	93	0	38	0	46	147	131	14	133	94	49	6	56	96	51	3	61	28	24	1	17	190	109	3	119	94	36	1	40	152	87	3	81	93	57	2	65	70	55	4	54	0	43	0	54	81	34	1	30	108	17	7	9	195	105	13	126
78	62	5	55	130	85	2	89	0	38	0	46	145	128	16	136	96	47	4	58	96	51	3	61	29	25	1	15	192	109	4	121	95	37	0	39	153	85	1	84	91	56	4	66	71	52	2	58	0	43	0	54	82	33	1	30	108	17	7	9	191	103	12	128
78	60	5	57	130	86	2	88	0	38	0	46	147	131	14	133	95	49	5	56	92	50	6	63	29	25	1	15	192	108	7	120	93	36	2	40	155	84	1	83	90	56	5	66	73	51	3	56	0	40	0	57	83	33	1	29	109	15	6	11	190	102	12	129
78	62	5	55	133	84	2	87	0	38	0	46	150	133	11	131	96	49	4	56	94	50	5	62	29	25	0	16	199	103	8	117	93	36	2	40	151	83	4	85	92	52	4	69	75	51	1	56	0	42	0	55	86	32	0	28	109	15	6	11	191	100	11	131
76	61	7	56	137	84	2	83	0	38	0	46	151	125	10	139	95	45	5	60	92	53	5	61	30	23	0	17	201	103	8	117	93	37	2	39	150	84	4	85	94	53	2	68	76	52	1	54	0	43	0	54	88	28	0	30	109	15	6	11	191	99	9	132
75	61	8	56	135	85	4	82	0	38	0	46	150	125	11	139	95	42	5	63	95	55	3	58	28	23	0	19	208	102	5	115	94	36	1	40	151	83	5	84	94	53	1	69	77	52	1	53	0	43	0	54	86	30	2	28	111	15	4	11	189	100	10	131
76	63	7	54	138	82	2	84	0	37	0	47	154	125	7	139	97	40	3	65	94	56	4	57	28	24	0	18	205	99	9	116	94	38	1	38	149	81	6	87	96	51	2	68	80	52	0	51	0	44	0	53	86	30	1	29	111	15	4	11	192	100	8	131
75	63	8	54	139	84	3	80	0	37	0	47	155	126	6	138	94	39	6	66	97	55	4	55	28	22	0	20	207	99	10	112	94	38	1	38	150	79	5	89	95	53	2	67	78	54	0	51	0	44	0	53	86	31	1	28	109	14	6	12	191	100	10	131
74	62	9	55	140	82	4	80	0	37	0	47	156	127	5	137	91	40	9	65	96	54	5	56	28	23	0	19	205	97	9	116	95	36	0	40	149	78	6	90	97	50	1	69	78	53	1	51	0	46	0	51	86	31	3	26	106	15	9	11	194	97	8	134
75	63	8	54	138	81	6	81	0	38	0	46	156	128	5	136	92	39	8	66	97	55	3	56	28	25	0	17	201	95	9	119	94	35	1	41	149	78	7	89	96	50	1	70	80	50	0	53	0	47	0	50	86	29	3	28	107	15	8	11	198	95	7	136
76	62	7	55	139	79	8	80	0	36	0	48	158	128	3	136	92	36	8	69	96	53	3	59	29	24	0	17	202	101	8	114	93	37	2	39	153	79	4	87	98	48	1	70	78	53	1	51	0	46	0	51	84	28	4	30	107	15	8	11	195	96	9	135
76	61	7	56	140	77	7	82	0	35	0	49	157	123	4	141	93	37	7	68	102	51	2	56	29	25	0	16	201	102	4	112	93	36	2	40	154	80	4	85	96	49	2	70	77	54	2	50	0	46	0	51	84	28	4	30	107	15	8	11	201	94	9	137
80	61	3	56	142	76	6	82	0	34	0	50	155	124	6	140	92	36	8	69	102	55	2	52	29	25	0	16	200	103	3	111	92	36	3	40	153	81	4	85	95	50	2	70	80	55	2	46	0	47	0	50	85	28	3	30	106	15	9	11	205	94	7	137
78	61	5	56	145	77	4	80	0	35	0	49	154	123	7	141	93	38	7	67	105	53	1	52	30	26	0	14	197	103	5	112	89	34	6	42	152	82	6	83	96	51	3	67	79	57	2	45	0	47	0	50	83	29	4	30	106	13	9	13	205	94	7	137
79	60	4	57	143	77	5	81	0	36	0	48	151	121	10	143	90	38	10	67	103	53	2	53	29	26	1	14	197	99	5	114	87	35	8	41	154	82	4	83	97	52	2	66	79	57	2	45	0	48	0	49	84	30	3	29	107	13	8	13	208	93	6	138
79	58	4	59	144	76	5	81	0	35	0	49	153	122	8	142	92	39	8	66	103	52	2	54	28	28	2	12	197	97	5	116	89	34	6	42	154	83	3	83	100	50	2	65	80	55	2	46	0	48	0	49	86	29	1	30	109	13	6	13	208	94	6	137
79	59	4	58	146	76	3	81	0	33	0	51	153	121	8	143	93	40	7	65	103	49	2	57	26	27	2	15	195	94	5	117	90	33	5	43	158	80	2	83	100	50	2	65	82	52	2	47	0	48	0	49	88	28	1	29	109	13	6	13	212	91	6	140
80	57	3	60	148	74	4	80	0	32	0	52	153	117	8	147	94	41	6	64	102	52	1	56	27	26	1	16	195	97	5	114	89	34	6	42	160	76	3	84	98	50	6	63	85	53	1	44	0	46	0	51	85	27	1	33	108	13	7	13	211	94	7	137
81	58	2	59	148	74	5	79	0	32	0	52	153	115	8	149	95	42	5	63	98	52	4	57	28	26	0	16	190	95	4	118	87	35	8	41	162	75	3	83	100	53	4	60	86	50	1	46	0	45	0	52	85	28	1	32	106	13	9	13	215	97	7	134
82	60	1	57	148	76	4	78	0	32	0	52	153	118	8	146	94	44	6	61	99	51	4	57	27	25	0	18	189	95	2	119	87	34	8	42	162	73	3	85	100	55	2	60	87	47	1	48	0	44	0	53	86	28	1	31	107	13	8	13	217	96	7	135
82	59	1	58	151	77	3	75	0	32	0	52	153	117	8	147	94	43	6	62	99	53	2	57	28	25	0	17	190	92	2	119	87	33	8	43	164	71	4	84	101	57	2	57	88	45	1	49	0	46	0	51	87	29	0	30	107	13	8	13	220	94	6	137
81	60	2	57	152	75	4	75	0	30	0	54	150	116	11	148	93	44	7	61	100	54	1	56	28	23	0	19	186	92	3	120	86	32	9	44	165	74	3	81	103	54	4	56	88	43	2	50	0	47	0	50	88	29	1	28	110	13	5	13	219	93	9	138
81	60	2	57	152	74	2	78	0	30	0	54	150	118	11	146	93	44	7	61	101	53	0	57	28	22	0	20	190	93	4	117	88	30	7	46	162	72	4	85	104	57	3	53	90	39	3	51	0	43	0	54	87	29	1	29	111	13	4	13	213	92	12	139
80	61	3	56	153	73	3	77	0	30	0	54	150	119	11	145	91	45	9	60	98	55	4	54	27	21	0	22	194	88	4	119	90	30	5	46	162	72	4	85	105	56	2	54	91	39	0	53	0	46	0	51	85	28	3	30	110	12	5	14	214	96	10	135
78	64	5	53	148	73	6	79	0	32	0	52	153	115	8	149	91	43	9	62	99	53	5	54	27	21	0	22	191	89	2	119	89	28	6	48	166	71	3	83	104	57	1	55	92	38	0	53	0	46	0	51	83	32	6	25	106	11	9	15	216	96	12	135
80	61	3	56	146	72	8	80	0	31	0	53	153	112	8	152	93	41	7	64	103	51	4	53	28	20	0	22	187	90	2	117	90	28	5	48	166	71	4	82	103	57	2	55	91	39	1	52	0	47	0	50	83	33	6	24	108	9	7	17	223	94	10	137
80	62	3	55	148	74	5	79	0	30	0	54	155	114	6	150	92	43	8	62	105	50	3	53	28	20	0	22	181	90	3	120	90	29	5	47	163	72	7	81	103	58	2	54	89	39	2	53	0	47	0	50	82	33	7	24	108	9	7	17	227	93	8	138
80	65	3	52	146	72	7	81	0	31	0	53	154	117	7	147	91	43	9	62	102	52	4	53	28	20	0	22	179	85	4	122	89	31	6	45	165	74	5	79	102	58	2	55	89	40	2	52	0	46	0	51	84	34	5	23	109	9	6	17	232	92	7	139
81	62	2	55	149	72	5	80	0	32	0	52	154	118	7	146	92	41	8	64	105	52	2	52	30	18	0	22	177	87	6	120	89	31	6	45	169	72	2	80	101	56	3	57	88	39	2	54	0	43	0	54	82	32	5	27	109	9	6	17	231	91	8	140
80	62	3	55	150	69	4	83	0	33	0	51	156	119	5	145	94	42	6	63	104	51	3	53	30	18	0	22	181	88	6	119	91	31	4	45	167	74	3	79	103	50	3	61	87	37	2	57	0	42	0	55	82	32	6	26	106	9	9	17	228	94	7	137
81	62	2	55	148	69	5	84	0	31	0	53	156	118	5	146	96	40	4	65	105	49	4	53	30	17	0	23	181	89	7	120	92	31	3	45	165	74	4	80	104	51	3	59	88	35	2	58	0	44	0	53	82	31	6	27	106	10	9	16	228	95	4	136
81	61	2	56	150	68	4	84	0	32	0	52	157	117	4	147	96	38	4	67	108	50	2	51	30	18	0	22	185	89	4	118	91	30	4	46	162	77	6	78	103	49	5	60	89	37	1	56	0	47	0	50	84	30	5	27	106	9	9	17	229	93	4	138
82	61	1	56	150	70	4	82	0	31	0	53	158	115	3	149	95	38	5	67	107	49	4	51	30	20	0	20	189	90	4	115	88	28	7	48	161	75	8	79	101	48	6	62	88	39	2	54	0	47	0	50	85	32	3	26	107	10	8	16	228	96	3	135
81	58	2	59	151	75	3	77	0	32	0	52	157	113	4	151	96	38	4	67	107	50	5	49	31	21	0	18	180	91	8	117	90	26	5	50	161	75	7	80	105	46	5	61	88	38	3	54	0	47	0	50	85	32	3	26	109	9	6	17	230	97	3	134
82	57	1	60	150	74	1	81	0	32	0	52	155	116	6	148	96	41	4	64	111	47	4	49	32	17	1	20	184	88	6	119	91	28	4	48	161	73	6	83	107	48	3	59	86	37	4	56	0	49	0	48	84	30	4	28	108	11	7	15	229	97	3	134
82	57	1	60	148	71	3	84	0	32	0	52	152	113	9	151	96	41	4	64	113	46	4	48	32	16	1	21	180	90	6	118	91	29	4	47	163	68	5	87	107	46	3	61	85	35	5	58	0	48	0	49	82	32	5	27	107	12	8	14	232	100	3	131
82	57	1	60	146	72	4	84	0	33	0	51	156	115	5	149	97	39	3	66	111	48	4	48	33	16	0	21	180	87	5	119	92	31	3	45	165	69	3	86	107	47	4	59	84	35	5	59	0	47	0	50	83	29	4	30	107	12	8	14	233	103	5	128
80	55	3	62	141	76	6	83	0	33	0	51	157	116	4	148	95	42	5	63	109	49	2	51	32	17	1	20	183	91	2	117	93	31	2	45	162	70	4	87	105	49	2	61	83	37	5	58	0	47	0	50	83	30	4	29	109	12	6	14	234	106	2	125
79	53	4	64	140	76	7	83	0	32	0	52	158	117	3	147	95	41	5	64	111	49	3	48	32	17	1	20	184	92	2	116	92	31	3	45	159	67	5	92	102	47	6	62	82	35	6	60	0	48	0	49	84	30	4	28	109	12	6	14	230	105	5	126
80	54	3	63	137	77	7	85	0	29	0	55	156	115	5	149	95	40	5	65	110	50	4	47	32	18	1	19	184	88	2	119	91	31	4	45	160	67	4	92	100	48	6	63	82	35	6	60	0	49	0	48	87	28	3	28	110	12	5	14	231	105	5	126
81	55	2	62	138	73	9	86	0	30	0	54	158	116	3	148	97	39	3	66	111	48	3	49	35	18	0	17	188	86	4	121	90	30	5	46	164	66	2	91	102	48	4	63	82	34	5	62	0	48	0	49	86	28	3	29	110	13	5	13	228	104	2	127
82	55	1	62	144	73	4	85	0	31	0	53	159	116	2	148	95	40	5	65	112	48	2	49	34	18	0	18	188	84	4	123	90	28	5	48	161	68	4	90	102	51	4	60	84	35	2	62	0	48	0	49	86	27	2	31	106	13	9	13	225	106	5	125
81	56	2	61	145	75	5	81	0	33	0	51	158	112	3	152	96	41	4	64	114	46	2	49	34	18	0	18	179	84	7	125	93	28	2	48	163	70	3	87	101	51	5	60	83	38	4	58	0	48	0	49	84	28	3	31	103	13	12	13	229	104	5	127
79	55	4	62	147	77	4	78	0	34	0	50	158	111	3	153	97	42	3	63	115	43	3	50	34	18	0	18	186	86	5	122	92	27	3	49	161	72	4	86	100	51	4	62	80	41	6	56	0	48	0	49	79	27	6	34	104	13	11	13	225	104	5	127
79	59	4	58	148	78	4	76	0	33	0	51	157	108	4	156	98	44	2	61	114	43	3	51	34	17	0	19	185	87	5	123	91	27	4	49	161	72	5	85	103	50	5	59	82	39	5	57	0	46	0	51	81	29	4	32	106	13	9	13	221	102	8	129
77	58	6	59	148	77	4	77	0	34	0	50	155	110	6	154	97	45	3	60	113	46	1	51	34	18	0	18	191	88	5	120	90	29	5	47	159	70	6	88	101	53	2	61	83	38	4	58	0	46	0	51	83	28	3	32	108	13	7	13	216	104	9	127
79	57	4	60	149	77	4	76	0	34	0	50	157	111	4	153	100	44	0	61	112	47	2	50	34	17	0	19	192	92	3	118	92	32	3	44	160	71	5	87	100	52	4	61	83	35	4	61	0	46	0	51	81	30	5	30	109	12	6	14	211	102	13	129
79	56	4	61	148	74	5	79	0	34	0	50	154	112	7	152	99	45	1	60	115	44	1	51	32	17	2	19	193	97	6	112	91	31	4	45	162	72	3	86	100	52	5	60	81	35	4	63	0	47	0	50	81	31	4	30	109	13	6	13	213	101	8	130
81	55	2	62	146	74	6	80	0	37	0	47	154	115	7	149	99	43	1	62	113	45	1	52	32	18	1	19	198	93	5	117	91	32	4	44	159	73	6	85	102	55	3	57	82	37	3	61	0	48	0	49	80	31	5	30	109	13	6	13	209	98	7	133
80	55	3	62	146	74	7	79	0	36	0	48	152	117	9	147	99	42	1	63	111	48	1	51	32	20	1	17	201	89	1	120	91	32	4	44	163	72	4	84	101	56	2	58	84	37	2	60	0	48	0	49	81	32	2	31	109	12	6	14	211	103	7	128
81	54	2	63	148	74	4	80	0	37	0	47	148	116	13	148	100	42	0	63	111	48	3	49	31	20	1	18	201	86	1	122	92	33	3	43	163	72	3	85	99	54	4	60	85	35	2	61	0	48	0	49	84	31	1	30	109	13	6	13	212	101	7	130
82	54	1	63	152	71	5	78	0	39	0	45	153	113	8	151	99	42	1	63	111	47	4	49	29	18	1	22	201	87	3	122	91	34	4	42	162	75	3	83	100	54	4	59	84	38	3	58	0	48	0	49	83	30	2	31	110	13	5	13	208	104	8	127
83	54	0	63	152	71	4	79	0	37	0	47	154	116	7	148	100	42	0	63	112	47	2	50	29	20	0	21	201	86	4	122	93	35	2	41	163	73	4	83	99	51	5	62	82	38	3	60	0	45	0	52	86	31	1	28	109	13	6	13	209	104	7	127
81	57	2	60	151	70	5	80	0	36	0	48	155	116	6	148	100	41	0	64	112	46	2	51	29	20	0	21	203	87	4	123	92	35	3	41	165	73	4	81	101	50	5	61	83	36	2	62	0	45	0	52	86	29	3	28	112	13	3	13	206	102	6	129
83	55	0	62	151	72	5	78	0	37	0	47	155	115	6	149	99	42	1	63	110	47	3	51	29	20	0	21	198	89	5	122	91	36	4	40	167	71	3	82	102	51	3	61	88	34	1	60	0	47	0	50	85	28	4	29	111	13	4	13	206	100	9	131
81	54	2	63	150	72	7	77	0	37	0	47	154	110	7	154	99	41	1	64	110	46	3	52	29	20	0	21	197	88	11	120	90	37	5	39	169	70	2	82	100	50	2	65	91	35	0	57	0	46	0	51	86	30	2	28	112	13	3	13	206	101	7	130
81	55	2	62	147	69	9	81	0	37	0	47	156	114	5	150	98	41	2	64	109	45	4	53	29	20	0	21	199	84	7	124	91	38	4	38	169	73	1	80	98	49	3	67	91	36	0	56	0	44	0	53	87	29	1	29	112	13	3	13	209	104	6	127
81	55	2	62	147	68	8	83	0	36	0	48	156	115	5	149	97	43	3	62	110	47	3	51	28	20	0	22	201	83	7	124	91	38	4	38	167	73	2	81	98	51	3	65	87	37	2	57	0	42	0	55	87	29	1	29	112	12	3	14	207	106	7	125
81	56	2	61	146	64	8	88	0	35	0	49	158	121	3	143	96	43	4	62	114	46	2	49	28	22	0	20	202	85	7	120	88	38	7	38	164	73	4	82	99	51	3	64	85	37	2	59	0	44	0	53	85	30	2	29	108	12	7	14	204	104	11	127
80	57	3	60	144	64	10	88	0	35	0	49	158	119	3	145	96	44	4	61	111	47	4	49	28	22	0	20	203	86	11	117	89	37	6	39	163	72	6	82	101	50	3	63	86	37	1	59	0	43	0	54	82	30	3	31	109	12	6	14	199	108	13	123
80	56	3	61	145	64	8	89	0	37	0	47	155	120	6	144	95	45	5	60	110	47	4	50	31	22	0	17	207	85	10	117	88	37	7	39	164	71	6	82	103	52	1	61	87	34	1	61	0	42	0	55	81	28	3	34	109	12	6	14	195	109	15	122
81	56	2	61	147	67	6	86	0	38	0	46	155	118	6	146	95	47	5	58	112	43	4	52	30	22	1	17	209	88	9	115	91	38	4	38	162	71	7	83	102	50	2	63	87	34	2	60	0	42	0	55	82	28	3	33	108	12	7	14	195	109	13	122
81	57	2	60	149	66	4	87	0	38	0	46	156	117	5	147	95	48	5	57	116	41	1	53	30	21	1	18	211	90	8	113	90	37	5	39	163	70	6	84	103	49	1	64	87	32	1	63	0	41	0	56	82	27	3	34	110	12	5	14	196	107	11	124
80	58	3	59	152	67	4	83	0	37	0	47	155	115	6	149	94	49	6	56	117	38	0	56	30	21	1	18	210	84	6	121	89	36	6	40	163	66	7	87	101	50	2	64	88	32	0	63	0	40	0	57	83	28	3	32	109	12	6	14	197	104	11	127
79	58	4	59	153	71	3	79	0	38	0	46	153	119	8	145	95	50	5	55	118	39	1	53	28	22	3	17	218	80	4	122	90	36	5	40	164	64	7	88	102	48	2	65	85	34	3	61	0	42	0	55	82	30	1	33	108	11	7	15	195	105	10	126
79	59	4	58	155	71	1	79	0	39	0	45	152	121	9	143	96	53	4	52	117	38	1	55	28	23	1	18	217	79	4	121	87	36	8	40	165	64	7	87	101	49	2	65	87	34	3	59	0	44	0	53	85	26	1	34	112	12	3	14	198	105	10	126
78	59	5	58	154	70	3	79	0	40	0	44	154	115	7	149	94	54	6	51	117	38	3	53	28	22	1	19	210	79	5	120	87	34	8	42	164	66	5	88	103	48	1	65	88	33	3	59	0	44	0	53	85	27	1	33	111	12	4	14	206	106	9	125
77	59	6	58	154	66	4	82	0	37	0	47	152	116	9	148	95	55	5	50	116	40	4	51	28	21	1	20	207	79	4	121	88	34	7	42	165	67	4	87	105	45	1	66	93	34	1	55	0	45	0	52	85	28	2	31	110	11	5	15	210	109	8	122
77	59	6	58	151	68	6	81	0	36	0	48	153	113	8	151	95	55	5	50	114	39	5	53	29	21	1	19	206	83	6	114	88	34	7	42	163	65	8	87	103	46	3	65	93	34	1	55	0	45	0	52	84	31	2	29	110	12	5	14	214	109	6	122
79	57	4	60	152	66	6	82	0	38	0	46	153	117	8	147	95	54	5	51	114	41	4	52	28	20	0	22	210	79	6	117	88	33	7	43	165	64	7	87	102	44	5	66	93	30	2	58	0	45	0	52	82	32	3	29	110	13	5	13	210	109	7	122
78	55	5	62	153	64	4	85	0	39	0	45	154	118	7	146	95	52	5	53	115	40	4	52	28	17	0	25	216	81	3	114	85	35	10	41	165	61	7	90	104	43	3	67	95	31	1	56	0	45	0	52	83	34	1	28	110	12	5	14	208	107	7	124
77	57	6	60	152	66	5	83	0	39	0	45	156	112	5	152	95	52	5	53	115	39	4	53	28	17	1	24	213	83	3	113	85	34	10	42	167	62	7	87	108	44	1	64	96	28	1	58	0	43	0	54	80	35	2	29	109	12	6	14	207	104	10	127
78	57	5	60	151	69	6	80	0	40	0	44	157	118	4	146	95	51	5	54	116	36	5	54	28	19	1	22	210	80	5	114	86	34	9	42	169	62	5	87	108	42	2	65	99	28	1	55	0	43	0	54	81	34	1	30	108	12	7	14	210	103	10	128
78	57	5	60	156	65	4	81	0	41	0	43	157	116	4	148	95	50	5	55	116	40	5	50	30	20	0	20	211	79	8	115	85	37	10	39	167	59	6	91	109	43	0	65	98	29	2	54	0	43	0	54	82	31	0	33	108	12	7	14	207	103	9	128
79	58	4	59	160	66	3	77	0	42	0	42	154	122	7	142	95	48	5	57	117	41	5	48	28	19	3	20	206	83	4	116	88	36	7	40	168	60	8	87	110	44	0	63	97	29	2	55	0	43	0	54	82	31	0	33	106	12	9	14	210	105	10	126
78	58	5	59	158	68	2	78	0	41	0	43	154	124	7	140	96	49	4	56	118	42	5	46	30	21	2	17	206	80	4	116	89	36	6	40	173	57	6	87	109	43	1	64	99	30	1	53	0	45	0	52	82	31	0	33	108	13	7	13	214	102	9	129
78	58	5	59	155	69	4	78	0	41	0	43	152	126	9	138	97	48	3	57	118	42	4	47	31	21	2	16	208	77	4	115	89	36	6	40	170	57	9	87	110	45	1	61	99	30	1	53	0	45	0	52	83	27	2	34	110	14	5	12	211	101	14	130
79	59	4	58	156	71	3	76	0	43	0	41	151	123	10	141	94	52	6	53	120	46	2	43	32	20	2	16	205	75	6	118	91	35	4	41	173	56	7	87	111	46	1	59	99	28	2	54	0	46	0	51	83	24	3	36	110	13	5	13	212	104	13	127
79	58	4	59	155	68	5	78	0	44	0	40	152	122	9	142	94	50	6	55	118	47	3	43	33	20	2	15	206	77	5	117	89	37	6	39	176	55	6	86	111	45	3	58	96	27	4	56	0	46	0	51	84	24	2	36	110	12	5	14	211	105	13	126
79	57	4	60	154	69	4	79	0	43	0	41	150	122	11	142	93	48	7	57	116	48	4	43	32	20	2	16	200	72	6	120	89	37	6	39	174	56	7	86	116	41	1	59	99	26	2	56	0	48	0	49	84	24	1	37	110	11	5	15	218	104	13	127
81	57	2	60	155	69	4	78	0	45	0	39	148	123	13	141	94	48	6	57	117	49	6	39	32	20	1	17	199	75	5	120	88	36	7	40	174	56	7	86	116	41	1	59	97	26	3	57	0	47	0	50	85	22	2	37	109	12	6	14	218	105	12	126
81	57	2	60	158	73	2	73	0	44	0	40	147	130	14	134	94	49	6	56	116	53	5	37	33	21	0	16	194	76	6	118	88	38	7	38	172	55	7	89	116	39	1	61	98	24	2	59	0	46	0	51	86	23	2	35	107	12	8	14	220	109	15	122
81	58	2	59	159	73	2	72	0	43	0	41	148	130	13	134	94	50	6	55	118	54	4	35	33	21	0	16	197	76	6	119	91	38	4	38	173	58	2	90	116	39	1	61	99	26	1	57	0	46	0	51	86	24	1	35	109	12	6	14	215	111	16	120
80	60	3	57	161	72	1	72	0	43	0	41	150	130	11	134	95	50	5	55	120	55	3	33	33	20	0	17	195	81	6	115	90	39	5	37	169	59	5	90	114	39	2	62	97	27	1	58	0	45	0	52	87	23	1	35	110	12	5	14	217	108	15	123
79	59	4	58	164	70	1	71	0	40	0	44	150	132	11	132	95	50	5	55	119	54	4	34	33	20	0	17	197	82	5	114	89	38	6	38	170	60	5	88	110	41	4	62	96	27	1	59	0	43	0	54	88	23	1	34	109	12	6	14	214	109	17	122
79	56	4	61	163	68	2	73	0	40	0	44	147	129	14	135	94	50	6	55	119	50	5	37	32	20	1	17	201	79	8	114	90	38	5	38	170	60	4	89	110	43	3	61	96	28	1	58	0	41	0	56	85	22	2	37	112	11	3	15	208	110	19	121
77	57	6	60	164	66	3	73	0	42	0	42	149	126	12	138	93	50	7	55	119	51	3	38	31	19	1	19	206	77	7	114	90	37	5	39	171	61	4	87	112	40	2	63	94	28	3	58	0	42	0	55	84	19	3	40	111	11	4	15	211	107	14	124
77	55	6	62	166	65	3	72	0	40	0	44	148	124	13	140	91	51	9	54	120	52	3	36	31	21	1	17	206	75	6	115	88	38	7	38	167	61	5	90	111	40	3	63	92	27	4	60	0	41	0	56	87	20	2	37	111	12	4	14	210	102	17	129
75	51	8	66	163	64	5	74	0	40	0	44	147	128	14	136	93	53	7	52	122	50	4	35	31	21	1	17	200	77	6	113	89	37	6	39	165	60	5	93	111	39	3	64	93	28	5	57	0	41	0	56	86	20	3	37	113	12	2	14	218	103	15	128
78	50	5	67	162	63	9	72	0	37	0	47	150	128	11	136	95	50	5	55	123	50	2	36	30	22	2	16	207	72	6	115	90	37	5	39	166	63	3	91	110	39	3	65	95	31	2	55	0	40	0	57	86	19	2	39	113	13	2	13	217	104	12	127
81	51	2	66	161	63	9	73	0	38	0	46	150	126	11	138	96	49	4	56	125	50	2	34	30	22	2	16	201	75	4	113	89	37	6	39	167	62	3	91	112	39	3	63	96	30	2	55	0	41	0	56	85	22	1	38	112	13	3	13	222	106	14	125
80	51	3	66	160	67	5	74	0	38	0	46	149	121	12	143	93	49	7	56	123	51	3	34	30	21	2	17	206	78	2	112	89	35	6	41	169	65	1	88	111	38	3	65	93	30	3	57	0	39	0	58	87	23	0	36	112	14	3	12	216	104	15	127
79	53	4	64	162	67	2	75	0	39	0	45	148	119	13	145	96	48	4	57	124	50	2	35	31	20	2	17	206	81	1	108	87	35	8	41	170	64	2	87	111	38	4	64	95	30	1	57	0	38	0	59	86	22	1	37	111	14	4	12	219	104	14	127
78	54	5	63	165	67	0	74	0	37	0	47	147	122	14	142	95	50	5	55	124	51	1	35	33	20	0	17	206	80	3	107	89	36	6	40	169	64	3	87	112	38	4	63	95	30	1	57	0	37	0	60	86	22	2	36	112	14	3	12	219	103	14	128
78	53	5	64	162	66	2	76	0	37	0	47	147	121	14	143	96	46	4	59	123	50	3	35	32	21	1	16	207	80	4	105	91	37	4	39	169	68	4	82	109	38	6	64	95	30	2	56	0	38	0	59	86	24	1	35	112	13	3	13	219	103	14	128
80	52	3	65	163	66	2	75	0	40	0	44	152	121	9	143	94	48	6	57	121	51	3	36	34	18	0	18	208	74	6	110	90	38	5	38	168	69	5	81	108	44	4	61	92	30	4	57	0	39	0	58	86	24	1	35	111	14	4	12	218	100	13	131
80	50	3	67	159	64	3	80	0	40	0	44	152	124	9	140	96	48	4	57	121	50	3	37	33	18	1	18	209	74	8	109	90	38	5	38	168	74	4	77	109	42	4	62	92	32	5	54	0	39	0	58	88	24	1	33	112	14	3	12	214	99	15	132
81	51	2	66	159	66	3	78	0	40	0	44	151	126	10	138	96	47	4	58	119	47	6	39	33	18	1	18	209	73	6	110	89	36	6	40	171	69	5	78	110	41	5	61	93	32	5	53	0	39	0	58	87	24	2	33	112	13	3	13	211	104	20	127
79	51	4	66	159	64	3	80	0	40	0	44	154	127	7	137	96	49	4	56	118	48	4	41	34	19	0	17	211	74	5	109	89	36	6	40	171	72	4	76	113	39	2	63	92	32	6	53	0	39	0	58	87	26	3	30	112	12	3	14	213	102	17	129
80	51	3	66	161	62	3	80	0	42	0	42	152	126	9	138	96	48	4	57	115	50	4	42	33	20	0	17	206	73	5	108	89	35	6	41	168	76	5	74	115	36	1	65	94	34	4	51	0	39	0	58	86	26	5	29	112	12	3	14	225	105	12	126
78	50	5	67	159	60	5	82	0	38	0	46	151	122	10	142	94	46	6	59	119	48	4	40	33	20	0	17	203	75	3	107	91	35	4	41	170	73	5	75	115	34	0	68	94	33	5	51	0	42	0	55	86	27	4	29	111	12	4	14	227	108	14	123
77	47	6	70	161	59	4	82	0	38	0	46	151	120	10	144	93	46	7	59	117	47	6	41	33	19	1	17	203	75	4	107	90	34	5	42	171	71	5	76	115	33	1	68	93	34	5	51	0	41	0	56	84	28	5	29	108	11	7	15	227	109	13	122
77	47	6	70	163	56	3	84	0	37	0	47	155	124	6	140	94	48	6	57	121	47	5	38	33	19	1	17	199	79	5	103	88	33	7	43	175	69	1	78	114	33	2	68	92	33	6	52	0	43	0	54	83	27	7	29	110	11	5	15	229	111	14	120
77	48	6	69	164	51	2	89	0	37	0	47	154	121	7	143	93	46	7	59	122	48	3	38	33	20	1	16	199	80	4	100	88	32	7	44	175	70	0	78	113	36	3	65	94	39	3	47	0	42	0	55	80	28	8	30	112	9	3	17	234	111	12	120
76	48	7	69	163	54	0	89	0	37	0	47	152	119	9	145	94	45	6	60	120	50	2	39	33	19	1	17	197	76	9	104	90	32	5	44	178	71	0	74	112	40	2	63	94	41	3	45	0	43	0	54	82	27	5	32	111	8	4	18	233	110	10	121
76	48	7	69	161	57	2	86	0	37	0	47	150	116	11	148	93	47	7	58	121	50	1	39	32	20	1	17	197	76	7	109	89	32	6	44	177	67	1	78	108	41	6	62	95	40	3	45	0	40	0	57	85	25	3	33	110	7	5	19	230	112	10	119
77	49	6	68	156	59	4	87	0	37	0	47	151	116	10	148	93	46	7	59	119	50	3	39	32	21	1	16	196	80	7	109	90	32	5	44	175	72	2	74	112	42	4	59	96	37	3	47	0	42	0	55	81	26	3	36	112	8	3	18	224	108	13	123
75	50	8	67	155	58	4	89	0	33	0	51	152	117	9	147	97	48	3	57	119	49	3	40	32	22	1	15	197	84	7	102	88	31	7	45	172	72	4	75	115	41	1	60	97	35	3	48	0	40	0	57	83	26	1	36	112	8	3	18	227	109	12	122
77	50	6	67	154	56	4	92	0	35	0	49	150	117	11	147	96	46	4	59	118	47	5	41	34	20	1	15	199	82	6	103	89	30	6	46	168	71	8	76	115	42	0	60	100	34	1	48	0	39	0	58	82	24	1	39	110	8	5	18	227	112	12	119
77	50	6	67	153	55	6	92	0	35	0	49	153	112	8	152	96	45	4	60	117	47	3	44	34	21	0	15	204	84	6	99	87	28	8	48	168	71	8	76	113	43	1	60	101	33	3	46	0	39	0	58	81	25	2	38	111	8	4	18	219	109	17	122
78	50	5	67	152	55	6	93	0	36	0	48	150	111	11	153	93	45	7	60	117	45	2	47	33	20	2	15	203	81	8	100	84	29	11	47	169	69	7	78	114	45	0	58	98	32	6	47	0	40	0	57	80	25	2	39	111	7	4	19	223	108	14	123
78	48	5	69	152	55	8	91	0	34	0	50	147	108	14	156	93	43	7	62	118	43	4	46	33	21	0	16	205	80	6	100	86	28	9	48	171	68	4	80	112	44	0	61	99	32	7	45	0	39	0	58	76	26	5	39	112	7	3	19	224	108	14	123
79	48	4	69	153	56	8	89	0	35	0	49	148	107	13	157	92	40	8	65	119	44	4	44	34	20	0	16	208	80	7	99	87	30	8	46	174	64	5	80	110	42	2	63	104	29	4	46	0	38	0	59	75	27	5	39	110	6	5	20	221	106	14	125
79	51	4	66	153	55	4	94	0	37	0	47	150	109	11	155	92	40	8	65	120	44	4	43	33	21	1	15	203	81	9	100	89	28	6	48	174	66	5	78	109	42	2	64	101	29	6	47	0	39	0	58	76	26	4	40	112	6	3	20	226	105	10	126
78	51	5	66	155	53	4	94	0	39	0	45	153	108	8	156	93	40	7	65	118	45	3	45	32	22	0	16	205	83	7	99	88	30	7	46	175	68	6	74	111	41	2	63	103	34	3	43	0	40	0	57	77	31	3	35	112	7	3	19	225	106	10	125
78	51	5	66	157	56	4	89	0	42	0	42	153	107	8	157	95	40	5	65	117	45	5	44	30	20	2	18	212	84	7	100	87	34	8	42	175	68	7	73	113	42	1	61	101	34	5	43	0	40	0	57	79	27	1	39	113	7	2	19	217	107	9	124
78	50	5	67	160	57	4	85	0	43	0	41	156	105	5	159	95	42	5	63	120	46	2	43	31	19	2	18	215	85	7	100	89	33	6	43	178	69	6	70	115	46	1	55	101	34	4	44	0	42	0	55	83	23	1	39	113	9	2	17	217	108	5	123
78	50	5	67	160	56	4	86	0	42	0	42	157	105	4	159	95	45	5	60	114	46	6	45	29	20	3	18	215	85	7	99	88	31	7	45	180	67	6	70	116	43	1	57	102	34	3	44	0	41	0	56	82	25	1	38	112	9	3	17	216	112	7	119
79	49	4	68	160	57	2	87	0	42	0	42	154	106	7	158	96	43	4	62	116	46	3	46	30	18	3	19	222	83	5	99	88	31	7	45	180	67	3	73	117	42	2	56	102	35	2	44	0	39	0	58	81	24	1	40	111	9	4	17	210	111	10	120
79	49	4	68	161	54	3	88	0	41	0	43	154	109	7	155	96	44	4	61	117	47	3	44	30	17	3	20	220	85	9	96	86	30	9	46	178	67	4	74	115	43	3	56	105	35	2	41	0	39	0	58	82	24	1	39	111	9	4	17	207	108	12	123
79	50	4	67	159	58	5	84	0	38	0	46	153	110	8	154	95	45	5	60	118	46	3	44	29	18	3	20	224	83	8	96	87	31	8	45	177	66	2	78	115	43	2	57	106	34	2	41	0	37	0	60	79	24	3	40	111	10	4	16	207	108	11	123
77	51	6	66	158	58	4	86	0	38	0	46	152	107	9	157	97	45	3	60	122	45	2	42	29	18	3	20	215	87	11	93	89	32	6	44	172	65	3	83	118	39	2	58	106	34	2	41	0	36	0	61	80	24	2	40	111	10	4	16	214	105	9	126
78	49	5	68	158	61	4	83	0	37	0	47	151	108	10	156	98	44	2	61	120	47	3	41	30	18	2	20	216	88	10	93	90	31	5	45	171	65	6	81	119	39	2	57	104	34	3	42	0	37	0	60	81	24	1	40	110	10	5	16	210	101	12	130
78	47	5	70	158	62	5	81	0	36	0	48	152	110	9	154	99	40	1	65	121	43	4	43	30	18	3	19	220	86	11	93	91	28	4	48	171	64	6	82	117	38	5	57	105	36	3	39	0	36	0	61	80	24	3	39	109	11	6	15	206	99	13	132
77	48	6	69	157	65	6	78	0	37	0	47	153	113	8	151	99	40	1	65	123	43	3	42	31	19	1	19	222	81	10	97	89	29	6	47	174	62	4	83	119	39	2	57	106	34	3	40	0	37	0	60	80	23	3	40	110	10	5	16	204	100	15	131
77	48	6	69	156	68	6	76	0	37	0	47	153	114	8	150	99	42	1	63	120	41	7	43	33	18	0	19	218	83	8	99	87	28	8	48	176	63	3	81	118	41	2	56	108	34	2	39	0	40	0	57	80	25	2	39	108	10	7	16	209	100	12	131
76	48	7	69	156	66	7	77	0	37	0	47	151	114	10	150	97	42	3	63	120	42	6	43	36	15	0	19	216	81	9	101	88	27	7	49	179	62	3	79	117	41	3	56	106	30	3	44	0	42	0	55	82	22	2	40	108	9	7	17	214	99	8	132
75	46	8	71	155	65	9	77	0	38	0	46	151	115	10	149	98	42	2	63	120	43	6	42	37	12	0	21	204	82	13	100	89	27	6	49	180	57	3	83	118	43	2	54	106	28	3	46	0	40	0	57	78	22	2	44	105	9	10	17	222	100	8	131
75	46	8	71	156	66	7	77	0	38	0	46	154	112	7	152	96	42	4	63	122	43	4	42	37	13	0	20	208	84	8	101	93	29	2	47	177	56	7	83	117	43	3	54	107	29	3	44	0	40	0	57	78	22	2	44	105	10	10	16	219	100	9	131
78	47	5	70	158	66	6	76	0	38	0	46	152	113	9	151	95	43	5	62	122	39	2	48	37	14	0	19	203	82	9	102	93	30	2	46	178	58	5	82	115	45	4	53	109	29	3	42	0	39	0	58	78	22	1	45	104	11	11	15	224	100	9	131
77	45	6	72	158	68	6	74	0	40	0	44	155	112	6	152	95	44	5	61	120	39	3	49	35	14	1	20	212	78	8	100	92	30	3	46	183	58	1	81	114	46	4	53	108	30	2	43	0	39	0	58	75	21	4	46	106	11	9	15	223	98	8	133
77	45	6	72	157	63	7	79	0	41	0	43	155	111	6	153	96	45	4	60	118	42	3	48	35	15	1	19	200	79	10	102	91	31	4	45	183	58	1	81	114	42	4	57	107	32	1	43	0	36	0	61	77	20	4	45	107	11	8	15	227	99	11	132
79	46	4	71	160	62	6	78	0	39	0	45	153	110	8	154	97	45	3	60	113	43	5	50	34	13	3	20	202	82	8	100	90	29	5	47	185	55	1	82	114	42	4	57	108	32	1	42	0	35	0	62	78	20	4	44	110	11	5	15	225	96	12	135
78	45	5	72	161	62	7	76	0	40	0	44	154	111	7	153	97	49	3	56	117	44	4	46	35	12	2	21	197	83	7	99	91	29	4	47	183	55	4	81	116	42	5	54	107	31	2	43	0	36	0	61	77	20	5	44	110	11	5	15	234	97	9	134
78	47	5	70	159	63	8	76	0	39	0	45	153	113	8	151	95	50	5	55	117	43	4	47	35	12	2	21	198	84	9	97	91	29	4	47	181	59	2	81	116	43	4	54	103	32	7	41	0	38	0	59	77	21	5	43	110	12	5	14	233	99	8	132
79	47	4	70	161	66	5	74	0	38	0	46	152	113	9	151	95	49	5	56	118	44	4	45	35	14	2	19	199	85	10	98	91	28	4	48	182	60	2	79	115	44	7	51	103	33	7	40	0	35	0	62	77	24	4	41	110	12	5	14	227	98	10	133
79	48	4	69	158	66	8	74	0	40	0	44	153	113	8	151	94	50	6	55	117	47	5	42	34	15	2	19	197	86	8	98	91	27	4	49	178	61	4	80	116	45	5	51	104	34	6	39	0	36	0	61	78	25	4	39	110	13	5	13	226	100	14	131
81	48	2	69	158	64	9	75	0	40	0	44	152	113	9	151	96	49	4	56	114	49	4	44	34	16	1	19	199	87	7	96	91	28	4	48	175	62	3	83	118	42	3	54	103	34	5	41	0	40	0	57	77	26	6	37	109	13	6	13	229	102	11	129
81	48	2	69	157	65	8	76	0	41	0	43	152	111	9	153	96	49	4	56	115	51	2	43	34	16	2	18	203	88	4	98	92	27	3	49	173	66	3	81	117	41	4	55	109	35	3	36	0	39	0	58	76	26	6	38	110	13	5	13	225	98	11	133
82	46	1	71	159	64	8	75	0	41	0	43	152	109	9	155	96	52	4	53	115	52	2	42	33	16	1	20	203	88	3	99	93	27	2	49	171	65	6	81	119	41	4	53	109	36	2	36	0	40	0	57	75	28	3	40	110	14	5	12	227	98	9	133
82	48	1	69	161	65	4	76	0	42	0	42	153	110	8	154	96	53	4	52	114	50	4	43	33	15	1	21	201	87	4	102	93	26	2	50	172	63	6	82	119	38	4	56	109	37	3	34	0	38	0	59	74	26	3	43	106	14	9	12	226	97	9	134
81	47	2	70	162	65	3	76	0	41	0	43	153	107	8	157	94	51	6	54	118	47	3	43	34	13	0	23	197	86	6	102	90	26	5	50	173	61	6	83	117	40	5	55	110	36	2	35	0	39	0	58	72	26	4	44	106	17	9	9	228	96	10	135
80	47	3	70	160	65	4	77	0	43	0	41	154	107	7	157	95	52	5	53	118	47	2	44	32	13	2	23	196	83	8	103	91	24	4	52	171	58	6	88	118	39	6	54	109	37	2	35	0	39	0	58	69	29	3	45	105	17	10	9	230	93	9	138
80	46	3	71	163	66	4	73	0	43	0	41	152	108	9	156	95	52	5	53	117	46	3	45	31	13	2	24	200	82	6	101	93	26	2	50	171	60	5	87	120	40	5	52	110	35	2	36	0	37	0	60	68	33	4	41	106	16	9	10	232	94	8	137
80	50	3	67	160	66	5	75	0	41	0	43	153	108	8	156	95	52	5	53	118	46	5	42	32	15	2	21	197	82	7	101	92	26	3	50	172	63	7	81	122	39	4	52	111	34	1	37	0	40	0	57	69	33	2	42	106	17	9	9	233	96	9	135
79	48	4	69	157	65	5	79	0	43	0	41	152	107	9	157	95	52	5	53	119	47	4	41	31	16	2	21	200	83	5	100	92	27	3	49	173	62	7	81	121	40	4	52	111	33	1	38	0	41	0	56	67	33	4	42	108	17	7	9	232	99	9	132
79	48	4	69	157	64	2	83	0	43	0	41	151	106	10	158	95	52	5	53	118	46	6	41	32	17	1	20	201	83	6	101	93	28	2	48	172	62	5	84	120	41	4	52	110	32	1	40	0	41	0	56	69	30	4	43	107	17	8	9	228	96	10	135
78	50	5	67	157	66	3	80	0	43	0	41	149	109	12	155	96	53	4	52	122	48	3	38	30	17	3	20	208	85	6	98	91	30	4	46	166	62	9	86	120	43	4	50	112	31	1	39	0	40	0	57	67	32	4	43	103	17	12	9	223	97	9	134
79	52	4	65	155	67	3	81	0	42	0	42	149	107	12	157	94	54	6	51	120	50	4	37	29	17	4	20	209	83	7	98	93	31	2	45	167	66	7	83	118	42	5	52	112	32	1	38	0	41	0	56	67	34	3	42	105	16	10	10	224	101	8	130
79	52	4	65	153	68	5	80	0	39	0	45	151	106	10	158	94	54	6	51	120	47	3	41	29	16	4	21	209	80	8	102	94	32	1	44	165	64	7	87	116	40	5	56	111	34	2	36	0	44	0	53	66	32	3	45	108	16	7	10	224	106	6	125
78	49	5	68	153	69	6	78	0	39	0	45	150	107	11	157	91	53	9	52	119	48	1	43	30	17	4	19	215	78	5	100	95	34	0	42	165	65	9	84	117	41	3	56	110	33	2	38	0	43	0	54	66	33	2	45	109	15	6	11	223	107	8	124
79	48	4	69	152	70	4	80	0	39	0	45	149	106	12	158	91	53	9	52	115	45	3	48	32	16	4	18	213	78	7	101	95	33	0	43	165	66	7	85	114	42	5	56	112	33	1	37	0	42	0	55	67	33	3	43	108	16	7	10	222	108	8	123
77	48	6	69	150	72	3	81	0	39	0	45	149	104	12	160	93	53	7	52	117	44	2	48	32	16	4	18	209	77	7	106	95	33	0	43	162	68	9	84	114	42	4	57	113	30	1	39	0	40	0	57	67	31	3	45	107	16	8	10	223	105	7	126
76	49	7	68	151	74	3	78	0	40	0	44	150	103	11	161	93	52	7	53	118	43	2	48	34	17	3	16	207	78	6	103	95	31	0	45	163	64	10	86	113	39	6	59	114	29	1	39	0	38	0	59	68	32	2	44	104	16	11	10	228	97	7	134
78	49	5	68	151	70	4	81	0	40	0	44	150	103	11	161	93	50	7	55	116	42	3	50	36	16	2	16	204	76	10	106	93	31	2	45	161	66	10	86	111	41	4	61	113	29	2	39	0	39	0	58	68	32	1	45	106	15	9	11	226	98	7	133
78	50	5	67	156	68	4	78	0	38	0	46	149	104	12	160	95	48	5	57	116	42	2	51	39	16	1	14	208	77	7	105	92	31	3	45	159	70	9	85	112	42	3	60	111	28	3	41	0	39	0	58	69	32	1	44	106	16	9	10	224	100	8	131
78	52	5	65	158	63	5	80	0	37	0	47	151	107	10	157	94	49	6	56	117	44	0	50	38	15	1	16	215	80	4	105	92	32	3	44	162	69	5	87	112	41	4	60	109	27	4	43	0	38	0	59	70	34	1	41	105	15	10	11	216	96	9	135
79	50	4	67	157	62	6	81	0	36	0	48	152	111	9	153	94	51	6	54	116	42	0	53	37	14	1	18	212	79	6	108	92	32	3	44	163	68	5	87	112	42	3	60	109	26	3	45	0	38	0	59	68	31	3	44	105	14	10	12	215	100	9	131
79	52	4	65	158	64	5	79	0	37	0	47	152	111	9	153	95	53	5	52	116	40	1	54	37	13	2	18	209	79	6	109	91	31	4	45	165	68	3	87	112	41	2	62	106	29	1	47	0	35	0	62	67	31	4	44	107	14	8	12	216	102	10	129
79	51	4	66	156	67	7	76	0	36	0	48	154	112	7	152	97	53	3	52	117	35	2	57	37	12	1	20	209	78	6	111	93	33	2	43	167	65	3	88	111	40	3	63	106	32	2	43	0	37	0	60	66	30	5	45	107	13	8	13	213	104	12	127
80	51	3	66	159	65	6	76	0	36	0	48	155	111	6	153	98	52	2	53	120	36	1	54	35	13	2	20	209	80	7	108	89	32	6	44	165	63	5	90	111	40	4	62	101	32	5	45	0	36	0	61	66	29	5	46	106	13	9	13	215	104	10	127
79	51	4	66	161	63	4	78	0	36	0	48	153	112	8	152	97	52	3	53	116	36	4	55	34	15	2	19	206	78	9	112	90	32	5	44	165	62	4	92	111	43	4	59	97	33	6	47	0	36	0	61	69	31	2	44	109	13	6	13	210	107	14	124
77	51	6	66	161	62	4	79	0	37	0	47	151	114	10	150	98	53	2	52	117	35	4	55	34	15	1	20	203	74	9	114	88	33	7	43	166	66	4	87	112	46	4	55	99	34	3	47	0	37	0	60	69	33	2	42	107	13	8	13	215	104	14	127
79	51	4	66	158	58	5	85	0	36	0	48	152	114	9	150	99	52	1	53	117	35	4	55	33	14	1	22	205	72	9	113	89	32	6	44	168	67	2	86	110	46	4	57	101	32	3	47	0	36	0	61	67	34	2	43	107	13	8	13	217	106	13	125
80	50	3	67	155	62	4	85	0	38	0	46	153	114	8	150	97	52	3	53	118	35	4	54	33	16	1	20	200	69	11	116	91	33	4	43	170	67	1	85	114	46	3	54	101	32	4	46	0	36	0	61	67	35	1	43	109	13	6	13	223	108	10	123
78	48	5	69	153	64	6	83	0	38	0	46	154	113	7	151	96	54	4	51	117	37	4	53	33	14	1	22	204	73	8	114	91	34	4	42	170	70	1	82	114	49	2	52	98	32	6	47	0	35	0	62	67	34	4	41	109	12	6	14	219	108	11	123
77	50	6	67	152	63	7	84	0	38	0	46	156	113	5	151	95	53	5	52	117	38	3	53	33	14	1	22	205	78	8	110	91	33	4	43	175	65	1	82	111	48	6	52	101	31	3	48	0	35	0	62	64	34	6	42	109	12	6	14	215	106	13	125
78	51	5	66	152	64	6	84	0	39	0	45	154	113	7	151	97	52	3	53	118	37	3	53	34	14	0	22	201	78	7	109	91	35	4	41	175	64	1	83	111	48	5	53	101	30	3	49	0	34	0	63	67	35	2	42	111	12	4	14	218	107	16	124
78	52	5	65	149	66	6	85	0	38	0	46	154	112	7	152	96	51	4	54	116	38	5	52	33	15	1	21	202	79	4	112	93	38	2	38	178	62	2	81	110	47	6	54	105	29	2	47	0	37	0	60	67	34	2	43	109	12	6	14	217	106	15	125
78	50	5	67	150	65	7	84	0	39	0	45	154	115	7	149	98	52	2	53	117	38	5	51	32	14	2	22	197	81	6	110	91	38	4	38	177	63	1	82	110	47	7	53	104	28	3	48	0	37	0	60	68	33	3	42	109	13	6	13	219	106	16	125
78	50	5	67	148	65	6	87	0	39	0	45	152	117	9	147	98	53	2	52	116	42	4	49	33	14	1	22	199	81	6	109	91	38	4	38	174	67	2	80	114	46	6	51	103	27	4	49	0	41	0	56	70	34	3	39	109	13	6	13	217	106	17	125
77	51	6	66	146	65	7	88	0	38	0	46	152	118	9	146	99	53	1	52	116	43	4	48	32	14	2	22	204	81	5	108	90	40	5	36	174	61	2	86	112	47	8	50	104	27	4	48	0	42	0	55	69	34	4	39	110	13	5	13	213	105	18	126
77	51	6	66	145	68	6	87	0	37	0	47	153	120	8	144	99	52	1	53	116	42	4	49	33	14	1	22	206	83	5	104	91	37	4	39	175	62	1	85	113	49	6	49	101	26	6	50	0	43	0	54	71	34	2	39	110	13	5	13	214	103	17	128
78	49	5	68	142	66	9	89	0	37	0	47	154	120	7	144	99	52	1	53	115	41	4	51	33	14	1	22	205	85	4	103	90	37	5	39	175	63	1	84	114	49	5	49	100	28	6	49	0	42	0	55	70	34	3	39	111	13	4	13	220	103	12	128
77	48	6	69	138	67	11	90	0	36	0	48	156	121	5	143	98	52	2	53	114	41	4	52	34	14	1	21	193	85	6	103	85	38	10	38	174	67	0	82	116	50	5	46	103	27	5	48	0	41	0	56	69	35	4	38	110	14	5	12	230	104	12	127
79	50	4	67	140	67	8	91	0	34	0	50	157	120	4	144	99	50	1	55	113	41	6	51	36	12	0	22	193	85	5	104	84	38	11	38	171	68	2	82	119	47	2	49	102	28	6	47	0	37	0	60	70	34	2	40	110	15	5	11	230	103	12	128
79	49	4	68	141	64	8	93	0	34	0	50	157	117	4	147	96	50	4	55	114	44	4	49	36	12	0	22	194	87	4	103	85	39	10	37	172	68	3	80	118	44	4	51	104	27	4	48	0	39	0	58	74	34	1	37	110	15	5	11	231	102	10	129
77	50	6	67	139	64	9	94	0	33	0	51	156	115	5	149	96	52	4	53	115	43	3	50	36	11	1	22	195	87	3	102	83	36	12	40	173	64	3	83	119	46	3	49	105	27	4	47	0	36	0	61	75	35	1	35	113	16	2	10	232	101	10	130
78	49	5	68	141	61	9	95	0	33	0	51	158	117	3	147	98	52	2	53	113	42	4	52	36	10	2	22	192	90	6	99	87	36	8	40	173	63	3	84	119	41	4	53	107	28	3	45	0	35	0	62	74	34	3	35	112	16	3	10	231	100	11	131
77	47	6	70	139	65	9	93	0	33	0	51	158	116	3	148	98	54	2	51	113	42	5	51	37	10	1	22	192	94	4	96	87	37	8	39	173	60	3	87	118	40	6	53	108	28	2	45	0	35	0	62	73	32	2	39	113	16	2	10	232	100	11	131
77	49	6	68	139	63	9	95	0	34	0	50	157	117	4	147	98	56	2	49	115	42	2	52	36	11	1	22	192	94	8	94	88	38	7	38	171	62	4	86	119	41	3	54	108	28	4	43	0	35	0	62	73	34	1	38	113	16	2	10	231	99	10	132
77	49	6	68	138	66	4	98	0	33	0	51	154	116	7	148	98	56	2	49	115	40	2	54	35	11	2	22	188	94	11	94	89	38	6	38	173	64	2	84	119	41	1	56	104	29	7	43	0	37	0	60	73	35	1	37	111	15	4	11	230	100	12	131
78	49	5	68	136	68	5	97	0	36	0	48	154	118	7	146	98	57	2	48	115	41	1	54	35	12	2	21	190	94	12	93	91	35	4	41	172	61	3	87	116	41	2	58	104	32	6	41	0	39	0	58	74	34	2	36	111	15	4	11	229	100	11	131
78	50	5	67	134	67	8	97	0	36	0	48	154	120	7	144	97	56	3	49	116	42	2	51	35	12	2	21	190	91	9	94	91	33	4	43	173	61	2	87	116	42	1	58	104	35	3	41	0	37	0	60	75	33	2	36	112	16	3	10	237	100	8	131
78	50	5	67	136	66	7	97	0	37	0	47	151	119	10	145	98	57	2	48	116	42	1	52	35	13	2	20	186	95	5	93	93	33	2	43	173	60	2	88	117	43	0	57	106	34	2	41	0	41	0	56	73	33	2	38	111	16	4	10	241	96	9	135
77	52	6	65	138	66	5	97	0	37	0	47	154	120	7	144	98	57	2	48	116	41	2	52	36	13	1	20	190	96	6	90	93	35	2	41	171	60	5	87	116	43	1	57	106	31	3	43	0	41	0	56	73	32	2	39	109	15	6	11	237	97	10	134
77	53	6	64	141	68	3	94	0	37	0	47	154	119	7	145	97	56	3	49	117	40	2	52	35	14	2	19	192	96	2	90	92	35	3	41	168	65	7	83	115	42	2	58	108	29	2	44	0	40	0	57	71	31	4	40	110	15	5	11	238	96	11	135
80	53	3	64	143	63	3	97	0	36	0	48	156	119	5	145	97	54	3	51	113	40	6	52	33	14	3	20	195	96	3	91	92	37	3	39	171	64	6	82	114	42	1	60	110	28	2	43	0	39	0	58	72	30	4	40	107	15	8	11	234	97	10	134
80	51	3	66	146	61	3	96	0	36	0	48	153	118	8	146	96	54	4	51	114	43	5	49	35	14	1	20	196	93	3	93	92	36	3	40	173	60	7	83	113	42	2	60	110	26	3	44	0	40	0	57	74	29	3	40	107	15	8	11	234	98	10	133
80	49	3	68	146	64	3	93	0	34	0	50	156	113	5	151	95	55	5	50	112	43	8	48	34	14	1	21	195	92	4	95	94	38	1	38	173	56	6	88	111	45	4	57	112	25	2	44	0	41	0	56	71	32	4	39	108	15	7	11	236	95	7	136
81	48	2	69	145	68	4	89	0	33	0	51	157	110	4	154	97	55	3	50	113	44	7	47	35	14	0	21	195	86	4	99	92	39	3	37	173	53	5	92	111	46	4	56	109	25	4	45	0	43	0	54	71	34	2	39	108	14	7	12	235	96	10	135
81	51	2	66	141	68	6	91	0	32	0	52	156	109	5	155	97	55	3	50	112	45	6	48	35	13	0	22	189	86	6	102	90	37	5	39	174	53	3	93	114	42	3	58	111	22	4	46	0	43	0	54	73	34	1	38	106	15	9	11	234	97	12	134
81	52	2	65	142	68	4	92	0	33	0	51	155	108	6	156	97	55	3	50	112	46	6	47	34	13	1	22	192	88	7	101	92	36	3	40	171	54	5	93	114	44	3	56	110	24	5	44	0	41	0	56	74	32	2	38	108	15	7	11	228	95	13	136
80	52	3	65	143	72	4	87	0	33	0	51	156	109	5	155	96	54	4	51	113	44	5	49	33	11	2	24	192	85	8	105	90	38	5	38	172	54	4	93	114	44	3	56	109	26	6	42	0	42	0	55	73	32	2	39	108	15	7	11	224	97	15	134
78	50	5	67	144	71	3	88	0	32	0	52	153	111	8	153	97	53	3	52	113	45	5	48	32	11	3	24	197	83	8	107	93	39	2	37	172	52	6	93	111	46	6	54	108	26	6	43	0	41	0	56	73	32	3	38	110	15	5	11	220	97	14	134
77	49	6	68	142	72	3	89	0	33	0	51	152	110	9	154	98	52	2	53	111	47	6	47	33	12	2	23	199	85	8	104	92	37	3	39	172	50	5	96	109	45	9	54	109	25	5	44	0	41	0	56	71	31	6	38	111	15	4	11	219	96	14	135
77	50	6	67	144	74	2	86	0	35	0	49	154	108	7	156	98	51	2	54	110	45	6	50	32	13	3	22	200	86	6	103	94	37	1	39	172	50	4	97	106	46	12	53	112	24	2	45	0	42	0	55	72	34	5	35	111	16	4	10	218	96	16	135
78	52	5	65	142	72	3	89	0	35	0	49	153	107	8	157	97	51	3	54	110	45	5	51	33	13	1	23	199	85	4	104	93	39	2	37	170	52	7	94	108	45	12	52	111	23	3	46	0	42	0	55	72	36	3	35	111	17	4	9	223	96	14	135
76	51	7	66	141	75	5	85	0	36	0	48	154	110	7	154	97	49	3	56	107	44	7	53	34	12	1	23	197	83	6	104	93	39	2	37	170	51	6	96	108	45	11	53	111	25	3	44	0	41	0	56	75	33	2	36	110	16	5	10	224	97	15	134
76	52	7	65	140	77	6	83	0	35	0	49	157	111	4	153	96	49	4	56	106	44	10	51	35	12	0	23	203	86	6	101	92	38	3	38	169	57	7	90	109	45	10	53	110	25	4	44	0	40	0	57	75	31	2	38	108	16	7	10	223	97	10	134
78	49	5	68	144	76	3	83	0	34	0	50	157	109	4	155	98	50	2	55	109	46	6	50	35	13	0	22	206	83	2	100	93	38	2	38	169	54	8	92	110	46	8	53	110	26	3	44	0	41	0	56	74	32	3	37	109	15	6	11	227	96	11	135
