AAA	AAC	AAG	AAT	ACA	ACC	ACG	ACT	AGA	AGC	AGG	AGT	ATA	ATC	ATG	ATT	CAA	CAC	CAG	CAT	CCA	CCC	CCG	CCT	CGA	CGC	CGG	CGT	CTA	CTC	CTG	CTT	GAA	GAC	GAG	GAT	GCA	GCC	GCG	GCT	GGA	GGC	GGG	GGT	GTA	GTC	GTG	GTT	TAA	TAC	TAG	TAT	TCA	TCC	TCG	TCT	TGA	TGC	TGG	TGT	TTA	TTC	TTG	TTT
0.02301081230939839	0.02633767673967286	0.002217909620182977	0.019683947879123927	0.04574438591627391	0.03410036041031328	0.001940670917660105	0.01829775436650956	0.0	0.009148877183254784	0.0	0.0049902966454117	0.057665650124757425	0.03105073468256168	0.008317161075686166	0.05406154699196008	0.026060438037149983	0.014693651233712229	0.0011089548100914886	0.011089548100914887	0.02301081230939839	0.019683947879123927	0.0011089548100914886	0.011644025505960632	0.008317161075686166	0.005267535347934572	0.0005544774050457443	0.0016634322151372332	0.07429997227612975	0.021070141391738288	0.00637649015802606	0.02827834765733296	0.01885223177155531	0.008594399778209038	0.0033268644302744664	0.00776268367064042	0.023842528416967008	0.024951483227058497	0.0016634322151372332	0.013030219018574991	0.01829775436650956	0.019129470474078186	0.0036041031327973382	0.008594399778209038	0.016079844746326587	0.005822012752980316	0.003049625727751594	0.0072082062655946764	0.0	0.021624618796784033	0.0	0.01580260604380371	0.026892154144718603	0.019683947879123927	0.0013861935126143607	0.011644025505960632	0.02411976711948988	0.004158580537843083	0.003049625727751594	0.0013861935126143607	0.03299140560022179	0.02772387025228722	0.002217909620182977	0.03271416689769892
0.01136678680343776	0.024951483227058497	0.01386193512614361	0.021070141391738288	0.020792902689215416	0.025783199334627114	0.026060438037149986	0.027446631549764348	0.0	0.011089548100914887	0.0	0.011089548100914887	0.03410036041031328	0.0438037149986138	0.0318824507901303	0.04130856667590796	0.015802606043803714	0.013584696423620738	0.01136678680343776	0.012198502911006376	0.012198502911006376	0.014693651233712227	0.01524812863875797	0.013307457721097865	0.0049902966454117	0.0036041031327973387	0.003049625727751594	0.004158580537843083	0.026892154144718603	0.02911006376490158	0.024397005822012752	0.024674244524535625	0.011644025505960632	0.00748544496811755	0.010535070695869144	0.00887163848073191	0.01635708344884946	0.014416412531189355	0.018574993069032437	0.014139173828666482	0.010257831993346272	0.012198502911006376	0.0149708899362351	0.012198502911006376	0.0047130579428888274	0.009148877183254783	0.0099805932908234	0.008317161075686166	0.0	0.02023842528416967	0.0	0.017188799556418076	0.013584696423620738	0.013584696423620738	0.011644025505960632	0.01275298031605212	0.01275298031605212	0.0033268644302744664	0.014416412531189355	0.0022179096201829776	0.030773495980038812	0.03160521208760743	0.029387302467424454	0.02883282506237871
0.011921264208483504	0.02522872192958137	0.013307457721097865	0.020792902689215416	0.02162461879678403	0.025783199334627114	0.024951483227058497	0.02772387025228722	0.0	0.011089548100914887	0.0	0.011089548100914887	0.03798170224563349	0.044080953701136676	0.028001108954810092	0.04103132797338509	0.01635708344884946	0.01386193512614361	0.010812309398392015	0.011921264208483504	0.01386193512614361	0.014139173828666482	0.013584696423620738	0.01386193512614361	0.0049902966454117	0.0036041031327973387	0.003049625727751594	0.004158580537843083	0.028001108954810092	0.029387302467424454	0.023842528416967008	0.024397005822012752	0.011921264208483504	0.007762683670640421	0.010257831993346272	0.008594399778209038	0.01885223177155531	0.014416412531189355	0.016079844746326587	0.014139173828666482	0.01136678680343776	0.012198502911006376	0.013307457721097865	0.01275298031605212	0.0047130579428888274	0.009148877183254783	0.0099805932908234	0.008317161075686166	0.0	0.02023842528416967	0.0	0.017188799556418076	0.01524812863875797	0.013584696423620738	0.0099805932908234	0.01275298031605212	0.01386193512614361	0.0036041031327973387	0.013307457721097865	0.0019406709176601053	0.03299140560022179	0.03215968949265317	0.02661491544219573	0.028278347657332965
0.01275298031605212	0.024951483227058497	0.012475741613529248	0.021070141391738288	0.022456334904352646	0.024951483227058497	0.023842528416967008	0.02883282506237871	0.0	0.011089548100914887	0.0	0.011089548100914887	0.03936789575824785	0.04269476018852232	0.02661491544219573	0.04241752148599945	0.016911560853895204	0.013584696423620738	0.010257831993346272	0.012198502911006376	0.0149708899362351	0.01386193512614361	0.012198502911006376	0.014416412531189355	0.0049902966454117	0.0036041031327973387	0.003049625727751594	0.004158580537843083	0.030219018574993067	0.029387302467424454	0.021070141391738288	0.024397005822012752	0.012198502911006376	0.007762683670640421	0.0099805932908234	0.008594399778209038	0.0199611865816468	0.013584696423620738	0.0149708899362351	0.0149708899362351	0.012198502911006376	0.012198502911006376	0.012475741613529248	0.01275298031605212	0.006099251455503188	0.009148877183254783	0.008594399778209038	0.008317161075686166	0.0	0.020515663986692544	0.0	0.016911560853895204	0.01635708344884946	0.013584696423620738	0.008594399778209038	0.013030219018574993	0.014693651233712227	0.0036041031327973387	0.012475741613529248	0.0019406709176601053	0.03548655392292764	0.03271416689769892	0.024674244524535625	0.02772387025228722
0.013584696423620738	0.024674244524535625	0.011644025505960632	0.02134738009426116	0.023842528416967008	0.02522872192958137	0.022456334904352646	0.028555586359855837	0.0	0.010812309398392015	0.0	0.01136678680343776	0.04158580537843083	0.04297199889104519	0.024397005822012752	0.042140282783476576	0.017466038258940948	0.013584696423620738	0.009703354588300527	0.012198502911006376	0.01635708344884946	0.014139173828666482	0.010812309398392015	0.014139173828666482	0.0049902966454117	0.0036041031327973387	0.003049625727751594	0.004158580537843083	0.03326864430274466	0.029387302467424454	0.018020515663986693	0.024397005822012752	0.011921264208483504	0.00748544496811755	0.010257831993346272	0.00887163848073191	0.0219018574993069	0.014139173828666482	0.013030219018574993	0.014416412531189355	0.01275298031605212	0.012198502911006376	0.011644025505960632	0.013030219018574993	0.006930967563071805	0.009148877183254783	0.007762683670640421	0.008317161075686166	0.0	0.021070141391738288	0.0	0.01635708344884946	0.017466038258940948	0.013307457721097865	0.00748544496811755	0.013307457721097865	0.01524812863875797	0.0036041031327973387	0.011921264208483504	0.0019406709176601053	0.037149986138064875	0.03299140560022179	0.02301081230939839	0.027446631549764348
0.014416412531189355	0.024951483227058497	0.010812309398392015	0.021070141391738288	0.025783199334627114	0.02522872192958137	0.02023842528416967	0.02883282506237871	0.0	0.010535070695869144	0.0	0.011644025505960632	0.04435819240365955	0.04297199889104519	0.02162461879678403	0.042140282783476576	0.018297754366509565	0.013307457721097865	0.00887163848073191	0.012475741613529248	0.017188799556418076	0.014139173828666482	0.009703354588300527	0.014416412531189355	0.0049902966454117	0.0036041031327973387	0.003049625727751594	0.004158580537843083	0.03520931522040477	0.02883282506237871	0.01635708344884946	0.024951483227058497	0.012475741613529248	0.00748544496811755	0.009703354588300527	0.00887163848073191	0.02301081230939839	0.014139173828666482	0.011921264208483504	0.014416412531189355	0.01275298031605212	0.012475741613529248	0.01136678680343776	0.013030219018574993	0.00748544496811755	0.009148877183254783	0.007208206265594677	0.008317161075686166	0.0	0.020515663986692544	0.0	0.016911560853895204	0.018574993069032437	0.01386193512614361	0.00637649015802606	0.01275298031605212	0.016079844746326587	0.0036041031327973387	0.011089548100914887	0.0019406709176601053	0.03881341835320211	0.033545883005267535	0.021070141391738288	0.026892154144718603
0.014693651233712227	0.024674244524535625	0.010535070695869144	0.02134738009426116	0.02633767673967286	0.02550596063210424	0.019683947879123927	0.028555586359855837	0.0	0.010535070695869144	0.0	0.011644025505960632	0.04602162461879678	0.04297199889104519	0.0199611865816468	0.042140282783476576	0.019406709176601054	0.013307457721097865	0.007762683670640421	0.012475741613529248	0.01774327696146382	0.014416412531189355	0.00887163848073191	0.014416412531189355	0.0055447740504574435	0.0036041031327973387	0.00249514832270585	0.004158580537843083	0.037149986138064875	0.02883282506237871	0.014416412531189355	0.02550596063210424	0.013584696423620738	0.00748544496811755	0.008594399778209038	0.00887163848073191	0.024674244524535625	0.014139173828666482	0.010257831993346272	0.014416412531189355	0.01386193512614361	0.012475741613529248	0.0099805932908234	0.013307457721097865	0.008594399778209038	0.009148877183254783	0.006099251455503188	0.008317161075686166	0.0	0.02023842528416967	0.0	0.017188799556418076	0.019129470474078182	0.014139173828666482	0.0055447740504574435	0.01275298031605212	0.01635708344884946	0.0036041031327973387	0.010812309398392015	0.0019406709176601053	0.040754089270862215	0.03410036041031328	0.018574993069032437	0.02633767673967286
0.015802606043803714	0.024951483227058497	0.009426115885777655	0.021070141391738288	0.028555586359855837	0.02550596063210424	0.017466038258940948	0.028555586359855837	0.0	0.010812309398392015	0.0	0.01136678680343776	0.04574438591627391	0.04269476018852232	0.02023842528416967	0.04241752148599945	0.020515663986692544	0.013307457721097865	0.006653728860548933	0.012475741613529248	0.018297754366509565	0.014139173828666482	0.008317161075686166	0.014693651233712227	0.005822012752980316	0.0036041031327973387	0.0022179096201829776	0.004158580537843083	0.03742722484058775	0.028555586359855837	0.01386193512614361	0.026060438037149986	0.014416412531189355	0.007762683670640421	0.007762683670640421	0.008594399778209038	0.024951483227058497	0.01524812863875797	0.0099805932908234	0.013307457721097865	0.0149708899362351	0.012198502911006376	0.008594399778209038	0.01386193512614361	0.008594399778209038	0.009148877183254783	0.006099251455503188	0.008317161075686166	0.0	0.019406709176601054	0.0	0.018020515663986693	0.019406709176601054	0.014416412531189355	0.005267535347934572	0.012475741613529248	0.017466038258940948	0.0036041031327973387	0.009703354588300527	0.0019406709176601053	0.04269476018852232	0.034654837815359024	0.01663432215137233	0.025783199334627114
0.015802606043803714	0.024674244524535625	0.009426115885777655	0.02134738009426116	0.0299417798724702	0.024951483227058497	0.015802606043803714	0.029387302467424454	0.0	0.011089548100914887	0.0	0.011089548100914887	0.048794011644025505	0.04269476018852232	0.017188799556418076	0.04241752148599945	0.020792902689215416	0.013030219018574993	0.00637649015802606	0.01275298031605212	0.018574993069032437	0.014139173828666482	0.008039922373163293	0.014693651233712227	0.005822012752980316	0.0036041031327973387	0.0019406709176601053	0.004435819240365955	0.038536179650679236	0.028555586359855837	0.012198502911006376	0.026060438037149986	0.015802606043803714	0.007762683670640421	0.00637649015802606	0.008594399778209038	0.02522872192958137	0.01524812863875797	0.009703354588300527	0.013307457721097865	0.016079844746326587	0.01275298031605212	0.00748544496811755	0.013307457721097865	0.009148877183254783	0.009148877183254783	0.0055447740504574435	0.008317161075686166	0.0	0.019129470474078182	0.0	0.018297754366509565	0.019683947879123927	0.014139173828666482	0.0049902966454117	0.01275298031605212	0.01885223177155531	0.0036041031327973387	0.008317161075686166	0.0019406709176601053	0.0438037149986138	0.03437759911283615	0.016079844746326587	0.026060438037149986
0.01663432215137233	0.023288051011921263	0.008594399778209038	0.02273357360687552	0.031050734682561684	0.024951483227058497	0.014693651233712227	0.029387302467424454	0.0	0.011089548100914887	0.0	0.011089548100914887	0.05073468256168561	0.04241752148599945	0.01524812863875797	0.04269476018852232	0.0219018574993069	0.013584696423620738	0.005267535347934572	0.012198502911006376	0.018574993069032437	0.014416412531189355	0.008039922373163293	0.014416412531189355	0.006099251455503188	0.0036041031327973387	0.0016634322151372332	0.004435819240365955	0.04158580537843083	0.02911006376490158	0.010257831993346272	0.025783199334627114	0.01663432215137233	0.007208206265594677	0.0055447740504574435	0.009148877183254783	0.02550596063210424	0.0149708899362351	0.009426115885777655	0.013584696423620738	0.01663432215137233	0.013030219018574993	0.006930967563071805	0.013030219018574993	0.0099805932908234	0.009148877183254783	0.004435819240365955	0.008594399778209038	0.0	0.0199611865816468	0.0	0.017466038258940948	0.02023842528416967	0.01386193512614361	0.004435819240365955	0.013030219018574993	0.019406709176601054	0.0033268644302744664	0.007762683670640421	0.0022179096201829776	0.0438037149986138	0.034932076517881896	0.014693651233712227	0.02550596063210424
0.017466038258940948	0.02273357360687552	0.007762683670640421	0.023288051011921263	0.032436928195176046	0.024397005822012752	0.013307457721097865	0.0299417798724702	0.0	0.010812309398392015	0.0	0.01136678680343776	0.05101192126420848	0.04269476018852232	0.0149708899362351	0.04241752148599945	0.022456334904352646	0.013307457721097865	0.0047130579428888274	0.012475741613529248	0.01885223177155531	0.014693651233712227	0.00748544496811755	0.014416412531189355	0.005822012752980316	0.0036041031327973387	0.0019406709176601053	0.004435819240365955	0.04352647629609093	0.02911006376490158	0.00887163848073191	0.025783199334627114	0.01663432215137233	0.007208206265594677	0.0055447740504574435	0.009148877183254783	0.02661491544219573	0.016079844746326587	0.008317161075686166	0.012475741613529248	0.017188799556418076	0.013307457721097865	0.00637649015802606	0.01275298031605212	0.010535070695869144	0.009426115885777655	0.0038813418353202105	0.008317161075686166	0.0	0.02023842528416967	0.0	0.017188799556418076	0.020515663986692544	0.013307457721097865	0.004158580537843083	0.013584696423620738	0.0199611865816468	0.0033268644302744664	0.007208206265594677	0.0022179096201829776	0.04602162461879678	0.03576379262545051	0.011921264208483504	0.024674244524535625
0.018020515663986693	0.02301081230939839	0.007208206265594677	0.02301081230939839	0.03326864430274466	0.02522872192958137	0.012198502911006376	0.029387302467424454	0.0	0.01136678680343776	0.0	0.010812309398392015	0.052398114776822845	0.04352647629609093	0.013584696423620738	0.04158580537843083	0.023288051011921263	0.013030219018574993	0.0038813418353202105	0.01275298031605212	0.019406709176601054	0.015525367341280842	0.00637649015802606	0.014139173828666482	0.005822012752980316	0.0036041031327973387	0.0019406709176601053	0.004435819240365955	0.04463543110618242	0.0299417798724702	0.008039922373163293	0.024951483227058497	0.017188799556418076	0.007762683670640421	0.0049902966454117	0.008594399778209038	0.027169392847241475	0.016079844746326587	0.007762683670640421	0.012475741613529248	0.01663432215137233	0.01386193512614361	0.00637649015802606	0.01275298031605212	0.010535070695869144	0.009148877183254783	0.0036041031327973387	0.00887163848073191	0.0	0.019683947879123927	0.0	0.01774327696146382	0.021070141391738288	0.013584696423620738	0.0036041031327973387	0.013307457721097865	0.02162461879678403	0.0033268644302744664	0.0055447740504574435	0.0022179096201829776	0.04740781813141114	0.03548655392292764	0.010257831993346272	0.024951483227058497
0.019683947879123927	0.022179096201829774	0.0055447740504574435	0.023842528416967008	0.03382312170779041	0.025783199334627114	0.01136678680343776	0.02911006376490158	0.0	0.01136678680343776	0.0	0.010812309398392015	0.05406154699196008	0.04324923759356806	0.011921264208483504	0.041863044080953704	0.023288051011921263	0.013307457721097865	0.0038813418353202105	0.012475741613529248	0.0199611865816468	0.015802606043803714	0.0055447740504574435	0.014139173828666482	0.006099251455503188	0.004435819240365955	0.0016634322151372332	0.0036041031327973387	0.04574438591627391	0.03049625727751594	0.006099251455503188	0.024674244524535625	0.017466038258940948	0.007762683670640421	0.0047130579428888274	0.008594399778209038	0.027446631549764348	0.016079844746326587	0.00748544496811755	0.012475741613529248	0.016911560853895204	0.014693651233712227	0.006099251455503188	0.011921264208483504	0.010535070695869144	0.009148877183254783	0.0036041031327973387	0.00887163848073191	0.0	0.020515663986692544	0.0	0.016911560853895204	0.02134738009426116	0.013307457721097865	0.003049625727751594	0.01386193512614361	0.0219018574993069	0.0033268644302744664	0.005267535347934572	0.0022179096201829776	0.04907125034654838	0.036041031327973386	0.009148877183254783	0.024397005822012752
0.0199611865816468	0.022456334904352646	0.005267535347934572	0.023565289714444135	0.03742722484058775	0.02633767673967286	0.007762683670640421	0.028555586359855837	0.0	0.01136678680343776	0.0	0.010812309398392015	0.056002217909620185	0.04324923759356806	0.0099805932908234	0.041863044080953704	0.02301081230939839	0.013307457721097865	0.004158580537843083	0.012475741613529248	0.0199611865816468	0.016079844746326587	0.0055447740504574435	0.01386193512614361	0.006099251455503188	0.0047130579428888274	0.0016634322151372332	0.0033268644302744664	0.046298863321319654	0.030219018574993067	0.006099251455503188	0.024951483227058497	0.01774327696146382	0.00748544496811755	0.004435819240365955	0.00887163848073191	0.028278347657332965	0.015802606043803714	0.006653728860548933	0.01275298031605212	0.017188799556418076	0.0149708899362351	0.0055447740504574435	0.011921264208483504	0.01136678680343776	0.009148877183254783	0.0027723870252287217	0.00887163848073191	0.0	0.020515663986692544	0.0	0.016911560853895204	0.02134738009426116	0.013030219018574993	0.003049625727751594	0.014139173828666482	0.021070141391738288	0.0033268644302744664	0.006099251455503188	0.0022179096201829776	0.048794011644025505	0.034654837815359024	0.00887163848073191	0.025783199334627114
0.020792902689215416	0.023565289714444135	0.004435819240365955	0.022456334904352646	0.037149986138064875	0.026892154144718603	0.007762683670640421	0.028278347657332965	0.0	0.012198502911006376	0.0	0.0099805932908234	0.05655669531466593	0.04269476018852232	0.009426115885777655	0.04241752148599945	0.023842528416967008	0.013584696423620738	0.0033268644302744664	0.012198502911006376	0.02023842528416967	0.015802606043803714	0.005267535347934572	0.014139173828666482	0.00637649015802606	0.004435819240365955	0.0013861935126143609	0.0036041031327973387	0.047685056833934016	0.029664541169947326	0.006099251455503188	0.02550596063210424	0.01774327696146382	0.00748544496811755	0.004435819240365955	0.00887163848073191	0.02883282506237871	0.01524812863875797	0.006099251455503188	0.013307457721097865	0.018020515663986693	0.01524812863875797	0.0047130579428888274	0.011644025505960632	0.01136678680343776	0.008594399778209038	0.00249514832270585	0.009703354588300527	0.0	0.021070141391738288	0.0	0.01635708344884946	0.0219018574993069	0.013307457721097865	0.00249514832270585	0.01386193512614361	0.021070141391738288	0.0033268644302744664	0.006099251455503188	0.0022179096201829776	0.04851677294150263	0.03437759911283615	0.007762683670640421	0.026060438037149986
0.021070141391738288	0.02301081230939839	0.004158580537843083	0.02301081230939839	0.03742722484058775	0.027446631549764348	0.007208206265594677	0.028001108954810092	0.0	0.011089548100914887	0.0	0.011089548100914887	0.057111172719711674	0.0438037149986138	0.00887163848073191	0.04130856667590796	0.023842528416967008	0.013307457721097865	0.0033268644302744664	0.012475741613529248	0.02023842528416967	0.01524812863875797	0.005267535347934572	0.014693651233712227	0.006653728860548933	0.004435819240365955	0.0011089548100914888	0.0036041031327973387	0.05045744385916274	0.030219018574993067	0.005267535347934572	0.024951483227058497	0.018574993069032437	0.00748544496811755	0.0036041031327973387	0.00887163848073191	0.0299417798724702	0.0149708899362351	0.0049902966454117	0.013584696423620738	0.01774327696146382	0.0149708899362351	0.0047130579428888274	0.012198502911006376	0.011644025505960632	0.008317161075686166	0.0022179096201829776	0.0099805932908234	0.0	0.020792902689215416	0.0	0.01663432215137233	0.0219018574993069	0.013307457721097865	0.00249514832270585	0.01386193512614361	0.02134738009426116	0.0033268644302744664	0.005822012752980316	0.0022179096201829776	0.047685056833934016	0.03382312170779041	0.006653728860548933	0.02661491544219573
0.02162461879678403	0.02301081230939839	0.0036041031327973387	0.02301081230939839	0.03798170224563349	0.027446631549764348	0.006653728860548933	0.028001108954810092	0.0	0.010812309398392015	0.0	0.01136678680343776	0.05655669531466593	0.045189908511228165	0.009426115885777655	0.0399223731632936	0.02411976711948988	0.013584696423620738	0.003049625727751594	0.012198502911006376	0.02023842528416967	0.01524812863875797	0.005267535347934572	0.014693651233712227	0.006930967563071805	0.004435819240365955	0.0008317161075686166	0.0036041031327973387	0.05073468256168561	0.029387302467424454	0.005822012752980316	0.025783199334627114	0.018297754366509565	0.007762683670640421	0.0038813418353202105	0.008594399778209038	0.030773495980038812	0.015525367341280842	0.004158580537843083	0.013030219018574993	0.019129470474078182	0.015802606043803714	0.0033268644302744664	0.01136678680343776	0.011644025505960632	0.008317161075686166	0.0022179096201829776	0.0099805932908234	0.0	0.02023842528416967	0.0	0.017188799556418076	0.02162461879678403	0.013307457721097865	0.0027723870252287217	0.01386193512614361	0.0219018574993069	0.0036041031327973387	0.005267535347934572	0.0019406709176601053	0.0468533407263654	0.03382312170779041	0.006653728860548933	0.02661491544219573
0.0219018574993069	0.023288051011921263	0.0033268644302744664	0.02273357360687552	0.03798170224563349	0.026892154144718603	0.006653728860548933	0.028555586359855837	0.0	0.010812309398392015	0.0	0.01136678680343776	0.057111172719711674	0.04491266980870529	0.00887163848073191	0.04019961186581647	0.02411976711948988	0.013584696423620738	0.003049625727751594	0.012198502911006376	0.021070141391738288	0.015525367341280842	0.004435819240365955	0.014416412531189355	0.006930967563071805	0.004158580537843083	0.0008317161075686166	0.0038813418353202105	0.04962572775159412	0.02911006376490158	0.006099251455503188	0.026060438037149986	0.019683947879123927	0.008317161075686166	0.00249514832270585	0.008039922373163293	0.030773495980038812	0.0149708899362351	0.004158580537843083	0.013584696423620738	0.019129470474078182	0.015802606043803714	0.003049625727751594	0.011644025505960632	0.012475741613529248	0.008317161075686166	0.0013861935126143609	0.0099805932908234	0.0	0.02023842528416967	0.0	0.017188799556418076	0.022179096201829774	0.014416412531189355	0.0022179096201829776	0.01275298031605212	0.022456334904352646	0.0036041031327973387	0.0047130579428888274	0.0019406709176601053	0.0468533407263654	0.033545883005267535	0.00748544496811755	0.026892154144718603
0.022179096201829774	0.023565289714444135	0.003049625727751594	0.022456334904352646	0.03909065705572498	0.027169392847241475	0.0055447740504574435	0.028278347657332965	0.0	0.010812309398392015	0.0	0.01136678680343776	0.057111172719711674	0.04463543110618242	0.00887163848073191	0.04047685056833934	0.024674244524535625	0.013584696423620738	0.00249514832270585	0.012198502911006376	0.02134738009426116	0.0149708899362351	0.004158580537843083	0.0149708899362351	0.006930967563071805	0.004158580537843083	0.0008317161075686166	0.0038813418353202105	0.049902966454116994	0.029387302467424454	0.005822012752980316	0.025783199334627114	0.019683947879123927	0.008317161075686166	0.00249514832270585	0.008039922373163293	0.031050734682561684	0.01524812863875797	0.0038813418353202105	0.013307457721097865	0.019406709176601054	0.015525367341280842	0.0027723870252287217	0.011921264208483504	0.012475741613529248	0.008594399778209038	0.0013861935126143609	0.009703354588300527	0.0	0.021070141391738288	0.0	0.01635708344884946	0.0219018574993069	0.014416412531189355	0.0022179096201829776	0.013030219018574993	0.022456334904352646	0.0036041031327973387	0.0047130579428888274	0.0019406709176601053	0.0468533407263654	0.03382312170779041	0.00748544496811755	0.02661491544219573
0.022179096201829774	0.024397005822012752	0.003049625727751594	0.02162461879678403	0.03936789575824785	0.027446631549764348	0.005267535347934572	0.028001108954810092	0.0	0.011921264208483504	0.0	0.010257831993346272	0.057111172719711674	0.046298863321319654	0.00887163848073191	0.03881341835320211	0.024397005822012752	0.013584696423620738	0.0027723870252287217	0.012198502911006376	0.020792902689215416	0.0149708899362351	0.004435819240365955	0.01524812863875797	0.006930967563071805	0.004158580537843083	0.0008317161075686166	0.0038813418353202105	0.05156639866925423	0.030219018574993067	0.006099251455503188	0.024951483227058497	0.019406709176601054	0.008317161075686166	0.0027723870252287217	0.008039922373163293	0.030773495980038812	0.01524812863875797	0.004158580537843083	0.013307457721097865	0.019406709176601054	0.016079844746326587	0.0027723870252287217	0.01136678680343776	0.012475741613529248	0.008594399778209038	0.0013861935126143609	0.009703354588300527	0.0	0.0219018574993069	0.0	0.015525367341280842	0.0219018574993069	0.014416412531189355	0.0022179096201829776	0.013030219018574993	0.023565289714444135	0.0036041031327973387	0.0036041031327973387	0.0019406709176601053	0.046298863321319654	0.03548655392292764	0.006099251455503188	0.024951483227058497
0.02162461879678403	0.024674244524535625	0.0036041031327973387	0.02134738009426116	0.03909065705572498	0.028001108954810092	0.0055447740504574435	0.027446631549764348	0.0	0.01275298031605212	0.0	0.009426115885777655	0.058497366232326035	0.04796229553645689	0.00748544496811755	0.037149986138064875	0.024397005822012752	0.013584696423620738	0.0027723870252287217	0.012198502911006376	0.021070141391738288	0.0149708899362351	0.004158580537843083	0.01524812863875797	0.006930967563071805	0.004158580537843083	0.0008317161075686166	0.0038813418353202105	0.0518436373717771	0.03049625727751594	0.0055447740504574435	0.024674244524535625	0.0199611865816468	0.008039922373163293	0.0022179096201829776	0.008317161075686166	0.031050734682561684	0.01524812863875797	0.0038813418353202105	0.013307457721097865	0.0199611865816468	0.01635708344884946	0.0022179096201829776	0.011089548100914887	0.012198502911006376	0.00887163848073191	0.0016634322151372332	0.009426115885777655	0.0	0.022179096201829774	0.0	0.01524812863875797	0.022179096201829774	0.014139173828666482	0.0019406709176601053	0.013307457721097865	0.023842528416967008	0.0033268644302744664	0.0033268644302744664	0.0022179096201829776	0.04713057942888827	0.03520931522040477	0.0055447740504574435	0.02522872192958137
0.02162461879678403	0.024674244524535625	0.0036041031327973387	0.02134738009426116	0.04019961186581647	0.02883282506237871	0.004158580537843083	0.026892154144718603	0.0	0.01275298031605212	0.0	0.009426115885777655	0.05932908233989465	0.04823953423897976	0.006653728860548933	0.036872747435542	0.024674244524535625	0.013584696423620738	0.00249514832270585	0.012198502911006376	0.02162461879678403	0.014693651233712227	0.0036041031327973387	0.015525367341280842	0.006930967563071805	0.004435819240365955	0.0008317161075686166	0.0036041031327973387	0.05406154699196008	0.031050734682561684	0.0049902966454117	0.02411976711948988	0.019683947879123927	0.008039922373163293	0.00249514832270585	0.008317161075686166	0.03049625727751594	0.016079844746326587	0.004435819240365955	0.012475741613529248	0.0199611865816468	0.015802606043803714	0.0019406709176601053	0.011921264208483504	0.011921264208483504	0.00887163848073191	0.0019406709176601053	0.009426115885777655	0.0	0.0219018574993069	0.0	0.015525367341280842	0.022179096201829774	0.014139173828666482	0.0019406709176601053	0.013307457721097865	0.023842528416967008	0.003049625727751594	0.0033268644302744664	0.00249514832270585	0.04602162461879678	0.03548655392292764	0.0049902966454117	0.024951483227058497
0.022179096201829774	0.024951483227058497	0.003049625727751594	0.021070141391738288	0.04019961186581647	0.028555586359855837	0.004158580537843083	0.027169392847241475	0.0	0.01275298031605212	0.0	0.009426115885777655	0.05905184363737178	0.04851677294150263	0.006930967563071805	0.03659550873301913	0.02550596063210424	0.013584696423620738	0.0016634322151372332	0.012198502911006376	0.022179096201829774	0.0149708899362351	0.003049625727751594	0.01524812863875797	0.006653728860548933	0.0047130579428888274	0.0011089548100914888	0.0033268644302744664	0.053784308289437206	0.031050734682561684	0.005267535347934572	0.02411976711948988	0.0199611865816468	0.008317161075686166	0.0022179096201829776	0.008039922373163293	0.030773495980038812	0.015802606043803714	0.004158580537843083	0.01275298031605212	0.0199611865816468	0.01663432215137233	0.0016634322151372332	0.01136678680343776	0.012198502911006376	0.009426115885777655	0.0013861935126143609	0.009148877183254783	0.0	0.02162461879678403	0.0	0.015802606043803714	0.021070141391738288	0.014693651233712227	0.0027723870252287217	0.013030219018574993	0.02411976711948988	0.0027723870252287217	0.003049625727751594	0.0027723870252287217	0.04713057942888827	0.03576379262545051	0.0038813418353202105	0.024674244524535625
0.02273357360687552	0.02522872192958137	0.00249514832270585	0.020792902689215416	0.04019961186581647	0.02911006376490158	0.004158580537843083	0.02661491544219573	0.0	0.012198502911006376	0.0	0.0099805932908234	0.06016079844746327	0.04907125034654838	0.005822012752980316	0.036041031327973386	0.02550596063210424	0.01386193512614361	0.0016634322151372332	0.011921264208483504	0.022456334904352646	0.0149708899362351	0.0027723870252287217	0.01524812863875797	0.006653728860548933	0.005267535347934572	0.0011089548100914888	0.0027723870252287217	0.05433878569448295	0.0318824507901303	0.0047130579428888274	0.023288051011921263	0.020792902689215416	0.008317161075686166	0.0013861935126143609	0.008039922373163293	0.030773495980038812	0.01635708344884946	0.004158580537843083	0.012198502911006376	0.0199611865816468	0.01524812863875797	0.0016634322151372332	0.01275298031605212	0.012198502911006376	0.009703354588300527	0.0013861935126143609	0.00887163848073191	0.0	0.02162461879678403	0.0	0.015802606043803714	0.021070141391738288	0.016079844746326587	0.00249514832270585	0.011921264208483504	0.02411976711948988	0.0027723870252287217	0.003049625727751594	0.0027723870252287217	0.047685056833934016	0.034932076517881896	0.0033268644302744664	0.02550596063210424
0.022456334904352646	0.025783199334627114	0.0027723870252287217	0.02023842528416967	0.040754089270862215	0.02911006376490158	0.0036041031327973387	0.02661491544219573	0.0	0.012475741613529248	0.0	0.009703354588300527	0.06099251455503188	0.05045744385916274	0.0049902966454117	0.034654837815359024	0.02550596063210424	0.014139173828666482	0.0016634322151372332	0.011644025505960632	0.023565289714444135	0.014416412531189355	0.0016634322151372332	0.015802606043803714	0.006930967563071805	0.0049902966454117	0.0008317161075686166	0.003049625727751594	0.053784308289437206	0.032436928195176046	0.005267535347934572	0.02273357360687552	0.020792902689215416	0.008594399778209038	0.0013861935126143609	0.007762683670640421	0.031050734682561684	0.015802606043803714	0.0038813418353202105	0.01275298031605212	0.0199611865816468	0.0149708899362351	0.0016634322151372332	0.013030219018574993	0.011921264208483504	0.0099805932908234	0.0016634322151372332	0.008594399778209038	0.0	0.02134738009426116	0.0	0.016079844746326587	0.021070141391738288	0.016079844746326587	0.00249514832270585	0.011921264208483504	0.023565289714444135	0.003049625727751594	0.0036041031327973387	0.00249514832270585	0.04796229553645689	0.03520931522040477	0.003049625727751594	0.02522872192958137
0.022179096201829774	0.026060438037149986	0.003049625727751594	0.0199611865816468	0.040754089270862215	0.029387302467424454	0.0036041031327973387	0.02633767673967286	0.0	0.012475741613529248	0.0	0.009703354588300527	0.06210146936512337	0.05045744385916274	0.0038813418353202105	0.034654837815359024	0.025783199334627114	0.014139173828666482	0.0013861935126143609	0.011644025505960632	0.02301081230939839	0.014416412531189355	0.0022179096201829776	0.015802606043803714	0.006930967563071805	0.0049902966454117	0.0008317161075686166	0.003049625727751594	0.05461602439700582	0.03326864430274466	0.0049902966454117	0.0219018574993069	0.02134738009426116	0.008317161075686166	0.0008317161075686166	0.008039922373163293	0.03132797338508456	0.01635708344884946	0.0036041031327973387	0.012198502911006376	0.02023842528416967	0.014693651233712227	0.0013861935126143609	0.013307457721097865	0.012475741613529248	0.009426115885777655	0.0011089548100914888	0.009148877183254783	0.0	0.0219018574993069	0.0	0.015525367341280842	0.021070141391738288	0.016079844746326587	0.00249514832270585	0.011921264208483504	0.02411976711948988	0.0027723870252287217	0.003049625727751594	0.0027723870252287217	0.04823953423897976	0.03631827003049626	0.0022179096201829776	0.02411976711948988
0.022456334904352646	0.026892154144718603	0.0027723870252287217	0.019129470474078182	0.04019961186581647	0.029387302467424454	0.0038813418353202105	0.02661491544219573	0.0	0.012475741613529248	0.0	0.009703354588300527	0.061546991960077624	0.049902966454116994	0.004435819240365955	0.03520931522040477	0.025783199334627114	0.01386193512614361	0.0013861935126143609	0.011921264208483504	0.02301081230939839	0.014139173828666482	0.0022179096201829776	0.016079844746326587	0.006930967563071805	0.0049902966454117	0.0008317161075686166	0.003049625727751594	0.054893263099528695	0.03326864430274466	0.004158580537843083	0.0219018574993069	0.02134738009426116	0.00887163848073191	0.0008317161075686166	0.00748544496811755	0.03160521208760743	0.016911560853895204	0.0033268644302744664	0.011644025505960632	0.020515663986692544	0.0149708899362351	0.0011089548100914888	0.013030219018574993	0.012475741613529248	0.009148877183254783	0.0011089548100914888	0.009426115885777655	0.0	0.0219018574993069	0.0	0.015525367341280842	0.021070141391738288	0.01635708344884946	0.00249514832270585	0.011644025505960632	0.024951483227058497	0.0027723870252287217	0.0022179096201829776	0.0027723870252287217	0.04823953423897976	0.036872747435542	0.0027723870252287217	0.023565289714444135
0.0219018574993069	0.026892154144718603	0.0033268644302744664	0.019129470474078182	0.04019961186581647	0.028278347657332965	0.0036041031327973387	0.028001108954810092	0.0	0.012198502911006376	0.0	0.0099805932908234	0.061824230662600496	0.050180205156639866	0.004158580537843083	0.034932076517881896	0.02522872192958137	0.014139173828666482	0.0019406709176601053	0.011644025505960632	0.02273357360687552	0.014139173828666482	0.0022179096201829776	0.01635708344884946	0.007208206265594677	0.0049902966454117	0.0005544774050457444	0.003049625727751594	0.05406154699196008	0.03299140560022179	0.0049902966454117	0.022179096201829774	0.02134738009426116	0.008594399778209038	0.0008317161075686166	0.007762683670640421	0.03160521208760743	0.017466038258940948	0.0033268644302744664	0.011089548100914887	0.02023842528416967	0.014416412531189355	0.0013861935126143609	0.013584696423620738	0.012475741613529248	0.009148877183254783	0.0011089548100914888	0.009426115885777655	0.0	0.0219018574993069	0.0	0.015525367341280842	0.02162461879678403	0.015802606043803714	0.0019406709176601053	0.012198502911006376	0.024951483227058497	0.0027723870252287217	0.0022179096201829776	0.0027723870252287217	0.04796229553645689	0.03770446354311062	0.003049625727751594	0.02273357360687552
0.02273357360687552	0.02633767673967286	0.00249514832270585	0.019683947879123927	0.04019961186581647	0.028001108954810092	0.0036041031327973387	0.028278347657332965	0.0	0.012198502911006376	0.0	0.0099805932908234	0.06210146936512337	0.05045744385916274	0.0038813418353202105	0.034654837815359024	0.024951483227058497	0.014416412531189355	0.0022179096201829776	0.01136678680343776	0.02301081230939839	0.014416412531189355	0.0019406709176601053	0.016079844746326587	0.007208206265594677	0.0049902966454117	0.0005544774050457444	0.003049625727751594	0.05322983088439146	0.03271416689769892	0.0047130579428888274	0.02273357360687552	0.020792902689215416	0.009148877183254783	0.0013861935126143609	0.007208206265594677	0.03160521208760743	0.017188799556418076	0.0033268644302744664	0.01136678680343776	0.02023842528416967	0.014693651233712227	0.0013861935126143609	0.013307457721097865	0.012198502911006376	0.0099805932908234	0.0013861935126143609	0.008594399778209038	0.0	0.02273357360687552	0.0	0.014693651233712227	0.02162461879678403	0.01524812863875797	0.0016634322151372332	0.013030219018574993	0.024951483227058497	0.003049625727751594	0.0022179096201829776	0.00249514832270585	0.04851677294150263	0.036872747435542	0.0033268644302744664	0.023565289714444135
0.02301081230939839	0.02550596063210424	0.0022179096201829776	0.020515663986692544	0.040754089270862215	0.02772387025228722	0.003049625727751594	0.028555586359855837	0.0	0.01136678680343776	0.0	0.010812309398392015	0.06293318547269199	0.049902966454116994	0.003049625727751594	0.03520931522040477	0.02550596063210424	0.014139173828666482	0.0016634322151372332	0.011644025505960632	0.02273357360687552	0.014139173828666482	0.0022179096201829776	0.01635708344884946	0.00748544496811755	0.0049902966454117	0.0002772387025228722	0.003049625727751594	0.052398114776822845	0.03215968949265317	0.004435819240365955	0.023565289714444135	0.020515663986692544	0.009426115885777655	0.0016634322151372332	0.006930967563071805	0.0318824507901303	0.01663432215137233	0.003049625727751594	0.011921264208483504	0.020515663986692544	0.014139173828666482	0.0011089548100914888	0.01386193512614361	0.012475741613529248	0.0099805932908234	0.0011089548100914888	0.008594399778209038	0.0	0.022456334904352646	0.0	0.0149708899362351	0.02162461879678403	0.015802606043803714	0.0016634322151372332	0.012475741613529248	0.02522872192958137	0.003049625727751594	0.0019406709176601053	0.00249514832270585	0.04934848904907125	0.03798170224563349	0.0033268644302744664	0.022456334904352646
0.023288051011921263	0.02522872192958137	0.0019406709176601053	0.020792902689215416	0.04019961186581647	0.029664541169947326	0.0033268644302744664	0.026892154144718603	0.0	0.011644025505960632	0.0	0.010535070695869144	0.06293318547269199	0.05101192126420848	0.003049625727751594	0.03410036041031328	0.02550596063210424	0.013584696423620738	0.0016634322151372332	0.012198502911006376	0.02301081230939839	0.014693651233712227	0.0019406709176601053	0.015802606043803714	0.00748544496811755	0.005267535347934572	0.0002772387025228722	0.0027723870252287217	0.051289159966731356	0.03271416689769892	0.004158580537843083	0.023288051011921263	0.02023842528416967	0.009148877183254783	0.0019406709176601053	0.007208206265594677	0.0318824507901303	0.01635708344884946	0.003049625727751594	0.012198502911006376	0.020792902689215416	0.014693651233712227	0.0008317161075686166	0.013307457721097865	0.01275298031605212	0.010257831993346272	0.0008317161075686166	0.008317161075686166	0.0	0.0219018574993069	0.0	0.015525367341280842	0.02162461879678403	0.01635708344884946	0.0016634322151372332	0.011921264208483504	0.02522872192958137	0.0033268644302744664	0.0019406709176601053	0.0022179096201829776	0.050180205156639866	0.03742722484058775	0.0036041031327973387	0.02301081230939839
0.023565289714444135	0.025783199334627114	0.0016634322151372332	0.02023842528416967	0.0399223731632936	0.03049625727751594	0.0036041031327973387	0.026060438037149986	0.0	0.011644025505960632	0.0	0.010535070695869144	0.06293318547269199	0.049902966454116994	0.003049625727751594	0.03520931522040477	0.02550596063210424	0.013584696423620738	0.0016634322151372332	0.012198502911006376	0.023288051011921263	0.013584696423620738	0.0016634322151372332	0.016911560853895204	0.00748544496811755	0.005267535347934572	0.0002772387025228722	0.0027723870252287217	0.05101192126420848	0.03271416689769892	0.004158580537843083	0.023288051011921263	0.0199611865816468	0.00887163848073191	0.0022179096201829776	0.00748544496811755	0.0318824507901303	0.016911560853895204	0.003049625727751594	0.011644025505960632	0.020515663986692544	0.015802606043803714	0.0011089548100914888	0.012198502911006376	0.013030219018574993	0.010812309398392015	0.0005544774050457444	0.007762683670640421	0.0	0.0219018574993069	0.0	0.015525367341280842	0.02162461879678403	0.01663432215137233	0.0016634322151372332	0.011644025505960632	0.025783199334627114	0.0033268644302744664	0.0013861935126143609	0.0022179096201829776	0.05045744385916274	0.03798170224563349	0.0036041031327973387	0.022456334904352646
0.023288051011921263	0.02522872192958137	0.0019406709176601053	0.020792902689215416	0.04047685056833934	0.03132797338508456	0.003049625727751594	0.02522872192958137	0.0	0.01136678680343776	0.0	0.010812309398392015	0.06293318547269199	0.04962572775159412	0.003049625727751594	0.03548655392292764	0.025783199334627114	0.014416412531189355	0.0013861935126143609	0.01136678680343776	0.023565289714444135	0.013584696423620738	0.0011089548100914888	0.017188799556418076	0.00748544496811755	0.0055447740504574435	0.0002772387025228722	0.00249514832270585	0.051289159966731356	0.03326864430274466	0.0036041031327973387	0.02273357360687552	0.019683947879123927	0.00887163848073191	0.00249514832270585	0.00748544496811755	0.0318824507901303	0.01774327696146382	0.0027723870252287217	0.011089548100914887	0.020792902689215416	0.015525367341280842	0.0005544774050457444	0.01275298031605212	0.01275298031605212	0.010812309398392015	0.0008317161075686166	0.007762683670640421	0.0	0.02162461879678403	0.0	0.015802606043803714	0.0219018574993069	0.01663432215137233	0.0011089548100914888	0.011921264208483504	0.026060438037149986	0.0033268644302744664	0.0011089548100914888	0.0022179096201829776	0.050180205156639866	0.03770446354311062	0.004158580537843083	0.02273357360687552
0.024397005822012752	0.02550596063210424	0.0008317161075686166	0.020515663986692544	0.040754089270862215	0.031050734682561684	0.0027723870252287217	0.02550596063210424	0.0	0.01136678680343776	0.0	0.010812309398392015	0.06348766287773773	0.048794011644025505	0.00249514832270585	0.03631827003049626	0.025783199334627114	0.0149708899362351	0.0013861935126143609	0.010812309398392015	0.023565289714444135	0.013584696423620738	0.0011089548100914888	0.017188799556418076	0.00748544496811755	0.005267535347934572	0.0002772387025228722	0.0027723870252287217	0.0518436373717771	0.032436928195176046	0.0027723870252287217	0.023565289714444135	0.019683947879123927	0.009148877183254783	0.00249514832270585	0.007208206265594677	0.03160521208760743	0.017466038258940948	0.003049625727751594	0.01136678680343776	0.021070141391738288	0.01524812863875797	0.0002772387025228722	0.013030219018574993	0.01275298031605212	0.010535070695869144	0.0008317161075686166	0.008039922373163293	0.0	0.0219018574993069	0.0	0.015525367341280842	0.022179096201829774	0.01663432215137233	0.0008317161075686166	0.011921264208483504	0.02661491544219573	0.0033268644302744664	0.0005544774050457444	0.0022179096201829776	0.050180205156639866	0.03631827003049626	0.004435819240365955	0.02411976711948988
0.024951483227058497	0.026060438037149986	0.0002772387025228722	0.0199611865816468	0.040754089270862215	0.03049625727751594	0.00249514832270585	0.02633767673967286	0.0	0.01136678680343776	0.0	0.010812309398392015	0.06293318547269199	0.049902966454116994	0.003049625727751594	0.03520931522040477	0.026060438037149986	0.01524812863875797	0.0011089548100914888	0.010535070695869144	0.02301081230939839	0.013307457721097865	0.0016634322151372332	0.017466038258940948	0.00748544496811755	0.0047130579428888274	0.0002772387025228722	0.0033268644302744664	0.05267535347934572	0.03271416689769892	0.003049625727751594	0.023288051011921263	0.02023842528416967	0.009703354588300527	0.0019406709176601053	0.006653728860548933	0.0318824507901303	0.017188799556418076	0.0027723870252287217	0.011644025505960632	0.020792902689215416	0.015802606043803714	0.0005544774050457444	0.012475741613529248	0.013030219018574993	0.010812309398392015	0.0005544774050457444	0.007762683670640421	0.0	0.02162461879678403	0.0	0.015802606043803714	0.0219018574993069	0.01663432215137233	0.0011089548100914888	0.011921264208483504	0.026060438037149986	0.0027723870252287217	0.0011089548100914888	0.0027723870252287217	0.04907125034654838	0.03548655392292764	0.004435819240365955	0.024951483227058497
0.024674244524535625	0.025783199334627114	0.0005544774050457444	0.02023842528416967	0.039645134460770726	0.031050734682561684	0.0033268644302744664	0.026060438037149986	0.0	0.011644025505960632	0.0	0.010535070695869144	0.06265594677016911	0.05101192126420848	0.0033268644302744664	0.03410036041031328	0.02522872192958137	0.015525367341280842	0.0019406709176601053	0.010257831993346272	0.023288051011921263	0.01386193512614361	0.0013861935126143609	0.016911560853895204	0.00748544496811755	0.0047130579428888274	0.0002772387025228722	0.0033268644302744664	0.05433878569448295	0.03299140560022179	0.00249514832270585	0.02301081230939839	0.019683947879123927	0.0099805932908234	0.00249514832270585	0.00637649015802606	0.03215968949265317	0.01663432215137233	0.00249514832270585	0.012198502911006376	0.020792902689215416	0.01524812863875797	0.0002772387025228722	0.013307457721097865	0.013030219018574993	0.0099805932908234	0.0005544774050457444	0.008594399778209038	0.0	0.022456334904352646	0.0	0.0149708899362351	0.02162461879678403	0.017188799556418076	0.0011089548100914888	0.011644025505960632	0.025783199334627114	0.00249514832270585	0.0013861935126143609	0.003049625727751594	0.048794011644025505	0.03520931522040477	0.0036041031327973387	0.02522872192958137
0.024397005822012752	0.025783199334627114	0.0008317161075686166	0.02023842528416967	0.04019961186581647	0.03160521208760743	0.0027723870252287217	0.02550596063210424	0.0	0.011644025505960632	0.0	0.010535070695869144	0.06265594677016911	0.052398114776822845	0.0033268644302744664	0.03271416689769892	0.024951483227058497	0.01524812863875797	0.0022179096201829776	0.010535070695869144	0.02301081230939839	0.01386193512614361	0.0016634322151372332	0.016911560853895204	0.00748544496811755	0.005267535347934572	0.0002772387025228722	0.0027723870252287217	0.05517050180205157	0.03299140560022179	0.0027723870252287217	0.02301081230939839	0.019683947879123927	0.00887163848073191	0.00249514832270585	0.00748544496811755	0.03160521208760743	0.016911560853895204	0.003049625727751594	0.011921264208483504	0.02023842528416967	0.01524812863875797	0.0005544774050457444	0.013584696423620738	0.01275298031605212	0.0099805932908234	0.0008317161075686166	0.008594399778209038	0.0	0.022179096201829774	0.0	0.01524812863875797	0.0219018574993069	0.017188799556418076	0.0008317161075686166	0.011644025505960632	0.02522872192958137	0.00249514832270585	0.0019406709176601053	0.003049625727751594	0.04851677294150263	0.03576379262545051	0.0027723870252287217	0.024674244524535625
0.024397005822012752	0.025783199334627114	0.0008317161075686166	0.02023842528416967	0.040754089270862215	0.03132797338508456	0.0022179096201829776	0.025783199334627114	0.0	0.01136678680343776	0.0	0.010812309398392015	0.06210146936512337	0.05101192126420848	0.0038813418353202105	0.03410036041031328	0.024674244524535625	0.0149708899362351	0.00249514832270585	0.010812309398392015	0.023288051011921263	0.015525367341280842	0.0011089548100914888	0.015525367341280842	0.00748544496811755	0.0049902966454117	0.0002772387025228722	0.003049625727751594	0.05655669531466593	0.032436928195176046	0.0027723870252287217	0.023565289714444135	0.0199611865816468	0.00887163848073191	0.0022179096201829776	0.00748544496811755	0.03132797338508456	0.016911560853895204	0.0033268644302744664	0.011921264208483504	0.019683947879123927	0.01524812863875797	0.0011089548100914888	0.013584696423620738	0.012475741613529248	0.010812309398392015	0.0011089548100914888	0.007762683670640421	0.0	0.02134738009426116	0.0	0.016079844746326587	0.022179096201829774	0.01663432215137233	0.0005544774050457444	0.012198502911006376	0.025783199334627114	0.00249514832270585	0.0013861935126143609	0.003049625727751594	0.046576102023842526	0.036041031327973386	0.0033268644302744664	0.024397005822012752
0.024397005822012752	0.02522872192958137	0.0008317161075686166	0.020792902689215416	0.04047685056833934	0.03132797338508456	0.00249514832270585	0.025783199334627114	0.0	0.01136678680343776	0.0	0.010812309398392015	0.061824230662600496	0.051289159966731356	0.004158580537843083	0.03382312170779041	0.024951483227058497	0.01524812863875797	0.0022179096201829776	0.010535070695869144	0.022456334904352646	0.015802606043803714	0.0019406709176601053	0.01524812863875797	0.00748544496811755	0.0047130579428888274	0.0002772387025228722	0.0033268644302744664	0.05572497920709731	0.03326864430274466	0.0038813418353202105	0.02301081230939839	0.020515663986692544	0.008317161075686166	0.0016634322151372332	0.008039922373163293	0.031050734682561684	0.01635708344884946	0.0033268644302744664	0.01275298031605212	0.019683947879123927	0.015525367341280842	0.0011089548100914888	0.013307457721097865	0.012475741613529248	0.010535070695869144	0.0011089548100914888	0.008039922373163293	0.0	0.0219018574993069	0.0	0.015525367341280842	0.022179096201829774	0.017188799556418076	0.0005544774050457444	0.011644025505960632	0.02550596063210424	0.0027723870252287217	0.0016634322151372332	0.0027723870252287217	0.04602162461879678	0.03631827003049626	0.0033268644302744664	0.02411976711948988
0.02411976711948988	0.024951483227058497	0.0011089548100914888	0.021070141391738288	0.03909065705572498	0.0318824507901303	0.0038813418353202105	0.02522872192958137	0.0	0.01136678680343776	0.0	0.010812309398392015	0.06016079844746327	0.05156639866925423	0.005822012752980316	0.033545883005267535	0.024951483227058497	0.014416412531189355	0.0022179096201829776	0.01136678680343776	0.022456334904352646	0.016911560853895204	0.0019406709176601053	0.014139173828666482	0.00748544496811755	0.004435819240365955	0.0002772387025228722	0.0036041031327973387	0.05627945661214306	0.03437759911283615	0.0038813418353202105	0.0219018574993069	0.020792902689215416	0.008317161075686166	0.0013861935126143609	0.008039922373163293	0.031050734682561684	0.016079844746326587	0.0033268644302744664	0.013030219018574993	0.019683947879123927	0.015802606043803714	0.0011089548100914888	0.013030219018574993	0.011921264208483504	0.010535070695869144	0.0016634322151372332	0.008039922373163293	0.0	0.0219018574993069	0.0	0.015525367341280842	0.022179096201829774	0.016911560853895204	0.0005544774050457444	0.011921264208483504	0.025783199334627114	0.003049625727751594	0.0013861935126143609	0.00249514832270585	0.045189908511228165	0.036041031327973386	0.0036041031327973387	0.024397005822012752
0.024397005822012752	0.02550596063210424	0.0008317161075686166	0.020515663986692544	0.039645134460770726	0.03271416689769892	0.003049625727751594	0.024674244524535625	0.0	0.01136678680343776	0.0	0.010812309398392015	0.06071527585250901	0.0518436373717771	0.005267535347934572	0.03326864430274466	0.02550596063210424	0.01386193512614361	0.0016634322151372332	0.011921264208483504	0.02273357360687552	0.017466038258940948	0.0016634322151372332	0.013584696423620738	0.007762683670640421	0.004435819240365955	0.0	0.0036041031327973387	0.05572497920709731	0.033545883005267535	0.003049625727751594	0.02273357360687552	0.020515663986692544	0.008594399778209038	0.0016634322151372332	0.007762683670640421	0.030773495980038812	0.01635708344884946	0.0033268644302744664	0.013030219018574993	0.019683947879123927	0.016079844746326587	0.0011089548100914888	0.01275298031605212	0.012198502911006376	0.010812309398392015	0.0013861935126143609	0.007762683670640421	0.0	0.020792902689215416	0.0	0.01663432215137233	0.0219018574993069	0.01663432215137233	0.0008317161075686166	0.012198502911006376	0.025783199334627114	0.0027723870252287217	0.0013861935126143609	0.0027723870252287217	0.0468533407263654	0.03576379262545051	0.0033268644302744664	0.024674244524535625
0.024397005822012752	0.02661491544219573	0.0008317161075686166	0.019406709176601054	0.04047685056833934	0.03215968949265317	0.0022179096201829776	0.02522872192958137	0.0	0.011921264208483504	0.0	0.010257831993346272	0.06071527585250901	0.05101192126420848	0.005267535347934572	0.03410036041031328	0.02522872192958137	0.01386193512614361	0.0019406709176601053	0.011921264208483504	0.02273357360687552	0.017466038258940948	0.0016634322151372332	0.013584696423620738	0.007762683670640421	0.004435819240365955	0.0	0.0036041031327973387	0.057388411422234546	0.033545883005267535	0.0027723870252287217	0.02273357360687552	0.021070141391738288	0.00887163848073191	0.0011089548100914888	0.00748544496811755	0.030773495980038812	0.016079844746326587	0.0033268644302744664	0.013307457721097865	0.019406709176601054	0.016911560853895204	0.0013861935126143609	0.011921264208483504	0.013030219018574993	0.010535070695869144	0.0005544774050457444	0.008039922373163293	0.0	0.02134738009426116	0.0	0.016079844746326587	0.02162461879678403	0.016911560853895204	0.0008317161075686166	0.012198502911006376	0.02522872192958137	0.0027723870252287217	0.0019406709176601053	0.0027723870252287217	0.04574438591627391	0.034932076517881896	0.003049625727751594	0.02550596063210424
0.023842528416967008	0.026892154144718603	0.0013861935126143609	0.019129470474078182	0.040754089270862215	0.03215968949265317	0.0019406709176601053	0.02522872192958137	0.0	0.012198502911006376	0.0	0.0099805932908234	0.06099251455503188	0.05073468256168561	0.0049902966454117	0.03437759911283615	0.024951483227058497	0.014139173828666482	0.0022179096201829776	0.011644025505960632	0.022456334904352646	0.017466038258940948	0.0019406709176601053	0.013584696423620738	0.007762683670640421	0.004435819240365955	0.0	0.0036041031327973387	0.05655669531466593	0.03299140560022179	0.0033268644302744664	0.023565289714444135	0.021070141391738288	0.00887163848073191	0.0011089548100914888	0.00748544496811755	0.03132797338508456	0.01524812863875797	0.00249514832270585	0.014416412531189355	0.019683947879123927	0.016911560853895204	0.0011089548100914888	0.011921264208483504	0.01275298031605212	0.010535070695869144	0.0008317161075686166	0.008039922373163293	0.0	0.021070141391738288	0.0	0.01635708344884946	0.02162461879678403	0.017188799556418076	0.0008317161075686166	0.011921264208483504	0.024674244524535625	0.0027723870252287217	0.00249514832270585	0.0027723870252287217	0.04546714721375104	0.034654837815359024	0.0033268644302744664	0.025783199334627114
0.024397005822012752	0.02633767673967286	0.0008317161075686166	0.019683947879123927	0.0399223731632936	0.032436928195176046	0.00249514832270585	0.02522872192958137	0.0	0.01275298031605212	0.0	0.009426115885777655	0.06071527585250901	0.04962572775159412	0.005267535347934572	0.03548655392292764	0.024951483227058497	0.014139173828666482	0.0022179096201829776	0.011644025505960632	0.022179096201829774	0.018020515663986693	0.0022179096201829776	0.013030219018574993	0.00748544496811755	0.0047130579428888274	0.0002772387025228722	0.0033268644302744664	0.0568339340171888	0.03382312170779041	0.0027723870252287217	0.02273357360687552	0.020792902689215416	0.00887163848073191	0.0013861935126143609	0.00748544496811755	0.030773495980038812	0.0149708899362351	0.0027723870252287217	0.0149708899362351	0.0199611865816468	0.017188799556418076	0.0008317161075686166	0.011644025505960632	0.01275298031605212	0.010535070695869144	0.0008317161075686166	0.008039922373163293	0.0	0.021070141391738288	0.0	0.01635708344884946	0.02162461879678403	0.01774327696146382	0.0008317161075686166	0.01136678680343776	0.024951483227058497	0.003049625727751594	0.0022179096201829776	0.00249514832270585	0.04546714721375104	0.03548655392292764	0.0036041031327973387	0.024951483227058497
0.024674244524535625	0.025783199334627114	0.0005544774050457444	0.02023842528416967	0.03909065705572498	0.032436928195176046	0.0033268644302744664	0.02522872192958137	0.0	0.013307457721097865	0.0	0.00887163848073191	0.061824230662600496	0.04934848904907125	0.004158580537843083	0.03576379262545051	0.02411976711948988	0.014139173828666482	0.003049625727751594	0.011644025505960632	0.022456334904352646	0.01774327696146382	0.0019406709176601053	0.013307457721097865	0.00748544496811755	0.0047130579428888274	0.0002772387025228722	0.0033268644302744664	0.05794288882728029	0.03326864430274466	0.00249514832270585	0.023288051011921263	0.02162461879678403	0.008594399778209038	0.0005544774050457444	0.007762683670640421	0.0299417798724702	0.015525367341280842	0.0033268644302744664	0.014693651233712227	0.02023842528416967	0.017466038258940948	0.0005544774050457444	0.01136678680343776	0.013030219018574993	0.011089548100914887	0.0005544774050457444	0.00748544496811755	0.0	0.021070141391738288	0.0	0.01635708344884946	0.02134738009426116	0.018297754366509565	0.0008317161075686166	0.011089548100914887	0.02522872192958137	0.003049625727751594	0.0019406709176601053	0.00249514832270585	0.04463543110618242	0.034932076517881896	0.0036041031327973387	0.02550596063210424
0.023842528416967008	0.026060438037149986	0.0013861935126143609	0.0199611865816468	0.03936789575824785	0.03326864430274466	0.003049625727751594	0.024397005822012752	0.0	0.01275298031605212	0.0	0.009426115885777655	0.06126975325755475	0.04962572775159412	0.0047130579428888274	0.03548655392292764	0.024674244524535625	0.014416412531189355	0.00249514832270585	0.01136678680343776	0.02273357360687552	0.01774327696146382	0.0016634322151372332	0.013307457721097865	0.00748544496811755	0.0047130579428888274	0.0	0.0036041031327973387	0.05766565012475742	0.03437759911283615	0.0027723870252287217	0.022179096201829774	0.02162461879678403	0.00887163848073191	0.0005544774050457444	0.00748544496811755	0.030219018574993067	0.01524812863875797	0.003049625727751594	0.0149708899362351	0.020515663986692544	0.016911560853895204	0.0002772387025228722	0.011921264208483504	0.013307457721097865	0.011644025505960632	0.0002772387025228722	0.006930967563071805	0.0	0.02162461879678403	0.0	0.015802606043803714	0.021070141391738288	0.01774327696146382	0.0011089548100914888	0.011644025505960632	0.02550596063210424	0.003049625727751594	0.0016634322151372332	0.00249514832270585	0.04574438591627391	0.03548655392292764	0.00249514832270585	0.024951483227058497
0.023842528416967008	0.02550596063210424	0.0013861935126143609	0.020515663986692544	0.0399223731632936	0.03271416689769892	0.0019406709176601053	0.02550596063210424	0.0	0.01275298031605212	0.0	0.009426115885777655	0.06210146936512337	0.048794011644025505	0.0038813418353202105	0.03631827003049626	0.024397005822012752	0.014139173828666482	0.0027723870252287217	0.011644025505960632	0.02273357360687552	0.018020515663986693	0.0016634322151372332	0.013030219018574993	0.007208206265594677	0.0049902966454117	0.0002772387025228722	0.0033268644302744664	0.05461602439700582	0.03520931522040477	0.0049902966454117	0.02162461879678403	0.022179096201829774	0.008594399778209038	0.0	0.007762683670640421	0.029387302467424454	0.01524812863875797	0.0036041031327973387	0.01524812863875797	0.020515663986692544	0.016911560853895204	0.0002772387025228722	0.011921264208483504	0.013307457721097865	0.01136678680343776	0.0002772387025228722	0.007208206265594677	0.0	0.02162461879678403	0.0	0.015802606043803714	0.021070141391738288	0.017466038258940948	0.0011089548100914888	0.011921264208483504	0.024951483227058497	0.0027723870252287217	0.0022179096201829776	0.0027723870252287217	0.046298863321319654	0.03659550873301913	0.00249514832270585	0.023842528416967008
0.023842528416967008	0.024674244524535625	0.0013861935126143609	0.02134738009426116	0.0399223731632936	0.03160521208760743	0.0019406709176601053	0.02661491544219573	0.0	0.013030219018574993	0.0	0.009148877183254783	0.06126975325755475	0.04796229553645689	0.0047130579428888274	0.037149986138064875	0.024397005822012752	0.013307457721097865	0.0027723870252287217	0.012475741613529248	0.023288051011921263	0.018297754366509565	0.0011089548100914888	0.01275298031605212	0.007208206265594677	0.0049902966454117	0.0002772387025228722	0.0033268644302744664	0.05461602439700582	0.034654837815359024	0.004435819240365955	0.022179096201829774	0.022179096201829774	0.00887163848073191	0.0	0.00748544496811755	0.0299417798724702	0.014693651233712227	0.003049625727751594	0.015802606043803714	0.02023842528416967	0.017466038258940948	0.0005544774050457444	0.01136678680343776	0.013030219018574993	0.012198502911006376	0.0005544774050457444	0.00637649015802606	0.0	0.022456334904352646	0.0	0.0149708899362351	0.020792902689215416	0.018297754366509565	0.0013861935126143609	0.011089548100914887	0.02411976711948988	0.003049625727751594	0.003049625727751594	0.00249514832270585	0.04713057942888827	0.03659550873301913	0.0022179096201829776	0.023842528416967008
0.024397005822012752	0.024951483227058497	0.0008317161075686166	0.021070141391738288	0.038536179650679236	0.03160521208760743	0.0033268644302744664	0.02661491544219573	0.0	0.01275298031605212	0.0	0.009426115885777655	0.06126975325755475	0.048794011644025505	0.0047130579428888274	0.03631827003049626	0.024397005822012752	0.013307457721097865	0.0027723870252287217	0.012475741613529248	0.023288051011921263	0.018574993069032437	0.0011089548100914888	0.012475741613529248	0.00748544496811755	0.0049902966454117	0.0	0.0033268644302744664	0.05461602439700582	0.03410036041031328	0.0038813418353202105	0.02273357360687552	0.022179096201829774	0.00887163848073191	0.0	0.00748544496811755	0.029664541169947326	0.0149708899362351	0.003049625727751594	0.015802606043803714	0.02023842528416967	0.017466038258940948	0.0005544774050457444	0.01136678680343776	0.013030219018574993	0.011921264208483504	0.0005544774050457444	0.006653728860548933	0.0	0.02273357360687552	0.0	0.014693651233712227	0.0199611865816468	0.019406709176601054	0.0019406709176601053	0.010257831993346272	0.023565289714444135	0.003049625727751594	0.0036041031327973387	0.00249514832270585	0.046576102023842526	0.03576379262545051	0.0033268644302744664	0.024674244524535625
0.024397005822012752	0.025783199334627114	0.0008317161075686166	0.02023842528416967	0.038536179650679236	0.0318824507901303	0.0033268644302744664	0.02633767673967286	0.0	0.012475741613529248	0.0	0.009703354588300527	0.061546991960077624	0.04962572775159412	0.004435819240365955	0.03548655392292764	0.024674244524535625	0.013584696423620738	0.00249514832270585	0.012198502911006376	0.023288051011921263	0.01885223177155531	0.0011089548100914888	0.012198502911006376	0.00748544496811755	0.0047130579428888274	0.0	0.0036041031327973387	0.056002217909620185	0.03410036041031328	0.0036041031327973387	0.02273357360687552	0.02162461879678403	0.008594399778209038	0.0005544774050457444	0.007762683670640421	0.029664541169947326	0.0149708899362351	0.00249514832270585	0.01635708344884946	0.019683947879123927	0.01774327696146382	0.0011089548100914888	0.011089548100914887	0.013030219018574993	0.011921264208483504	0.0005544774050457444	0.006653728860548933	0.0	0.02301081230939839	0.0	0.014416412531189355	0.019406709176601054	0.019129470474078182	0.00249514832270585	0.010535070695869144	0.024397005822012752	0.0033268644302744664	0.0027723870252287217	0.0022179096201829776	0.045189908511228165	0.03659550873301913	0.0036041031327973387	0.023842528416967008
0.02411976711948988	0.02550596063210424	0.0011089548100914888	0.020515663986692544	0.038536179650679236	0.03215968949265317	0.0027723870252287217	0.02661491544219573	0.0	0.01275298031605212	0.0	0.009426115885777655	0.06099251455503188	0.049902966454116994	0.0049902966454117	0.03520931522040477	0.024397005822012752	0.013584696423620738	0.0027723870252287217	0.012198502911006376	0.023288051011921263	0.01885223177155531	0.0008317161075686166	0.012475741613529248	0.00748544496811755	0.0049902966454117	0.0	0.0033268644302744664	0.0568339340171888	0.03410036041031328	0.0033268644302744664	0.02301081230939839	0.02162461879678403	0.00887163848073191	0.0005544774050457444	0.00748544496811755	0.030219018574993067	0.015525367341280842	0.0019406709176601053	0.015802606043803714	0.019683947879123927	0.018297754366509565	0.0011089548100914888	0.010535070695869144	0.01275298031605212	0.011644025505960632	0.0008317161075686166	0.006930967563071805	0.0	0.023565289714444135	0.0	0.01386193512614361	0.018574993069032437	0.019406709176601054	0.0033268644302744664	0.010257831993346272	0.024397005822012752	0.0033268644302744664	0.0027723870252287217	0.0022179096201829776	0.04435819240365955	0.03520931522040477	0.0036041031327973387	0.02522872192958137
0.02411976711948988	0.025783199334627114	0.0011089548100914888	0.02023842528416967	0.038258940948156364	0.03215968949265317	0.00249514832270585	0.027169392847241475	0.0	0.013584696423620738	0.0	0.008594399778209038	0.06071527585250901	0.048794011644025505	0.005267535347934572	0.03631827003049626	0.024674244524535625	0.01275298031605212	0.00249514832270585	0.013030219018574993	0.023288051011921263	0.018297754366509565	0.0008317161075686166	0.013030219018574993	0.00748544496811755	0.0047130579428888274	0.0	0.0036041031327973387	0.057111172719711674	0.033545883005267535	0.0027723870252287217	0.023842528416967008	0.02134738009426116	0.008594399778209038	0.0008317161075686166	0.007762683670640421	0.03049625727751594	0.015802606043803714	0.0016634322151372332	0.015525367341280842	0.019683947879123927	0.018020515663986693	0.0011089548100914888	0.010812309398392015	0.013030219018574993	0.011921264208483504	0.0005544774050457444	0.006653728860548933	0.0	0.023565289714444135	0.0	0.01386193512614361	0.019129470474078182	0.019683947879123927	0.0027723870252287217	0.0099805932908234	0.024674244524535625	0.0033268644302744664	0.00249514832270585	0.0022179096201829776	0.04435819240365955	0.03576379262545051	0.0036041031327973387	0.024674244524535625
0.02411976711948988	0.02633767673967286	0.0011089548100914888	0.019683947879123927	0.03798170224563349	0.03299140560022179	0.0027723870252287217	0.02633767673967286	0.0	0.013584696423620738	0.0	0.008594399778209038	0.06071527585250901	0.04823953423897976	0.005267535347934572	0.036872747435542	0.02522872192958137	0.013030219018574993	0.0019406709176601053	0.01275298031605212	0.02301081230939839	0.018574993069032437	0.0011089548100914888	0.01275298031605212	0.00748544496811755	0.0049902966454117	0.0	0.0033268644302744664	0.05627945661214306	0.03299140560022179	0.0022179096201829776	0.024674244524535625	0.021070141391738288	0.008594399778209038	0.0011089548100914888	0.007762683670640421	0.030773495980038812	0.015525367341280842	0.0013861935126143609	0.015802606043803714	0.02023842528416967	0.017466038258940948	0.0005544774050457444	0.01136678680343776	0.01275298031605212	0.012475741613529248	0.0005544774050457444	0.00637649015802606	0.0	0.023288051011921263	0.0	0.014139173828666482	0.019683947879123927	0.02023842528416967	0.0022179096201829776	0.009426115885777655	0.02522872192958137	0.0036041031327973387	0.0019406709176601053	0.0019406709176601053	0.045189908511228165	0.03576379262545051	0.0038813418353202105	0.024674244524535625
0.024397005822012752	0.025783199334627114	0.0008317161075686166	0.02023842528416967	0.038536179650679236	0.03271416689769892	0.0022179096201829776	0.02661491544219573	0.0	0.013030219018574993	0.0	0.009148877183254783	0.06071527585250901	0.04823953423897976	0.005267535347934572	0.036872747435542	0.02522872192958137	0.01275298031605212	0.0019406709176601053	0.013030219018574993	0.02273357360687552	0.019683947879123927	0.0013861935126143609	0.011644025505960632	0.00748544496811755	0.0049902966454117	0.0	0.0033268644302744664	0.05461602439700582	0.032436928195176046	0.0036041031327973387	0.02550596063210424	0.021070141391738288	0.00887163848073191	0.0011089548100914888	0.00748544496811755	0.030773495980038812	0.01663432215137233	0.0013861935126143609	0.014693651233712227	0.02023842528416967	0.017188799556418076	0.0005544774050457444	0.011644025505960632	0.01275298031605212	0.01275298031605212	0.0005544774050457444	0.006099251455503188	0.0	0.02411976711948988	0.0	0.013307457721097865	0.019683947879123927	0.021070141391738288	0.0022179096201829776	0.008594399778209038	0.02522872192958137	0.0036041031327973387	0.0019406709176601053	0.0019406709176601053	0.04463543110618242	0.03576379262545051	0.004435819240365955	0.024674244524535625
0.023842528416967008	0.02522872192958137	0.0013861935126143609	0.020792902689215416	0.038536179650679236	0.03160521208760743	0.0022179096201829776	0.02772387025228722	0.0	0.013030219018574993	0.0	0.009148877183254783	0.0598835597449404	0.04851677294150263	0.006099251455503188	0.03659550873301913	0.02550596063210424	0.013030219018574993	0.0016634322151372332	0.01275298031605212	0.02301081230939839	0.019683947879123927	0.0011089548100914888	0.011644025505960632	0.00748544496811755	0.005267535347934572	0.0	0.003049625727751594	0.054893263099528695	0.03299140560022179	0.003049625727751594	0.02522872192958137	0.020792902689215416	0.008594399778209038	0.0013861935126143609	0.007762683670640421	0.030773495980038812	0.016911560853895204	0.0013861935126143609	0.014416412531189355	0.019683947879123927	0.017188799556418076	0.0011089548100914888	0.011644025505960632	0.013030219018574993	0.01275298031605212	0.0002772387025228722	0.006099251455503188	0.0	0.02411976711948988	0.0	0.013307457721097865	0.02023842528416967	0.02134738009426116	0.0016634322151372332	0.008317161075686166	0.024674244524535625	0.0033268644302744664	0.00249514832270585	0.0022179096201829776	0.044080953701136676	0.03631827003049626	0.0049902966454117	0.02411976711948988
0.023565289714444135	0.025783199334627114	0.0016634322151372332	0.02023842528416967	0.03881341835320211	0.03160521208760743	0.0019406709176601053	0.02772387025228722	0.0	0.013030219018574993	0.0	0.009148877183254783	0.060438037149986135	0.04823953423897976	0.0055447740504574435	0.036872747435542	0.02522872192958137	0.013584696423620738	0.0019406709176601053	0.012198502911006376	0.02273357360687552	0.019406709176601054	0.0013861935126143609	0.011921264208483504	0.007208206265594677	0.0049902966454117	0.0002772387025228722	0.0033268644302744664	0.054893263099528695	0.03299140560022179	0.0027723870252287217	0.02522872192958137	0.020792902689215416	0.008594399778209038	0.0013861935126143609	0.007762683670640421	0.03049625727751594	0.016911560853895204	0.0016634322151372332	0.014416412531189355	0.019683947879123927	0.017466038258940948	0.0011089548100914888	0.01136678680343776	0.01275298031605212	0.012475741613529248	0.0005544774050457444	0.00637649015802606	0.0	0.024397005822012752	0.0	0.013030219018574993	0.02023842528416967	0.02023842528416967	0.0013861935126143609	0.009703354588300527	0.024951483227058497	0.0036041031327973387	0.0022179096201829776	0.0019406709176601053	0.04463543110618242	0.037149986138064875	0.0047130579428888274	0.023288051011921263
0.023565289714444135	0.024951483227058497	0.0016634322151372332	0.021070141391738288	0.038258940948156364	0.032436928195176046	0.00249514832270585	0.026892154144718603	0.0	0.013030219018574993	0.0	0.009148877183254783	0.06016079844746327	0.046298863321319654	0.005822012752980316	0.03881341835320211	0.024951483227058497	0.014693651233712227	0.0022179096201829776	0.011089548100914887	0.022179096201829774	0.019406709176601054	0.0019406709176601053	0.011921264208483504	0.007208206265594677	0.0049902966454117	0.0002772387025228722	0.0033268644302744664	0.05517050180205157	0.03326864430274466	0.0033268644302744664	0.024951483227058497	0.020792902689215416	0.008317161075686166	0.0013861935126143609	0.008039922373163293	0.030773495980038812	0.017466038258940948	0.0013861935126143609	0.01386193512614361	0.019683947879123927	0.017466038258940948	0.0011089548100914888	0.01136678680343776	0.01275298031605212	0.013030219018574993	0.0005544774050457444	0.005822012752980316	0.0	0.024674244524535625	0.0	0.01275298031605212	0.020515663986692544	0.02023842528416967	0.0011089548100914888	0.009703354588300527	0.02522872192958137	0.0033268644302744664	0.0019406709176601053	0.0022179096201829776	0.04491266980870529	0.036872747435542	0.0036041031327973387	0.023565289714444135
0.023288051011921263	0.024397005822012752	0.0019406709176601053	0.02162461879678403	0.03798170224563349	0.03160521208760743	0.0027723870252287217	0.02772387025228722	0.0	0.013030219018574993	0.0	0.009148877183254783	0.060438037149986135	0.0468533407263654	0.0055447740504574435	0.038258940948156364	0.02411976711948988	0.014693651233712227	0.003049625727751594	0.011089548100914887	0.022456334904352646	0.0199611865816468	0.0016634322151372332	0.01136678680343776	0.00748544496811755	0.0049902966454117	0.0	0.0033268644302744664	0.05627945661214306	0.03382312170779041	0.0027723870252287217	0.024397005822012752	0.02134738009426116	0.008317161075686166	0.0008317161075686166	0.008039922373163293	0.031050734682561684	0.01774327696146382	0.0011089548100914888	0.013584696423620738	0.0199611865816468	0.01774327696146382	0.0008317161075686166	0.011089548100914887	0.01275298031605212	0.012198502911006376	0.0005544774050457444	0.006653728860548933	0.0	0.02522872192958137	0.0	0.012198502911006376	0.020515663986692544	0.020792902689215416	0.0011089548100914888	0.009148877183254783	0.02550596063210424	0.0033268644302744664	0.0016634322151372332	0.0022179096201829776	0.04463543110618242	0.03742722484058775	0.0033268644302744664	0.02301081230939839
0.02301081230939839	0.024397005822012752	0.0022179096201829776	0.02162461879678403	0.038258940948156364	0.032436928195176046	0.00249514832270585	0.026892154144718603	0.0	0.013030219018574993	0.0	0.009148877183254783	0.06126975325755475	0.04713057942888827	0.0047130579428888274	0.03798170224563349	0.024397005822012752	0.014416412531189355	0.0027723870252287217	0.01136678680343776	0.02273357360687552	0.019683947879123927	0.0013861935126143609	0.011644025505960632	0.007208206265594677	0.0049902966454117	0.0002772387025228722	0.0033268644302744664	0.05627945661214306	0.03437759911283615	0.0038813418353202105	0.023842528416967008	0.020792902689215416	0.008039922373163293	0.0013861935126143609	0.008317161075686166	0.03049625727751594	0.017466038258940948	0.0016634322151372332	0.01386193512614361	0.0199611865816468	0.018020515663986693	0.0008317161075686166	0.010812309398392015	0.01275298031605212	0.012198502911006376	0.0005544774050457444	0.006653728860548933	0.0	0.02411976711948988	0.0	0.013307457721097865	0.021070141391738288	0.020515663986692544	0.0005544774050457444	0.009426115885777655	0.02550596063210424	0.003049625727751594	0.0016634322151372332	0.00249514832270585	0.04241752148599945	0.03659550873301913	0.004435819240365955	0.023842528416967008
0.02301081230939839	0.024951483227058497	0.0022179096201829776	0.021070141391738288	0.03742722484058775	0.0318824507901303	0.0033268644302744664	0.027446631549764348	0.0	0.012475741613529248	0.0	0.009703354588300527	0.061824230662600496	0.047685056833934016	0.004158580537843083	0.03742722484058775	0.024397005822012752	0.014139173828666482	0.0027723870252287217	0.011644025505960632	0.022179096201829774	0.019683947879123927	0.0016634322151372332	0.011921264208483504	0.007208206265594677	0.005267535347934572	0.0002772387025228722	0.003049625727751594	0.054893263099528695	0.03576379262545051	0.005267535347934572	0.02301081230939839	0.020792902689215416	0.007762683670640421	0.0013861935126143609	0.008594399778209038	0.030773495980038812	0.017466038258940948	0.0013861935126143609	0.01386193512614361	0.0199611865816468	0.01885223177155531	0.0008317161075686166	0.0099805932908234	0.012475741613529248	0.012475741613529248	0.0008317161075686166	0.00637649015802606	0.0	0.023288051011921263	0.0	0.014139173828666482	0.021070141391738288	0.02023842528416967	0.0005544774050457444	0.009703354588300527	0.02522872192958137	0.0033268644302744664	0.0019406709176601053	0.0022179096201829776	0.04352647629609093	0.03742722484058775	0.0027723870252287217	0.02301081230939839
0.023288051011921263	0.024674244524535625	0.0019406709176601053	0.02134738009426116	0.03631827003049626	0.032436928195176046	0.0038813418353202105	0.027446631549764348	0.0	0.011921264208483504	0.0	0.010257831993346272	0.06071527585250901	0.04740781813141114	0.005267535347934572	0.03770446354311062	0.024674244524535625	0.014139173828666482	0.00249514832270585	0.011644025505960632	0.022179096201829774	0.02023842528416967	0.0016634322151372332	0.01136678680343776	0.007208206265594677	0.005267535347934572	0.0002772387025228722	0.003049625727751594	0.05544774050457444	0.03548655392292764	0.005267535347934572	0.023565289714444135	0.020515663986692544	0.007762683670640421	0.0016634322151372332	0.008594399778209038	0.031050734682561684	0.017188799556418076	0.0011089548100914888	0.014139173828666482	0.0199611865816468	0.018574993069032437	0.0008317161075686166	0.010257831993346272	0.012475741613529248	0.012198502911006376	0.0008317161075686166	0.006653728860548933	0.0	0.02301081230939839	0.0	0.014416412531189355	0.021070141391738288	0.020792902689215416	0.0005544774050457444	0.009148877183254783	0.02522872192958137	0.0033268644302744664	0.0019406709176601053	0.0022179096201829776	0.04324923759356806	0.036872747435542	0.0022179096201829776	0.023565289714444135
0.02301081230939839	0.02522872192958137	0.0022179096201829776	0.020792902689215416	0.036872747435542	0.032436928195176046	0.003049625727751594	0.02772387025228722	0.0	0.012198502911006376	0.0	0.0099805932908234	0.06099251455503188	0.048794011644025505	0.0049902966454117	0.03631827003049626	0.024951483227058497	0.013584696423620738	0.0022179096201829776	0.012198502911006376	0.0219018574993069	0.0199611865816468	0.0016634322151372332	0.011921264208483504	0.007208206265594677	0.005267535347934572	0.0002772387025228722	0.003049625727751594	0.05544774050457444	0.03631827003049626	0.005822012752980316	0.02273357360687552	0.021070141391738288	0.007762683670640421	0.0011089548100914888	0.008594399778209038	0.030773495980038812	0.01663432215137233	0.0013861935126143609	0.014693651233712227	0.0199611865816468	0.01885223177155531	0.0008317161075686166	0.0099805932908234	0.01275298031605212	0.012198502911006376	0.0005544774050457444	0.006653728860548933	0.0	0.022456334904352646	0.0	0.0149708899362351	0.021070141391738288	0.02023842528416967	0.0005544774050457444	0.009703354588300527	0.02550596063210424	0.0033268644302744664	0.0016634322151372332	0.0022179096201829776	0.04241752148599945	0.036041031327973386	0.00249514832270585	0.024397005822012752
0.022179096201829774	0.025783199334627114	0.003049625727751594	0.02023842528416967	0.036872747435542	0.03299140560022179	0.003049625727751594	0.027169392847241475	0.0	0.011921264208483504	0.0	0.010257831993346272	0.06265594677016911	0.04934848904907125	0.0033268644302744664	0.03576379262545051	0.024951483227058497	0.013030219018574993	0.0022179096201829776	0.01275298031605212	0.022456334904352646	0.02023842528416967	0.0011089548100914888	0.011644025505960632	0.007208206265594677	0.0055447740504574435	0.0002772387025228722	0.0027723870252287217	0.05627945661214306	0.03631827003049626	0.005267535347934572	0.02273357360687552	0.02134738009426116	0.008039922373163293	0.0008317161075686166	0.008317161075686166	0.03049625727751594	0.01635708344884946	0.0016634322151372332	0.0149708899362351	0.02023842528416967	0.018297754366509565	0.0005544774050457444	0.010535070695869144	0.01275298031605212	0.012198502911006376	0.0005544774050457444	0.006653728860548933	0.0	0.02273357360687552	0.0	0.014693651233712227	0.020792902689215416	0.02023842528416967	0.0008317161075686166	0.009703354588300527	0.02550596063210424	0.0033268644302744664	0.0016634322151372332	0.0022179096201829776	0.042140282783476576	0.037149986138064875	0.00249514832270585	0.023288051011921263
0.02273357360687552	0.024674244524535625	0.00249514832270585	0.02134738009426116	0.036872747435542	0.03520931522040477	0.003049625727751594	0.024951483227058497	0.0	0.011921264208483504	0.0	0.010257831993346272	0.06265594677016911	0.048794011644025505	0.0033268644302744664	0.03631827003049626	0.02522872192958137	0.011921264208483504	0.0019406709176601053	0.01386193512614361	0.022456334904352646	0.020515663986692544	0.0011089548100914888	0.01136678680343776	0.007208206265594677	0.005822012752980316	0.0002772387025228722	0.00249514832270585	0.057111172719711674	0.03576379262545051	0.0047130579428888274	0.023565289714444135	0.02134738009426116	0.008039922373163293	0.0008317161075686166	0.008317161075686166	0.030773495980038812	0.01663432215137233	0.0013861935126143609	0.014693651233712227	0.02023842528416967	0.01774327696146382	0.0005544774050457444	0.011089548100914887	0.012475741613529248	0.012198502911006376	0.0008317161075686166	0.006653728860548933	0.0	0.02301081230939839	0.0	0.014416412531189355	0.020515663986692544	0.020792902689215416	0.0005544774050457444	0.009703354588300527	0.025783199334627114	0.0033268644302744664	0.0013861935126143609	0.0022179096201829776	0.04130856667590796	0.03659550873301913	0.0027723870252287217	0.023842528416967008
0.023288051011921263	0.024951483227058497	0.0019406709176601053	0.021070141391738288	0.03742722484058775	0.03548655392292764	0.0022179096201829776	0.024951483227058497	0.0	0.012198502911006376	0.0	0.0099805932908234	0.06293318547269199	0.05045744385916274	0.003049625727751594	0.034654837815359024	0.02550596063210424	0.011644025505960632	0.0016634322151372332	0.014139173828666482	0.02273357360687552	0.02023842528416967	0.0008317161075686166	0.011644025505960632	0.00748544496811755	0.006099251455503188	0.0	0.0022179096201829776	0.05572497920709731	0.03576379262545051	0.004435819240365955	0.023565289714444135	0.02023842528416967	0.008039922373163293	0.0019406709176601053	0.008317161075686166	0.030773495980038812	0.017466038258940948	0.0013861935126143609	0.01386193512614361	0.02023842528416967	0.01774327696146382	0.0005544774050457444	0.011089548100914887	0.012475741613529248	0.012198502911006376	0.0008317161075686166	0.006653728860548933	0.0	0.023565289714444135	0.0	0.01386193512614361	0.020515663986692544	0.020792902689215416	0.0005544774050457444	0.009703354588300527	0.02550596063210424	0.0036041031327973387	0.0016634322151372332	0.0019406709176601053	0.04297199889104519	0.03742722484058775	0.0027723870252287217	0.02301081230939839
0.023288051011921263	0.025783199334627114	0.0019406709176601053	0.02023842528416967	0.03770446354311062	0.03548655392292764	0.0019406709176601053	0.024951483227058497	0.0	0.011921264208483504	0.0	0.010257831993346272	0.06265594677016911	0.051289159966731356	0.0033268644302744664	0.03382312170779041	0.02661491544219573	0.011921264208483504	0.0005544774050457444	0.01386193512614361	0.02273357360687552	0.0199611865816468	0.0008317161075686166	0.011921264208483504	0.00748544496811755	0.006099251455503188	0.0	0.0022179096201829776	0.056002217909620185	0.034932076517881896	0.0047130579428888274	0.024397005822012752	0.020792902689215416	0.008039922373163293	0.0013861935126143609	0.008317161075686166	0.031050734682561684	0.017188799556418076	0.0011089548100914888	0.014139173828666482	0.0199611865816468	0.017466038258940948	0.0008317161075686166	0.01136678680343776	0.012475741613529248	0.011921264208483504	0.0008317161075686166	0.006930967563071805	0.0	0.023288051011921263	0.0	0.014139173828666482	0.020515663986692544	0.020792902689215416	0.0005544774050457444	0.009703354588300527	0.025783199334627114	0.0036041031327973387	0.0013861935126143609	0.0019406709176601053	0.041863044080953704	0.036872747435542	0.0033268644302744664	0.023565289714444135
0.023842528416967008	0.02550596063210424	0.0013861935126143609	0.020515663986692544	0.03770446354311062	0.034932076517881896	0.0019406709176601053	0.02550596063210424	0.0	0.011921264208483504	0.0	0.010257831993346272	0.0637649015802606	0.051289159966731356	0.0022179096201829776	0.03382312170779041	0.02633767673967286	0.011921264208483504	0.0008317161075686166	0.01386193512614361	0.022456334904352646	0.019406709176601054	0.0008317161075686166	0.01275298031605212	0.006930967563071805	0.005822012752980316	0.0005544774050457444	0.00249514832270585	0.0568339340171888	0.03520931522040477	0.0049902966454117	0.024397005822012752	0.020515663986692544	0.008594399778209038	0.0016634322151372332	0.007762683670640421	0.030773495980038812	0.017466038258940948	0.0013861935126143609	0.01386193512614361	0.020515663986692544	0.017466038258940948	0.0002772387025228722	0.01136678680343776	0.012475741613529248	0.012198502911006376	0.0008317161075686166	0.006653728860548933	0.0	0.022179096201829774	0.0	0.01524812863875797	0.020515663986692544	0.019683947879123927	0.0005544774050457444	0.010812309398392015	0.025783199334627114	0.0038813418353202105	0.0013861935126143609	0.0016634322151372332	0.04019961186581647	0.03631827003049626	0.0036041031327973387	0.02411976711948988
0.02411976711948988	0.025783199334627114	0.0011089548100914888	0.02023842528416967	0.03798170224563349	0.03520931522040477	0.0013861935126143609	0.02550596063210424	0.0	0.011921264208483504	0.0	0.010257831993346272	0.06404214028278347	0.04907125034654838	0.0019406709176601053	0.036041031327973386	0.025783199334627114	0.011644025505960632	0.0013861935126143609	0.014139173828666482	0.022179096201829774	0.019683947879123927	0.0011089548100914888	0.012475741613529248	0.006930967563071805	0.0055447740504574435	0.0005544774050457444	0.0027723870252287217	0.05517050180205157	0.034654837815359024	0.00637649015802606	0.024951483227058497	0.020515663986692544	0.008594399778209038	0.0016634322151372332	0.007762683670640421	0.03049625727751594	0.01774327696146382	0.0016634322151372332	0.013584696423620738	0.020515663986692544	0.016911560853895204	0.0002772387025228722	0.011921264208483504	0.012198502911006376	0.012475741613529248	0.0011089548100914888	0.00637649015802606	0.0	0.0219018574993069	0.0	0.015525367341280842	0.0199611865816468	0.019129470474078182	0.0011089548100914888	0.01136678680343776	0.026060438037149986	0.0038813418353202105	0.0011089548100914888	0.0016634322151372332	0.04047685056833934	0.03742722484058775	0.0036041031327973387	0.02301081230939839
0.024397005822012752	0.02661491544219573	0.0008317161075686166	0.019406709176601054	0.038258940948156364	0.03520931522040477	0.0011089548100914888	0.02550596063210424	0.0	0.011644025505960632	0.0	0.010535070695869144	0.06459661768782922	0.04796229553645689	0.0013861935126143609	0.037149986138064875	0.026060438037149986	0.012198502911006376	0.0011089548100914888	0.013584696423620738	0.022456334904352646	0.0199611865816468	0.0008317161075686166	0.012198502911006376	0.006930967563071805	0.005822012752980316	0.0005544774050457444	0.00249514832270585	0.053507069586914334	0.034654837815359024	0.006653728860548933	0.02522872192958137	0.020515663986692544	0.008317161075686166	0.0016634322151372332	0.008039922373163293	0.030773495980038812	0.017188799556418076	0.0013861935126143609	0.014139173828666482	0.02023842528416967	0.017466038258940948	0.0005544774050457444	0.01136678680343776	0.012198502911006376	0.01275298031605212	0.0008317161075686166	0.00637649015802606	0.0	0.022456334904352646	0.0	0.0149708899362351	0.019683947879123927	0.018297754366509565	0.0013861935126143609	0.012198502911006376	0.02633767673967286	0.0036041031327973387	0.0008317161075686166	0.0019406709176601053	0.04130856667590796	0.03659550873301913	0.0038813418353202105	0.023842528416967008
0.02411976711948988	0.02661491544219573	0.0011089548100914888	0.019406709176601054	0.038258940948156364	0.03520931522040477	0.0011089548100914888	0.02550596063210424	0.0	0.011921264208483504	0.0	0.010257831993346272	0.06487385639035209	0.04851677294150263	0.0011089548100914888	0.03659550873301913	0.025783199334627114	0.012475741613529248	0.0013861935126143609	0.013307457721097865	0.0219018574993069	0.019129470474078182	0.0013861935126143609	0.013030219018574993	0.006930967563071805	0.0055447740504574435	0.0005544774050457444	0.0027723870252287217	0.053784308289437206	0.03410036041031328	0.006099251455503188	0.025783199334627114	0.02023842528416967	0.008594399778209038	0.0019406709176601053	0.007762683670640421	0.030773495980038812	0.01774327696146382	0.0013861935126143609	0.013584696423620738	0.02023842528416967	0.017188799556418076	0.0005544774050457444	0.011644025505960632	0.012475741613529248	0.013030219018574993	0.0005544774050457444	0.006099251455503188	0.0	0.0219018574993069	0.0	0.015525367341280842	0.019683947879123927	0.019129470474078182	0.0013861935126143609	0.01136678680343776	0.02550596063210424	0.0036041031327973387	0.0016634322151372332	0.0019406709176601053	0.04103132797338509	0.03631827003049626	0.004435819240365955	0.02411976711948988
0.023842528416967008	0.027169392847241475	0.0013861935126143609	0.01885223177155531	0.038536179650679236	0.03437759911283615	0.0008317161075686166	0.02633767673967286	0.0	0.01136678680343776	0.0	0.010812309398392015	0.06487385639035209	0.04934848904907125	0.0011089548100914888	0.03576379262545051	0.026060438037149986	0.01275298031605212	0.0011089548100914888	0.013030219018574993	0.022179096201829774	0.01885223177155531	0.0011089548100914888	0.013307457721097865	0.006930967563071805	0.005822012752980316	0.0005544774050457444	0.00249514832270585	0.054893263099528695	0.03576379262545051	0.0049902966454117	0.024397005822012752	0.02023842528416967	0.008317161075686166	0.0019406709176601053	0.008039922373163293	0.031050734682561684	0.01774327696146382	0.0011089548100914888	0.013584696423620738	0.0199611865816468	0.017466038258940948	0.0008317161075686166	0.01136678680343776	0.01275298031605212	0.013307457721097865	0.0002772387025228722	0.005822012752980316	0.0	0.02301081230939839	0.0	0.014416412531189355	0.019683947879123927	0.019406709176601054	0.0011089548100914888	0.01136678680343776	0.025783199334627114	0.0033268644302744664	0.0013861935126143609	0.0022179096201829776	0.04019961186581647	0.036872747435542	0.0049902966454117	0.023565289714444135
0.02411976711948988	0.027169392847241475	0.0011089548100914888	0.01885223177155531	0.03770446354311062	0.03271416689769892	0.0013861935126143609	0.028278347657332965	0.0	0.01136678680343776	0.0	0.010812309398392015	0.06487385639035209	0.04962572775159412	0.0011089548100914888	0.03548655392292764	0.02633767673967286	0.013030219018574993	0.0008317161075686166	0.01275298031605212	0.0219018574993069	0.018574993069032437	0.0013861935126143609	0.013584696423620738	0.006930967563071805	0.005822012752980316	0.0005544774050457444	0.00249514832270585	0.05544774050457444	0.036872747435542	0.004158580537843083	0.023565289714444135	0.020792902689215416	0.00887163848073191	0.0013861935126143609	0.00748544496811755	0.031050734682561684	0.018020515663986693	0.0011089548100914888	0.013307457721097865	0.0199611865816468	0.01663432215137233	0.0008317161075686166	0.012198502911006376	0.013030219018574993	0.013307457721097865	0.0	0.005822012752980316	0.0	0.023288051011921263	0.0	0.014139173828666482	0.019129470474078182	0.019406709176601054	0.0013861935126143609	0.011644025505960632	0.02550596063210424	0.0033268644302744664	0.0016634322151372332	0.0022179096201829776	0.04019961186581647	0.03659550873301913	0.0049902966454117	0.023842528416967008
0.024397005822012752	0.027169392847241475	0.0008317161075686166	0.01885223177155531	0.03770446354311062	0.032436928195176046	0.0013861935126143609	0.028555586359855837	0.0	0.011921264208483504	0.0	0.010257831993346272	0.06431937898530635	0.049902966454116994	0.0016634322151372332	0.03520931522040477	0.02633767673967286	0.013584696423620738	0.0008317161075686166	0.012198502911006376	0.02162461879678403	0.018297754366509565	0.0016634322151372332	0.01386193512614361	0.006930967563071805	0.0055447740504574435	0.0005544774050457444	0.0027723870252287217	0.05655669531466593	0.037149986138064875	0.0038813418353202105	0.023288051011921263	0.020792902689215416	0.009148877183254783	0.0013861935126143609	0.007208206265594677	0.030773495980038812	0.017188799556418076	0.0013861935126143609	0.014139173828666482	0.0199611865816468	0.01663432215137233	0.0008317161075686166	0.012198502911006376	0.013030219018574993	0.013584696423620738	0.0	0.0055447740504574435	0.0	0.022456334904352646	0.0	0.0149708899362351	0.019406709176601054	0.0199611865816468	0.0011089548100914888	0.011089548100914887	0.025783199334627114	0.0036041031327973387	0.0013861935126143609	0.0019406709176601053	0.040754089270862215	0.03659550873301913	0.0036041031327973387	0.023842528416967008
0.024674244524535625	0.027169392847241475	0.0005544774050457444	0.01885223177155531	0.03770446354311062	0.03215968949265317	0.0013861935126143609	0.02883282506237871	0.0	0.012198502911006376	0.0	0.0099805932908234	0.06404214028278347	0.04823953423897976	0.0019406709176601053	0.036872747435542	0.026060438037149986	0.014139173828666482	0.0011089548100914888	0.011644025505960632	0.02162461879678403	0.019129470474078182	0.0016634322151372332	0.013030219018574993	0.006930967563071805	0.005822012752980316	0.0005544774050457444	0.00249514832270585	0.056002217909620185	0.03770446354311062	0.0027723870252287217	0.02273357360687552	0.020792902689215416	0.009148877183254783	0.0013861935126143609	0.007208206265594677	0.031050734682561684	0.016911560853895204	0.0011089548100914888	0.014416412531189355	0.019406709176601054	0.01663432215137233	0.0013861935126143609	0.012198502911006376	0.01275298031605212	0.013030219018574993	0.0002772387025228722	0.006099251455503188	0.0	0.022456334904352646	0.0	0.0149708899362351	0.019406709176601054	0.020515663986692544	0.0011089548100914888	0.010535070695869144	0.026060438037149986	0.0038813418353202105	0.0011089548100914888	0.0016634322151372332	0.041863044080953704	0.03659550873301913	0.004158580537843083	0.023842528416967008
0.024951483227058497	0.02661491544219573	0.0002772387025228722	0.019406709176601054	0.037149986138064875	0.032436928195176046	0.0019406709176601053	0.028555586359855837	0.0	0.012198502911006376	0.0	0.0099805932908234	0.06321042417521486	0.04740781813141114	0.0027723870252287217	0.03770446354311062	0.02522872192958137	0.014416412531189355	0.0019406709176601053	0.01136678680343776	0.02162461879678403	0.019406709176601054	0.0016634322151372332	0.01275298031605212	0.007208206265594677	0.005822012752980316	0.0002772387025228722	0.00249514832270585	0.054893263099528695	0.03798170224563349	0.0022179096201829776	0.02273357360687552	0.020792902689215416	0.009426115885777655	0.0013861935126143609	0.006930967563071805	0.03132797338508456	0.017466038258940948	0.0008317161075686166	0.01386193512614361	0.019406709176601054	0.01663432215137233	0.0011089548100914888	0.012475741613529248	0.01275298031605212	0.013030219018574993	0.0002772387025228722	0.006099251455503188	0.0	0.022456334904352646	0.0	0.0149708899362351	0.019129470474078182	0.02023842528416967	0.0013861935126143609	0.010812309398392015	0.026060438037149986	0.0036041031327973387	0.0011089548100914888	0.0019406709176601053	0.044080953701136676	0.036872747435542	0.0033268644302744664	0.023565289714444135
0.024397005822012752	0.027169392847241475	0.0008317161075686166	0.01885223177155531	0.03742722484058775	0.0318824507901303	0.0016634322151372332	0.02911006376490158	0.0	0.012198502911006376	0.0	0.0099805932908234	0.0637649015802606	0.04796229553645689	0.0022179096201829776	0.037149986138064875	0.02550596063210424	0.014416412531189355	0.0016634322151372332	0.01136678680343776	0.02134738009426116	0.0199611865816468	0.0019406709176601053	0.012198502911006376	0.007208206265594677	0.00637649015802606	0.0	0.0022179096201829776	0.05544774050457444	0.03798170224563349	0.003049625727751594	0.02273357360687552	0.020792902689215416	0.009703354588300527	0.0013861935126143609	0.006653728860548933	0.03132797338508456	0.018020515663986693	0.0008317161075686166	0.013307457721097865	0.019129470474078182	0.01663432215137233	0.0008317161075686166	0.013030219018574993	0.01275298031605212	0.013307457721097865	0.0	0.006099251455503188	0.0	0.02273357360687552	0.0	0.014693651233712227	0.019129470474078182	0.0199611865816468	0.0013861935126143609	0.011089548100914887	0.025783199334627114	0.0033268644302744664	0.0013861935126143609	0.0022179096201829776	0.04297199889104519	0.037149986138064875	0.003049625727751594	0.023288051011921263
0.024951483227058497	0.027169392847241475	0.0002772387025228722	0.01885223177155531	0.03742722484058775	0.03132797338508456	0.0016634322151372332	0.029664541169947326	0.0	0.012198502911006376	0.0	0.0099805932908234	0.0637649015802606	0.04823953423897976	0.0022179096201829776	0.036872747435542	0.024951483227058497	0.014139173828666482	0.0022179096201829776	0.011644025505960632	0.02134738009426116	0.019683947879123927	0.0019406709176601053	0.012475741613529248	0.007208206265594677	0.00637649015802606	0.0	0.0022179096201829776	0.054893263099528695	0.038536179650679236	0.003049625727751594	0.022179096201829774	0.021070141391738288	0.009426115885777655	0.0011089548100914888	0.006930967563071805	0.0299417798724702	0.018020515663986693	0.0019406709176601053	0.013584696423620738	0.019406709176601054	0.016911560853895204	0.0005544774050457444	0.01275298031605212	0.012475741613529248	0.013307457721097865	0.0	0.00637649015802606	0.0	0.022179096201829774	0.0	0.01524812863875797	0.019683947879123927	0.020792902689215416	0.0008317161075686166	0.010257831993346272	0.025783199334627114	0.0033268644302744664	0.0013861935126143609	0.0022179096201829776	0.044080953701136676	0.03659550873301913	0.00249514832270585	0.023842528416967008
0.024674244524535625	0.02883282506237871	0.0005544774050457444	0.017188799556418076	0.03798170224563349	0.03160521208760743	0.0011089548100914888	0.029387302467424454	0.0	0.012198502911006376	0.0	0.0099805932908234	0.06237870806764624	0.048794011644025505	0.0036041031327973387	0.03631827003049626	0.02522872192958137	0.0149708899362351	0.0019406709176601053	0.010812309398392015	0.020792902689215416	0.019406709176601054	0.00249514832270585	0.01275298031605212	0.007208206265594677	0.00637649015802606	0.0	0.0022179096201829776	0.05433878569448295	0.03881341835320211	0.003049625727751594	0.0219018574993069	0.020515663986692544	0.009426115885777655	0.0016634322151372332	0.006930967563071805	0.0299417798724702	0.018574993069032437	0.0019406709176601053	0.013030219018574993	0.019406709176601054	0.016079844746326587	0.0005544774050457444	0.013584696423620738	0.012198502911006376	0.013030219018574993	0.0002772387025228722	0.006653728860548933	0.0	0.022456334904352646	0.0	0.0149708899362351	0.0199611865816468	0.020515663986692544	0.0005544774050457444	0.010535070695869144	0.025783199334627114	0.0033268644302744664	0.0013861935126143609	0.0022179096201829776	0.04463543110618242	0.036872747435542	0.00249514832270585	0.023565289714444135
0.024674244524535625	0.02772387025228722	0.0005544774050457444	0.018297754366509565	0.038258940948156364	0.032436928195176046	0.0008317161075686166	0.028555586359855837	0.0	0.01275298031605212	0.0	0.009426115885777655	0.06293318547269199	0.048794011644025505	0.003049625727751594	0.03631827003049626	0.025783199334627114	0.015525367341280842	0.0013861935126143609	0.010257831993346272	0.02162461879678403	0.019406709176601054	0.0016634322151372332	0.01275298031605212	0.007208206265594677	0.006099251455503188	0.0	0.00249514832270585	0.05322983088439146	0.03770446354311062	0.0036041031327973387	0.02301081230939839	0.020792902689215416	0.009148877183254783	0.0013861935126143609	0.007208206265594677	0.0299417798724702	0.019129470474078182	0.0019406709176601053	0.012475741613529248	0.019129470474078182	0.016079844746326587	0.0008317161075686166	0.013584696423620738	0.012198502911006376	0.013307457721097865	0.0002772387025228722	0.00637649015802606	0.0	0.023565289714444135	0.0	0.01386193512614361	0.0199611865816468	0.020515663986692544	0.0005544774050457444	0.010535070695869144	0.026060438037149986	0.0033268644302744664	0.0011089548100914888	0.0022179096201829776	0.045189908511228165	0.036041031327973386	0.00249514832270585	0.024397005822012752
0.024397005822012752	0.02772387025228722	0.0008317161075686166	0.018297754366509565	0.038258940948156364	0.03326864430274466	0.0005544774050457444	0.028001108954810092	0.0	0.013030219018574993	0.0	0.009148877183254783	0.06293318547269199	0.048794011644025505	0.003049625727751594	0.03631827003049626	0.025783199334627114	0.014693651233712227	0.0013861935126143609	0.011089548100914887	0.022179096201829774	0.019683947879123927	0.0011089548100914888	0.012475741613529248	0.007208206265594677	0.005822012752980316	0.0	0.0027723870252287217	0.05433878569448295	0.03798170224563349	0.003049625727751594	0.02301081230939839	0.020515663986692544	0.009148877183254783	0.0016634322151372332	0.007208206265594677	0.030219018574993067	0.019683947879123927	0.0016634322151372332	0.011921264208483504	0.018574993069032437	0.016079844746326587	0.0013861935126143609	0.013584696423620738	0.011921264208483504	0.013307457721097865	0.0005544774050457444	0.00637649015802606	0.0	0.023288051011921263	0.0	0.014139173828666482	0.0199611865816468	0.020515663986692544	0.0005544774050457444	0.010535070695869144	0.026060438037149986	0.0033268644302744664	0.0011089548100914888	0.0022179096201829776	0.0438037149986138	0.036872747435542	0.003049625727751594	0.023565289714444135
0.02411976711948988	0.027446631549764348	0.0011089548100914888	0.018574993069032437	0.03770446354311062	0.03299140560022179	0.0011089548100914888	0.028278347657332965	0.0	0.013307457721097865	0.0	0.00887163848073191	0.06265594677016911	0.048794011644025505	0.0033268644302744664	0.03631827003049626	0.02661491544219573	0.014693651233712227	0.0005544774050457444	0.011089548100914887	0.022179096201829774	0.02023842528416967	0.0011089548100914888	0.011921264208483504	0.007208206265594677	0.005822012752980316	0.0	0.0027723870252287217	0.054893263099528695	0.03798170224563349	0.0027723870252287217	0.02301081230939839	0.019683947879123927	0.009426115885777655	0.00249514832270585	0.006930967563071805	0.030219018574993067	0.02023842528416967	0.0016634322151372332	0.01136678680343776	0.018574993069032437	0.015802606043803714	0.0011089548100914888	0.014139173828666482	0.011921264208483504	0.013030219018574993	0.0005544774050457444	0.006653728860548933	0.0	0.02273357360687552	0.0	0.014693651233712227	0.0199611865816468	0.019683947879123927	0.0005544774050457444	0.01136678680343776	0.02522872192958137	0.0033268644302744664	0.0019406709176601053	0.0022179096201829776	0.04269476018852232	0.036872747435542	0.0038813418353202105	0.023565289714444135
0.024674244524535625	0.027446631549764348	0.0005544774050457444	0.018574993069032437	0.03770446354311062	0.03299140560022179	0.0011089548100914888	0.028278347657332965	0.0	0.013307457721097865	0.0	0.00887163848073191	0.06348766287773773	0.049902966454116994	0.00249514832270585	0.03520931522040477	0.02661491544219573	0.014416412531189355	0.0005544774050457444	0.01136678680343776	0.022456334904352646	0.0199611865816468	0.0008317161075686166	0.012198502911006376	0.007208206265594677	0.005822012752980316	0.0	0.0027723870252287217	0.054893263099528695	0.038258940948156364	0.0027723870252287217	0.02301081230939839	0.02023842528416967	0.009148877183254783	0.0019406709176601053	0.007208206265594677	0.029664541169947326	0.019683947879123927	0.0022179096201829776	0.011921264208483504	0.018574993069032437	0.01524812863875797	0.0011089548100914888	0.014693651233712227	0.011921264208483504	0.01275298031605212	0.0005544774050457444	0.006930967563071805	0.0	0.02273357360687552	0.0	0.014693651233712227	0.0199611865816468	0.02023842528416967	0.0005544774050457444	0.010812309398392015	0.024674244524535625	0.0033268644302744664	0.00249514832270585	0.0022179096201829776	0.04352647629609093	0.03742722484058775	0.0027723870252287217	0.02301081230939839
0.024674244524535625	0.026892154144718603	0.0005544774050457444	0.019129470474078182	0.03770446354311062	0.03382312170779041	0.0011089548100914888	0.027446631549764348	0.0	0.013307457721097865	0.0	0.00887163848073191	0.06348766287773773	0.05073468256168561	0.00249514832270585	0.03437759911283615	0.02633767673967286	0.0149708899362351	0.0008317161075686166	0.010812309398392015	0.02162461879678403	0.019129470474078182	0.0011089548100914888	0.013584696423620738	0.007208206265594677	0.005822012752980316	0.0	0.0027723870252287217	0.05406154699196008	0.03798170224563349	0.0033268644302744664	0.023288051011921263	0.0199611865816468	0.009148877183254783	0.0022179096201829776	0.007208206265594677	0.030219018574993067	0.0199611865816468	0.0016634322151372332	0.011644025505960632	0.01885223177155531	0.01663432215137233	0.0008317161075686166	0.013307457721097865	0.011921264208483504	0.013030219018574993	0.0005544774050457444	0.006653728860548933	0.0	0.02273357360687552	0.0	0.014693651233712227	0.019683947879123927	0.020515663986692544	0.0005544774050457444	0.010812309398392015	0.024951483227058497	0.0033268644302744664	0.0022179096201829776	0.0022179096201829776	0.04463543110618242	0.03659550873301913	0.0019406709176601053	0.023842528416967008
0.024397005822012752	0.026892154144718603	0.0008317161075686166	0.019129470474078182	0.03742722484058775	0.034654837815359024	0.0013861935126143609	0.02661491544219573	0.0	0.013030219018574993	0.0	0.009148877183254783	0.06348766287773773	0.04962572775159412	0.00249514832270585	0.03548655392292764	0.02633767673967286	0.0149708899362351	0.0008317161075686166	0.010812309398392015	0.02134738009426116	0.01885223177155531	0.0013861935126143609	0.01386193512614361	0.007208206265594677	0.005822012752980316	0.0	0.0027723870252287217	0.05517050180205157	0.038258940948156364	0.00249514832270585	0.02301081230939839	0.0199611865816468	0.00887163848073191	0.0022179096201829776	0.00748544496811755	0.030219018574993067	0.0199611865816468	0.0016634322151372332	0.011644025505960632	0.018297754366509565	0.01663432215137233	0.0013861935126143609	0.013307457721097865	0.011089548100914887	0.013030219018574993	0.0011089548100914888	0.006930967563071805	0.0	0.02134738009426116	0.0	0.016079844746326587	0.019683947879123927	0.020515663986692544	0.0005544774050457444	0.010812309398392015	0.024951483227058497	0.003049625727751594	0.0022179096201829776	0.00249514832270585	0.0438037149986138	0.037149986138064875	0.00249514832270585	0.023288051011921263
0.023842528416967008	0.02661491544219573	0.0013861935126143609	0.019406709176601054	0.037149986138064875	0.03520931522040477	0.0016634322151372332	0.026060438037149986	0.0	0.012475741613529248	0.0	0.009703354588300527	0.06348766287773773	0.04907125034654838	0.00249514832270585	0.036041031327973386	0.026060438037149986	0.0149708899362351	0.0011089548100914888	0.010812309398392015	0.02134738009426116	0.019406709176601054	0.0013861935126143609	0.013307457721097865	0.007208206265594677	0.005822012752980316	0.0	0.0027723870252287217	0.05572497920709731	0.03798170224563349	0.0022179096201829776	0.023288051011921263	0.020515663986692544	0.008317161075686166	0.0016634322151372332	0.008039922373163293	0.029664541169947326	0.020515663986692544	0.0019406709176601053	0.01136678680343776	0.018297754366509565	0.016911560853895204	0.0013861935126143609	0.013030219018574993	0.011089548100914887	0.012198502911006376	0.0011089548100914888	0.007762683670640421	0.0	0.0219018574993069	0.0	0.015525367341280842	0.019683947879123927	0.020792902689215416	0.0005544774050457444	0.010535070695869144	0.024674244524535625	0.0033268644302744664	0.00249514832270585	0.0022179096201829776	0.04324923759356806	0.03798170224563349	0.0027723870252287217	0.022456334904352646
0.023842528416967008	0.026892154144718603	0.0013861935126143609	0.019129470474078182	0.036872747435542	0.034932076517881896	0.0019406709176601053	0.02633767673967286	0.0	0.012475741613529248	0.0	0.009703354588300527	0.0637649015802606	0.04962572775159412	0.0022179096201829776	0.03548655392292764	0.026060438037149986	0.014416412531189355	0.0011089548100914888	0.01136678680343776	0.020792902689215416	0.0199611865816468	0.0019406709176601053	0.01275298031605212	0.007208206265594677	0.005822012752980316	0.0	0.0027723870252287217	0.05572497920709731	0.03770446354311062	0.0027723870252287217	0.023565289714444135	0.020515663986692544	0.008317161075686166	0.0016634322151372332	0.008039922373163293	0.02911006376490158	0.021070141391738288	0.00249514832270585	0.010812309398392015	0.018020515663986693	0.01663432215137233	0.0016634322151372332	0.013307457721097865	0.010535070695869144	0.012475741613529248	0.0016634322151372332	0.00748544496811755	0.0	0.023565289714444135	0.0	0.01386193512614361	0.019683947879123927	0.020515663986692544	0.0005544774050457444	0.010812309398392015	0.02522872192958137	0.003049625727751594	0.0019406709176601053	0.00249514832270585	0.04241752148599945	0.03770446354311062	0.003049625727751594	0.02273357360687552
0.02411976711948988	0.02661491544219573	0.0011089548100914888	0.019406709176601054	0.03659550873301913	0.03576379262545051	0.0022179096201829776	0.02550596063210424	0.0	0.012198502911006376	0.0	0.0099805932908234	0.0637649015802606	0.04907125034654838	0.0022179096201829776	0.036041031327973386	0.025783199334627114	0.0149708899362351	0.0013861935126143609	0.010812309398392015	0.02023842528416967	0.02023842528416967	0.00249514832270585	0.012475741613529248	0.007208206265594677	0.005822012752980316	0.0	0.0027723870252287217	0.05655669531466593	0.03770446354311062	0.0019406709176601053	0.023565289714444135	0.02023842528416967	0.008317161075686166	0.0019406709176601053	0.008039922373163293	0.02883282506237871	0.021070141391738288	0.00249514832270585	0.011089548100914887	0.018020515663986693	0.01774327696146382	0.0016634322151372332	0.012198502911006376	0.010812309398392015	0.011921264208483504	0.0013861935126143609	0.008039922373163293	0.0	0.02301081230939839	0.0	0.014416412531189355	0.019683947879123927	0.02023842528416967	0.0005544774050457444	0.011089548100914887	0.02550596063210424	0.0036041031327973387	0.0016634322151372332	0.0019406709176601053	0.04158580537843083	0.03631827003049626	0.0038813418353202105	0.02411976711948988
0.02411976711948988	0.02522872192958137	0.0011089548100914888	0.020792902689215416	0.036041031327973386	0.036872747435542	0.00249514832270585	0.024674244524535625	0.0	0.012198502911006376	0.0	0.0099805932908234	0.0637649015802606	0.04962572775159412	0.0022179096201829776	0.03548655392292764	0.025783199334627114	0.014693651233712227	0.0013861935126143609	0.011089548100914887	0.02023842528416967	0.019683947879123927	0.0022179096201829776	0.013307457721097865	0.007208206265594677	0.005822012752980316	0.0	0.0027723870252287217	0.057388411422234546	0.03770446354311062	0.0022179096201829776	0.023842528416967008	0.020515663986692544	0.008317161075686166	0.0016634322151372332	0.008039922373163293	0.02883282506237871	0.02023842528416967	0.00249514832270585	0.011921264208483504	0.018297754366509565	0.017466038258940948	0.0013861935126143609	0.012475741613529248	0.011089548100914887	0.011644025505960632	0.0011089548100914888	0.008317161075686166	0.0	0.023288051011921263	0.0	0.014139173828666482	0.019406709176601054	0.020515663986692544	0.0008317161075686166	0.010812309398392015	0.02550596063210424	0.003049625727751594	0.0016634322151372332	0.00249514832270585	0.04103132797338509	0.03631827003049626	0.003049625727751594	0.02411976711948988
0.02411976711948988	0.02550596063210424	0.0011089548100914888	0.020515663986692544	0.03659550873301913	0.03742722484058775	0.0016634322151372332	0.024397005822012752	0.0	0.012198502911006376	0.0	0.0099805932908234	0.0637649015802606	0.05101192126420848	0.0022179096201829776	0.03410036041031328	0.02550596063210424	0.0149708899362351	0.0016634322151372332	0.010812309398392015	0.02023842528416967	0.019683947879123927	0.0019406709176601053	0.013584696423620738	0.007208206265594677	0.00637649015802606	0.0	0.0022179096201829776	0.0568339340171888	0.037149986138064875	0.0027723870252287217	0.024397005822012752	0.02023842528416967	0.008594399778209038	0.0019406709176601053	0.007762683670640421	0.029387302467424454	0.020792902689215416	0.0019406709176601053	0.01136678680343776	0.018020515663986693	0.01774327696146382	0.0016634322151372332	0.012198502911006376	0.010812309398392015	0.011644025505960632	0.0011089548100914888	0.008594399778209038	0.0	0.023288051011921263	0.0	0.014139173828666482	0.019129470474078182	0.020792902689215416	0.0011089548100914888	0.010535070695869144	0.026060438037149986	0.003049625727751594	0.0011089548100914888	0.00249514832270585	0.040754089270862215	0.036041031327973386	0.0033268644302744664	0.024397005822012752
0.023288051011921263	0.02550596063210424	0.0019406709176601053	0.020515663986692544	0.03659550873301913	0.03742722484058775	0.0016634322151372332	0.024397005822012752	0.0	0.012198502911006376	0.0	0.0099805932908234	0.06431937898530635	0.05073468256168561	0.0016634322151372332	0.03437759911283615	0.02522872192958137	0.015802606043803714	0.0019406709176601053	0.0099805932908234	0.020792902689215416	0.019129470474078182	0.0013861935126143609	0.014139173828666482	0.007208206265594677	0.006930967563071805	0.0	0.0016634322151372332	0.05655669531466593	0.03798170224563349	0.003049625727751594	0.023565289714444135	0.020792902689215416	0.008594399778209038	0.0013861935126143609	0.007762683670640421	0.029664541169947326	0.02023842528416967	0.0016634322151372332	0.011921264208483504	0.018574993069032437	0.01774327696146382	0.0011089548100914888	0.012198502911006376	0.010812309398392015	0.011921264208483504	0.0011089548100914888	0.008317161075686166	0.0	0.022456334904352646	0.0	0.0149708899362351	0.019129470474078182	0.019683947879123927	0.0011089548100914888	0.011644025505960632	0.02522872192958137	0.0027723870252287217	0.0019406709176601053	0.0027723870252287217	0.04019961186581647	0.03576379262545051	0.0038813418353202105	0.024674244524535625
0.023288051011921263	0.02522872192958137	0.0019406709176601053	0.020792902689215416	0.03631827003049626	0.03770446354311062	0.0016634322151372332	0.024397005822012752	0.0	0.012198502911006376	0.0	0.0099805932908234	0.06459661768782922	0.05073468256168561	0.0013861935126143609	0.03437759911283615	0.02550596063210424	0.015802606043803714	0.0016634322151372332	0.0099805932908234	0.020792902689215416	0.019683947879123927	0.0013861935126143609	0.013584696423620738	0.007208206265594677	0.006653728860548933	0.0	0.0019406709176601053	0.057111172719711674	0.03798170224563349	0.00249514832270585	0.023565289714444135	0.020792902689215416	0.00887163848073191	0.0013861935126143609	0.00748544496811755	0.029387302467424454	0.019683947879123927	0.0016634322151372332	0.01275298031605212	0.018574993069032437	0.017466038258940948	0.0011089548100914888	0.012475741613529248	0.010812309398392015	0.011644025505960632	0.0011089548100914888	0.008594399778209038	0.0	0.022456334904352646	0.0	0.0149708899362351	0.019683947879123927	0.019406709176601054	0.0005544774050457444	0.011921264208483504	0.02522872192958137	0.0027723870252287217	0.0019406709176601053	0.0027723870252287217	0.04047685056833934	0.03576379262545051	0.0036041031327973387	0.024674244524535625
0.02301081230939839	0.025783199334627114	0.0022179096201829776	0.02023842528416967	0.036872747435542	0.038258940948156364	0.0011089548100914888	0.023842528416967008	0.0	0.012198502911006376	0.0	0.0099805932908234	0.06321042417521486	0.05045744385916274	0.0027723870252287217	0.034654837815359024	0.02522872192958137	0.015802606043803714	0.0019406709176601053	0.0099805932908234	0.020792902689215416	0.019406709176601054	0.0013861935126143609	0.01386193512614361	0.007208206265594677	0.00637649015802606	0.0	0.0022179096201829776	0.05627945661214306	0.038258940948156364	0.0027723870252287217	0.023288051011921263	0.02134738009426116	0.009148877183254783	0.0008317161075686166	0.007208206265594677	0.029387302467424454	0.019683947879123927	0.0016634322151372332	0.01275298031605212	0.018574993069032437	0.017466038258940948	0.0011089548100914888	0.012475741613529248	0.0099805932908234	0.01136678680343776	0.0019406709176601053	0.00887163848073191	0.0	0.022179096201829774	0.0	0.01524812863875797	0.019683947879123927	0.019129470474078182	0.0005544774050457444	0.012198502911006376	0.024951483227058497	0.00249514832270585	0.0022179096201829776	0.003049625727751594	0.04158580537843083	0.03548655392292764	0.003049625727751594	0.024951483227058497
0.02301081230939839	0.02550596063210424	0.0022179096201829776	0.020515663986692544	0.03631827003049626	0.037149986138064875	0.0016634322151372332	0.024951483227058497	0.0	0.012475741613529248	0.0	0.009703354588300527	0.06321042417521486	0.05045744385916274	0.0027723870252287217	0.034654837815359024	0.02522872192958137	0.015802606043803714	0.0019406709176601053	0.0099805932908234	0.020792902689215416	0.019683947879123927	0.0013861935126143609	0.013584696423620738	0.006930967563071805	0.00637649015802606	0.0002772387025228722	0.0022179096201829776	0.05572497920709731	0.03742722484058775	0.0027723870252287217	0.024397005822012752	0.02134738009426116	0.009426115885777655	0.0008317161075686166	0.006930967563071805	0.0299417798724702	0.0199611865816468	0.0011089548100914888	0.012475741613529248	0.018297754366509565	0.018297754366509565	0.0013861935126143609	0.011644025505960632	0.0099805932908234	0.011644025505960632	0.0016634322151372332	0.00887163848073191	0.0	0.02134738009426116	0.0	0.016079844746326587	0.019683947879123927	0.019406709176601054	0.0005544774050457444	0.011921264208483504	0.024397005822012752	0.0027723870252287217	0.0027723870252287217	0.0027723870252287217	0.04241752148599945	0.03410036041031328	0.00249514832270585	0.02633767673967286
0.02273357360687552	0.026060438037149986	0.00249514832270585	0.0199611865816468	0.03631827003049626	0.036872747435542	0.0013861935126143609	0.02550596063210424	0.0	0.01275298031605212	0.0	0.009426115885777655	0.06348766287773773	0.05156639866925423	0.00249514832270585	0.033545883005267535	0.02522872192958137	0.01524812863875797	0.0019406709176601053	0.010535070695869144	0.0199611865816468	0.019683947879123927	0.0022179096201829776	0.013584696423620738	0.006930967563071805	0.00637649015802606	0.0002772387025228722	0.0022179096201829776	0.05544774050457444	0.03742722484058775	0.003049625727751594	0.024397005822012752	0.021070141391738288	0.009426115885777655	0.0011089548100914888	0.006930967563071805	0.029387302467424454	0.019406709176601054	0.0016634322151372332	0.013030219018574993	0.018574993069032437	0.018297754366509565	0.0011089548100914888	0.011644025505960632	0.0099805932908234	0.011644025505960632	0.0016634322151372332	0.00887163848073191	0.0	0.02134738009426116	0.0	0.016079844746326587	0.01885223177155531	0.019129470474078182	0.0013861935126143609	0.012198502911006376	0.02411976711948988	0.0027723870252287217	0.003049625727751594	0.0027723870252287217	0.04297199889104519	0.033545883005267535	0.0019406709176601053	0.026892154144718603
0.022456334904352646	0.026060438037149986	0.0027723870252287217	0.0199611865816468	0.03576379262545051	0.037149986138064875	0.0019406709176601053	0.02522872192958137	0.0	0.011644025505960632	0.0	0.010535070695869144	0.06293318547269199	0.051289159966731356	0.003049625727751594	0.03382312170779041	0.024951483227058497	0.014693651233712227	0.0022179096201829776	0.011089548100914887	0.02023842528416967	0.01885223177155531	0.0019406709176601053	0.014416412531189355	0.006653728860548933	0.006653728860548933	0.0005544774050457444	0.0019406709176601053	0.05544774050457444	0.03798170224563349	0.0027723870252287217	0.023842528416967008	0.020792902689215416	0.009426115885777655	0.0013861935126143609	0.006930967563071805	0.02883282506237871	0.019406709176601054	0.0022179096201829776	0.013030219018574993	0.018297754366509565	0.018297754366509565	0.0013861935126143609	0.011644025505960632	0.009703354588300527	0.012198502911006376	0.0019406709176601053	0.008317161075686166	0.0	0.0219018574993069	0.0	0.015525367341280842	0.018574993069032437	0.019406709176601054	0.0016634322151372332	0.011921264208483504	0.024951483227058497	0.0027723870252287217	0.0022179096201829776	0.0027723870252287217	0.04241752148599945	0.03326864430274466	0.0027723870252287217	0.027169392847241475
0.02301081230939839	0.02661491544219573	0.0022179096201829776	0.019406709176601054	0.03520931522040477	0.03659550873301913	0.00249514832270585	0.025783199334627114	0.0	0.011644025505960632	0.0	0.010535070695869144	0.06293318547269199	0.05156639866925423	0.003049625727751594	0.033545883005267535	0.024951483227058497	0.0149708899362351	0.0022179096201829776	0.010812309398392015	0.020515663986692544	0.018297754366509565	0.0013861935126143609	0.01524812863875797	0.006653728860548933	0.006653728860548933	0.0005544774050457444	0.0019406709176601053	0.057111172719711674	0.03770446354311062	0.0019406709176601053	0.02411976711948988	0.020792902689215416	0.009703354588300527	0.0013861935126143609	0.006653728860548933	0.028555586359855837	0.019683947879123927	0.0022179096201829776	0.013030219018574993	0.018574993069032437	0.018297754366509565	0.0011089548100914888	0.011644025505960632	0.0099805932908234	0.012198502911006376	0.0013861935126143609	0.008594399778209038	0.0	0.022179096201829774	0.0	0.01524812863875797	0.018297754366509565	0.019129470474078182	0.0016634322151372332	0.012475741613529248	0.024951483227058497	0.003049625727751594	0.0022179096201829776	0.00249514832270585	0.04241752148599945	0.034932076517881896	0.0019406709176601053	0.02550596063210424
0.023288051011921263	0.026892154144718603	0.0019406709176601053	0.019129470474078182	0.034932076517881896	0.03659550873301913	0.00249514832270585	0.026060438037149986	0.0	0.012198502911006376	0.0	0.0099805932908234	0.06321042417521486	0.05156639866925423	0.0027723870252287217	0.033545883005267535	0.02550596063210424	0.015802606043803714	0.0016634322151372332	0.0099805932908234	0.02023842528416967	0.018574993069032437	0.0016634322151372332	0.0149708899362351	0.006930967563071805	0.00637649015802606	0.0002772387025228722	0.0022179096201829776	0.05517050180205157	0.038258940948156364	0.0027723870252287217	0.023565289714444135	0.020792902689215416	0.009703354588300527	0.0013861935126143609	0.006653728860548933	0.028555586359855837	0.019406709176601054	0.0022179096201829776	0.013307457721097865	0.01885223177155531	0.018020515663986693	0.0008317161075686166	0.011921264208483504	0.009426115885777655	0.012475741613529248	0.0019406709176601053	0.008317161075686166	0.0	0.022179096201829774	0.0	0.01524812863875797	0.018297754366509565	0.019129470474078182	0.0016634322151372332	0.012475741613529248	0.024951483227058497	0.003049625727751594	0.0022179096201829776	0.00249514832270585	0.04324923759356806	0.034932076517881896	0.0022179096201829776	0.02550596063210424
0.023842528416967008	0.02633767673967286	0.0013861935126143609	0.019683947879123927	0.03520931522040477	0.03659550873301913	0.0022179096201829776	0.026060438037149986	0.0	0.012475741613529248	0.0	0.009703354588300527	0.06348766287773773	0.05295259218186859	0.00249514832270585	0.03215968949265317	0.02550596063210424	0.01524812863875797	0.0016634322151372332	0.010535070695869144	0.0199611865816468	0.0199611865816468	0.0019406709176601053	0.013584696423620738	0.007208206265594677	0.006099251455503188	0.0	0.00249514832270585	0.054893263099528695	0.03770446354311062	0.0033268644302744664	0.02411976711948988	0.020792902689215416	0.009426115885777655	0.0013861935126143609	0.006930967563071805	0.028555586359855837	0.0199611865816468	0.0019406709176601053	0.013030219018574993	0.01885223177155531	0.018574993069032437	0.0008317161075686166	0.01136678680343776	0.009703354588300527	0.012475741613529248	0.0016634322151372332	0.008317161075686166	0.0	0.0219018574993069	0.0	0.015525367341280842	0.018020515663986693	0.019406709176601054	0.0019406709176601053	0.012198502911006376	0.02522872192958137	0.003049625727751594	0.0019406709176601053	0.00249514832270585	0.04297199889104519	0.034932076517881896	0.0022179096201829776	0.02550596063210424
0.02411976711948988	0.02633767673967286	0.0011089548100914888	0.019683947879123927	0.03520931522040477	0.03631827003049626	0.0019406709176601053	0.02661491544219573	0.0	0.013030219018574993	0.0	0.009148877183254783	0.0637649015802606	0.05212087607429997	0.0022179096201829776	0.03299140560022179	0.02550596063210424	0.015802606043803714	0.0016634322151372332	0.0099805932908234	0.020515663986692544	0.020515663986692544	0.0013861935126143609	0.013030219018574993	0.007208206265594677	0.005822012752980316	0.0	0.0027723870252287217	0.05627945661214306	0.03770446354311062	0.0036041031327973387	0.024397005822012752	0.021070141391738288	0.009703354588300527	0.0011089548100914888	0.006653728860548933	0.02883282506237871	0.019683947879123927	0.0016634322151372332	0.013307457721097865	0.01885223177155531	0.018020515663986693	0.0008317161075686166	0.011921264208483504	0.009703354588300527	0.011921264208483504	0.0016634322151372332	0.00887163848073191	0.0	0.02162461879678403	0.0	0.015802606043803714	0.018020515663986693	0.02023842528416967	0.0019406709176601053	0.01136678680343776	0.02522872192958137	0.0033268644302744664	0.0019406709176601053	0.0022179096201829776	0.04019961186581647	0.03437759911283615	0.003049625727751594	0.026060438037149986
0.02411976711948988	0.02633767673967286	0.0011089548100914888	0.019683947879123927	0.034654837815359024	0.03631827003049626	0.00249514832270585	0.02661491544219573	0.0	0.012475741613529248	0.0	0.009703354588300527	0.06321042417521486	0.05156639866925423	0.0027723870252287217	0.033545883005267535	0.025783199334627114	0.016079844746326587	0.0013861935126143609	0.009703354588300527	0.020515663986692544	0.019683947879123927	0.0013861935126143609	0.01386193512614361	0.007208206265594677	0.0055447740504574435	0.0	0.003049625727751594	0.05794288882728029	0.037149986138064875	0.0036041031327973387	0.024951483227058497	0.02134738009426116	0.0099805932908234	0.0008317161075686166	0.00637649015802606	0.02911006376490158	0.019406709176601054	0.0013861935126143609	0.013584696423620738	0.018574993069032437	0.01774327696146382	0.0011089548100914888	0.012198502911006376	0.0099805932908234	0.01136678680343776	0.0013861935126143609	0.009426115885777655	0.0	0.022456334904352646	0.0	0.0149708899362351	0.018297754366509565	0.019406709176601054	0.0016634322151372332	0.012198502911006376	0.02550596063210424	0.0036041031327973387	0.0016634322151372332	0.0019406709176601053	0.03936789575824785	0.034654837815359024	0.0022179096201829776	0.025783199334627114
0.02411976711948988	0.026060438037149986	0.0011089548100914888	0.0199611865816468	0.034654837815359024	0.036041031327973386	0.00249514832270585	0.026892154144718603	0.0	0.012475741613529248	0.0	0.009703354588300527	0.06237870806764624	0.0518436373717771	0.0036041031327973387	0.03326864430274466	0.026060438037149986	0.016079844746326587	0.0011089548100914888	0.009703354588300527	0.020515663986692544	0.020792902689215416	0.0011089548100914888	0.013030219018574993	0.006930967563071805	0.0049902966454117	0.0002772387025228722	0.0036041031327973387	0.05932908233989465	0.03631827003049626	0.004435819240365955	0.025783199334627114	0.02134738009426116	0.0099805932908234	0.0008317161075686166	0.00637649015802606	0.02911006376490158	0.01885223177155531	0.0013861935126143609	0.014139173828666482	0.018574993069032437	0.017188799556418076	0.0011089548100914888	0.01275298031605212	0.010257831993346272	0.011644025505960632	0.0011089548100914888	0.009148877183254783	0.0	0.02273357360687552	0.0	0.014693651233712227	0.018020515663986693	0.019406709176601054	0.0019406709176601053	0.012198502911006376	0.02550596063210424	0.0036041031327973387	0.0016634322151372332	0.0019406709176601053	0.037149986138064875	0.03382312170779041	0.0022179096201829776	0.02661491544219573
0.02411976711948988	0.02633767673967286	0.0011089548100914888	0.019683947879123927	0.03520931522040477	0.03631827003049626	0.0019406709176601053	0.02661491544219573	0.0	0.012475741613529248	0.0	0.009703354588300527	0.06237870806764624	0.05212087607429997	0.0036041031327973387	0.03299140560022179	0.02550596063210424	0.01635708344884946	0.0016634322151372332	0.009426115885777655	0.02023842528416967	0.02162461879678403	0.0011089548100914888	0.012475741613529248	0.006653728860548933	0.0049902966454117	0.0005544774050457444	0.0036041031327973387	0.05766565012475742	0.036872747435542	0.005267535347934572	0.02522872192958137	0.02162461879678403	0.0099805932908234	0.0005544774050457444	0.00637649015802606	0.029664541169947326	0.019406709176601054	0.0008317161075686166	0.013584696423620738	0.018574993069032437	0.016911560853895204	0.0011089548100914888	0.013030219018574993	0.010257831993346272	0.01136678680343776	0.0011089548100914888	0.009426115885777655	0.0	0.0219018574993069	0.0	0.015525367341280842	0.01774327696146382	0.019406709176601054	0.0022179096201829776	0.012198502911006376	0.02550596063210424	0.0036041031327973387	0.0016634322151372332	0.0019406709176601053	0.038258940948156364	0.03382312170779041	0.0019406709176601053	0.02661491544219573
0.02411976711948988	0.02633767673967286	0.0011089548100914888	0.019683947879123927	0.03520931522040477	0.03631827003049626	0.0019406709176601053	0.02661491544219573	0.0	0.012198502911006376	0.0	0.0099805932908234	0.06348766287773773	0.050180205156639866	0.00249514832270585	0.034932076517881896	0.025783199334627114	0.016079844746326587	0.0013861935126143609	0.009703354588300527	0.0199611865816468	0.02162461879678403	0.0013861935126143609	0.012475741613529248	0.006653728860548933	0.0049902966454117	0.0002772387025228722	0.0038813418353202105	0.05655669531466593	0.036041031327973386	0.006653728860548933	0.026060438037149986	0.02162461879678403	0.0099805932908234	0.0005544774050457444	0.00637649015802606	0.0299417798724702	0.018297754366509565	0.0002772387025228722	0.0149708899362351	0.018020515663986693	0.017188799556418076	0.0016634322151372332	0.01275298031605212	0.009426115885777655	0.011644025505960632	0.0019406709176601053	0.009148877183254783	0.0	0.022179096201829774	0.0	0.01524812863875797	0.018297754366509565	0.019683947879123927	0.0016634322151372332	0.011921264208483504	0.02522872192958137	0.0036041031327973387	0.0019406709176601053	0.0019406709176601053	0.038258940948156364	0.03382312170779041	0.0016634322151372332	0.02661491544219573
0.023565289714444135	0.02661491544219573	0.0016634322151372332	0.019406709176601054	0.034932076517881896	0.036872747435542	0.0019406709176601053	0.02633767673967286	0.0	0.01275298031605212	0.0	0.009426115885777655	0.06321042417521486	0.0518436373717771	0.0027723870252287217	0.03326864430274466	0.025783199334627114	0.015802606043803714	0.0013861935126143609	0.0099805932908234	0.019683947879123927	0.02134738009426116	0.0016634322151372332	0.01275298031605212	0.006653728860548933	0.0049902966454117	0.0002772387025228722	0.0038813418353202105	0.05461602439700582	0.03659550873301913	0.005822012752980316	0.026060438037149986	0.02134738009426116	0.009426115885777655	0.0008317161075686166	0.006930967563071805	0.02911006376490158	0.018574993069032437	0.0005544774050457444	0.01524812863875797	0.01774327696146382	0.018297754366509565	0.0016634322151372332	0.011921264208483504	0.010257831993346272	0.011644025505960632	0.0011089548100914888	0.009148877183254783	0.0	0.0219018574993069	0.0	0.015525367341280842	0.018297754366509565	0.0199611865816468	0.0016634322151372332	0.011644025505960632	0.02550596063210424	0.0036041031327973387	0.0016634322151372332	0.0019406709176601053	0.040754089270862215	0.03437759911283615	0.0013861935126143609	0.026060438037149986
0.02411976711948988	0.027446631549764348	0.0011089548100914888	0.018574993069032437	0.034932076517881896	0.037149986138064875	0.0019406709176601053	0.026060438037149986	0.0	0.012475741613529248	0.0	0.009703354588300527	0.06210146936512337	0.05212087607429997	0.0038813418353202105	0.03299140560022179	0.026060438037149986	0.015525367341280842	0.0011089548100914888	0.010257831993346272	0.02023842528416967	0.02023842528416967	0.0011089548100914888	0.01386193512614361	0.006653728860548933	0.0047130579428888274	0.0002772387025228722	0.004158580537843083	0.05461602439700582	0.03659550873301913	0.0049902966454117	0.026060438037149986	0.021070141391738288	0.009703354588300527	0.0011089548100914888	0.006653728860548933	0.02911006376490158	0.01885223177155531	0.0002772387025228722	0.01524812863875797	0.01885223177155531	0.018574993069032437	0.0002772387025228722	0.011921264208483504	0.010257831993346272	0.011921264208483504	0.0011089548100914888	0.00887163848073191	0.0	0.02162461879678403	0.0	0.015802606043803714	0.01774327696146382	0.0199611865816468	0.0022179096201829776	0.011644025505960632	0.024951483227058497	0.0038813418353202105	0.0022179096201829776	0.0016634322151372332	0.04130856667590796	0.03410036041031328	0.0016634322151372332	0.02633767673967286
0.023842528416967008	0.027169392847241475	0.0013861935126143609	0.01885223177155531	0.03437759911283615	0.03742722484058775	0.0022179096201829776	0.026060438037149986	0.0	0.01275298031605212	0.0	0.009426115885777655	0.061546991960077624	0.05267535347934572	0.004435819240365955	0.032436928195176046	0.026060438037149986	0.015802606043803714	0.0011089548100914888	0.0099805932908234	0.019683947879123927	0.020515663986692544	0.0016634322151372332	0.013584696423620738	0.00637649015802606	0.0047130579428888274	0.0005544774050457444	0.004158580537843083	0.05406154699196008	0.036872747435542	0.004435819240365955	0.025783199334627114	0.021070141391738288	0.010257831993346272	0.0011089548100914888	0.006099251455503188	0.02883282506237871	0.019406709176601054	0.0005544774050457444	0.014693651233712227	0.01885223177155531	0.01885223177155531	0.0002772387025228722	0.011644025505960632	0.010535070695869144	0.011644025505960632	0.0008317161075686166	0.009148877183254783	0.0	0.022456334904352646	0.0	0.0149708899362351	0.018020515663986693	0.02134738009426116	0.0019406709176601053	0.010257831993346272	0.024951483227058497	0.0036041031327973387	0.0022179096201829776	0.0019406709176601053	0.04130856667590796	0.03382312170779041	0.0027723870252287217	0.02661491544219573
0.02411976711948988	0.028278347657332965	0.0011089548100914888	0.01774327696146382	0.03410036041031328	0.03742722484058775	0.0022179096201829776	0.02633767673967286	0.0	0.013584696423620738	0.0	0.008594399778209038	0.061546991960077624	0.05295259218186859	0.004435819240365955	0.03215968949265317	0.026060438037149986	0.015802606043803714	0.0011089548100914888	0.0099805932908234	0.019683947879123927	0.0199611865816468	0.0016634322151372332	0.014139173828666482	0.00637649015802606	0.004435819240365955	0.0005544774050457444	0.004435819240365955	0.053784308289437206	0.038258940948156364	0.004435819240365955	0.024397005822012752	0.020792902689215416	0.0099805932908234	0.0013861935126143609	0.00637649015802606	0.02883282506237871	0.02023842528416967	0.0002772387025228722	0.014139173828666482	0.018574993069032437	0.018020515663986693	0.0005544774050457444	0.012475741613529248	0.010257831993346272	0.011921264208483504	0.0011089548100914888	0.00887163848073191	0.0	0.02162461879678403	0.0	0.015802606043803714	0.01774327696146382	0.02162461879678403	0.0019406709176601053	0.010257831993346272	0.024674244524535625	0.0036041031327973387	0.00249514832270585	0.0019406709176601053	0.04103132797338509	0.034654837815359024	0.0033268644302744664	0.025783199334627114
0.02411976711948988	0.028278347657332965	0.0011089548100914888	0.01774327696146382	0.03326864430274466	0.038258940948156364	0.0027723870252287217	0.025783199334627114	0.0	0.012198502911006376	0.0	0.0099805932908234	0.06210146936512337	0.053507069586914334	0.0038813418353202105	0.03160521208760743	0.025783199334627114	0.015802606043803714	0.0013861935126143609	0.0099805932908234	0.019683947879123927	0.020792902689215416	0.0013861935126143609	0.013584696423620738	0.00637649015802606	0.004435819240365955	0.0002772387025228722	0.0047130579428888274	0.05461602439700582	0.03770446354311062	0.0038813418353202105	0.024951483227058497	0.020792902689215416	0.010257831993346272	0.0013861935126143609	0.006099251455503188	0.02883282506237871	0.019683947879123927	0.0002772387025228722	0.014693651233712227	0.01885223177155531	0.018020515663986693	0.0002772387025228722	0.012475741613529248	0.0099805932908234	0.011644025505960632	0.0013861935126143609	0.009148877183254783	0.0	0.021070141391738288	0.0	0.01635708344884946	0.01774327696146382	0.02162461879678403	0.0019406709176601053	0.010257831993346272	0.024674244524535625	0.0036041031327973387	0.00249514832270585	0.0019406709176601053	0.04047685056833934	0.03631827003049626	0.0036041031327973387	0.02411976711948988
0.024674244524535625	0.028555586359855837	0.0005544774050457444	0.017466038258940948	0.03326864430274466	0.03770446354311062	0.0027723870252287217	0.02633767673967286	0.0	0.011644025505960632	0.0	0.010535070695869144	0.061546991960077624	0.053507069586914334	0.004435819240365955	0.03160521208760743	0.026060438037149986	0.015525367341280842	0.0011089548100914888	0.010257831993346272	0.0199611865816468	0.020515663986692544	0.0011089548100914888	0.01386193512614361	0.006099251455503188	0.0047130579428888274	0.0005544774050457444	0.004435819240365955	0.05517050180205157	0.038536179650679236	0.0033268644302744664	0.02411976711948988	0.020515663986692544	0.010535070695869144	0.0016634322151372332	0.005822012752980316	0.028555586359855837	0.019129470474078182	0.0005544774050457444	0.01524812863875797	0.019129470474078182	0.018020515663986693	0.0	0.012475741613529248	0.0099805932908234	0.011644025505960632	0.0013861935126143609	0.009148877183254783	0.0	0.021070141391738288	0.0	0.01635708344884946	0.017188799556418076	0.022179096201829774	0.0022179096201829776	0.0099805932908234	0.02522872192958137	0.0033268644302744664	0.0019406709176601053	0.0022179096201829776	0.04130856667590796	0.036041031327973386	0.0027723870252287217	0.024397005822012752
0.02411976711948988	0.02911006376490158	0.0011089548100914888	0.016911560853895204	0.033545883005267535	0.03798170224563349	0.00249514832270585	0.026060438037149986	0.0	0.01136678680343776	0.0	0.010812309398392015	0.06071527585250901	0.05406154699196008	0.005267535347934572	0.031050734682561684	0.02633767673967286	0.015525367341280842	0.0008317161075686166	0.010257831993346272	0.0199611865816468	0.020792902689215416	0.0011089548100914888	0.013584696423620738	0.006099251455503188	0.0047130579428888274	0.0005544774050457444	0.004435819240365955	0.05517050180205157	0.038258940948156364	0.003049625727751594	0.024397005822012752	0.020792902689215416	0.010535070695869144	0.0013861935126143609	0.005822012752980316	0.028278347657332965	0.0199611865816468	0.0008317161075686166	0.014416412531189355	0.01885223177155531	0.01885223177155531	0.0	0.011921264208483504	0.0099805932908234	0.011644025505960632	0.0013861935126143609	0.009148877183254783	0.0	0.020515663986692544	0.0	0.016911560853895204	0.01774327696146382	0.02162461879678403	0.0016634322151372332	0.010535070695869144	0.02522872192958137	0.0033268644302744664	0.0019406709176601053	0.0022179096201829776	0.042140282783476576	0.03631827003049626	0.0022179096201829776	0.02411976711948988
0.024397005822012752	0.029387302467424454	0.0008317161075686166	0.01663432215137233	0.033545883005267535	0.03770446354311062	0.00249514832270585	0.02633767673967286	0.0	0.011644025505960632	0.0	0.010535070695869144	0.06126975325755475	0.05322983088439146	0.0047130579428888274	0.0318824507901303	0.02550596063210424	0.015525367341280842	0.0016634322151372332	0.010257831993346272	0.019683947879123927	0.020792902689215416	0.0013861935126143609	0.013584696423620738	0.00637649015802606	0.004435819240365955	0.0002772387025228722	0.0047130579428888274	0.05517050180205157	0.038536179650679236	0.003049625727751594	0.02411976711948988	0.020792902689215416	0.010535070695869144	0.0013861935126143609	0.005822012752980316	0.028001108954810092	0.02023842528416967	0.0011089548100914888	0.014139173828666482	0.01885223177155531	0.018020515663986693	0.0	0.01275298031605212	0.009703354588300527	0.011644025505960632	0.0016634322151372332	0.009148877183254783	0.0	0.020792902689215416	0.0	0.01663432215137233	0.017188799556418076	0.02162461879678403	0.0022179096201829776	0.010535070695869144	0.026060438037149986	0.003049625727751594	0.0011089548100914888	0.00249514832270585	0.041863044080953704	0.036872747435542	0.00249514832270585	0.023565289714444135
0.024397005822012752	0.029664541169947326	0.0008317161075686166	0.01635708344884946	0.033545883005267535	0.03881341835320211	0.00249514832270585	0.02522872192958137	0.0	0.011644025505960632	0.0	0.010535070695869144	0.06099251455503188	0.053784308289437206	0.0049902966454117	0.03132797338508456	0.025783199334627114	0.016079844746326587	0.0013861935126143609	0.009703354588300527	0.0199611865816468	0.020515663986692544	0.0011089548100914888	0.01386193512614361	0.006099251455503188	0.004158580537843083	0.0002772387025228722	0.005267535347934572	0.05461602439700582	0.03936789575824785	0.003049625727751594	0.023288051011921263	0.0199611865816468	0.010535070695869144	0.0022179096201829776	0.005822012752980316	0.028001108954810092	0.020515663986692544	0.0011089548100914888	0.01386193512614361	0.018574993069032437	0.018020515663986693	0.0002772387025228722	0.01275298031605212	0.009703354588300527	0.011921264208483504	0.0016634322151372332	0.00887163848073191	0.0	0.021070141391738288	0.0	0.01635708344884946	0.01774327696146382	0.0219018574993069	0.0016634322151372332	0.010257831993346272	0.026060438037149986	0.0033268644302744664	0.0011089548100914888	0.0022179096201829776	0.04352647629609093	0.03742722484058775	0.0013861935126143609	0.02301081230939839
0.02411976711948988	0.02911006376490158	0.0011089548100914888	0.016911560853895204	0.03410036041031328	0.03881341835320211	0.0016634322151372332	0.02550596063210424	0.0	0.011921264208483504	0.0	0.010257831993346272	0.06016079844746327	0.05406154699196008	0.005822012752980316	0.031050734682561684	0.025783199334627114	0.016079844746326587	0.0013861935126143609	0.009703354588300527	0.019683947879123927	0.02023842528416967	0.0013861935126143609	0.014139173828666482	0.006099251455503188	0.0049902966454117	0.0002772387025228722	0.004435819240365955	0.053784308289437206	0.03798170224563349	0.0038813418353202105	0.024674244524535625	0.0199611865816468	0.010257831993346272	0.0022179096201829776	0.006099251455503188	0.028555586359855837	0.02023842528416967	0.0005544774050457444	0.014139173828666482	0.018574993069032437	0.018574993069032437	0.0002772387025228722	0.012198502911006376	0.0099805932908234	0.012198502911006376	0.0013861935126143609	0.008594399778209038	0.0	0.02023842528416967	0.0	0.017188799556418076	0.01774327696146382	0.021070141391738288	0.0016634322151372332	0.011089548100914887	0.02633767673967286	0.0033268644302744664	0.0008317161075686166	0.0022179096201829776	0.044080953701136676	0.037149986138064875	0.0008317161075686166	0.023288051011921263
0.02411976711948988	0.029387302467424454	0.0011089548100914888	0.01663432215137233	0.034654837815359024	0.03881341835320211	0.0011089548100914888	0.02550596063210424	0.0	0.011921264208483504	0.0	0.010257831993346272	0.06016079844746327	0.05295259218186859	0.005822012752980316	0.03215968949265317	0.025783199334627114	0.01635708344884946	0.0013861935126143609	0.009426115885777655	0.0199611865816468	0.0199611865816468	0.0011089548100914888	0.014416412531189355	0.006099251455503188	0.0047130579428888274	0.0002772387025228722	0.0047130579428888274	0.053507069586914334	0.038258940948156364	0.004435819240365955	0.024397005822012752	0.02023842528416967	0.0099805932908234	0.0019406709176601053	0.00637649015802606	0.028278347657332965	0.0199611865816468	0.0008317161075686166	0.014416412531189355	0.018574993069032437	0.018297754366509565	0.0002772387025228722	0.012475741613529248	0.0099805932908234	0.012475741613529248	0.0013861935126143609	0.008317161075686166	0.0	0.020792902689215416	0.0	0.01663432215137233	0.01774327696146382	0.021070141391738288	0.0016634322151372332	0.011089548100914887	0.025783199334627114	0.0033268644302744664	0.0013861935126143609	0.0022179096201829776	0.04297199889104519	0.03770446354311062	0.0016634322151372332	0.02273357360687552
0.023842528416967008	0.029664541169947326	0.0013861935126143609	0.01635708344884946	0.034654837815359024	0.03881341835320211	0.0011089548100914888	0.02550596063210424	0.0	0.01275298031605212	0.0	0.009426115885777655	0.06099251455503188	0.0518436373717771	0.0049902966454117	0.03326864430274466	0.02550596063210424	0.01635708344884946	0.0016634322151372332	0.009426115885777655	0.019683947879123927	0.0199611865816468	0.0011089548100914888	0.014693651233712227	0.00637649015802606	0.0047130579428888274	0.0	0.0047130579428888274	0.05322983088439146	0.03909065705572498	0.0047130579428888274	0.02411976711948988	0.02023842528416967	0.010257831993346272	0.0019406709176601053	0.006099251455503188	0.027446631549764348	0.018574993069032437	0.0016634322151372332	0.015802606043803714	0.018574993069032437	0.018020515663986693	0.0002772387025228722	0.01275298031605212	0.010257831993346272	0.012475741613529248	0.0011089548100914888	0.008317161075686166	0.0	0.0199611865816468	0.0	0.017466038258940948	0.017466038258940948	0.0219018574993069	0.0019406709176601053	0.010257831993346272	0.02633767673967286	0.003049625727751594	0.0008317161075686166	0.00249514832270585	0.04241752148599945	0.03742722484058775	0.0016634322151372332	0.02301081230939839
0.023842528416967008	0.0299417798724702	0.0013861935126143609	0.016079844746326587	0.03410036041031328	0.038258940948156364	0.0016634322151372332	0.026060438037149986	0.0	0.012475741613529248	0.0	0.009703354588300527	0.06126975325755475	0.05267535347934572	0.0047130579428888274	0.032436928195176046	0.02522872192958137	0.016079844746326587	0.0019406709176601053	0.009703354588300527	0.019406709176601054	0.0199611865816468	0.0013861935126143609	0.014693651233712227	0.00637649015802606	0.0047130579428888274	0.0	0.0047130579428888274	0.05433878569448295	0.04019961186581647	0.0033268644302744664	0.02301081230939839	0.019683947879123927	0.0099805932908234	0.00249514832270585	0.00637649015802606	0.027169392847241475	0.019129470474078182	0.0019406709176601053	0.01524812863875797	0.018574993069032437	0.018020515663986693	0.0002772387025228722	0.01275298031605212	0.010257831993346272	0.012475741613529248	0.0011089548100914888	0.008317161075686166	0.0	0.0219018574993069	0.0	0.015525367341280842	0.017188799556418076	0.02162461879678403	0.0022179096201829776	0.010535070695869144	0.026060438037149986	0.0027723870252287217	0.0011089548100914888	0.0027723870252287217	0.042140282783476576	0.03742722484058775	0.0022179096201829776	0.02301081230939839
0.02411976711948988	0.02911006376490158	0.0011089548100914888	0.016911560853895204	0.03437759911283615	0.03798170224563349	0.0013861935126143609	0.02633767673967286	0.0	0.012198502911006376	0.0	0.0099805932908234	0.06071527585250901	0.051289159966731356	0.005267535347934572	0.03382312170779041	0.02550596063210424	0.01635708344884946	0.0016634322151372332	0.009426115885777655	0.0199611865816468	0.02023842528416967	0.0008317161075686166	0.014416412531189355	0.00637649015802606	0.0047130579428888274	0.0	0.0047130579428888274	0.05461602439700582	0.04019961186581647	0.0036041031327973387	0.02301081230939839	0.019683947879123927	0.010257831993346272	0.00249514832270585	0.006099251455503188	0.027169392847241475	0.019406709176601054	0.0019406709176601053	0.0149708899362351	0.018574993069032437	0.01774327696146382	0.0002772387025228722	0.013030219018574993	0.010257831993346272	0.01275298031605212	0.0008317161075686166	0.008317161075686166	0.0	0.02134738009426116	0.0	0.016079844746326587	0.017466038258940948	0.02134738009426116	0.0019406709176601053	0.010812309398392015	0.02633767673967286	0.0033268644302744664	0.0008317161075686166	0.0022179096201829776	0.04158580537843083	0.03798170224563349	0.0022179096201829776	0.022456334904352646
0.02411976711948988	0.029387302467424454	0.0011089548100914888	0.01663432215137233	0.03410036041031328	0.03742722484058775	0.0013861935126143609	0.027169392847241475	0.0	0.012475741613529248	0.0	0.009703354588300527	0.06126975325755475	0.051289159966731356	0.0047130579428888274	0.03382312170779041	0.02522872192958137	0.015802606043803714	0.0019406709176601053	0.0099805932908234	0.0199611865816468	0.019683947879123927	0.0008317161075686166	0.0149708899362351	0.00637649015802606	0.0047130579428888274	0.0	0.0047130579428888274	0.05433878569448295	0.0399223731632936	0.0036041031327973387	0.023288051011921263	0.020792902689215416	0.010535070695869144	0.0013861935126143609	0.005822012752980316	0.027169392847241475	0.019406709176601054	0.0019406709176601053	0.0149708899362351	0.018020515663986693	0.017188799556418076	0.0008317161075686166	0.013584696423620738	0.0099805932908234	0.01275298031605212	0.0011089548100914888	0.008317161075686166	0.0	0.02162461879678403	0.0	0.015802606043803714	0.018020515663986693	0.02162461879678403	0.0013861935126143609	0.010535070695869144	0.02550596063210424	0.0036041031327973387	0.0016634322151372332	0.0019406709176601053	0.042140282783476576	0.03742722484058775	0.0019406709176601053	0.02301081230939839
0.02411976711948988	0.028278347657332965	0.0011089548100914888	0.01774327696146382	0.03299140560022179	0.037149986138064875	0.0022179096201829776	0.02772387025228722	0.0	0.012475741613529248	0.0	0.009703354588300527	0.061824230662600496	0.049902966454116994	0.004158580537843083	0.03520931522040477	0.02550596063210424	0.016079844746326587	0.0016634322151372332	0.009703354588300527	0.02023842528416967	0.019683947879123927	0.0005544774050457444	0.0149708899362351	0.00637649015802606	0.0049902966454117	0.0	0.004435819240365955	0.05517050180205157	0.04047685056833934	0.0033268644302744664	0.02273357360687552	0.020792902689215416	0.009426115885777655	0.0013861935126143609	0.006930967563071805	0.026892154144718603	0.019683947879123927	0.0022179096201829776	0.014693651233712227	0.01774327696146382	0.01774327696146382	0.0011089548100914888	0.013030219018574993	0.0099805932908234	0.013030219018574993	0.0011089548100914888	0.008039922373163293	0.0	0.0219018574993069	0.0	0.015525367341280842	0.018020515663986693	0.0219018574993069	0.0013861935126143609	0.010257831993346272	0.02550596063210424	0.0033268644302744664	0.0016634322151372332	0.0022179096201829776	0.04047685056833934	0.037149986138064875	0.003049625727751594	0.023288051011921263
0.02411976711948988	0.028001108954810092	0.0011089548100914888	0.018020515663986693	0.03299140560022179	0.03659550873301913	0.0022179096201829776	0.028278347657332965	0.0	0.012198502911006376	0.0	0.0099805932908234	0.06237870806764624	0.050180205156639866	0.0036041031327973387	0.034932076517881896	0.024951483227058497	0.01524812863875797	0.0022179096201829776	0.010535070695869144	0.0199611865816468	0.0199611865816468	0.0008317161075686166	0.014693651233712227	0.00637649015802606	0.004435819240365955	0.0	0.0049902966454117	0.05517050180205157	0.04019961186581647	0.0036041031327973387	0.02301081230939839	0.020792902689215416	0.009148877183254783	0.0013861935126143609	0.007208206265594677	0.027169392847241475	0.0199611865816468	0.0013861935126143609	0.0149708899362351	0.018020515663986693	0.017466038258940948	0.0008317161075686166	0.013307457721097865	0.0099805932908234	0.013307457721097865	0.0008317161075686166	0.008039922373163293	0.0	0.021070141391738288	0.0	0.01635708344884946	0.018297754366509565	0.022456334904352646	0.0011089548100914888	0.009703354588300527	0.02522872192958137	0.0033268644302744664	0.0019406709176601053	0.0022179096201829776	0.04047685056833934	0.03659550873301913	0.0027723870252287217	0.023842528416967008
0.024397005822012752	0.028278347657332965	0.0008317161075686166	0.01774327696146382	0.03299140560022179	0.03659550873301913	0.0022179096201829776	0.028278347657332965	0.0	0.012475741613529248	0.0	0.009703354588300527	0.06237870806764624	0.04934848904907125	0.0036041031327973387	0.03576379262545051	0.024397005822012752	0.0149708899362351	0.0027723870252287217	0.010812309398392015	0.0199611865816468	0.0199611865816468	0.0008317161075686166	0.014693651233712227	0.00637649015802606	0.004435819240365955	0.0	0.0049902966454117	0.05572497920709731	0.03936789575824785	0.0036041031327973387	0.024397005822012752	0.020792902689215416	0.009426115885777655	0.0013861935126143609	0.006930967563071805	0.02661491544219573	0.021070141391738288	0.0016634322151372332	0.014139173828666482	0.018020515663986693	0.018020515663986693	0.0008317161075686166	0.01275298031605212	0.010535070695869144	0.013307457721097865	0.0002772387025228722	0.008039922373163293	0.0	0.021070141391738288	0.0	0.01635708344884946	0.018020515663986693	0.022179096201829774	0.0011089548100914888	0.010257831993346272	0.024397005822012752	0.0033268644302744664	0.0027723870252287217	0.0022179096201829776	0.03936789575824785	0.03770446354311062	0.0027723870252287217	0.02273357360687552
0.024397005822012752	0.027446631549764348	0.0008317161075686166	0.018574993069032437	0.033545883005267535	0.03742722484058775	0.0013861935126143609	0.02772387025228722	0.0	0.011921264208483504	0.0	0.010257831993346272	0.06237870806764624	0.04740781813141114	0.0036041031327973387	0.03770446354311062	0.024397005822012752	0.015525367341280842	0.0027723870252287217	0.010257831993346272	0.019683947879123927	0.019406709176601054	0.0011089548100914888	0.01524812863875797	0.00637649015802606	0.0049902966454117	0.0	0.004435819240365955	0.05655669531466593	0.03909065705572498	0.0027723870252287217	0.024674244524535625	0.021070141391738288	0.009148877183254783	0.0011089548100914888	0.007208206265594677	0.026060438037149986	0.020515663986692544	0.0022179096201829776	0.014693651233712227	0.017466038258940948	0.018020515663986693	0.0013861935126143609	0.01275298031605212	0.010812309398392015	0.012475741613529248	0.0	0.00887163848073191	0.0	0.020792902689215416	0.0	0.01663432215137233	0.01774327696146382	0.02273357360687552	0.0013861935126143609	0.009703354588300527	0.024397005822012752	0.0033268644302744664	0.0027723870252287217	0.0022179096201829776	0.0399223731632936	0.03742722484058775	0.0022179096201829776	0.02301081230939839
0.024397005822012752	0.02772387025228722	0.0008317161075686166	0.018297754366509565	0.033545883005267535	0.038536179650679236	0.0013861935126143609	0.02661491544219573	0.0	0.011921264208483504	0.0	0.010257831993346272	0.061546991960077624	0.04740781813141114	0.004435819240365955	0.03770446354311062	0.024951483227058497	0.015525367341280842	0.0022179096201829776	0.010257831993346272	0.0199611865816468	0.02023842528416967	0.0008317161075686166	0.014416412531189355	0.00637649015802606	0.0047130579428888274	0.0	0.0047130579428888274	0.057111172719711674	0.04047685056833934	0.0022179096201829776	0.023288051011921263	0.02134738009426116	0.009426115885777655	0.0008317161075686166	0.006930967563071805	0.026060438037149986	0.020515663986692544	0.0022179096201829776	0.014693651233712227	0.017466038258940948	0.018574993069032437	0.0013861935126143609	0.012198502911006376	0.010812309398392015	0.01275298031605212	0.0	0.008594399778209038	0.0	0.02023842528416967	0.0	0.017188799556418076	0.017466038258940948	0.023288051011921263	0.0016634322151372332	0.009148877183254783	0.024674244524535625	0.0033268644302744664	0.00249514832270585	0.0022179096201829776	0.03936789575824785	0.038258940948156364	0.0027723870252287217	0.022179096201829774
0.024397005822012752	0.02883282506237871	0.0008317161075686166	0.017188799556418076	0.03382312170779041	0.038536179650679236	0.0011089548100914888	0.02661491544219573	0.0	0.011921264208483504	0.0	0.010257831993346272	0.06237870806764624	0.04796229553645689	0.0036041031327973387	0.037149986138064875	0.024674244524535625	0.014693651233712227	0.00249514832270585	0.011089548100914887	0.0199611865816468	0.021070141391738288	0.0008317161075686166	0.013584696423620738	0.00637649015802606	0.0047130579428888274	0.0	0.0047130579428888274	0.056002217909620185	0.03936789575824785	0.0022179096201829776	0.024674244524535625	0.021070141391738288	0.009148877183254783	0.0011089548100914888	0.007208206265594677	0.02633767673967286	0.02023842528416967	0.0019406709176601053	0.0149708899362351	0.018020515663986693	0.019683947879123927	0.0008317161075686166	0.011089548100914887	0.010812309398392015	0.013030219018574993	0.0	0.008317161075686166	0.0	0.020515663986692544	0.0	0.016911560853895204	0.017466038258940948	0.02301081230939839	0.0013861935126143609	0.009703354588300527	0.02522872192958137	0.0033268644302744664	0.0019406709176601053	0.0022179096201829776	0.04019961186581647	0.038258940948156364	0.0027723870252287217	0.022179096201829774
0.02411976711948988	0.028278347657332965	0.0011089548100914888	0.01774327696146382	0.033545883005267535	0.038536179650679236	0.0011089548100914888	0.026892154144718603	0.0	0.012198502911006376	0.0	0.0099805932908234	0.06210146936512337	0.04823953423897976	0.0038813418353202105	0.036872747435542	0.02411976711948988	0.0149708899362351	0.003049625727751594	0.010812309398392015	0.019129470474078182	0.021070141391738288	0.0013861935126143609	0.01386193512614361	0.006099251455503188	0.0047130579428888274	0.0002772387025228722	0.0047130579428888274	0.05517050180205157	0.03936789575824785	0.0019406709176601053	0.024951483227058497	0.021070141391738288	0.00887163848073191	0.0011089548100914888	0.00748544496811755	0.025783199334627114	0.0199611865816468	0.00249514832270585	0.01524812863875797	0.01774327696146382	0.019406709176601054	0.0011089548100914888	0.01136678680343776	0.010812309398392015	0.01275298031605212	0.0	0.008594399778209038	0.0	0.020515663986692544	0.0	0.016911560853895204	0.016911560853895204	0.02273357360687552	0.0019406709176601053	0.0099805932908234	0.024951483227058497	0.0033268644302744664	0.0022179096201829776	0.0022179096201829776	0.04103132797338509	0.03798170224563349	0.0027723870252287217	0.022456334904352646
0.023842528416967008	0.02883282506237871	0.0013861935126143609	0.017188799556418076	0.033545883005267535	0.03770446354311062	0.0011089548100914888	0.02772387025228722	0.0	0.011644025505960632	0.0	0.010535070695869144	0.06099251455503188	0.048794011644025505	0.0049902966454117	0.03631827003049626	0.024397005822012752	0.014416412531189355	0.0027723870252287217	0.01136678680343776	0.019129470474078182	0.0219018574993069	0.0011089548100914888	0.013307457721097865	0.006099251455503188	0.0049902966454117	0.0	0.0047130579428888274	0.05572497920709731	0.0399223731632936	0.0019406709176601053	0.024397005822012752	0.02134738009426116	0.009426115885777655	0.0008317161075686166	0.006930967563071805	0.025783199334627114	0.021070141391738288	0.00249514832270585	0.014139173828666482	0.01774327696146382	0.019683947879123927	0.0011089548100914888	0.011089548100914887	0.010535070695869144	0.01275298031605212	0.0002772387025228722	0.008594399778209038	0.0	0.02134738009426116	0.0	0.016079844746326587	0.016911560853895204	0.022456334904352646	0.0019406709176601053	0.010257831993346272	0.02522872192958137	0.0033268644302744664	0.0019406709176601053	0.0022179096201829776	0.040754089270862215	0.038536179650679236	0.00249514832270585	0.0219018574993069
0.02411976711948988	0.029387302467424454	0.0011089548100914888	0.01663432215137233	0.03299140560022179	0.03881341835320211	0.0016634322151372332	0.02661491544219573	0.0	0.011921264208483504	0.0	0.010257831993346272	0.06126975325755475	0.04907125034654838	0.0047130579428888274	0.036041031327973386	0.024674244524535625	0.01524812863875797	0.00249514832270585	0.010535070695869144	0.01885223177155531	0.0219018574993069	0.0013861935126143609	0.013307457721097865	0.006099251455503188	0.0049902966454117	0.0	0.0047130579428888274	0.05461602439700582	0.04019961186581647	0.0022179096201829776	0.02411976711948988	0.021070141391738288	0.010257831993346272	0.0011089548100914888	0.006099251455503188	0.025783199334627114	0.021070141391738288	0.0022179096201829776	0.014416412531189355	0.01774327696146382	0.019683947879123927	0.0011089548100914888	0.011089548100914887	0.010257831993346272	0.012475741613529248	0.0005544774050457444	0.00887163848073191	0.0	0.021070141391738288	0.0	0.01635708344884946	0.017188799556418076	0.022179096201829774	0.0013861935126143609	0.010812309398392015	0.02550596063210424	0.0033268644302744664	0.0016634322151372332	0.0022179096201829776	0.04103132797338509	0.036872747435542	0.003049625727751594	0.023565289714444135
0.023565289714444135	0.02883282506237871	0.0016634322151372332	0.017188799556418076	0.03326864430274466	0.03936789575824785	0.0013861935126143609	0.026060438037149986	0.0	0.011644025505960632	0.0	0.010535070695869144	0.060438037149986135	0.04851677294150263	0.0055447740504574435	0.03659550873301913	0.024674244524535625	0.01524812863875797	0.00249514832270585	0.010535070695869144	0.019683947879123927	0.0219018574993069	0.0005544774050457444	0.013307457721097865	0.006099251455503188	0.0049902966454117	0.0	0.0047130579428888274	0.054893263099528695	0.04047685056833934	0.0013861935126143609	0.023842528416967008	0.020792902689215416	0.010535070695869144	0.0013861935126143609	0.005822012752980316	0.024951483227058497	0.02023842528416967	0.0027723870252287217	0.015525367341280842	0.017466038258940948	0.0199611865816468	0.0013861935126143609	0.010812309398392015	0.0099805932908234	0.012475741613529248	0.0008317161075686166	0.00887163848073191	0.0	0.021070141391738288	0.0	0.01635708344884946	0.017188799556418076	0.02162461879678403	0.0013861935126143609	0.01136678680343776	0.02550596063210424	0.0033268644302744664	0.0016634322151372332	0.0022179096201829776	0.04103132797338509	0.036872747435542	0.0036041031327973387	0.023565289714444135
0.023288051011921263	0.02883282506237871	0.0019406709176601053	0.017188799556418076	0.03382312170779041	0.03936789575824785	0.0008317161075686166	0.026060438037149986	0.0	0.011644025505960632	0.0	0.010535070695869144	0.06016079844746327	0.0468533407263654	0.005822012752980316	0.038258940948156364	0.024951483227058497	0.014416412531189355	0.0022179096201829776	0.01136678680343776	0.019683947879123927	0.02162461879678403	0.0005544774050457444	0.013584696423620738	0.005822012752980316	0.0049902966454117	0.0002772387025228722	0.0047130579428888274	0.053784308289437206	0.040754089270862215	0.0016634322151372332	0.023565289714444135	0.020792902689215416	0.010535070695869144	0.0013861935126143609	0.005822012752980316	0.026060438037149986	0.0199611865816468	0.0016634322151372332	0.015802606043803714	0.017466038258940948	0.0199611865816468	0.0013861935126143609	0.010812309398392015	0.0099805932908234	0.012198502911006376	0.0008317161075686166	0.009148877183254783	0.0	0.020792902689215416	0.0	0.01663432215137233	0.017188799556418076	0.022179096201829774	0.0013861935126143609	0.010812309398392015	0.024951483227058497	0.0033268644302744664	0.0022179096201829776	0.0022179096201829776	0.04103132797338509	0.037149986138064875	0.004435819240365955	0.023288051011921263
0.023842528416967008	0.02883282506237871	0.0013861935126143609	0.017188799556418076	0.03410036041031328	0.04047685056833934	0.0005544774050457444	0.024951483227058497	0.0	0.01136678680343776	0.0	0.010812309398392015	0.06016079844746327	0.04546714721375104	0.005822012752980316	0.039645134460770726	0.024397005822012752	0.01524812863875797	0.0027723870252287217	0.010535070695869144	0.019406709176601054	0.02134738009426116	0.0008317161075686166	0.01386193512614361	0.005822012752980316	0.0055447740504574435	0.0002772387025228722	0.004158580537843083	0.05101192126420848	0.04103132797338509	0.003049625727751594	0.023288051011921263	0.020792902689215416	0.010812309398392015	0.0013861935126143609	0.0055447740504574435	0.02633767673967286	0.020792902689215416	0.0013861935126143609	0.0149708899362351	0.017466038258940948	0.019683947879123927	0.0013861935126143609	0.011089548100914887	0.0099805932908234	0.011089548100914887	0.0008317161075686166	0.010257831993346272	0.0	0.0199611865816468	0.0	0.017466038258940948	0.016911560853895204	0.022179096201829774	0.0016634322151372332	0.010812309398392015	0.02522872192958137	0.0033268644302744664	0.0019406709176601053	0.0022179096201829776	0.04297199889104519	0.037149986138064875	0.0038813418353202105	0.023288051011921263
0.02411976711948988	0.02883282506237871	0.0011089548100914888	0.017188799556418076	0.03410036041031328	0.04103132797338509	0.0005544774050457444	0.024397005822012752	0.0	0.01136678680343776	0.0	0.010812309398392015	0.0598835597449404	0.04740781813141114	0.006099251455503188	0.03770446354311062	0.024397005822012752	0.015525367341280842	0.0027723870252287217	0.010257831993346272	0.019406709176601054	0.02023842528416967	0.0008317161075686166	0.0149708899362351	0.005822012752980316	0.005822012752980316	0.0002772387025228722	0.0038813418353202105	0.05101192126420848	0.04130856667590796	0.0027723870252287217	0.02301081230939839	0.02023842528416967	0.010812309398392015	0.0019406709176601053	0.0055447740504574435	0.02633767673967286	0.020792902689215416	0.0013861935126143609	0.0149708899362351	0.01774327696146382	0.02023842528416967	0.0011089548100914888	0.010535070695869144	0.009703354588300527	0.011089548100914887	0.0011089548100914888	0.010257831993346272	0.0	0.019129470474078182	0.0	0.018297754366509565	0.016911560853895204	0.02162461879678403	0.0013861935126143609	0.011644025505960632	0.02550596063210424	0.0033268644302744664	0.0016634322151372332	0.0022179096201829776	0.04297199889104519	0.03659550873301913	0.004158580537843083	0.023842528416967008
0.024397005822012752	0.028555586359855837	0.0008317161075686166	0.017466038258940948	0.032436928195176046	0.041863044080953704	0.0013861935126143609	0.024397005822012752	0.0	0.01136678680343776	0.0	0.010812309398392015	0.0598835597449404	0.04740781813141114	0.006099251455503188	0.03770446354311062	0.024674244524535625	0.01635708344884946	0.00249514832270585	0.009426115885777655	0.019406709176601054	0.021070141391738288	0.0008317161075686166	0.014139173828666482	0.005822012752980316	0.006099251455503188	0.0002772387025228722	0.0036041031327973387	0.051289159966731356	0.04103132797338509	0.003049625727751594	0.023288051011921263	0.020515663986692544	0.011644025505960632	0.0016634322151372332	0.0047130579428888274	0.02633767673967286	0.020515663986692544	0.0013861935126143609	0.01524812863875797	0.017188799556418076	0.020515663986692544	0.0013861935126143609	0.010535070695869144	0.009703354588300527	0.010812309398392015	0.0011089548100914888	0.010535070695869144	0.0	0.019406709176601054	0.0	0.018020515663986693	0.017188799556418076	0.02134738009426116	0.0011089548100914888	0.011921264208483504	0.025783199334627114	0.003049625727751594	0.0013861935126143609	0.00249514832270585	0.041863044080953704	0.03576379262545051	0.0047130579428888274	0.024674244524535625
0.024674244524535625	0.028001108954810092	0.0005544774050457444	0.018020515663986693	0.032436928195176046	0.039645134460770726	0.0013861935126143609	0.02661491544219573	0.0	0.011089548100914887	0.0	0.011089548100914887	0.06071527585250901	0.04713057942888827	0.005267535347934572	0.03798170224563349	0.02411976711948988	0.015802606043803714	0.003049625727751594	0.0099805932908234	0.019683947879123927	0.020515663986692544	0.0005544774050457444	0.014693651233712227	0.0055447740504574435	0.006099251455503188	0.0005544774050457444	0.0036041031327973387	0.05101192126420848	0.04158580537843083	0.0033268644302744664	0.02301081230939839	0.020515663986692544	0.011089548100914887	0.0016634322151372332	0.005267535347934572	0.02661491544219573	0.02134738009426116	0.0011089548100914888	0.014416412531189355	0.017188799556418076	0.020792902689215416	0.0013861935126143609	0.010257831993346272	0.009703354588300527	0.010812309398392015	0.0011089548100914888	0.010535070695869144	0.0	0.019683947879123927	0.0	0.01774327696146382	0.017188799556418076	0.02134738009426116	0.0011089548100914888	0.011921264208483504	0.026060438037149986	0.003049625727751594	0.0011089548100914888	0.00249514832270585	0.042140282783476576	0.03548655392292764	0.004158580537843083	0.024951483227058497
0.024674244524535625	0.028001108954810092	0.0005544774050457444	0.018020515663986693	0.03299140560022179	0.04047685056833934	0.0008317161075686166	0.025783199334627114	0.0	0.011089548100914887	0.0	0.011089548100914887	0.06126975325755475	0.04740781813141114	0.0047130579428888274	0.03770446354311062	0.02411976711948988	0.015525367341280842	0.003049625727751594	0.010257831993346272	0.019129470474078182	0.020515663986692544	0.0011089548100914888	0.014693651233712227	0.0055447740504574435	0.005822012752980316	0.0005544774050457444	0.0038813418353202105	0.05156639866925423	0.041863044080953704	0.003049625727751594	0.023288051011921263	0.020792902689215416	0.011644025505960632	0.0013861935126143609	0.0047130579428888274	0.02661491544219573	0.020792902689215416	0.0011089548100914888	0.0149708899362351	0.017188799556418076	0.0199611865816468	0.0013861935126143609	0.011089548100914887	0.0099805932908234	0.011089548100914887	0.0008317161075686166	0.010257831993346272	0.0	0.0199611865816468	0.0	0.017466038258940948	0.017188799556418076	0.02134738009426116	0.0011089548100914888	0.011921264208483504	0.025783199334627114	0.003049625727751594	0.0013861935126143609	0.00249514832270585	0.04269476018852232	0.034932076517881896	0.0027723870252287217	0.02550596063210424
0.024674244524535625	0.028001108954810092	0.0005544774050457444	0.018020515663986693	0.032436928195176046	0.040754089270862215	0.0011089548100914888	0.025783199334627114	0.0	0.010812309398392015	0.0	0.01136678680343776	0.06099251455503188	0.048794011644025505	0.0049902966454117	0.03631827003049626	0.02411976711948988	0.016079844746326587	0.003049625727751594	0.009703354588300527	0.01885223177155531	0.0199611865816468	0.0013861935126143609	0.01524812863875797	0.005822012752980316	0.005822012752980316	0.0002772387025228722	0.0038813418353202105	0.0518436373717771	0.041863044080953704	0.0033268644302744664	0.023565289714444135	0.02134738009426116	0.011089548100914887	0.0008317161075686166	0.005267535347934572	0.02661491544219573	0.020515663986692544	0.0011089548100914888	0.01524812863875797	0.01774327696146382	0.02023842528416967	0.0008317161075686166	0.010812309398392015	0.0099805932908234	0.011921264208483504	0.0008317161075686166	0.009426115885777655	0.0	0.020515663986692544	0.0	0.016911560853895204	0.016911560853895204	0.021070141391738288	0.0013861935126143609	0.012198502911006376	0.026060438037149986	0.003049625727751594	0.0011089548100914888	0.00249514832270585	0.04241752148599945	0.034654837815359024	0.0022179096201829776	0.025783199334627114
0.02411976711948988	0.028001108954810092	0.0011089548100914888	0.018020515663986693	0.0318824507901303	0.040754089270862215	0.0016634322151372332	0.025783199334627114	0.0	0.010812309398392015	0.0	0.01136678680343776	0.061546991960077624	0.04796229553645689	0.004435819240365955	0.037149986138064875	0.024397005822012752	0.016079844746326587	0.0027723870252287217	0.009703354588300527	0.019129470474078182	0.0199611865816468	0.0008317161075686166	0.015525367341280842	0.005822012752980316	0.005822012752980316	0.0002772387025228722	0.0038813418353202105	0.05156639866925423	0.042140282783476576	0.004435819240365955	0.023288051011921263	0.021070141391738288	0.010812309398392015	0.0011089548100914888	0.0055447740504574435	0.02633767673967286	0.020515663986692544	0.0013861935126143609	0.01524812863875797	0.017466038258940948	0.021070141391738288	0.0008317161075686166	0.010257831993346272	0.010257831993346272	0.01136678680343776	0.0005544774050457444	0.0099805932908234	0.0	0.019683947879123927	0.0	0.01774327696146382	0.016911560853895204	0.021070141391738288	0.0013861935126143609	0.012198502911006376	0.025783199334627114	0.0027723870252287217	0.0013861935126143609	0.0027723870252287217	0.04241752148599945	0.03437759911283615	0.0013861935126143609	0.026060438037149986
0.02411976711948988	0.0299417798724702	0.0011089548100914888	0.016079844746326587	0.03160521208760743	0.0399223731632936	0.0019406709176601053	0.02661491544219573	0.0	0.010812309398392015	0.0	0.01136678680343776	0.061824230662600496	0.04962572775159412	0.004158580537843083	0.03548655392292764	0.024674244524535625	0.015802606043803714	0.00249514832270585	0.0099805932908234	0.01885223177155531	0.0199611865816468	0.0011089548100914888	0.015525367341280842	0.005822012752980316	0.005822012752980316	0.0002772387025228722	0.0038813418353202105	0.05156639866925423	0.041863044080953704	0.0038813418353202105	0.023842528416967008	0.020792902689215416	0.010812309398392015	0.0013861935126143609	0.0055447740504574435	0.02633767673967286	0.021070141391738288	0.0011089548100914888	0.0149708899362351	0.01663432215137233	0.020515663986692544	0.0016634322151372332	0.010812309398392015	0.010257831993346272	0.011089548100914887	0.0002772387025228722	0.010535070695869144	0.0	0.0199611865816468	0.0	0.017466038258940948	0.01635708344884946	0.021070141391738288	0.0019406709176601053	0.012198502911006376	0.024951483227058497	0.0027723870252287217	0.0022179096201829776	0.0027723870252287217	0.04241752148599945	0.03576379262545051	0.0016634322151372332	0.024674244524535625
0.024397005822012752	0.029664541169947326	0.0008317161075686166	0.01635708344884946	0.03132797338508456	0.040754089270862215	0.0019406709176601053	0.026060438037149986	0.0	0.010812309398392015	0.0	0.01136678680343776	0.061546991960077624	0.050180205156639866	0.004435819240365955	0.034932076517881896	0.02522872192958137	0.015802606043803714	0.0019406709176601053	0.0099805932908234	0.019129470474078182	0.019406709176601054	0.0008317161075686166	0.016079844746326587	0.0055447740504574435	0.005267535347934572	0.0005544774050457444	0.004435819240365955	0.0518436373717771	0.04269476018852232	0.0033268644302744664	0.02301081230939839	0.020515663986692544	0.010535070695869144	0.0016634322151372332	0.005822012752980316	0.025783199334627114	0.021070141391738288	0.0016634322151372332	0.0149708899362351	0.01663432215137233	0.019683947879123927	0.0016634322151372332	0.011644025505960632	0.010257831993346272	0.01136678680343776	0.0002772387025228722	0.010257831993346272	0.0	0.020792902689215416	0.0	0.01663432215137233	0.016911560853895204	0.02162461879678403	0.0013861935126143609	0.011644025505960632	0.024951483227058497	0.0027723870252287217	0.0022179096201829776	0.0027723870252287217	0.042140282783476576	0.036041031327973386	0.0022179096201829776	0.024397005822012752
0.02411976711948988	0.02883282506237871	0.0011089548100914888	0.017188799556418076	0.031050734682561684	0.04103132797338509	0.0016634322151372332	0.02633767673967286	0.0	0.010812309398392015	0.0	0.01136678680343776	0.06265594677016911	0.0518436373717771	0.0033268644302744664	0.03326864430274466	0.025783199334627114	0.014693651233712227	0.0013861935126143609	0.011089548100914887	0.019129470474078182	0.02023842528416967	0.0008317161075686166	0.01524812863875797	0.005267535347934572	0.0049902966454117	0.0005544774050457444	0.0049902966454117	0.0518436373717771	0.04241752148599945	0.0033268644302744664	0.023288051011921263	0.0199611865816468	0.010257831993346272	0.0022179096201829776	0.006099251455503188	0.025783199334627114	0.02162461879678403	0.0016634322151372332	0.014416412531189355	0.01663432215137233	0.018574993069032437	0.0013861935126143609	0.013030219018574993	0.010257831993346272	0.011644025505960632	0.0002772387025228722	0.0099805932908234	0.0	0.02023842528416967	0.0	0.017188799556418076	0.016911560853895204	0.021070141391738288	0.0013861935126143609	0.012198502911006376	0.02550596063210424	0.003049625727751594	0.0016634322151372332	0.00249514832270585	0.042140282783476576	0.03576379262545051	0.0022179096201829776	0.024674244524535625
0.023842528416967008	0.028555586359855837	0.0013861935126143609	0.017466038258940948	0.031050734682561684	0.04269476018852232	0.0016634322151372332	0.024674244524535625	0.0	0.010812309398392015	0.0	0.01136678680343776	0.06265594677016911	0.05101192126420848	0.0033268644302744664	0.03410036041031328	0.02550596063210424	0.014693651233712227	0.0016634322151372332	0.011089548100914887	0.01885223177155531	0.02023842528416967	0.0011089548100914888	0.01524812863875797	0.005267535347934572	0.004435819240365955	0.0005544774050457444	0.0055447740504574435	0.052398114776822845	0.04269476018852232	0.0022179096201829776	0.02301081230939839	0.0199611865816468	0.010257831993346272	0.0022179096201829776	0.006099251455503188	0.026060438037149986	0.022179096201829774	0.0013861935126143609	0.01386193512614361	0.01635708344884946	0.019129470474078182	0.0013861935126143609	0.01275298031605212	0.010257831993346272	0.011089548100914887	0.0002772387025228722	0.010535070695869144	0.0	0.021070141391738288	0.0	0.01635708344884946	0.017188799556418076	0.020792902689215416	0.0011089548100914888	0.012475741613529248	0.02550596063210424	0.003049625727751594	0.0016634322151372332	0.00249514832270585	0.04241752148599945	0.034932076517881896	0.00249514832270585	0.02550596063210424
0.023565289714444135	0.028555586359855837	0.0016634322151372332	0.017466038258940948	0.031050734682561684	0.04241752148599945	0.0013861935126143609	0.02522872192958137	0.0	0.010257831993346272	0.0	0.011921264208483504	0.06265594677016911	0.05101192126420848	0.0033268644302744664	0.03410036041031328	0.02550596063210424	0.014693651233712227	0.0016634322151372332	0.011089548100914887	0.019406709176601054	0.020515663986692544	0.0005544774050457444	0.0149708899362351	0.0055447740504574435	0.0049902966454117	0.0002772387025228722	0.0049902966454117	0.052398114776822845	0.04352647629609093	0.00249514832270585	0.022179096201829774	0.020515663986692544	0.010257831993346272	0.0016634322151372332	0.006099251455503188	0.026060438037149986	0.0219018574993069	0.0013861935126143609	0.014139173828666482	0.01635708344884946	0.019683947879123927	0.0011089548100914888	0.012475741613529248	0.0099805932908234	0.011089548100914887	0.0002772387025228722	0.010812309398392015	0.0	0.021070141391738288	0.0	0.01635708344884946	0.017188799556418076	0.02162461879678403	0.0011089548100914888	0.011644025505960632	0.02550596063210424	0.0033268644302744664	0.0016634322151372332	0.0022179096201829776	0.041863044080953704	0.03520931522040477	0.0027723870252287217	0.02522872192958137
0.023565289714444135	0.02911006376490158	0.0016634322151372332	0.016911560853895204	0.031050734682561684	0.041863044080953704	0.0013861935126143609	0.025783199334627114	0.0	0.010812309398392015	0.0	0.01136678680343776	0.06293318547269199	0.0518436373717771	0.003049625727751594	0.03326864430274466	0.02633767673967286	0.014416412531189355	0.0008317161075686166	0.01136678680343776	0.019683947879123927	0.020515663986692544	0.0002772387025228722	0.0149708899362351	0.005267535347934572	0.005267535347934572	0.0005544774050457444	0.0047130579428888274	0.05156639866925423	0.041863044080953704	0.003049625727751594	0.02411976711948988	0.020515663986692544	0.010812309398392015	0.0016634322151372332	0.0055447740504574435	0.026060438037149986	0.022456334904352646	0.0013861935126143609	0.013584696423620738	0.01635708344884946	0.01885223177155531	0.0011089548100914888	0.013307457721097865	0.010257831993346272	0.01136678680343776	0.0	0.010535070695869144	0.0	0.02162461879678403	0.0	0.015802606043803714	0.01663432215137233	0.02134738009426116	0.0016634322151372332	0.011921264208483504	0.02522872192958137	0.0033268644302744664	0.0019406709176601053	0.0022179096201829776	0.04158580537843083	0.036041031327973386	0.003049625727751594	0.024397005822012752
0.023565289714444135	0.02911006376490158	0.0016634322151372332	0.016911560853895204	0.030219018574993067	0.04130856667590796	0.0022179096201829776	0.02633767673967286	0.0	0.01136678680343776	0.0	0.010812309398392015	0.06293318547269199	0.05101192126420848	0.003049625727751594	0.03410036041031328	0.02633767673967286	0.014416412531189355	0.0008317161075686166	0.01136678680343776	0.019129470474078182	0.020792902689215416	0.0008317161075686166	0.014693651233712227	0.005267535347934572	0.0055447740504574435	0.0005544774050457444	0.004435819240365955	0.049902966454116994	0.041863044080953704	0.004158580537843083	0.02411976711948988	0.020792902689215416	0.010812309398392015	0.0013861935126143609	0.0055447740504574435	0.026060438037149986	0.022179096201829774	0.0013861935126143609	0.01386193512614361	0.01635708344884946	0.01885223177155531	0.0011089548100914888	0.013307457721097865	0.010257831993346272	0.01136678680343776	0.0	0.010535070695869144	0.0	0.02162461879678403	0.0	0.015802606043803714	0.017188799556418076	0.02162461879678403	0.0011089548100914888	0.011644025505960632	0.02522872192958137	0.0033268644302744664	0.0019406709176601053	0.0022179096201829776	0.04130856667590796	0.03659550873301913	0.0038813418353202105	0.023842528416967008
0.023842528416967008	0.028555586359855837	0.0013861935126143609	0.017466038258940948	0.03049625727751594	0.04241752148599945	0.0019406709176601053	0.02522872192958137	0.0	0.01136678680343776	0.0	0.010812309398392015	0.06293318547269199	0.05073468256168561	0.003049625727751594	0.03437759911283615	0.026060438037149986	0.014693651233712227	0.0011089548100914888	0.011089548100914887	0.018574993069032437	0.020792902689215416	0.0013861935126143609	0.014693651233712227	0.0055447740504574435	0.005267535347934572	0.0	0.0049902966454117	0.049902966454116994	0.041863044080953704	0.004435819240365955	0.024397005822012752	0.021070141391738288	0.010812309398392015	0.0011089548100914888	0.0055447740504574435	0.02661491544219573	0.022179096201829774	0.0005544774050457444	0.014139173828666482	0.01635708344884946	0.019129470474078182	0.0011089548100914888	0.013030219018574993	0.010257831993346272	0.012198502911006376	0.0	0.009703354588300527	0.0	0.022179096201829774	0.0	0.01524812863875797	0.016911560853895204	0.0219018574993069	0.0011089548100914888	0.011644025505960632	0.024951483227058497	0.0033268644302744664	0.0022179096201829776	0.0022179096201829776	0.04158580537843083	0.037149986138064875	0.003049625727751594	0.023288051011921263
0.023842528416967008	0.028555586359855837	0.0013861935126143609	0.017466038258940948	0.030773495980038812	0.04269476018852232	0.0016634322151372332	0.024951483227058497	0.0	0.011089548100914887	0.0	0.011089548100914887	0.06265594677016911	0.051289159966731356	0.0033268644302744664	0.03382312170779041	0.026060438037149986	0.0149708899362351	0.0011089548100914888	0.010812309398392015	0.018297754366509565	0.02134738009426116	0.0016634322151372332	0.014139173828666482	0.0055447740504574435	0.005267535347934572	0.0	0.0049902966454117	0.04962572775159412	0.042140282783476576	0.004435819240365955	0.02411976711948988	0.02134738009426116	0.01136678680343776	0.0008317161075686166	0.0049902966454117	0.026060438037149986	0.022456334904352646	0.0011089548100914888	0.01386193512614361	0.016079844746326587	0.019683947879123927	0.0013861935126143609	0.012475741613529248	0.0099805932908234	0.012198502911006376	0.0002772387025228722	0.009703354588300527	0.0	0.0219018574993069	0.0	0.015525367341280842	0.016911560853895204	0.022179096201829774	0.0011089548100914888	0.01136678680343776	0.02550596063210424	0.0033268644302744664	0.0016634322151372332	0.0022179096201829776	0.041863044080953704	0.037149986138064875	0.003049625727751594	0.023288051011921263
0.024397005822012752	0.028001108954810092	0.0008317161075686166	0.018020515663986693	0.030219018574993067	0.04297199889104519	0.0022179096201829776	0.024674244524535625	0.0	0.011089548100914887	0.0	0.011089548100914887	0.06210146936512337	0.05322983088439146	0.0038813418353202105	0.0318824507901303	0.02661491544219573	0.015525367341280842	0.0005544774050457444	0.010257831993346272	0.018574993069032437	0.0219018574993069	0.0013861935126143609	0.013584696423620738	0.0055447740504574435	0.005267535347934572	0.0	0.0049902966454117	0.04851677294150263	0.04241752148599945	0.0055447740504574435	0.023842528416967008	0.02134738009426116	0.01136678680343776	0.0008317161075686166	0.0049902966454117	0.026060438037149986	0.022456334904352646	0.0011089548100914888	0.01386193512614361	0.01635708344884946	0.0199611865816468	0.0011089548100914888	0.012198502911006376	0.0099805932908234	0.011921264208483504	0.0002772387025228722	0.0099805932908234	0.0	0.02162461879678403	0.0	0.015802606043803714	0.016911560853895204	0.0219018574993069	0.0011089548100914888	0.011644025505960632	0.02522872192958137	0.0033268644302744664	0.0019406709176601053	0.0022179096201829776	0.04158580537843083	0.036872747435542	0.0033268644302744664	0.023565289714444135
0.02411976711948988	0.028278347657332965	0.0011089548100914888	0.01774327696146382	0.0299417798724702	0.04324923759356806	0.00249514832270585	0.024397005822012752	0.0	0.010812309398392015	0.0	0.01136678680343776	0.06210146936512337	0.05406154699196008	0.0038813418353202105	0.031050734682561684	0.02661491544219573	0.015802606043803714	0.0005544774050457444	0.0099805932908234	0.01885223177155531	0.02162461879678403	0.0011089548100914888	0.01386193512614361	0.0049902966454117	0.005267535347934572	0.0005544774050457444	0.0049902966454117	0.04907125034654838	0.04269476018852232	0.005822012752980316	0.023565289714444135	0.0219018574993069	0.011644025505960632	0.0002772387025228722	0.0047130579428888274	0.025783199334627114	0.022456334904352646	0.0013861935126143609	0.01386193512614361	0.016911560853895204	0.019683947879123927	0.0005544774050457444	0.012475741613529248	0.009703354588300527	0.011921264208483504	0.0005544774050457444	0.0099805932908234	0.0	0.0219018574993069	0.0	0.015525367341280842	0.017466038258940948	0.02134738009426116	0.0005544774050457444	0.012198502911006376	0.02550596063210424	0.0033268644302744664	0.0016634322151372332	0.0022179096201829776	0.04158580537843083	0.03659550873301913	0.00249514832270585	0.023842528416967008
0.024674244524535625	0.028555586359855837	0.0005544774050457444	0.017466038258940948	0.030219018574993067	0.044080953701136676	0.0022179096201829776	0.023565289714444135	0.0	0.010812309398392015	0.0	0.01136678680343776	0.06126975325755475	0.05295259218186859	0.0047130579428888274	0.03215968949265317	0.02661491544219573	0.016079844746326587	0.0005544774050457444	0.009703354588300527	0.018574993069032437	0.0219018574993069	0.0013861935126143609	0.013584696423620738	0.0049902966454117	0.0055447740504574435	0.0005544774050457444	0.0047130579428888274	0.047685056833934016	0.04297199889104519	0.005267535347934572	0.023565289714444135	0.02162461879678403	0.01136678680343776	0.0005544774050457444	0.0049902966454117	0.02550596063210424	0.02273357360687552	0.0016634322151372332	0.013584696423620738	0.01663432215137233	0.019683947879123927	0.0008317161075686166	0.012475741613529248	0.0099805932908234	0.011644025505960632	0.0002772387025228722	0.010257831993346272	0.0	0.022179096201829774	0.0	0.01524812863875797	0.01774327696146382	0.020515663986692544	0.0002772387025228722	0.013030219018574993	0.02522872192958137	0.0033268644302744664	0.0019406709176601053	0.0022179096201829776	0.04241752148599945	0.03631827003049626	0.0033268644302744664	0.02411976711948988
0.024397005822012752	0.028555586359855837	0.0008317161075686166	0.017466038258940948	0.03049625727751594	0.04435819240365955	0.0019406709176601053	0.023288051011921263	0.0	0.010812309398392015	0.0	0.01136678680343776	0.06126975325755475	0.053507069586914334	0.0047130579428888274	0.03160521208760743	0.02633767673967286	0.01635708344884946	0.0008317161075686166	0.009426115885777655	0.018574993069032437	0.0219018574993069	0.0013861935126143609	0.013584696423620738	0.005267535347934572	0.006099251455503188	0.0002772387025228722	0.004158580537843083	0.048794011644025505	0.04297199889104519	0.005267535347934572	0.023565289714444135	0.02134738009426116	0.011644025505960632	0.0008317161075686166	0.0047130579428888274	0.02633767673967286	0.02273357360687552	0.0008317161075686166	0.013584696423620738	0.01635708344884946	0.019683947879123927	0.0011089548100914888	0.012475741613529248	0.0099805932908234	0.012475741613529248	0.0002772387025228722	0.009426115885777655	0.0	0.02162461879678403	0.0	0.015802606043803714	0.017466038258940948	0.0199611865816468	0.0005544774050457444	0.013584696423620738	0.02550596063210424	0.0033268644302744664	0.0016634322151372332	0.0022179096201829776	0.04158580537843083	0.036872747435542	0.003049625727751594	0.023565289714444135
0.024397005822012752	0.029387302467424454	0.0008317161075686166	0.01663432215137233	0.029664541169947326	0.04435819240365955	0.00249514832270585	0.023565289714444135	0.0	0.010812309398392015	0.0	0.01136678680343776	0.061824230662600496	0.052398114776822845	0.004158580537843083	0.03271416689769892	0.02633767673967286	0.016079844746326587	0.0008317161075686166	0.009703354588300527	0.018574993069032437	0.022179096201829774	0.0011089548100914888	0.013584696423620738	0.005267535347934572	0.006099251455503188	0.0002772387025228722	0.004158580537843083	0.05045744385916274	0.04241752148599945	0.004435819240365955	0.02411976711948988	0.02134738009426116	0.011644025505960632	0.0008317161075686166	0.0047130579428888274	0.026060438037149986	0.022456334904352646	0.0011089548100914888	0.01386193512614361	0.01635708344884946	0.0199611865816468	0.0011089548100914888	0.012198502911006376	0.0099805932908234	0.012475741613529248	0.0002772387025228722	0.009426115885777655	0.0	0.020792902689215416	0.0	0.01663432215137233	0.017466038258940948	0.019683947879123927	0.0005544774050457444	0.01386193512614361	0.02550596063210424	0.003049625727751594	0.0016634322151372332	0.00249514832270585	0.040754089270862215	0.03742722484058775	0.003049625727751594	0.02301081230939839
0.02411976711948988	0.029387302467424454	0.0011089548100914888	0.01663432215137233	0.0299417798724702	0.04435819240365955	0.0022179096201829776	0.023565289714444135	0.0	0.010812309398392015	0.0	0.01136678680343776	0.06237870806764624	0.05295259218186859	0.0036041031327973387	0.03215968949265317	0.02633767673967286	0.016079844746326587	0.0008317161075686166	0.009703354588300527	0.018020515663986693	0.02162461879678403	0.0016634322151372332	0.014139173828666482	0.005267535347934572	0.00637649015802606	0.0002772387025228722	0.0038813418353202105	0.05156639866925423	0.04241752148599945	0.0038813418353202105	0.02411976711948988	0.02134738009426116	0.011644025505960632	0.0008317161075686166	0.0047130579428888274	0.026060438037149986	0.02273357360687552	0.0011089548100914888	0.013584696423620738	0.016079844746326587	0.020515663986692544	0.0013861935126143609	0.011644025505960632	0.009703354588300527	0.013030219018574993	0.0005544774050457444	0.00887163848073191	0.0	0.020515663986692544	0.0	0.016911560853895204	0.016911560853895204	0.021070141391738288	0.0011089548100914888	0.012475741613529248	0.02550596063210424	0.0027723870252287217	0.0016634322151372332	0.0027723870252287217	0.03909065705572498	0.038258940948156364	0.004158580537843083	0.022179096201829774
0.02411976711948988	0.02911006376490158	0.0011089548100914888	0.016911560853895204	0.030219018574993067	0.04435819240365955	0.0019406709176601053	0.023565289714444135	0.0	0.010812309398392015	0.0	0.01136678680343776	0.06265594677016911	0.05322983088439146	0.0033268644302744664	0.0318824507901303	0.02661491544219573	0.016911560853895204	0.0005544774050457444	0.00887163848073191	0.018297754366509565	0.02162461879678403	0.0013861935126143609	0.014139173828666482	0.005267535347934572	0.005822012752980316	0.0002772387025228722	0.004435819240365955	0.049902966454116994	0.04241752148599945	0.0038813418353202105	0.024397005822012752	0.020515663986692544	0.011644025505960632	0.0016634322151372332	0.0047130579428888274	0.02550596063210424	0.023288051011921263	0.0013861935126143609	0.013307457721097865	0.01635708344884946	0.0199611865816468	0.0011089548100914888	0.012198502911006376	0.0099805932908234	0.01275298031605212	0.0002772387025228722	0.009148877183254783	0.0	0.019683947879123927	0.0	0.01774327696146382	0.017188799556418076	0.02134738009426116	0.0008317161075686166	0.012198502911006376	0.02550596063210424	0.0036041031327973387	0.0016634322151372332	0.0019406709176601053	0.040754089270862215	0.03936789575824785	0.0038813418353202105	0.021070141391738288
0.023842528416967008	0.02911006376490158	0.0013861935126143609	0.016911560853895204	0.03049625727751594	0.04491266980870529	0.0016634322151372332	0.02301081230939839	0.0	0.010812309398392015	0.0	0.01136678680343776	0.06210146936512337	0.05322983088439146	0.0038813418353202105	0.0318824507901303	0.026060438037149986	0.016911560853895204	0.0011089548100914888	0.00887163848073191	0.018574993069032437	0.02162461879678403	0.0011089548100914888	0.014139173828666482	0.005267535347934572	0.005822012752980316	0.0002772387025228722	0.004435819240365955	0.049902966454116994	0.04269476018852232	0.0036041031327973387	0.02411976711948988	0.020792902689215416	0.011644025505960632	0.0013861935126143609	0.0047130579428888274	0.02550596063210424	0.02411976711948988	0.0013861935126143609	0.012475741613529248	0.016079844746326587	0.0199611865816468	0.0008317161075686166	0.01275298031605212	0.009703354588300527	0.01275298031605212	0.0002772387025228722	0.009426115885777655	0.0	0.02023842528416967	0.0	0.017188799556418076	0.017466038258940948	0.020792902689215416	0.0002772387025228722	0.013030219018574993	0.02522872192958137	0.0036041031327973387	0.0019406709176601053	0.0019406709176601053	0.04103132797338509	0.038258940948156364	0.0038813418353202105	0.022179096201829774
0.02411976711948988	0.02911006376490158	0.0011089548100914888	0.016911560853895204	0.031050734682561684	0.04546714721375104	0.0008317161075686166	0.02273357360687552	0.0	0.01136678680343776	0.0	0.010812309398392015	0.061546991960077624	0.053507069586914334	0.004435819240365955	0.03160521208760743	0.025783199334627114	0.017188799556418076	0.0013861935126143609	0.008594399778209038	0.01774327696146382	0.022179096201829774	0.0019406709176601053	0.013584696423620738	0.0049902966454117	0.006099251455503188	0.0005544774050457444	0.004158580537843083	0.04934848904907125	0.04241752148599945	0.003049625727751594	0.024397005822012752	0.020792902689215416	0.01136678680343776	0.0013861935126143609	0.0049902966454117	0.02522872192958137	0.022179096201829774	0.0016634322151372332	0.014416412531189355	0.01635708344884946	0.02023842528416967	0.0005544774050457444	0.012475741613529248	0.009703354588300527	0.012475741613529248	0.0002772387025228722	0.009703354588300527	0.0	0.0199611865816468	0.0	0.017466038258940948	0.017466038258940948	0.0199611865816468	0.0002772387025228722	0.01386193512614361	0.02633767673967286	0.0036041031327973387	0.0008317161075686166	0.0019406709176601053	0.04297199889104519	0.03881341835320211	0.003049625727751594	0.02162461879678403
0.024397005822012752	0.029664541169947326	0.0008317161075686166	0.01635708344884946	0.031050734682561684	0.044080953701136676	0.0008317161075686166	0.02411976711948988	0.0	0.012198502911006376	0.0	0.0099805932908234	0.06126975325755475	0.05461602439700582	0.0047130579428888274	0.03049625727751594	0.02550596063210424	0.017466038258940948	0.0016634322151372332	0.008317161075686166	0.018020515663986693	0.022456334904352646	0.0016634322151372332	0.013307457721097865	0.0049902966454117	0.00637649015802606	0.0005544774050457444	0.0038813418353202105	0.04823953423897976	0.042140282783476576	0.003049625727751594	0.024951483227058497	0.020792902689215416	0.010812309398392015	0.0013861935126143609	0.0055447740504574435	0.024951483227058497	0.022179096201829774	0.0016634322151372332	0.014693651233712227	0.01635708344884946	0.019683947879123927	0.0005544774050457444	0.013030219018574993	0.009426115885777655	0.01275298031605212	0.0005544774050457444	0.009426115885777655	0.0	0.02023842528416967	0.0	0.017188799556418076	0.016911560853895204	0.019683947879123927	0.0008317161075686166	0.014139173828666482	0.025783199334627114	0.0033268644302744664	0.0013861935126143609	0.0022179096201829776	0.04324923759356806	0.03936789575824785	0.0036041031327973387	0.021070141391738288
0.02411976711948988	0.0299417798724702	0.0011089548100914888	0.016079844746326587	0.030773495980038812	0.044080953701136676	0.0011089548100914888	0.02411976711948988	0.0	0.011644025505960632	0.0	0.010535070695869144	0.061824230662600496	0.05461602439700582	0.004158580537843083	0.03049625727751594	0.02550596063210424	0.016079844746326587	0.0016634322151372332	0.009703354588300527	0.01774327696146382	0.022456334904352646	0.0019406709176601053	0.013307457721097865	0.005267535347934572	0.00637649015802606	0.0002772387025228722	0.0038813418353202105	0.04934848904907125	0.042140282783476576	0.0027723870252287217	0.02522872192958137	0.021070141391738288	0.010257831993346272	0.0011089548100914888	0.006099251455503188	0.02522872192958137	0.0219018574993069	0.0013861935126143609	0.0149708899362351	0.01635708344884946	0.019683947879123927	0.0005544774050457444	0.013030219018574993	0.009426115885777655	0.01275298031605212	0.0005544774050457444	0.009426115885777655	0.0	0.0199611865816468	0.0	0.017466038258940948	0.017188799556418076	0.019129470474078182	0.0005544774050457444	0.014693651233712227	0.025783199334627114	0.0038813418353202105	0.0013861935126143609	0.0016634322151372332	0.04269476018852232	0.03936789575824785	0.003049625727751594	0.021070141391738288
0.023288051011921263	0.030219018574993067	0.0019406709176601053	0.015802606043803714	0.031050734682561684	0.04463543110618242	0.0008317161075686166	0.023565289714444135	0.0	0.011921264208483504	0.0	0.010257831993346272	0.061546991960077624	0.05295259218186859	0.004435819240365955	0.03215968949265317	0.02550596063210424	0.016079844746326587	0.0016634322151372332	0.009703354588300527	0.01774327696146382	0.02273357360687552	0.0016634322151372332	0.013307457721097865	0.005267535347934572	0.006653728860548933	0.0002772387025228722	0.0036041031327973387	0.050180205156639866	0.041863044080953704	0.0027723870252287217	0.02550596063210424	0.02162461879678403	0.010812309398392015	0.0005544774050457444	0.0055447740504574435	0.02522872192958137	0.022456334904352646	0.0013861935126143609	0.014416412531189355	0.01635708344884946	0.019683947879123927	0.0005544774050457444	0.013030219018574993	0.009148877183254783	0.01275298031605212	0.0005544774050457444	0.009703354588300527	0.0	0.021070141391738288	0.0	0.01635708344884946	0.017188799556418076	0.018574993069032437	0.0005544774050457444	0.01524812863875797	0.02633767673967286	0.0038813418353202105	0.0008317161075686166	0.0016634322151372332	0.040754089270862215	0.04047685056833934	0.004158580537843083	0.0199611865816468
0.023565289714444135	0.030219018574993067	0.0016634322151372332	0.015802606043803714	0.03160521208760743	0.046298863321319654	0.0002772387025228722	0.0219018574993069	0.0	0.011644025505960632	0.0	0.010535070695869144	0.061546991960077624	0.05267535347934572	0.004435819240365955	0.032436928195176046	0.02550596063210424	0.016079844746326587	0.0016634322151372332	0.009703354588300527	0.018020515663986693	0.02273357360687552	0.0013861935126143609	0.013307457721097865	0.0049902966454117	0.006653728860548933	0.0005544774050457444	0.0036041031327973387	0.04962572775159412	0.04047685056833934	0.003049625727751594	0.026892154144718603	0.021070141391738288	0.010812309398392015	0.0011089548100914888	0.0055447740504574435	0.024674244524535625	0.022456334904352646	0.0016634322151372332	0.014693651233712227	0.016079844746326587	0.019683947879123927	0.0008317161075686166	0.013030219018574993	0.009148877183254783	0.013307457721097865	0.0005544774050457444	0.009148877183254783	0.0	0.020792902689215416	0.0	0.01663432215137233	0.017466038258940948	0.018574993069032437	0.0002772387025228722	0.01524812863875797	0.02633767673967286	0.0038813418353202105	0.0008317161075686166	0.0016634322151372332	0.042140282783476576	0.0399223731632936	0.003049625727751594	0.020515663986692544
0.02411976711948988	0.031050734682561684	0.0011089548100914888	0.0149708899362351	0.030773495980038812	0.046576102023842526	0.0011089548100914888	0.02162461879678403	0.0	0.012198502911006376	0.0	0.0099805932908234	0.06210146936512337	0.05156639866925423	0.0038813418353202105	0.033545883005267535	0.02550596063210424	0.01635708344884946	0.0016634322151372332	0.009426115885777655	0.018297754366509565	0.022456334904352646	0.0011089548100914888	0.013584696423620738	0.0049902966454117	0.006930967563071805	0.0005544774050457444	0.0033268644302744664	0.04962572775159412	0.04103132797338509	0.0036041031327973387	0.02661491544219573	0.021070141391738288	0.010812309398392015	0.0011089548100914888	0.0055447740504574435	0.024397005822012752	0.02301081230939839	0.0016634322151372332	0.014416412531189355	0.016079844746326587	0.019683947879123927	0.0005544774050457444	0.013307457721097865	0.009426115885777655	0.013584696423620738	0.0002772387025228722	0.00887163848073191	0.0	0.021070141391738288	0.0	0.01635708344884946	0.01774327696146382	0.01885223177155531	0.0	0.0149708899362351	0.02633767673967286	0.0038813418353202105	0.0008317161075686166	0.0016634322151372332	0.04130856667590796	0.0399223731632936	0.003049625727751594	0.020515663986692544
0.02411976711948988	0.030773495980038812	0.0011089548100914888	0.01524812863875797	0.03049625727751594	0.046576102023842526	0.0013861935126143609	0.02162461879678403	0.0	0.012198502911006376	0.0	0.0099805932908234	0.061546991960077624	0.05212087607429997	0.004435819240365955	0.03299140560022179	0.02550596063210424	0.015802606043803714	0.0016634322151372332	0.0099805932908234	0.01885223177155531	0.02162461879678403	0.0005544774050457444	0.014416412531189355	0.005267535347934572	0.007208206265594677	0.0002772387025228722	0.003049625727751594	0.05267535347934572	0.04103132797338509	0.003049625727751594	0.02661491544219573	0.021070141391738288	0.010812309398392015	0.0011089548100914888	0.0055447740504574435	0.024951483227058497	0.023288051011921263	0.0011089548100914888	0.014139173828666482	0.01635708344884946	0.019406709176601054	0.0002772387025228722	0.013584696423620738	0.009148877183254783	0.014139173828666482	0.0005544774050457444	0.008317161075686166	0.0	0.02162461879678403	0.0	0.015802606043803714	0.017466038258940948	0.01885223177155531	0.0002772387025228722	0.0149708899362351	0.02633767673967286	0.0038813418353202105	0.0008317161075686166	0.0016634322151372332	0.03909065705572498	0.04047685056833934	0.0027723870252287217	0.0199611865816468
0.023842528416967008	0.029664541169947326	0.0013861935126143609	0.01635708344884946	0.030773495980038812	0.04574438591627391	0.0011089548100914888	0.022456334904352646	0.0	0.012475741613529248	0.0	0.009703354588300527	0.06210146936512337	0.051289159966731356	0.0038813418353202105	0.03382312170779041	0.025783199334627114	0.01524812863875797	0.0013861935126143609	0.010535070695869144	0.018297754366509565	0.0219018574993069	0.0011089548100914888	0.014139173828666482	0.005267535347934572	0.007208206265594677	0.0002772387025228722	0.003049625727751594	0.05461602439700582	0.04103132797338509	0.0022179096201829776	0.02661491544219573	0.021070141391738288	0.011089548100914887	0.0011089548100914888	0.005267535347934572	0.024397005822012752	0.023565289714444135	0.0013861935126143609	0.014139173828666482	0.016079844746326587	0.02023842528416967	0.0005544774050457444	0.01275298031605212	0.009148877183254783	0.013584696423620738	0.0005544774050457444	0.00887163848073191	0.0	0.02162461879678403	0.0	0.015802606043803714	0.017188799556418076	0.018574993069032437	0.0005544774050457444	0.01524812863875797	0.025783199334627114	0.0038813418353202105	0.0013861935126143609	0.0016634322151372332	0.03798170224563349	0.040754089270862215	0.0027723870252287217	0.019683947879123927
0.023842528416967008	0.029664541169947326	0.0013861935126143609	0.01635708344884946	0.030773495980038812	0.046576102023842526	0.0011089548100914888	0.02162461879678403	0.0	0.01275298031605212	0.0	0.009426115885777655	0.06210146936512337	0.052398114776822845	0.0038813418353202105	0.03271416689769892	0.026060438037149986	0.015525367341280842	0.0011089548100914888	0.010257831993346272	0.018297754366509565	0.0219018574993069	0.0011089548100914888	0.014139173828666482	0.0047130579428888274	0.007208206265594677	0.0008317161075686166	0.003049625727751594	0.056002217909620185	0.041863044080953704	0.00249514832270585	0.025783199334627114	0.020792902689215416	0.010812309398392015	0.0013861935126143609	0.0055447740504574435	0.024397005822012752	0.023288051011921263	0.0013861935126143609	0.014416412531189355	0.016079844746326587	0.019406709176601054	0.0002772387025228722	0.01386193512614361	0.009148877183254783	0.013584696423620738	0.0005544774050457444	0.00887163848073191	0.0	0.0199611865816468	0.0	0.017466038258940948	0.016911560853895204	0.018297754366509565	0.0008317161075686166	0.015525367341280842	0.025783199334627114	0.0038813418353202105	0.0013861935126143609	0.0016634322151372332	0.03576379262545051	0.04103132797338509	0.0033268644302744664	0.019406709176601054
0.024397005822012752	0.029664541169947326	0.0008317161075686166	0.01635708344884946	0.031050734682561684	0.04740781813141114	0.0008317161075686166	0.020792902689215416	0.0	0.013030219018574993	0.0	0.009148877183254783	0.06237870806764624	0.05156639866925423	0.0036041031327973387	0.033545883005267535	0.02550596063210424	0.015525367341280842	0.0016634322151372332	0.010257831993346272	0.018020515663986693	0.02134738009426116	0.0013861935126143609	0.014693651233712227	0.0049902966454117	0.007208206265594677	0.0005544774050457444	0.003049625727751594	0.05572497920709731	0.04158580537843083	0.004158580537843083	0.026060438037149986	0.020515663986692544	0.0099805932908234	0.0016634322151372332	0.00637649015802606	0.02411976711948988	0.023288051011921263	0.0016634322151372332	0.014416412531189355	0.015802606043803714	0.02023842528416967	0.0005544774050457444	0.013030219018574993	0.009148877183254783	0.013030219018574993	0.0005544774050457444	0.009426115885777655	0.0	0.0199611865816468	0.0	0.017466038258940948	0.01663432215137233	0.018574993069032437	0.0011089548100914888	0.01524812863875797	0.026060438037149986	0.004158580537843083	0.0011089548100914888	0.0013861935126143609	0.034932076517881896	0.04158580537843083	0.0027723870252287217	0.01885223177155531
0.02411976711948988	0.02883282506237871	0.0011089548100914888	0.017188799556418076	0.03049625727751594	0.04740781813141114	0.0011089548100914888	0.021070141391738288	0.0	0.013307457721097865	0.0	0.00887163848073191	0.06321042417521486	0.052398114776822845	0.0027723870252287217	0.03271416689769892	0.02550596063210424	0.0149708899362351	0.0016634322151372332	0.010812309398392015	0.01774327696146382	0.021070141391738288	0.0016634322151372332	0.0149708899362351	0.0049902966454117	0.007208206265594677	0.0005544774050457444	0.003049625727751594	0.057111172719711674	0.04158580537843083	0.0033268644302744664	0.026060438037149986	0.020792902689215416	0.010257831993346272	0.0013861935126143609	0.006099251455503188	0.023842528416967008	0.02273357360687552	0.0019406709176601053	0.0149708899362351	0.015802606043803714	0.0199611865816468	0.0005544774050457444	0.013307457721097865	0.00887163848073191	0.013030219018574993	0.0008317161075686166	0.009426115885777655	0.0	0.019683947879123927	0.0	0.01774327696146382	0.01635708344884946	0.018574993069032437	0.0013861935126143609	0.01524812863875797	0.02633767673967286	0.004158580537843083	0.0008317161075686166	0.0013861935126143609	0.033545883005267535	0.04158580537843083	0.0036041031327973387	0.01885223177155531
0.02411976711948988	0.02883282506237871	0.0011089548100914888	0.017188799556418076	0.030219018574993067	0.046576102023842526	0.0013861935126143609	0.0219018574993069	0.0	0.013307457721097865	0.0	0.00887163848073191	0.06348766287773773	0.05101192126420848	0.00249514832270585	0.03410036041031328	0.02522872192958137	0.014416412531189355	0.0019406709176601053	0.01136678680343776	0.01774327696146382	0.02162461879678403	0.0016634322151372332	0.014416412531189355	0.005267535347934572	0.006930967563071805	0.0002772387025228722	0.0033268644302744664	0.0568339340171888	0.041863044080953704	0.0036041031327973387	0.026060438037149986	0.021070141391738288	0.0099805932908234	0.0011089548100914888	0.00637649015802606	0.02411976711948988	0.02273357360687552	0.0016634322151372332	0.0149708899362351	0.01524812863875797	0.0199611865816468	0.0011089548100914888	0.013307457721097865	0.009148877183254783	0.014139173828666482	0.0005544774050457444	0.008317161075686166	0.0	0.02023842528416967	0.0	0.017188799556418076	0.01635708344884946	0.018020515663986693	0.0013861935126143609	0.015802606043803714	0.02633767673967286	0.004158580537843083	0.0008317161075686166	0.0013861935126143609	0.033545883005267535	0.041863044080953704	0.0033268644302744664	0.018574993069032437
0.024397005822012752	0.028555586359855837	0.0008317161075686166	0.017466038258940948	0.03049625727751594	0.0468533407263654	0.0011089548100914888	0.02162461879678403	0.0	0.013307457721097865	0.0	0.00887163848073191	0.06237870806764624	0.051289159966731356	0.0036041031327973387	0.03382312170779041	0.02633767673967286	0.014139173828666482	0.0008317161075686166	0.011644025505960632	0.01774327696146382	0.020792902689215416	0.0016634322151372332	0.01524812863875797	0.005267535347934572	0.006653728860548933	0.0002772387025228722	0.0036041031327973387	0.05517050180205157	0.041863044080953704	0.004435819240365955	0.026060438037149986	0.020515663986692544	0.010257831993346272	0.0016634322151372332	0.006099251455503188	0.02411976711948988	0.023842528416967008	0.0016634322151372332	0.01386193512614361	0.01524812863875797	0.019683947879123927	0.0011089548100914888	0.013584696423620738	0.009148877183254783	0.01386193512614361	0.0005544774050457444	0.008594399778209038	0.0	0.019683947879123927	0.0	0.01774327696146382	0.016079844746326587	0.018297754366509565	0.0016634322151372332	0.015525367341280842	0.025783199334627114	0.004158580537843083	0.0013861935126143609	0.0013861935126143609	0.03520931522040477	0.04130856667590796	0.00249514832270585	0.019129470474078182
0.024397005822012752	0.028278347657332965	0.0008317161075686166	0.01774327696146382	0.0299417798724702	0.04713057942888827	0.0016634322151372332	0.02134738009426116	0.0	0.013030219018574993	0.0	0.009148877183254783	0.06321042417521486	0.05267535347934572	0.0027723870252287217	0.032436928195176046	0.02633767673967286	0.014416412531189355	0.0008317161075686166	0.01136678680343776	0.018297754366509565	0.021070141391738288	0.0011089548100914888	0.0149708899362351	0.0049902966454117	0.00637649015802606	0.0005544774050457444	0.0038813418353202105	0.054893263099528695	0.04241752148599945	0.004435819240365955	0.02550596063210424	0.020792902689215416	0.010257831993346272	0.0013861935126143609	0.006099251455503188	0.02411976711948988	0.023565289714444135	0.0016634322151372332	0.014139173828666482	0.015802606043803714	0.0199611865816468	0.0005544774050457444	0.013307457721097865	0.009426115885777655	0.013030219018574993	0.0002772387025228722	0.009426115885777655	0.0	0.0199611865816468	0.0	0.017466038258940948	0.016079844746326587	0.01774327696146382	0.0016634322151372332	0.016079844746326587	0.026060438037149986	0.0038813418353202105	0.0011089548100914888	0.0016634322151372332	0.03520931522040477	0.04158580537843083	0.0027723870252287217	0.01885223177155531
0.024674244524535625	0.028001108954810092	0.0005544774050457444	0.018020515663986693	0.029387302467424454	0.04740781813141114	0.0019406709176601053	0.02134738009426116	0.0	0.012475741613529248	0.0	0.009703354588300527	0.061824230662600496	0.053784308289437206	0.004158580537843083	0.03132797338508456	0.02633767673967286	0.014139173828666482	0.0008317161075686166	0.011644025505960632	0.018574993069032437	0.02162461879678403	0.0008317161075686166	0.014416412531189355	0.0049902966454117	0.006099251455503188	0.0005544774050457444	0.004158580537843083	0.05433878569448295	0.041863044080953704	0.0047130579428888274	0.026060438037149986	0.020515663986692544	0.010535070695869144	0.0016634322151372332	0.005822012752980316	0.02411976711948988	0.02301081230939839	0.0016634322151372332	0.014693651233712227	0.015525367341280842	0.020515663986692544	0.0008317161075686166	0.01275298031605212	0.009426115885777655	0.013307457721097865	0.0002772387025228722	0.009148877183254783	0.0	0.019683947879123927	0.0	0.01774327696146382	0.016079844746326587	0.018574993069032437	0.0016634322151372332	0.01524812863875797	0.025783199334627114	0.0038813418353202105	0.0013861935126143609	0.0016634322151372332	0.034932076517881896	0.041863044080953704	0.0033268644302744664	0.018574993069032437
0.024397005822012752	0.028278347657332965	0.0008317161075686166	0.01774327696146382	0.029664541169947326	0.04713057942888827	0.0016634322151372332	0.02162461879678403	0.0	0.011921264208483504	0.0	0.010257831993346272	0.06210146936512337	0.053507069586914334	0.0038813418353202105	0.03160521208760743	0.02633767673967286	0.014416412531189355	0.0008317161075686166	0.01136678680343776	0.018297754366509565	0.02162461879678403	0.0011089548100914888	0.014416412531189355	0.0049902966454117	0.006099251455503188	0.0005544774050457444	0.004158580537843083	0.054893263099528695	0.04047685056833934	0.004158580537843083	0.027446631549764348	0.020515663986692544	0.010535070695869144	0.0016634322151372332	0.005822012752980316	0.024397005822012752	0.02301081230939839	0.0013861935126143609	0.014693651233712227	0.0149708899362351	0.02023842528416967	0.0013861935126143609	0.013030219018574993	0.009148877183254783	0.01275298031605212	0.0002772387025228722	0.0099805932908234	0.0	0.0199611865816468	0.0	0.017466038258940948	0.015802606043803714	0.01885223177155531	0.0016634322151372332	0.01524812863875797	0.025783199334627114	0.0038813418353202105	0.0013861935126143609	0.0016634322151372332	0.03437759911283615	0.04103132797338509	0.0038813418353202105	0.019406709176601054
0.02411976711948988	0.028001108954810092	0.0011089548100914888	0.018020515663986693	0.02911006376490158	0.046298863321319654	0.0019406709176601053	0.02273357360687552	0.0	0.012198502911006376	0.0	0.0099805932908234	0.061546991960077624	0.05322983088439146	0.004435819240365955	0.0318824507901303	0.02633767673967286	0.0149708899362351	0.0008317161075686166	0.010812309398392015	0.018297754366509565	0.02134738009426116	0.0011089548100914888	0.014693651233712227	0.0049902966454117	0.006099251455503188	0.0005544774050457444	0.004158580537843083	0.05544774050457444	0.04019961186581647	0.0038813418353202105	0.02772387025228722	0.021070141391738288	0.010257831993346272	0.0011089548100914888	0.006099251455503188	0.02411976711948988	0.02273357360687552	0.0016634322151372332	0.0149708899362351	0.015525367341280842	0.019683947879123927	0.0008317161075686166	0.013584696423620738	0.00887163848073191	0.01275298031605212	0.0005544774050457444	0.0099805932908234	0.0	0.02023842528416967	0.0	0.017188799556418076	0.015802606043803714	0.018574993069032437	0.0016634322151372332	0.015525367341280842	0.02550596063210424	0.004158580537843083	0.0016634322151372332	0.0013861935126143609	0.03382312170779041	0.04130856667590796	0.004158580537843083	0.019129470474078182
0.02411976711948988	0.02883282506237871	0.0011089548100914888	0.017188799556418076	0.029387302467424454	0.046576102023842526	0.0013861935126143609	0.02273357360687552	0.0	0.012475741613529248	0.0	0.009703354588300527	0.061546991960077624	0.05212087607429997	0.004435819240365955	0.03299140560022179	0.026060438037149986	0.014416412531189355	0.0011089548100914888	0.01136678680343776	0.018020515663986693	0.02134738009426116	0.0013861935126143609	0.014693651233712227	0.0049902966454117	0.00637649015802606	0.0005544774050457444	0.0038813418353202105	0.05572497920709731	0.04019961186581647	0.0036041031327973387	0.028001108954810092	0.020792902689215416	0.010812309398392015	0.0013861935126143609	0.0055447740504574435	0.023565289714444135	0.02301081230939839	0.0022179096201829776	0.014693651233712227	0.015525367341280842	0.019406709176601054	0.0008317161075686166	0.01386193512614361	0.00887163848073191	0.012475741613529248	0.0005544774050457444	0.010257831993346272	0.0	0.020515663986692544	0.0	0.016911560853895204	0.015802606043803714	0.018297754366509565	0.0016634322151372332	0.015802606043803714	0.024951483227058497	0.0038813418353202105	0.0022179096201829776	0.0016634322151372332	0.034654837815359024	0.0399223731632936	0.003049625727751594	0.020515663986692544
0.024397005822012752	0.028555586359855837	0.0008317161075686166	0.017466038258940948	0.02911006376490158	0.0468533407263654	0.0016634322151372332	0.022456334904352646	0.0	0.013307457721097865	0.0	0.00887163848073191	0.061824230662600496	0.05156639866925423	0.004158580537843083	0.033545883005267535	0.02633767673967286	0.014693651233712227	0.0008317161075686166	0.011089548100914887	0.018020515663986693	0.0219018574993069	0.0013861935126143609	0.014139173828666482	0.005267535347934572	0.00637649015802606	0.0002772387025228722	0.0038813418353202105	0.05822012752980316	0.039645134460770726	0.00249514832270585	0.028555586359855837	0.02134738009426116	0.010257831993346272	0.0008317161075686166	0.006099251455503188	0.023565289714444135	0.023288051011921263	0.0022179096201829776	0.014416412531189355	0.015525367341280842	0.02023842528416967	0.0008317161075686166	0.013030219018574993	0.008594399778209038	0.013030219018574993	0.0008317161075686166	0.009703354588300527	0.0	0.021070141391738288	0.0	0.01635708344884946	0.015525367341280842	0.018297754366509565	0.0019406709176601053	0.015802606043803714	0.02522872192958137	0.0038813418353202105	0.0019406709176601053	0.0016634322151372332	0.03326864430274466	0.03909065705572498	0.003049625727751594	0.02134738009426116
0.023288051011921263	0.02911006376490158	0.0019406709176601053	0.016911560853895204	0.029387302467424454	0.04574438591627391	0.0013861935126143609	0.023565289714444135	0.0	0.013030219018574993	0.0	0.009148877183254783	0.06237870806764624	0.0518436373717771	0.0036041031327973387	0.03326864430274466	0.026060438037149986	0.0149708899362351	0.0011089548100914888	0.010812309398392015	0.018020515663986693	0.022179096201829774	0.0013861935126143609	0.01386193512614361	0.005267535347934572	0.006099251455503188	0.0002772387025228722	0.004158580537843083	0.05822012752980316	0.03909065705572498	0.00249514832270585	0.02911006376490158	0.020792902689215416	0.010257831993346272	0.0013861935126143609	0.006099251455503188	0.02273357360687552	0.022456334904352646	0.003049625727751594	0.01524812863875797	0.0149708899362351	0.02023842528416967	0.0011089548100914888	0.013307457721097865	0.008594399778209038	0.013584696423620738	0.0008317161075686166	0.009148877183254783	0.0	0.020792902689215416	0.0	0.01663432215137233	0.015802606043803714	0.01885223177155531	0.0013861935126143609	0.015525367341280842	0.02522872192958137	0.004158580537843083	0.0019406709176601053	0.0013861935126143609	0.033545883005267535	0.04047685056833934	0.0027723870252287217	0.0199611865816468
0.02273357360687552	0.029387302467424454	0.00249514832270585	0.01663432215137233	0.02911006376490158	0.046576102023842526	0.0016634322151372332	0.02273357360687552	0.0	0.013307457721097865	0.0	0.00887163848073191	0.061546991960077624	0.05101192126420848	0.004435819240365955	0.03410036041031328	0.026060438037149986	0.014693651233712227	0.0011089548100914888	0.011089548100914887	0.01774327696146382	0.022179096201829774	0.0016634322151372332	0.01386193512614361	0.0055447740504574435	0.00637649015802606	0.0	0.0038813418353202105	0.05655669531466593	0.03909065705572498	0.0027723870252287217	0.0299417798724702	0.02023842528416967	0.010257831993346272	0.0019406709176601053	0.006099251455503188	0.022456334904352646	0.022179096201829774	0.0033268644302744664	0.015525367341280842	0.0149708899362351	0.02023842528416967	0.0011089548100914888	0.013307457721097865	0.008594399778209038	0.013307457721097865	0.0008317161075686166	0.009426115885777655	0.0	0.021070141391738288	0.0	0.01635708344884946	0.015802606043803714	0.018020515663986693	0.0011089548100914888	0.01663432215137233	0.024951483227058497	0.0038813418353202105	0.0022179096201829776	0.0016634322151372332	0.034932076517881896	0.0399223731632936	0.0019406709176601053	0.020515663986692544
0.02273357360687552	0.02883282506237871	0.00249514832270585	0.017188799556418076	0.028555586359855837	0.0468533407263654	0.0022179096201829776	0.022456334904352646	0.0	0.013307457721097865	0.0	0.00887163848073191	0.06210146936512337	0.051289159966731356	0.0038813418353202105	0.03382312170779041	0.02633767673967286	0.014693651233712227	0.0008317161075686166	0.011089548100914887	0.01774327696146382	0.022456334904352646	0.0013861935126143609	0.01386193512614361	0.0055447740504574435	0.006099251455503188	0.0	0.004158580537843083	0.05822012752980316	0.03881341835320211	0.003049625727751594	0.030219018574993067	0.020515663986692544	0.009426115885777655	0.0016634322151372332	0.006930967563071805	0.02273357360687552	0.02273357360687552	0.0022179096201829776	0.015802606043803714	0.0149708899362351	0.02023842528416967	0.0011089548100914888	0.013307457721097865	0.008317161075686166	0.013030219018574993	0.0011089548100914888	0.009703354588300527	0.0	0.020515663986692544	0.0	0.016911560853895204	0.015802606043803714	0.01885223177155531	0.0011089548100914888	0.015802606043803714	0.024674244524535625	0.004158580537843083	0.00249514832270585	0.0013861935126143609	0.03299140560022179	0.0399223731632936	0.0019406709176601053	0.020515663986692544
0.022456334904352646	0.02911006376490158	0.0027723870252287217	0.016911560853895204	0.028278347657332965	0.045189908511228165	0.00249514832270585	0.02411976711948988	0.0	0.013307457721097865	0.0	0.00887163848073191	0.06099251455503188	0.051289159966731356	0.0049902966454117	0.03382312170779041	0.025783199334627114	0.0149708899362351	0.0013861935126143609	0.010812309398392015	0.017466038258940948	0.022456334904352646	0.0016634322151372332	0.01386193512614361	0.0055447740504574435	0.005822012752980316	0.0	0.004435819240365955	0.057111172719711674	0.03881341835320211	0.004158580537843083	0.030219018574993067	0.021070141391738288	0.009426115885777655	0.0011089548100914888	0.006930967563071805	0.022456334904352646	0.02301081230939839	0.00249514832270585	0.015525367341280842	0.01524812863875797	0.020792902689215416	0.0008317161075686166	0.01275298031605212	0.008039922373163293	0.01275298031605212	0.0013861935126143609	0.0099805932908234	0.0	0.021070141391738288	0.0	0.01635708344884946	0.015802606043803714	0.018297754366509565	0.0011089548100914888	0.01635708344884946	0.024674244524535625	0.004158580537843083	0.00249514832270585	0.0013861935126143609	0.03271416689769892	0.03936789575824785	0.0022179096201829776	0.021070141391738288
0.02301081230939839	0.0299417798724702	0.0022179096201829776	0.016079844746326587	0.02883282506237871	0.04463543110618242	0.0019406709176601053	0.024674244524535625	0.0	0.013307457721097865	0.0	0.00887163848073191	0.06210146936512337	0.051289159966731356	0.0038813418353202105	0.03382312170779041	0.02522872192958137	0.01524812863875797	0.0019406709176601053	0.010535070695869144	0.01774327696146382	0.022179096201829774	0.0013861935126143609	0.014139173828666482	0.0055447740504574435	0.00637649015802606	0.0	0.0038813418353202105	0.05822012752980316	0.03936789575824785	0.0033268644302744664	0.0299417798724702	0.020515663986692544	0.009148877183254783	0.0016634322151372332	0.007208206265594677	0.023288051011921263	0.02301081230939839	0.0016634322151372332	0.015525367341280842	0.01524812863875797	0.020792902689215416	0.0008317161075686166	0.01275298031605212	0.008317161075686166	0.011644025505960632	0.0011089548100914888	0.011089548100914887	0.0	0.021070141391738288	0.0	0.01635708344884946	0.015525367341280842	0.018020515663986693	0.0013861935126143609	0.01663432215137233	0.025783199334627114	0.004158580537843083	0.0013861935126143609	0.0013861935126143609	0.0318824507901303	0.03909065705572498	0.00249514832270585	0.02134738009426116
0.02273357360687552	0.031050734682561684	0.00249514832270585	0.0149708899362351	0.02883282506237871	0.044080953701136676	0.0013861935126143609	0.025783199334627114	0.0	0.013030219018574993	0.0	0.009148877183254783	0.06126975325755475	0.05101192126420848	0.0047130579428888274	0.03410036041031328	0.02550596063210424	0.0149708899362351	0.0016634322151372332	0.010812309398392015	0.018020515663986693	0.0219018574993069	0.0011089548100914888	0.014416412531189355	0.0055447740504574435	0.006099251455503188	0.0	0.004158580537843083	0.05822012752980316	0.03936789575824785	0.0033268644302744664	0.030219018574993067	0.021070141391738288	0.009148877183254783	0.0011089548100914888	0.007208206265594677	0.023565289714444135	0.023288051011921263	0.0013861935126143609	0.01524812863875797	0.01524812863875797	0.02023842528416967	0.0008317161075686166	0.013307457721097865	0.008317161075686166	0.012198502911006376	0.0011089548100914888	0.010535070695869144	0.0	0.020792902689215416	0.0	0.01663432215137233	0.015525367341280842	0.017188799556418076	0.0011089548100914888	0.01774327696146382	0.026060438037149986	0.004158580537843083	0.0011089548100914888	0.0013861935126143609	0.03215968949265317	0.038536179650679236	0.0019406709176601053	0.0219018574993069
0.02301081230939839	0.030773495980038812	0.0022179096201829776	0.01524812863875797	0.028555586359855837	0.04324923759356806	0.0016634322151372332	0.02661491544219573	0.0	0.013030219018574993	0.0	0.009148877183254783	0.060438037149986135	0.05073468256168561	0.0055447740504574435	0.03437759911283615	0.02522872192958137	0.01524812863875797	0.0019406709176601053	0.010535070695869144	0.017466038258940948	0.021070141391738288	0.0016634322151372332	0.01524812863875797	0.0055447740504574435	0.00637649015802606	0.0	0.0038813418353202105	0.05766565012475742	0.04019961186581647	0.0036041031327973387	0.029664541169947326	0.02023842528416967	0.008317161075686166	0.0019406709176601053	0.008039922373163293	0.023565289714444135	0.023565289714444135	0.0013861935126143609	0.0149708899362351	0.01524812863875797	0.020792902689215416	0.0005544774050457444	0.013030219018574993	0.008594399778209038	0.012198502911006376	0.0008317161075686166	0.010535070695869144	0.0	0.0219018574993069	0.0	0.015525367341280842	0.015525367341280842	0.017188799556418076	0.0011089548100914888	0.01774327696146382	0.026060438037149986	0.0038813418353202105	0.0011089548100914888	0.0016634322151372332	0.03160521208760743	0.038536179650679236	0.00249514832270585	0.0219018574993069
0.02301081230939839	0.030773495980038812	0.0022179096201829776	0.01524812863875797	0.028555586359855837	0.04352647629609093	0.0013861935126143609	0.02661491544219573	0.0	0.013030219018574993	0.0	0.009148877183254783	0.0598835597449404	0.05101192126420848	0.006099251455503188	0.03410036041031328	0.025783199334627114	0.0149708899362351	0.0013861935126143609	0.010812309398392015	0.017466038258940948	0.020515663986692544	0.0016634322151372332	0.015802606043803714	0.0055447740504574435	0.00637649015802606	0.0	0.0038813418353202105	0.0568339340171888	0.0399223731632936	0.0036041031327973387	0.0299417798724702	0.02023842528416967	0.009148877183254783	0.0019406709176601053	0.007208206265594677	0.023288051011921263	0.02301081230939839	0.0016634322151372332	0.015525367341280842	0.015525367341280842	0.02162461879678403	0.0	0.012475741613529248	0.008594399778209038	0.01136678680343776	0.0008317161075686166	0.01136678680343776	0.0	0.02162461879678403	0.0	0.015802606043803714	0.015525367341280842	0.016911560853895204	0.0011089548100914888	0.018020515663986693	0.026060438037149986	0.0036041031327973387	0.0011089548100914888	0.0019406709176601053	0.032436928195176046	0.038258940948156364	0.00249514832270585	0.022179096201829774
0.02301081230939839	0.0299417798724702	0.0022179096201829776	0.016079844746326587	0.028555586359855837	0.044080953701136676	0.0013861935126143609	0.026060438037149986	0.0	0.013307457721097865	0.0	0.00887163848073191	0.060438037149986135	0.052398114776822845	0.0055447740504574435	0.03271416689769892	0.02522872192958137	0.0149708899362351	0.0019406709176601053	0.010812309398392015	0.018297754366509565	0.020792902689215416	0.0008317161075686166	0.015525367341280842	0.005267535347934572	0.006099251455503188	0.0002772387025228722	0.004158580537843083	0.05627945661214306	0.0399223731632936	0.0036041031327973387	0.030219018574993067	0.02023842528416967	0.009148877183254783	0.0019406709176601053	0.007208206265594677	0.02301081230939839	0.022179096201829774	0.0019406709176601053	0.01635708344884946	0.0149708899362351	0.020792902689215416	0.0005544774050457444	0.013307457721097865	0.00887163848073191	0.011089548100914887	0.0005544774050457444	0.011644025505960632	0.0	0.0219018574993069	0.0	0.015525367341280842	0.015525367341280842	0.01774327696146382	0.0011089548100914888	0.017188799556418076	0.02633767673967286	0.0036041031327973387	0.0008317161075686166	0.0019406709176601053	0.033545883005267535	0.038536179650679236	0.0016634322151372332	0.0219018574993069
0.02301081230939839	0.030219018574993067	0.0022179096201829776	0.015802606043803714	0.02883282506237871	0.04297199889104519	0.0011089548100914888	0.027169392847241475	0.0	0.01275298031605212	0.0	0.009426115885777655	0.06071527585250901	0.0518436373717771	0.005267535347934572	0.03326864430274466	0.02522872192958137	0.015525367341280842	0.0019406709176601053	0.010257831993346272	0.018297754366509565	0.02134738009426116	0.0008317161075686166	0.0149708899362351	0.005267535347934572	0.006099251455503188	0.0002772387025228722	0.004158580537843083	0.056002217909620185	0.03909065705572498	0.003049625727751594	0.031050734682561684	0.019683947879123927	0.009426115885777655	0.00249514832270585	0.006930967563071805	0.023288051011921263	0.02273357360687552	0.0016634322151372332	0.015802606043803714	0.0149708899362351	0.021070141391738288	0.0005544774050457444	0.013030219018574993	0.008594399778209038	0.011644025505960632	0.0008317161075686166	0.011089548100914887	0.0	0.02134738009426116	0.0	0.016079844746326587	0.015802606043803714	0.018020515663986693	0.0008317161075686166	0.016911560853895204	0.026060438037149986	0.0036041031327973387	0.0011089548100914888	0.0019406709176601053	0.03299140560022179	0.038258940948156364	0.003049625727751594	0.022179096201829774
0.02273357360687552	0.0299417798724702	0.00249514832270585	0.016079844746326587	0.028555586359855837	0.04297199889104519	0.0013861935126143609	0.027169392847241475	0.0	0.012475741613529248	0.0	0.009703354588300527	0.060438037149986135	0.0518436373717771	0.0055447740504574435	0.03326864430274466	0.024951483227058497	0.01524812863875797	0.0022179096201829776	0.010535070695869144	0.018297754366509565	0.02134738009426116	0.0008317161075686166	0.0149708899362351	0.005267535347934572	0.005822012752980316	0.0002772387025228722	0.004435819240365955	0.05572497920709731	0.03936789575824785	0.0036041031327973387	0.030773495980038812	0.019406709176601054	0.009426115885777655	0.0027723870252287217	0.006930967563071805	0.02301081230939839	0.02273357360687552	0.0019406709176601053	0.015802606043803714	0.014416412531189355	0.02134738009426116	0.0011089548100914888	0.01275298031605212	0.008594399778209038	0.011644025505960632	0.0008317161075686166	0.011089548100914887	0.0	0.02162461879678403	0.0	0.015802606043803714	0.015802606043803714	0.01774327696146382	0.0008317161075686166	0.017188799556418076	0.025783199334627114	0.0036041031327973387	0.0013861935126143609	0.0019406709176601053	0.03299140560022179	0.03798170224563349	0.0027723870252287217	0.022456334904352646
0.023842528416967008	0.03049625727751594	0.0013861935126143609	0.015525367341280842	0.028001108954810092	0.041863044080953704	0.0019406709176601053	0.028278347657332965	0.0	0.012475741613529248	0.0	0.009703354588300527	0.059606321042417525	0.0518436373717771	0.00637649015802606	0.03326864430274466	0.024674244524535625	0.0149708899362351	0.00249514832270585	0.010812309398392015	0.018574993069032437	0.0219018574993069	0.0005544774050457444	0.014416412531189355	0.005267535347934572	0.0055447740504574435	0.0002772387025228722	0.0047130579428888274	0.0568339340171888	0.03909065705572498	0.0033268644302744664	0.031050734682561684	0.019683947879123927	0.009426115885777655	0.00249514832270585	0.006930967563071805	0.023565289714444135	0.022179096201829774	0.0013861935126143609	0.01635708344884946	0.014416412531189355	0.021070141391738288	0.0008317161075686166	0.013307457721097865	0.008594399778209038	0.011089548100914887	0.0008317161075686166	0.011644025505960632	0.0	0.0219018574993069	0.0	0.015525367341280842	0.015802606043803714	0.01774327696146382	0.0008317161075686166	0.017188799556418076	0.026060438037149986	0.004158580537843083	0.0011089548100914888	0.0013861935126143609	0.03215968949265317	0.037149986138064875	0.0027723870252287217	0.023288051011921263
0.02411976711948988	0.030773495980038812	0.0011089548100914888	0.01524812863875797	0.026892154144718603	0.041863044080953704	0.0027723870252287217	0.028555586359855837	0.0	0.012198502911006376	0.0	0.0099805932908234	0.05877460493484891	0.05267535347934572	0.007208206265594677	0.032436928195176046	0.024951483227058497	0.0149708899362351	0.0022179096201829776	0.010812309398392015	0.018020515663986693	0.0219018574993069	0.0011089548100914888	0.014416412531189355	0.005267535347934572	0.0055447740504574435	0.0002772387025228722	0.0047130579428888274	0.057111172719711674	0.0399223731632936	0.0027723870252287217	0.030219018574993067	0.019683947879123927	0.009426115885777655	0.00249514832270585	0.006930967563071805	0.023565289714444135	0.0219018574993069	0.0013861935126143609	0.01663432215137233	0.014416412531189355	0.021070141391738288	0.0008317161075686166	0.013307457721097865	0.00887163848073191	0.01136678680343776	0.0005544774050457444	0.01136678680343776	0.0	0.02273357360687552	0.0	0.014693651233712227	0.01524812863875797	0.017466038258940948	0.0013861935126143609	0.017466038258940948	0.026060438037149986	0.0038813418353202105	0.0011089548100914888	0.0016634322151372332	0.0318824507901303	0.03798170224563349	0.0033268644302744664	0.022456334904352646
0.024397005822012752	0.031050734682561684	0.0008317161075686166	0.0149708899362351	0.027169392847241475	0.04158580537843083	0.00249514832270585	0.02883282506237871	0.0	0.011644025505960632	0.0	0.010535070695869144	0.0598835597449404	0.05267535347934572	0.006099251455503188	0.032436928195176046	0.024951483227058497	0.015802606043803714	0.0022179096201829776	0.0099805932908234	0.017188799556418076	0.0219018574993069	0.0016634322151372332	0.014693651233712227	0.005267535347934572	0.005822012752980316	0.0002772387025228722	0.004435819240365955	0.057388411422234546	0.03936789575824785	0.0022179096201829776	0.031050734682561684	0.019683947879123927	0.009148877183254783	0.00249514832270585	0.007208206265594677	0.023842528416967008	0.02162461879678403	0.0011089548100914888	0.016911560853895204	0.014416412531189355	0.02134738009426116	0.0005544774050457444	0.013307457721097865	0.008594399778209038	0.01136678680343776	0.0008317161075686166	0.01136678680343776	0.0	0.022456334904352646	0.0	0.0149708899362351	0.01524812863875797	0.018020515663986693	0.0013861935126143609	0.016911560853895204	0.02522872192958137	0.004158580537843083	0.0019406709176601053	0.0013861935126143609	0.032436928195176046	0.038258940948156364	0.0027723870252287217	0.022179096201829774
0.02411976711948988	0.031050734682561684	0.0011089548100914888	0.0149708899362351	0.02661491544219573	0.04103132797338509	0.003049625727751594	0.029387302467424454	0.0	0.011089548100914887	0.0	0.011089548100914887	0.06071527585250901	0.052398114776822845	0.005267535347934572	0.03271416689769892	0.024951483227058497	0.015525367341280842	0.0022179096201829776	0.010257831993346272	0.017188799556418076	0.02162461879678403	0.0016634322151372332	0.0149708899362351	0.005267535347934572	0.005822012752980316	0.0002772387025228722	0.004435819240365955	0.05655669531466593	0.038258940948156364	0.0022179096201829776	0.03215968949265317	0.0199611865816468	0.009426115885777655	0.0022179096201829776	0.006930967563071805	0.02273357360687552	0.022179096201829774	0.0022179096201829776	0.01635708344884946	0.014416412531189355	0.02134738009426116	0.0005544774050457444	0.013307457721097865	0.009148877183254783	0.01136678680343776	0.0002772387025228722	0.01136678680343776	0.0	0.02301081230939839	0.0	0.014416412531189355	0.015525367341280842	0.01774327696146382	0.0011089548100914888	0.017188799556418076	0.02522872192958137	0.004158580537843083	0.0019406709176601053	0.0013861935126143609	0.03382312170779041	0.03936789575824785	0.0022179096201829776	0.021070141391738288
0.02411976711948988	0.031050734682561684	0.0011089548100914888	0.0149708899362351	0.02661491544219573	0.04130856667590796	0.0027723870252287217	0.029387302467424454	0.0	0.010812309398392015	0.0	0.01136678680343776	0.06016079844746327	0.05295259218186859	0.005822012752980316	0.03215968949265317	0.024674244524535625	0.015525367341280842	0.00249514832270585	0.010257831993346272	0.017188799556418076	0.021070141391738288	0.0016634322151372332	0.015525367341280842	0.005267535347934572	0.005822012752980316	0.0	0.0047130579428888274	0.056002217909620185	0.038536179650679236	0.0027723870252287217	0.032436928195176046	0.021070141391738288	0.009703354588300527	0.0011089548100914888	0.006653728860548933	0.02301081230939839	0.0219018574993069	0.0019406709176601053	0.01663432215137233	0.01386193512614361	0.021070141391738288	0.0008317161075686166	0.01386193512614361	0.009148877183254783	0.011644025505960632	0.0	0.01136678680343776	0.0	0.023288051011921263	0.0	0.014139173828666482	0.01524812863875797	0.01774327696146382	0.0013861935126143609	0.017188799556418076	0.025783199334627114	0.004158580537843083	0.0013861935126143609	0.0013861935126143609	0.03410036041031328	0.03936789575824785	0.0013861935126143609	0.021070141391738288
0.024397005822012752	0.030219018574993067	0.0008317161075686166	0.015802606043803714	0.027169392847241475	0.04103132797338509	0.0022179096201829776	0.029664541169947326	0.0	0.010257831993346272	0.0	0.011921264208483504	0.061546991960077624	0.05295259218186859	0.004435819240365955	0.03215968949265317	0.024951483227058497	0.015525367341280842	0.0022179096201829776	0.010257831993346272	0.017188799556418076	0.020792902689215416	0.0016634322151372332	0.015802606043803714	0.005267535347934572	0.006099251455503188	0.0	0.004435819240365955	0.05544774050457444	0.03909065705572498	0.003049625727751594	0.03215968949265317	0.021070141391738288	0.009426115885777655	0.0011089548100914888	0.006930967563071805	0.02273357360687552	0.021070141391738288	0.0022179096201829776	0.017466038258940948	0.013584696423620738	0.020515663986692544	0.0008317161075686166	0.014693651233712227	0.009148877183254783	0.011644025505960632	0.0	0.01136678680343776	0.0	0.023288051011921263	0.0	0.014139173828666482	0.014693651233712227	0.017466038258940948	0.0019406709176601053	0.017466038258940948	0.026060438037149986	0.004158580537843083	0.0011089548100914888	0.0013861935126143609	0.033545883005267535	0.03798170224563349	0.0019406709176601053	0.022456334904352646
0.02411976711948988	0.030219018574993067	0.0011089548100914888	0.015802606043803714	0.027169392847241475	0.04019961186581647	0.0019406709176601053	0.030773495980038812	0.0	0.010535070695869144	0.0	0.011644025505960632	0.061546991960077624	0.05295259218186859	0.004435819240365955	0.03215968949265317	0.024951483227058497	0.015525367341280842	0.0022179096201829776	0.010257831993346272	0.016911560853895204	0.020515663986692544	0.0019406709176601053	0.016079844746326587	0.005267535347934572	0.00637649015802606	0.0	0.004158580537843083	0.05517050180205157	0.03936789575824785	0.0027723870252287217	0.0318824507901303	0.021070141391738288	0.009148877183254783	0.0011089548100914888	0.007208206265594677	0.022179096201829774	0.02134738009426116	0.0027723870252287217	0.017188799556418076	0.013584696423620738	0.021070141391738288	0.0008317161075686166	0.014139173828666482	0.009148877183254783	0.012475741613529248	0.0	0.010535070695869144	0.0	0.023565289714444135	0.0	0.01386193512614361	0.014693651233712227	0.017466038258940948	0.0019406709176601053	0.017466038258940948	0.026892154144718603	0.004158580537843083	0.0002772387025228722	0.0013861935126143609	0.03410036041031328	0.03742722484058775	0.0019406709176601053	0.02301081230939839
0.023288051011921263	0.03049625727751594	0.0019406709176601053	0.015525367341280842	0.027169392847241475	0.04047685056833934	0.0016634322151372332	0.030773495980038812	0.0	0.010257831993346272	0.0	0.011921264208483504	0.061546991960077624	0.053507069586914334	0.004435819240365955	0.03160521208760743	0.02522872192958137	0.015525367341280842	0.0019406709176601053	0.010257831993346272	0.017188799556418076	0.019683947879123927	0.0016634322151372332	0.016911560853895204	0.005267535347934572	0.006099251455503188	0.0	0.004435819240365955	0.05544774050457444	0.039645134460770726	0.0033268644302744664	0.0318824507901303	0.021070141391738288	0.00887163848073191	0.0011089548100914888	0.00748544496811755	0.0219018574993069	0.020792902689215416	0.003049625727751594	0.01774327696146382	0.01386193512614361	0.02162461879678403	0.0005544774050457444	0.013584696423620738	0.009148877183254783	0.01275298031605212	0.0	0.010257831993346272	0.0	0.02411976711948988	0.0	0.013307457721097865	0.014693651233712227	0.017466038258940948	0.0019406709176601053	0.017466038258940948	0.026892154144718603	0.0038813418353202105	0.0002772387025228722	0.0016634322151372332	0.03299140560022179	0.038258940948156364	0.0019406709176601053	0.022179096201829774
0.023565289714444135	0.030219018574993067	0.0016634322151372332	0.015802606043803714	0.02661491544219573	0.04019961186581647	0.0022179096201829776	0.031050734682561684	0.0	0.01136678680343776	0.0	0.010812309398392015	0.06210146936512337	0.053507069586914334	0.0038813418353202105	0.03160521208760743	0.02522872192958137	0.015525367341280842	0.0019406709176601053	0.010257831993346272	0.017188799556418076	0.02023842528416967	0.0016634322151372332	0.01635708344884946	0.005267535347934572	0.00637649015802606	0.0	0.004158580537843083	0.05572497920709731	0.04047685056833934	0.003049625727751594	0.031050734682561684	0.020792902689215416	0.008317161075686166	0.0013861935126143609	0.008039922373163293	0.022179096201829774	0.02134738009426116	0.0022179096201829776	0.01774327696146382	0.013584696423620738	0.0219018574993069	0.0008317161075686166	0.013307457721097865	0.009148877183254783	0.013307457721097865	0.0	0.009703354588300527	0.0	0.02411976711948988	0.0	0.013307457721097865	0.01524812863875797	0.018020515663986693	0.0013861935126143609	0.016911560853895204	0.02661491544219573	0.0038813418353202105	0.0005544774050457444	0.0016634322151372332	0.03299140560022179	0.038536179650679236	0.0019406709176601053	0.0219018574993069
0.02273357360687552	0.03049625727751594	0.00249514832270585	0.015525367341280842	0.02633767673967286	0.040754089270862215	0.00249514832270585	0.03049625727751594	0.0	0.011644025505960632	0.0	0.010535070695869144	0.061546991960077624	0.05101192126420848	0.004435819240365955	0.03410036041031328	0.025783199334627114	0.015525367341280842	0.0013861935126143609	0.010257831993346272	0.017188799556418076	0.020515663986692544	0.0016634322151372332	0.016079844746326587	0.0049902966454117	0.006653728860548933	0.0002772387025228722	0.0038813418353202105	0.05544774050457444	0.0399223731632936	0.0036041031327973387	0.03160521208760743	0.020792902689215416	0.008039922373163293	0.0013861935126143609	0.008317161075686166	0.02162461879678403	0.02134738009426116	0.00249514832270585	0.018020515663986693	0.014139173828666482	0.02134738009426116	0.0002772387025228722	0.01386193512614361	0.00887163848073191	0.013030219018574993	0.0	0.010257831993346272	0.0	0.023842528416967008	0.0	0.013584696423620738	0.01524812863875797	0.018297754366509565	0.0013861935126143609	0.01663432215137233	0.02633767673967286	0.004435819240365955	0.0008317161075686166	0.0011089548100914888	0.03299140560022179	0.03798170224563349	0.0016634322151372332	0.022456334904352646
0.022456334904352646	0.030773495980038812	0.0027723870252287217	0.01524812863875797	0.02633767673967286	0.04047685056833934	0.00249514832270585	0.030773495980038812	0.0	0.011644025505960632	0.0	0.010535070695869144	0.06126975325755475	0.049902966454116994	0.0047130579428888274	0.03520931522040477	0.026060438037149986	0.016911560853895204	0.0011089548100914888	0.00887163848073191	0.017188799556418076	0.02162461879678403	0.0016634322151372332	0.0149708899362351	0.0049902966454117	0.006653728860548933	0.0002772387025228722	0.0038813418353202105	0.05544774050457444	0.03936789575824785	0.0033268644302744664	0.032436928195176046	0.020515663986692544	0.008317161075686166	0.0016634322151372332	0.008039922373163293	0.0219018574993069	0.021070141391738288	0.0019406709176601053	0.018574993069032437	0.014139173828666482	0.02162461879678403	0.0002772387025228722	0.013584696423620738	0.00887163848073191	0.013584696423620738	0.0	0.009703354588300527	0.0	0.023842528416967008	0.0	0.013584696423620738	0.01524812863875797	0.018574993069032437	0.0013861935126143609	0.01635708344884946	0.02550596063210424	0.004158580537843083	0.0016634322151372332	0.0013861935126143609	0.03299140560022179	0.03798170224563349	0.0016634322151372332	0.022456334904352646
0.02273357360687552	0.030773495980038812	0.00249514832270585	0.01524812863875797	0.02661491544219573	0.04130856667590796	0.0022179096201829776	0.0299417798724702	0.0	0.012198502911006376	0.0	0.0099805932908234	0.06126975325755475	0.04907125034654838	0.0047130579428888274	0.036041031327973386	0.025783199334627114	0.016911560853895204	0.0013861935126143609	0.00887163848073191	0.01774327696146382	0.0219018574993069	0.0011089548100914888	0.014693651233712227	0.0049902966454117	0.00637649015802606	0.0002772387025228722	0.004158580537843083	0.054893263099528695	0.03909065705572498	0.003049625727751594	0.03299140560022179	0.020515663986692544	0.008039922373163293	0.0016634322151372332	0.008317161075686166	0.02273357360687552	0.020515663986692544	0.0011089548100914888	0.019129470474078182	0.014139173828666482	0.0219018574993069	0.0002772387025228722	0.013307457721097865	0.00887163848073191	0.013030219018574993	0.0	0.010257831993346272	0.0	0.023565289714444135	0.0	0.01386193512614361	0.01524812863875797	0.018297754366509565	0.0013861935126143609	0.01663432215137233	0.02522872192958137	0.004158580537843083	0.0019406709176601053	0.0013861935126143609	0.03326864430274466	0.03631827003049626	0.0019406709176601053	0.02411976711948988
0.02301081230939839	0.03049625727751594	0.0022179096201829776	0.015525367341280842	0.026892154144718603	0.04103132797338509	0.0019406709176601053	0.030219018574993067	0.0	0.011921264208483504	0.0	0.010257831993346272	0.06210146936512337	0.047685056833934016	0.0038813418353202105	0.03742722484058775	0.026060438037149986	0.01635708344884946	0.0011089548100914888	0.009426115885777655	0.017466038258940948	0.02162461879678403	0.0013861935126143609	0.0149708899362351	0.0047130579428888274	0.006653728860548933	0.0005544774050457444	0.0038813418353202105	0.05572497920709731	0.03881341835320211	0.0027723870252287217	0.03326864430274466	0.02023842528416967	0.008317161075686166	0.0019406709176601053	0.008039922373163293	0.022456334904352646	0.02162461879678403	0.0013861935126143609	0.018020515663986693	0.014139173828666482	0.022179096201829774	0.0002772387025228722	0.013030219018574993	0.00887163848073191	0.013030219018574993	0.0	0.010257831993346272	0.0	0.02411976711948988	0.0	0.013307457721097865	0.01524812863875797	0.017466038258940948	0.0011089548100914888	0.01774327696146382	0.02550596063210424	0.0038813418353202105	0.0016634322151372332	0.0016634322151372332	0.032436928195176046	0.03770446354311062	0.0022179096201829776	0.02273357360687552
0.02301081230939839	0.03049625727751594	0.0022179096201829776	0.015525367341280842	0.027169392847241475	0.040754089270862215	0.0016634322151372332	0.03049625727751594	0.0	0.011644025505960632	0.0	0.010535070695869144	0.061546991960077624	0.04823953423897976	0.004435819240365955	0.036872747435542	0.026060438037149986	0.015802606043803714	0.0011089548100914888	0.0099805932908234	0.017466038258940948	0.021070141391738288	0.0013861935126143609	0.015525367341280842	0.0047130579428888274	0.006653728860548933	0.0005544774050457444	0.0038813418353202105	0.053507069586914334	0.03909065705572498	0.0027723870252287217	0.03299140560022179	0.0199611865816468	0.008039922373163293	0.0022179096201829776	0.008317161075686166	0.02273357360687552	0.02162461879678403	0.0008317161075686166	0.018297754366509565	0.013584696423620738	0.02301081230939839	0.0008317161075686166	0.012198502911006376	0.008594399778209038	0.01275298031605212	0.0002772387025228722	0.010535070695869144	0.0	0.024951483227058497	0.0	0.012475741613529248	0.0149708899362351	0.017188799556418076	0.0013861935126143609	0.018020515663986693	0.024951483227058497	0.0038813418353202105	0.0022179096201829776	0.0016634322151372332	0.034654837815359024	0.037149986138064875	0.0022179096201829776	0.023288051011921263
0.02301081230939839	0.029664541169947326	0.0022179096201829776	0.01635708344884946	0.027169392847241475	0.040754089270862215	0.0016634322151372332	0.03049625727751594	0.0	0.011089548100914887	0.0	0.011089548100914887	0.06237870806764624	0.04934848904907125	0.0036041031327973387	0.03576379262545051	0.026060438037149986	0.0149708899362351	0.0011089548100914888	0.010812309398392015	0.018297754366509565	0.02134738009426116	0.0005544774050457444	0.01524812863875797	0.0047130579428888274	0.00637649015802606	0.0005544774050457444	0.004158580537843083	0.05433878569448295	0.04047685056833934	0.0022179096201829776	0.03160521208760743	0.02023842528416967	0.008039922373163293	0.0019406709176601053	0.008317161075686166	0.022456334904352646	0.0219018574993069	0.0011089548100914888	0.018020515663986693	0.01386193512614361	0.02301081230939839	0.0005544774050457444	0.012198502911006376	0.008594399778209038	0.013030219018574993	0.0002772387025228722	0.010257831993346272	0.0	0.023288051011921263	0.0	0.014139173828666482	0.0149708899362351	0.01774327696146382	0.0013861935126143609	0.017466038258940948	0.024397005822012752	0.0038813418353202105	0.0027723870252287217	0.0016634322151372332	0.03410036041031328	0.037149986138064875	0.00249514832270585	0.023288051011921263
0.02301081230939839	0.029387302467424454	0.0022179096201829776	0.01663432215137233	0.026892154144718603	0.03936789575824785	0.0019406709176601053	0.0318824507901303	0.0	0.010812309398392015	0.0	0.01136678680343776	0.06237870806764624	0.04934848904907125	0.0036041031327973387	0.03576379262545051	0.025783199334627114	0.014416412531189355	0.0013861935126143609	0.01136678680343776	0.018020515663986693	0.022456334904352646	0.0008317161075686166	0.014139173828666482	0.0047130579428888274	0.00637649015802606	0.0005544774050457444	0.004158580537843083	0.05461602439700582	0.040754089270862215	0.00249514832270585	0.03132797338508456	0.02023842528416967	0.008039922373163293	0.0019406709176601053	0.008317161075686166	0.022456334904352646	0.022179096201829774	0.0011089548100914888	0.01774327696146382	0.01386193512614361	0.023288051011921263	0.0005544774050457444	0.011921264208483504	0.008039922373163293	0.013030219018574993	0.0008317161075686166	0.010257831993346272	0.0	0.02301081230939839	0.0	0.014416412531189355	0.0149708899362351	0.01774327696146382	0.0013861935126143609	0.017466038258940948	0.02411976711948988	0.0038813418353202105	0.003049625727751594	0.0016634322151372332	0.033545883005267535	0.03659550873301913	0.00249514832270585	0.023842528416967008
0.023288051011921263	0.030219018574993067	0.0019406709176601053	0.015802606043803714	0.026892154144718603	0.03909065705572498	0.0019406709176601053	0.03215968949265317	0.0	0.01136678680343776	0.0	0.010812309398392015	0.06404214028278347	0.048794011644025505	0.0019406709176601053	0.03631827003049626	0.02550596063210424	0.0149708899362351	0.0016634322151372332	0.010812309398392015	0.01774327696146382	0.022456334904352646	0.0011089548100914888	0.014139173828666482	0.004435819240365955	0.006099251455503188	0.0008317161075686166	0.004435819240365955	0.05295259218186859	0.03936789575824785	0.00249514832270585	0.03271416689769892	0.020792902689215416	0.00887163848073191	0.0013861935126143609	0.00748544496811755	0.022456334904352646	0.02162461879678403	0.0011089548100914888	0.018297754366509565	0.013584696423620738	0.023565289714444135	0.0008317161075686166	0.011644025505960632	0.008317161075686166	0.013307457721097865	0.0005544774050457444	0.0099805932908234	0.0	0.02273357360687552	0.0	0.014693651233712227	0.01524812863875797	0.018297754366509565	0.0011089548100914888	0.016911560853895204	0.023842528416967008	0.0038813418353202105	0.0033268644302744664	0.0016634322151372332	0.03520931522040477	0.037149986138064875	0.00249514832270585	0.023288051011921263
0.02301081230939839	0.029664541169947326	0.0022179096201829776	0.01635708344884946	0.02633767673967286	0.038258940948156364	0.00249514832270585	0.03299140560022179	0.0	0.011644025505960632	0.0	0.010535070695869144	0.06348766287773773	0.04934848904907125	0.00249514832270585	0.03576379262545051	0.02633767673967286	0.0149708899362351	0.0008317161075686166	0.010812309398392015	0.01774327696146382	0.02273357360687552	0.0011089548100914888	0.01386193512614361	0.004435819240365955	0.006099251455503188	0.0008317161075686166	0.004435819240365955	0.053507069586914334	0.039645134460770726	0.0027723870252287217	0.032436928195176046	0.020515663986692544	0.009426115885777655	0.0016634322151372332	0.006930967563071805	0.022456334904352646	0.022179096201829774	0.0011089548100914888	0.01774327696146382	0.013584696423620738	0.022456334904352646	0.0008317161075686166	0.01275298031605212	0.007762683670640421	0.013307457721097865	0.0008317161075686166	0.010257831993346272	0.0	0.02273357360687552	0.0	0.014693651233712227	0.015525367341280842	0.019129470474078182	0.0008317161075686166	0.016079844746326587	0.024674244524535625	0.0038813418353202105	0.00249514832270585	0.0016634322151372332	0.03437759911283615	0.036872747435542	0.00249514832270585	0.023565289714444135
0.02301081230939839	0.029664541169947326	0.0022179096201829776	0.01635708344884946	0.02633767673967286	0.03742722484058775	0.00249514832270585	0.03382312170779041	0.0	0.011089548100914887	0.0	0.011089548100914887	0.06404214028278347	0.049902966454116994	0.0019406709176601053	0.03520931522040477	0.02661491544219573	0.014693651233712227	0.0005544774050457444	0.011089548100914887	0.01774327696146382	0.023565289714444135	0.0011089548100914888	0.013030219018574993	0.0047130579428888274	0.005822012752980316	0.0005544774050457444	0.0047130579428888274	0.052398114776822845	0.03909065705572498	0.0027723870252287217	0.03299140560022179	0.019683947879123927	0.009703354588300527	0.00249514832270585	0.006653728860548933	0.022456334904352646	0.023288051011921263	0.0011089548100914888	0.01663432215137233	0.01386193512614361	0.02273357360687552	0.0005544774050457444	0.012475741613529248	0.007762683670640421	0.013030219018574993	0.0008317161075686166	0.010535070695869144	0.0	0.023565289714444135	0.0	0.01386193512614361	0.015802606043803714	0.01885223177155531	0.0005544774050457444	0.01635708344884946	0.02522872192958137	0.004158580537843083	0.0019406709176601053	0.0013861935126143609	0.03576379262545051	0.03576379262545051	0.0022179096201829776	0.024674244524535625
0.02411976711948988	0.029387302467424454	0.0011089548100914888	0.01663432215137233	0.026060438037149986	0.03770446354311062	0.0027723870252287217	0.033545883005267535	0.0	0.011644025505960632	0.0	0.010535070695869144	0.0637649015802606	0.049902966454116994	0.0022179096201829776	0.03520931522040477	0.02661491544219573	0.014693651233712227	0.0005544774050457444	0.011089548100914887	0.01774327696146382	0.023565289714444135	0.0011089548100914888	0.013030219018574993	0.0047130579428888274	0.005822012752980316	0.0005544774050457444	0.0047130579428888274	0.05156639866925423	0.03909065705572498	0.00249514832270585	0.03299140560022179	0.02023842528416967	0.009426115885777655	0.0019406709176601053	0.006930967563071805	0.022179096201829774	0.023288051011921263	0.0013861935126143609	0.01663432215137233	0.014139173828666482	0.02273357360687552	0.0002772387025228722	0.012475741613529248	0.007762683670640421	0.013584696423620738	0.0008317161075686166	0.0099805932908234	0.0	0.023565289714444135	0.0	0.01386193512614361	0.015802606043803714	0.019406709176601054	0.0005544774050457444	0.015802606043803714	0.02633767673967286	0.0038813418353202105	0.0008317161075686166	0.0016634322151372332	0.037149986138064875	0.034654837815359024	0.0019406709176601053	0.025783199334627114
0.024397005822012752	0.0299417798724702	0.0008317161075686166	0.016079844746326587	0.02633767673967286	0.038536179650679236	0.00249514832270585	0.03271416689769892	0.0	0.01136678680343776	0.0	0.010812309398392015	0.06237870806764624	0.05045744385916274	0.0036041031327973387	0.034654837815359024	0.02633767673967286	0.014416412531189355	0.0008317161075686166	0.01136678680343776	0.017188799556418076	0.023288051011921263	0.0016634322151372332	0.013307457721097865	0.0047130579428888274	0.006099251455503188	0.0005544774050457444	0.004435819240365955	0.05101192126420848	0.03909065705572498	0.003049625727751594	0.03299140560022179	0.020792902689215416	0.009703354588300527	0.0013861935126143609	0.006653728860548933	0.022179096201829774	0.022456334904352646	0.0011089548100914888	0.01774327696146382	0.014139173828666482	0.02301081230939839	0.0002772387025228722	0.012198502911006376	0.007762683670640421	0.01386193512614361	0.0008317161075686166	0.009703354588300527	0.0	0.023288051011921263	0.0	0.014139173828666482	0.015802606043803714	0.019129470474078182	0.0005544774050457444	0.016079844746326587	0.02661491544219573	0.0038813418353202105	0.0005544774050457444	0.0016634322151372332	0.03742722484058775	0.03299140560022179	0.0016634322151372332	0.027446631549764348
0.024951483227058497	0.030219018574993067	0.0002772387025228722	0.015802606043803714	0.026060438037149986	0.03881341835320211	0.0027723870252287217	0.032436928195176046	0.0	0.01136678680343776	0.0	0.010812309398392015	0.06237870806764624	0.04934848904907125	0.0036041031327973387	0.03576379262545051	0.02633767673967286	0.014139173828666482	0.0008317161075686166	0.011644025505960632	0.01663432215137233	0.023565289714444135	0.0022179096201829776	0.013030219018574993	0.0047130579428888274	0.00637649015802606	0.0005544774050457444	0.004158580537843083	0.05156639866925423	0.03936789575824785	0.0022179096201829776	0.03271416689769892	0.020792902689215416	0.009703354588300527	0.0013861935126143609	0.006653728860548933	0.022179096201829774	0.022179096201829774	0.0011089548100914888	0.018020515663986693	0.014139173828666482	0.023288051011921263	0.0002772387025228722	0.011921264208483504	0.007762683670640421	0.014139173828666482	0.0008317161075686166	0.009426115885777655	0.0	0.023842528416967008	0.0	0.013584696423620738	0.015802606043803714	0.018297754366509565	0.0005544774050457444	0.016911560853895204	0.02633767673967286	0.0038813418353202105	0.0008317161075686166	0.0016634322151372332	0.03742722484058775	0.03271416689769892	0.0019406709176601053	0.02772387025228722
0.024951483227058497	0.03049625727751594	0.0002772387025228722	0.015525367341280842	0.026060438037149986	0.04047685056833934	0.0027723870252287217	0.030773495980038812	0.0	0.01136678680343776	0.0	0.010812309398392015	0.06237870806764624	0.04851677294150263	0.0036041031327973387	0.03659550873301913	0.02633767673967286	0.014139173828666482	0.0008317161075686166	0.011644025505960632	0.017466038258940948	0.023288051011921263	0.0011089548100914888	0.013584696423620738	0.0047130579428888274	0.006099251455503188	0.0005544774050457444	0.004435819240365955	0.05101192126420848	0.03936789575824785	0.0027723870252287217	0.03271416689769892	0.020515663986692544	0.0099805932908234	0.0016634322151372332	0.00637649015802606	0.022179096201829774	0.022179096201829774	0.0011089548100914888	0.018020515663986693	0.014139173828666482	0.023288051011921263	0.0002772387025228722	0.011921264208483504	0.008039922373163293	0.01275298031605212	0.0005544774050457444	0.010812309398392015	0.0	0.02411976711948988	0.0	0.013307457721097865	0.015802606043803714	0.018574993069032437	0.0005544774050457444	0.01663432215137233	0.026060438037149986	0.0038813418353202105	0.0011089548100914888	0.0016634322151372332	0.03742722484058775	0.032436928195176046	0.0019406709176601053	0.028001108954810092
0.024951483227058497	0.030219018574993067	0.0002772387025228722	0.015802606043803714	0.02661491544219573	0.04047685056833934	0.0022179096201829776	0.030773495980038812	0.0	0.011089548100914887	0.0	0.011089548100914887	0.06265594677016911	0.04740781813141114	0.0033268644302744664	0.03770446354311062	0.02522872192958137	0.014139173828666482	0.0019406709176601053	0.011644025505960632	0.016911560853895204	0.022456334904352646	0.0016634322151372332	0.014416412531189355	0.004435819240365955	0.005822012752980316	0.0008317161075686166	0.0047130579428888274	0.05101192126420848	0.03909065705572498	0.0027723870252287217	0.03326864430274466	0.02023842528416967	0.010812309398392015	0.0019406709176601053	0.0055447740504574435	0.022456334904352646	0.02273357360687552	0.0002772387025228722	0.018020515663986693	0.014416412531189355	0.023288051011921263	0.0	0.011921264208483504	0.007762683670640421	0.012475741613529248	0.0008317161075686166	0.011089548100914887	0.0	0.023842528416967008	0.0	0.013584696423620738	0.015802606043803714	0.018574993069032437	0.0005544774050457444	0.01663432215137233	0.026060438037149986	0.0038813418353202105	0.0011089548100914888	0.0016634322151372332	0.03659550873301913	0.03326864430274466	0.00249514832270585	0.027169392847241475
0.024951483227058497	0.03049625727751594	0.0002772387025228722	0.015525367341280842	0.027446631549764348	0.04047685056833934	0.0013861935126143609	0.030773495980038812	0.0	0.01136678680343776	0.0	0.010812309398392015	0.0637649015802606	0.04796229553645689	0.0022179096201829776	0.037149986138064875	0.02522872192958137	0.01386193512614361	0.0019406709176601053	0.011921264208483504	0.017188799556418076	0.02273357360687552	0.0011089548100914888	0.014416412531189355	0.004158580537843083	0.006099251455503188	0.0011089548100914888	0.004435819240365955	0.05073468256168561	0.03909065705572498	0.00249514832270585	0.03326864430274466	0.0199611865816468	0.0099805932908234	0.0022179096201829776	0.00637649015802606	0.022179096201829774	0.022179096201829774	0.0005544774050457444	0.018574993069032437	0.014416412531189355	0.02301081230939839	0.0	0.012198502911006376	0.00748544496811755	0.013030219018574993	0.0008317161075686166	0.010812309398392015	0.0	0.023842528416967008	0.0	0.013584696423620738	0.015802606043803714	0.018020515663986693	0.0005544774050457444	0.017188799556418076	0.02661491544219573	0.0036041031327973387	0.0005544774050457444	0.0019406709176601053	0.03742722484058775	0.03382312170779041	0.0022179096201829776	0.02661491544219573
0.024674244524535625	0.029664541169947326	0.0005544774050457444	0.01635708344884946	0.02661491544219573	0.04019961186581647	0.0019406709176601053	0.03132797338508456	0.0	0.011644025505960632	0.0	0.010535070695869144	0.0637649015802606	0.04907125034654838	0.0022179096201829776	0.036041031327973386	0.02550596063210424	0.015525367341280842	0.0016634322151372332	0.010257831993346272	0.01774327696146382	0.022179096201829774	0.0005544774050457444	0.0149708899362351	0.004435819240365955	0.006099251455503188	0.0008317161075686166	0.004435819240365955	0.05045744385916274	0.03936789575824785	0.0022179096201829776	0.03299140560022179	0.02023842528416967	0.010535070695869144	0.0019406709176601053	0.005822012752980316	0.0219018574993069	0.022179096201829774	0.0005544774050457444	0.01885223177155531	0.014416412531189355	0.023288051011921263	0.0	0.011921264208483504	0.007208206265594677	0.013307457721097865	0.0011089548100914888	0.010535070695869144	0.0	0.023842528416967008	0.0	0.013584696423620738	0.016079844746326587	0.018020515663986693	0.0002772387025228722	0.017188799556418076	0.026060438037149986	0.0036041031327973387	0.0011089548100914888	0.0019406709176601053	0.038258940948156364	0.03437759911283615	0.0019406709176601053	0.026060438037149986
0.024674244524535625	0.030219018574993067	0.0005544774050457444	0.015802606043803714	0.02633767673967286	0.041863044080953704	0.0022179096201829776	0.029664541169947326	0.0	0.011921264208483504	0.0	0.010257831993346272	0.06293318547269199	0.04934848904907125	0.003049625727751594	0.03576379262545051	0.025783199334627114	0.014693651233712227	0.0013861935126143609	0.011089548100914887	0.01774327696146382	0.022456334904352646	0.0005544774050457444	0.014693651233712227	0.004435819240365955	0.005822012752980316	0.0008317161075686166	0.0047130579428888274	0.04851677294150263	0.038536179650679236	0.003049625727751594	0.03437759911283615	0.019683947879123927	0.010812309398392015	0.00249514832270585	0.0055447740504574435	0.02162461879678403	0.022179096201829774	0.0008317161075686166	0.01885223177155531	0.01386193512614361	0.023288051011921263	0.0005544774050457444	0.011921264208483504	0.007208206265594677	0.013030219018574993	0.0011089548100914888	0.010812309398392015	0.0	0.02273357360687552	0.0	0.014693651233712227	0.01635708344884946	0.017466038258940948	0.0	0.01774327696146382	0.02550596063210424	0.0036041031327973387	0.0016634322151372332	0.0019406709176601053	0.03881341835320211	0.03437759911283615	0.0019406709176601053	0.026060438037149986
0.023842528416967008	0.030219018574993067	0.0013861935126143609	0.015802606043803714	0.026892154144718603	0.04269476018852232	0.0016634322151372332	0.02883282506237871	0.0	0.012198502911006376	0.0	0.0099805932908234	0.06237870806764624	0.05156639866925423	0.0036041031327973387	0.033545883005267535	0.025783199334627114	0.014693651233712227	0.0013861935126143609	0.011089548100914887	0.01774327696146382	0.023842528416967008	0.0005544774050457444	0.013307457721097865	0.0038813418353202105	0.005822012752980316	0.0011089548100914888	0.0049902966454117	0.047685056833934016	0.03798170224563349	0.0033268644302744664	0.03520931522040477	0.02023842528416967	0.011644025505960632	0.0019406709176601053	0.0047130579428888274	0.02162461879678403	0.022179096201829774	0.0008317161075686166	0.01885223177155531	0.01386193512614361	0.023288051011921263	0.0005544774050457444	0.011921264208483504	0.00748544496811755	0.013030219018574993	0.0008317161075686166	0.010812309398392015	0.0	0.02301081230939839	0.0	0.014416412531189355	0.015525367341280842	0.018020515663986693	0.0005544774050457444	0.017466038258940948	0.02550596063210424	0.0036041031327973387	0.0016634322151372332	0.0019406709176601053	0.03909065705572498	0.03382312170779041	0.0019406709176601053	0.02661491544219573
0.023565289714444135	0.029387302467424454	0.0016634322151372332	0.01663432215137233	0.026892154144718603	0.04324923759356806	0.0016634322151372332	0.028278347657332965	0.0	0.012475741613529248	0.0	0.009703354588300527	0.06237870806764624	0.05322983088439146	0.0036041031327973387	0.0318824507901303	0.02550596063210424	0.0149708899362351	0.0016634322151372332	0.010812309398392015	0.01774327696146382	0.023842528416967008	0.0005544774050457444	0.013307457721097865	0.0038813418353202105	0.005822012752980316	0.0011089548100914888	0.0049902966454117	0.04713057942888827	0.039645134460770726	0.0033268644302744664	0.033545883005267535	0.020515663986692544	0.011089548100914887	0.0016634322151372332	0.005267535347934572	0.02162461879678403	0.023288051011921263	0.0008317161075686166	0.01774327696146382	0.013584696423620738	0.02301081230939839	0.0008317161075686166	0.012198502911006376	0.007762683670640421	0.013030219018574993	0.0005544774050457444	0.010812309398392015	0.0	0.02301081230939839	0.0	0.014416412531189355	0.015525367341280842	0.018574993069032437	0.0005544774050457444	0.016911560853895204	0.026060438037149986	0.0036041031327973387	0.0011089548100914888	0.0019406709176601053	0.03909065705572498	0.033545883005267535	0.00249514832270585	0.026892154144718603
0.02411976711948988	0.029664541169947326	0.0011089548100914888	0.01635708344884946	0.026060438037149986	0.042140282783476576	0.00249514832270585	0.029387302467424454	0.0	0.012475741613529248	0.0	0.009703354588300527	0.06237870806764624	0.053507069586914334	0.0036041031327973387	0.03160521208760743	0.026060438037149986	0.015802606043803714	0.0011089548100914888	0.0099805932908234	0.01774327696146382	0.02411976711948988	0.0005544774050457444	0.013030219018574993	0.004158580537843083	0.0055447740504574435	0.0008317161075686166	0.005267535347934572	0.046576102023842526	0.04047685056833934	0.0036041031327973387	0.03271416689769892	0.020515663986692544	0.010535070695869144	0.0016634322151372332	0.005822012752980316	0.022456334904352646	0.022456334904352646	0.0	0.018574993069032437	0.013307457721097865	0.023565289714444135	0.0011089548100914888	0.011644025505960632	0.008317161075686166	0.01275298031605212	0.0	0.011089548100914887	0.0	0.022456334904352646	0.0	0.0149708899362351	0.016079844746326587	0.018297754366509565	0.0	0.017188799556418076	0.02633767673967286	0.0033268644302744664	0.0008317161075686166	0.0022179096201829776	0.03936789575824785	0.03548655392292764	0.00249514832270585	0.024951483227058497
0.023565289714444135	0.0299417798724702	0.0016634322151372332	0.016079844746326587	0.025783199334627114	0.04158580537843083	0.0027723870252287217	0.0299417798724702	0.0	0.012198502911006376	0.0	0.0099805932908234	0.06265594677016911	0.05267535347934572	0.0033268644302744664	0.032436928195176046	0.026060438037149986	0.016079844746326587	0.0011089548100914888	0.009703354588300527	0.01774327696146382	0.023565289714444135	0.0005544774050457444	0.013584696423620738	0.004158580537843083	0.0055447740504574435	0.0008317161075686166	0.005267535347934572	0.04740781813141114	0.04047685056833934	0.003049625727751594	0.03299140560022179	0.02023842528416967	0.010535070695869144	0.0019406709176601053	0.005822012752980316	0.022179096201829774	0.022456334904352646	0.0002772387025228722	0.018574993069032437	0.013307457721097865	0.024397005822012752	0.0011089548100914888	0.010812309398392015	0.008317161075686166	0.01275298031605212	0.0	0.011089548100914887	0.0	0.022456334904352646	0.0	0.0149708899362351	0.015802606043803714	0.019406709176601054	0.0002772387025228722	0.016079844746326587	0.025783199334627114	0.0033268644302744664	0.0013861935126143609	0.0022179096201829776	0.03909065705572498	0.03631827003049626	0.0022179096201829776	0.02411976711948988
0.023842528416967008	0.030219018574993067	0.0013861935126143609	0.015802606043803714	0.024951483227058497	0.04130856667590796	0.0036041031327973387	0.030219018574993067	0.0	0.012198502911006376	0.0	0.0099805932908234	0.06265594677016911	0.053507069586914334	0.0033268644302744664	0.03160521208760743	0.026060438037149986	0.016079844746326587	0.0011089548100914888	0.009703354588300527	0.01774327696146382	0.02411976711948988	0.0005544774050457444	0.013030219018574993	0.004435819240365955	0.0049902966454117	0.0005544774050457444	0.005822012752980316	0.04740781813141114	0.04130856667590796	0.0033268644302744664	0.03215968949265317	0.020515663986692544	0.010257831993346272	0.0016634322151372332	0.006099251455503188	0.0219018574993069	0.022179096201829774	0.0005544774050457444	0.01885223177155531	0.013307457721097865	0.02411976711948988	0.0011089548100914888	0.011089548100914887	0.008317161075686166	0.012475741613529248	0.0	0.01136678680343776	0.0	0.022456334904352646	0.0	0.0149708899362351	0.01524812863875797	0.02023842528416967	0.0005544774050457444	0.015525367341280842	0.025783199334627114	0.003049625727751594	0.0013861935126143609	0.00249514832270585	0.03798170224563349	0.036041031327973386	0.003049625727751594	0.024397005822012752
0.023842528416967008	0.0299417798724702	0.0013861935126143609	0.016079844746326587	0.02550596063210424	0.042140282783476576	0.003049625727751594	0.029387302467424454	0.0	0.012198502911006376	0.0	0.0099805932908234	0.06265594677016911	0.05295259218186859	0.0033268644302744664	0.03215968949265317	0.025783199334627114	0.016079844746326587	0.0013861935126143609	0.009703354588300527	0.018020515663986693	0.023288051011921263	0.0002772387025228722	0.01386193512614361	0.004435819240365955	0.0049902966454117	0.0005544774050457444	0.005822012752980316	0.0468533407263654	0.041863044080953704	0.0038813418353202105	0.0318824507901303	0.021070141391738288	0.010535070695869144	0.0011089548100914888	0.005822012752980316	0.0219018574993069	0.0219018574993069	0.0005544774050457444	0.019129470474078182	0.013307457721097865	0.024397005822012752	0.0011089548100914888	0.010812309398392015	0.008317161075686166	0.013030219018574993	0.0	0.010812309398392015	0.0	0.022179096201829774	0.0	0.01524812863875797	0.015525367341280842	0.0199611865816468	0.0002772387025228722	0.015802606043803714	0.02633767673967286	0.003049625727751594	0.0008317161075686166	0.00249514832270585	0.03742722484058775	0.03576379262545051	0.0033268644302744664	0.024674244524535625
0.02411976711948988	0.02883282506237871	0.0011089548100914888	0.017188799556418076	0.025783199334627114	0.042140282783476576	0.0027723870252287217	0.029387302467424454	0.0	0.013030219018574993	0.0	0.009148877183254783	0.06237870806764624	0.05267535347934572	0.0036041031327973387	0.032436928195176046	0.025783199334627114	0.01635708344884946	0.0013861935126143609	0.009426115885777655	0.017466038258940948	0.023565289714444135	0.0008317161075686166	0.013584696423620738	0.004435819240365955	0.0049902966454117	0.0005544774050457444	0.005822012752980316	0.04463543110618242	0.042140282783476576	0.004435819240365955	0.03160521208760743	0.020792902689215416	0.010535070695869144	0.0013861935126143609	0.005822012752980316	0.02134738009426116	0.02273357360687552	0.0011089548100914888	0.018297754366509565	0.013307457721097865	0.023565289714444135	0.0011089548100914888	0.011644025505960632	0.008039922373163293	0.013584696423620738	0.0002772387025228722	0.010257831993346272	0.0	0.02162461879678403	0.0	0.015802606043803714	0.015525367341280842	0.02023842528416967	0.0002772387025228722	0.015525367341280842	0.02633767673967286	0.0027723870252287217	0.0008317161075686166	0.0027723870252287217	0.03909065705572498	0.03520931522040477	0.0033268644302744664	0.02522872192958137
0.02411976711948988	0.02883282506237871	0.0011089548100914888	0.017188799556418076	0.02550596063210424	0.04241752148599945	0.0027723870252287217	0.029387302467424454	0.0	0.013030219018574993	0.0	0.009148877183254783	0.06265594677016911	0.05322983088439146	0.0033268644302744664	0.0318824507901303	0.026060438037149986	0.01635708344884946	0.0011089548100914888	0.009426115885777655	0.017466038258940948	0.022456334904352646	0.0008317161075686166	0.014693651233712227	0.0049902966454117	0.004435819240365955	0.0	0.00637649015802606	0.04574438591627391	0.04269476018852232	0.0038813418353202105	0.03132797338508456	0.020515663986692544	0.010257831993346272	0.0016634322151372332	0.006099251455503188	0.020792902689215416	0.023842528416967008	0.0016634322151372332	0.017188799556418076	0.013584696423620738	0.023288051011921263	0.0008317161075686166	0.011921264208483504	0.008039922373163293	0.014139173828666482	0.0002772387025228722	0.009703354588300527	0.0	0.02134738009426116	0.0	0.016079844746326587	0.015525367341280842	0.02023842528416967	0.0002772387025228722	0.015525367341280842	0.02633767673967286	0.00249514832270585	0.0008317161075686166	0.003049625727751594	0.03798170224563349	0.034932076517881896	0.0036041031327973387	0.02550596063210424
0.02411976711948988	0.02911006376490158	0.0011089548100914888	0.016911560853895204	0.025783199334627114	0.042140282783476576	0.00249514832270585	0.029664541169947326	0.0	0.01275298031605212	0.0	0.009426115885777655	0.06210146936512337	0.05322983088439146	0.0038813418353202105	0.0318824507901303	0.026060438037149986	0.016911560853895204	0.0011089548100914888	0.00887163848073191	0.016911560853895204	0.02301081230939839	0.0013861935126143609	0.014139173828666482	0.0049902966454117	0.004435819240365955	0.0	0.00637649015802606	0.04823953423897976	0.04241752148599945	0.003049625727751594	0.03160521208760743	0.020515663986692544	0.010257831993346272	0.0016634322151372332	0.006099251455503188	0.020515663986692544	0.023842528416967008	0.0019406709176601053	0.017188799556418076	0.01386193512614361	0.023288051011921263	0.0005544774050457444	0.011921264208483504	0.008039922373163293	0.01386193512614361	0.0002772387025228722	0.0099805932908234	0.0	0.02134738009426116	0.0	0.016079844746326587	0.01524812863875797	0.0199611865816468	0.0005544774050457444	0.015802606043803714	0.026060438037149986	0.0019406709176601053	0.0011089548100914888	0.0036041031327973387	0.036872747435542	0.03382312170779041	0.003049625727751594	0.02661491544219573
0.023288051011921263	0.029387302467424454	0.0019406709176601053	0.01663432215137233	0.02550596063210424	0.04130856667590796	0.0027723870252287217	0.03049625727751594	0.0	0.013030219018574993	0.0	0.009148877183254783	0.061546991960077624	0.053507069586914334	0.004435819240365955	0.03160521208760743	0.02550596063210424	0.015802606043803714	0.0016634322151372332	0.0099805932908234	0.01635708344884946	0.02273357360687552	0.0016634322151372332	0.014693651233712227	0.0049902966454117	0.0047130579428888274	0.0	0.006099251455503188	0.04740781813141114	0.042140282783476576	0.0038813418353202105	0.0318824507901303	0.020792902689215416	0.0099805932908234	0.0013861935126143609	0.00637649015802606	0.02023842528416967	0.023842528416967008	0.0022179096201829776	0.017188799556418076	0.014139173828666482	0.023565289714444135	0.0	0.011921264208483504	0.007762683670640421	0.013307457721097865	0.0005544774050457444	0.010535070695869144	0.0	0.021070141391738288	0.0	0.01635708344884946	0.015525367341280842	0.019406709176601054	0.0002772387025228722	0.01635708344884946	0.026060438037149986	0.0022179096201829776	0.0011089548100914888	0.0033268644302744664	0.037149986138064875	0.034932076517881896	0.0027723870252287217	0.02550596063210424
0.02301081230939839	0.030219018574993067	0.0022179096201829776	0.015802606043803714	0.024951483227058497	0.04103132797338509	0.0033268644302744664	0.030773495980038812	0.0	0.01275298031605212	0.0	0.009426115885777655	0.06126975325755475	0.052398114776822845	0.0047130579428888274	0.03271416689769892	0.02522872192958137	0.01635708344884946	0.0019406709176601053	0.009426115885777655	0.01663432215137233	0.022179096201829774	0.0013861935126143609	0.01524812863875797	0.0049902966454117	0.0047130579428888274	0.0	0.006099251455503188	0.04907125034654838	0.04297199889104519	0.0036041031327973387	0.031050734682561684	0.020515663986692544	0.009703354588300527	0.0016634322151372332	0.006653728860548933	0.02023842528416967	0.023288051011921263	0.0022179096201829776	0.01774327696146382	0.01386193512614361	0.022456334904352646	0.0002772387025228722	0.013030219018574993	0.007762683670640421	0.01386193512614361	0.0002772387025228722	0.010257831993346272	0.0	0.0219018574993069	0.0	0.015525367341280842	0.015525367341280842	0.019129470474078182	0.0002772387025228722	0.01663432215137233	0.025783199334627114	0.0019406709176601053	0.0013861935126143609	0.0036041031327973387	0.03576379262545051	0.034932076517881896	0.0027723870252287217	0.02550596063210424
0.023288051011921263	0.0299417798724702	0.0019406709176601053	0.016079844746326587	0.024674244524535625	0.04103132797338509	0.0036041031327973387	0.030773495980038812	0.0	0.01275298031605212	0.0	0.009426115885777655	0.06237870806764624	0.05267535347934572	0.0036041031327973387	0.032436928195176046	0.02411976711948988	0.01635708344884946	0.003049625727751594	0.009426115885777655	0.01663432215137233	0.02162461879678403	0.0013861935126143609	0.015802606043803714	0.0047130579428888274	0.005267535347934572	0.0	0.005822012752980316	0.04934848904907125	0.04352647629609093	0.0033268644302744664	0.03049625727751594	0.02023842528416967	0.009703354588300527	0.0019406709176601053	0.006653728860548933	0.020515663986692544	0.02273357360687552	0.0019406709176601053	0.018297754366509565	0.013584696423620738	0.02273357360687552	0.0005544774050457444	0.01275298031605212	0.007762683670640421	0.013307457721097865	0.0002772387025228722	0.010812309398392015	0.0	0.021070141391738288	0.0	0.01635708344884946	0.015802606043803714	0.019683947879123927	0.0	0.016079844746326587	0.025783199334627114	0.0019406709176601053	0.0013861935126143609	0.0036041031327973387	0.03631827003049626	0.034654837815359024	0.0022179096201829776	0.025783199334627114
0.023842528416967008	0.0299417798724702	0.0013861935126143609	0.016079844746326587	0.02522872192958137	0.04047685056833934	0.0027723870252287217	0.03160521208760743	0.0	0.013307457721097865	0.0	0.00887163848073191	0.06237870806764624	0.05322983088439146	0.0036041031327973387	0.0318824507901303	0.02411976711948988	0.016079844746326587	0.003049625727751594	0.009703354588300527	0.01635708344884946	0.02134738009426116	0.0013861935126143609	0.01635708344884946	0.0047130579428888274	0.005267535347934572	0.0	0.005822012752980316	0.05045744385916274	0.04352647629609093	0.003049625727751594	0.030773495980038812	0.02023842528416967	0.0099805932908234	0.0019406709176601053	0.00637649015802606	0.020515663986692544	0.022456334904352646	0.0019406709176601053	0.018574993069032437	0.013584696423620738	0.02273357360687552	0.0005544774050457444	0.01275298031605212	0.007762683670640421	0.014139173828666482	0.0002772387025228722	0.0099805932908234	0.0	0.020792902689215416	0.0	0.01663432215137233	0.015802606043803714	0.019683947879123927	0.0	0.016079844746326587	0.02550596063210424	0.0019406709176601053	0.0016634322151372332	0.0036041031327973387	0.034932076517881896	0.03520931522040477	0.00249514832270585	0.02522872192958137
0.02301081230939839	0.0299417798724702	0.0022179096201829776	0.016079844746326587	0.024951483227058497	0.04241752148599945	0.0027723870252287217	0.0299417798724702	0.0	0.013584696423620738	0.0	0.008594399778209038	0.06293318547269199	0.05156639866925423	0.003049625727751594	0.033545883005267535	0.024397005822012752	0.01663432215137233	0.0027723870252287217	0.009148877183254783	0.016911560853895204	0.022179096201829774	0.0008317161075686166	0.015525367341280842	0.0047130579428888274	0.005822012752980316	0.0	0.005267535347934572	0.04934848904907125	0.0438037149986138	0.004158580537843083	0.030773495980038812	0.0199611865816468	0.009703354588300527	0.0022179096201829776	0.006653728860548933	0.020792902689215416	0.02301081230939839	0.0016634322151372332	0.018020515663986693	0.013307457721097865	0.02162461879678403	0.0008317161075686166	0.01386193512614361	0.007762683670640421	0.014416412531189355	0.0002772387025228722	0.009703354588300527	0.0	0.02162461879678403	0.0	0.015802606043803714	0.015802606043803714	0.0199611865816468	0.0	0.015802606043803714	0.02522872192958137	0.0022179096201829776	0.0019406709176601053	0.0033268644302744664	0.034654837815359024	0.03576379262545051	0.00249514832270585	0.024674244524535625
0.02273357360687552	0.0299417798724702	0.00249514832270585	0.016079844746326587	0.02411976711948988	0.04269476018852232	0.0027723870252287217	0.03049625727751594	0.0	0.013584696423620738	0.0	0.008594399778209038	0.06265594677016911	0.05212087607429997	0.0033268644302744664	0.03299140560022179	0.02550596063210424	0.015802606043803714	0.0016634322151372332	0.0099805932908234	0.016911560853895204	0.02162461879678403	0.0008317161075686166	0.016079844746326587	0.0047130579428888274	0.005822012752980316	0.0	0.005267535347934572	0.04851677294150263	0.0438037149986138	0.003049625727751594	0.030773495980038812	0.019683947879123927	0.0099805932908234	0.00249514832270585	0.00637649015802606	0.020792902689215416	0.02273357360687552	0.0013861935126143609	0.018574993069032437	0.013030219018574993	0.02162461879678403	0.0011089548100914888	0.01386193512614361	0.007762683670640421	0.01386193512614361	0.0002772387025228722	0.010257831993346272	0.0	0.0219018574993069	0.0	0.015525367341280842	0.015802606043803714	0.0199611865816468	0.0	0.015802606043803714	0.02522872192958137	0.0016634322151372332	0.0019406709176601053	0.0038813418353202105	0.036872747435542	0.03520931522040477	0.0022179096201829776	0.02522872192958137
0.023288051011921263	0.02911006376490158	0.0019406709176601053	0.016911560853895204	0.024397005822012752	0.04269476018852232	0.0022179096201829776	0.030773495980038812	0.0	0.014139173828666482	0.0	0.008039922373163293	0.06210146936512337	0.05406154699196008	0.0038813418353202105	0.031050734682561684	0.02550596063210424	0.01524812863875797	0.0016634322151372332	0.010535070695869144	0.016911560853895204	0.022179096201829774	0.0008317161075686166	0.015525367341280842	0.0047130579428888274	0.005822012752980316	0.0	0.005267535347934572	0.05045744385916274	0.04546714721375104	0.0027723870252287217	0.02911006376490158	0.02023842528416967	0.010257831993346272	0.0019406709176601053	0.006099251455503188	0.02023842528416967	0.02301081230939839	0.0019406709176601053	0.018297754366509565	0.011921264208483504	0.0219018574993069	0.0022179096201829776	0.013584696423620738	0.007762683670640421	0.013307457721097865	0.0002772387025228722	0.010812309398392015	0.0	0.0219018574993069	0.0	0.015525367341280842	0.015802606043803714	0.019683947879123927	0.0	0.016079844746326587	0.02550596063210424	0.0016634322151372332	0.0016634322151372332	0.0038813418353202105	0.03576379262545051	0.033545883005267535	0.0016634322151372332	0.026892154144718603
