AAA	AAC	AAG	AAT	ACA	ACC	ACG	ACT	AGA	AGC	AGG	AGT	ATA	ATC	ATG	ATT	CAA	CAC	CAG	CAT	CCA	CCC	CCG	CCT	CGA	CGC	CGG	CGT	CTA	CTC	CTG	CTT	GAA	GAC	GAG	GAT	GCA	GCC	GCG	GCT	GGA	GGC	GGG	GGT	GTA	GTC	GTG	GTT	TAA	TAC	TAG	TAT	TCA	TCC	TCG	TCT	TGA	TGC	TGG	TGT	TTA	TTC	TTG	TTT
29	55	47	62	80	74	62	76	0	39	0	41	80	153	74	117	54	44	45	61	47	51	55	56	17	28	11	15	107	93	100	97	52	45	45	32	94	84	86	68	56	53	53	59	47	45	65	59	0	43	0	65	38	32	51	34	61	13	55	11	101	106	93	110
30	55	46	62	83	75	59	75	0	38	0	42	84	151	70	119	56	46	43	59	48	52	55	54	16	28	12	15	111	95	96	95	56	45	41	32	98	87	81	66	58	54	50	59	53	47	58	58	0	44	0	64	42	33	47	33	63	13	53	11	100	106	94	110
33	55	43	62	82	77	59	74	0	40	0	40	91	152	63	118	63	45	36	60	47	52	55	55	17	26	11	17	115	99	91	91	57	45	40	32	105	87	75	65	57	55	50	59	54	48	57	57	0	44	0	64	44	35	44	32	64	13	52	11	103	105	92	111
35	55	41	62	84	79	55	74	0	41	0	39	91	154	63	116	65	44	34	61	50	52	52	55	18	27	10	16	118	98	89	92	56	43	41	34	107	87	73	65	68	55	41	57	58	47	54	57	0	46	0	62	44	37	43	31	70	13	46	11	105	103	89	113
37	54	39	63	84	76	55	77	0	40	0	40	97	155	57	115	66	47	33	58	54	52	48	55	19	27	10	15	119	99	85	92	62	42	35	35	109	88	71	64	71	55	38	57	63	47	50	56	0	46	0	62	45	36	41	33	71	13	45	11	113	103	83	113
38	55	38	62	87	75	51	79	0	40	0	40	99	154	55	116	70	47	29	58	58	54	42	55	19	27	10	15	117	102	81	93	64	44	33	33	115	89	65	63	72	55	36	58	69	48	43	56	0	47	0	61	47	34	39	35	72	13	44	11	118	104	80	112
38	54	38	63	91	74	47	80	0	39	0	41	104	158	50	112	74	47	25	58	60	54	40	55	19	27	10	15	121	101	74	95	66	44	31	33	116	86	65	65	75	56	32	58	68	47	44	57	0	47	0	61	48	35	38	34	73	12	43	12	119	103	81	113
42	55	34	62	93	73	44	82	0	38	0	42	108	159	46	111	75	46	24	59	62	55	38	54	20	27	9	15	124	100	72	96	65	44	32	33	119	87	62	64	76	57	30	58	67	48	45	56	0	47	0	61	51	34	34	36	76	12	40	12	124	103	75	113
44	56	32	61	95	75	40	82	0	37	0	43	106	157	48	113	77	49	22	56	58	56	40	55	21	27	8	15	125	101	70	94	62	43	35	34	118	87	63	64	72	58	32	59	67	46	45	58	0	46	0	62	56	33	29	37	79	12	37	12	131	102	70	114
45	54	31	63	101	83	33	75	0	37	0	43	109	155	45	115	81	49	18	56	61	55	37	56	21	27	8	15	132	101	68	96	64	43	33	34	121	85	59	67	74	58	30	59	68	46	44	58	0	45	0	63	58	35	28	34	81	13	35	11	133	102	61	114
45	53	31	64	99	88	34	71	0	35	0	45	106	154	48	116	81	50	18	55	64	53	33	59	21	29	8	13	132	100	67	97	65	43	32	34	124	84	55	69	73	62	30	56	71	49	40	56	0	46	0	62	59	37	26	33	83	13	33	11	137	102	58	114
46	51	30	66	102	90	31	69	0	35	0	45	107	155	47	115	82	50	17	55	69	53	28	59	21	27	9	14	136	100	58	97	67	44	30	33	125	83	53	71	73	63	30	55	72	52	37	55	0	47	0	61	60	37	25	33	85	13	31	11	139	106	61	110
46	50	30	67	100	91	32	69	0	36	0	44	107	155	47	115	83	52	16	53	66	56	29	58	21	26	9	15	143	102	52	96	70	43	27	34	129	82	51	70	75	64	27	55	75	51	34	56	0	48	0	60	59	38	25	33	85	13	31	11	142	106	56	110
49	50	27	67	102	89	29	72	0	37	0	43	112	155	42	115	82	51	17	54	72	56	25	56	21	25	9	16	144	102	51	97	70	42	27	35	129	84	48	71	74	63	27	57	75	51	33	57	0	46	0	62	60	37	24	34	87	13	29	11	145	109	52	107
50	49	26	68	103	89	28	72	0	40	0	40	112	155	42	115	82	51	17	54	71	53	26	59	20	23	10	18	144	106	51	94	70	43	27	34	131	84	45	72	74	62	27	58	77	51	31	57	0	46	0	62	61	38	23	33	90	13	26	11	143	111	53	105
53	49	23	68	103	88	28	73	0	41	0	39	115	159	39	111	83	51	16	54	73	53	24	59	20	21	10	20	149	106	50	95	71	42	26	35	131	87	45	69	75	61	26	59	73	50	34	59	0	46	0	62	63	39	23	30	92	13	24	11	140	111	51	105
53	45	23	72	102	89	28	73	0	41	0	39	114	157	40	113	83	48	16	57	76	53	22	58	20	22	9	20	156	107	44	95	75	42	22	35	130	90	41	71	76	60	25	60	77	49	30	60	0	46	0	62	64	38	22	31	91	14	25	10	140	111	49	105
55	44	21	73	102	87	28	75	0	40	0	40	113	153	41	117	83	49	16	56	74	56	23	56	23	23	7	18	157	106	44	95	76	44	21	33	127	89	43	73	74	63	27	57	77	51	29	59	0	50	0	58	63	38	22	32	91	13	25	11	144	111	45	105
53	44	23	73	99	87	30	76	0	38	0	42	115	152	39	118	81	48	18	57	77	54	21	57	23	23	6	19	151	109	45	95	75	44	22	33	131	87	39	75	75	62	25	59	77	50	28	61	0	50	0	58	64	38	21	32	94	15	22	9	149	111	42	105
55	45	21	72	100	87	29	76	0	38	0	42	117	154	37	116	82	48	17	57	76	52	22	59	24	22	5	20	158	110	43	93	75	45	22	32	131	86	38	77	74	65	26	56	76	50	29	61	0	51	0	57	63	40	21	31	95	15	21	9	146	112	41	104
56	46	20	71	102	87	27	76	0	38	0	42	123	153	31	117	83	49	16	56	74	53	22	60	24	21	5	21	153	111	42	93	74	45	23	32	133	87	36	76	73	67	27	54	77	53	28	58	0	51	0	57	64	40	20	31	95	15	21	9	153	112	39	104
56	49	20	68	100	92	26	74	0	38	0	42	122	151	32	119	83	48	16	57	73	53	22	61	24	21	5	21	151	111	44	93	72	46	25	31	134	87	34	77	71	70	29	51	77	53	28	58	0	52	0	56	67	40	17	31	96	13	20	11	154	114	38	102
59	51	17	66	100	91	25	76	0	39	0	41	122	150	32	120	83	47	16	58	72	54	22	61	22	22	6	21	154	110	47	92	73	46	24	31	135	87	31	79	76	69	25	51	77	53	28	58	0	51	0	57	70	41	14	30	97	13	19	11	148	115	40	101
58	49	18	68	102	95	23	72	0	41	0	39	121	147	33	123	84	45	15	60	72	57	21	59	22	20	5	24	156	113	42	91	76	46	21	31	136	85	30	81	75	68	25	53	78	54	26	58	0	51	0	57	69	44	12	30	98	13	18	11	148	115	41	101
56	50	20	67	102	93	23	74	0	42	0	38	120	149	34	121	85	48	14	57	74	58	20	57	23	22	4	22	156	114	37	90	77	48	20	29	133	85	31	83	77	68	23	53	80	54	25	57	0	50	0	58	68	45	12	30	99	14	17	10	150	115	44	101
59	48	17	69	98	96	26	72	0	42	0	38	115	148	39	122	87	48	12	57	77	58	18	56	24	21	3	23	151	118	36	92	78	48	19	29	136	85	29	82	80	68	19	54	81	56	24	55	0	51	0	57	68	46	12	29	99	14	17	10	153	114	41	102
58	49	18	68	97	97	26	72	0	42	0	38	117	147	37	123	86	49	13	56	79	59	15	56	24	21	2	24	145	116	43	94	78	48	19	29	136	85	28	83	80	66	19	56	82	58	24	52	0	53	0	55	68	46	12	29	99	14	17	10	157	114	36	102
59	48	17	69	98	94	25	75	0	43	0	37	117	144	37	126	83	49	16	56	80	57	15	57	23	20	2	26	146	119	43	92	76	48	21	29	133	86	31	82	80	66	20	55	84	58	22	52	0	53	0	55	67	47	12	29	99	14	17	10	158	113	33	103
57	49	19	68	99	94	24	75	0	43	0	37	119	140	35	130	80	48	19	57	79	57	15	58	23	20	2	26	144	122	47	89	76	47	21	30	131	87	32	82	78	66	21	56	89	61	17	49	0	54	0	54	65	44	13	33	98	14	18	10	158	116	31	100
56	48	20	69	99	94	24	75	0	41	0	39	125	142	29	128	79	50	20	55	79	56	14	60	22	20	2	27	143	121	50	90	78	47	19	30	133	84	30	85	80	67	18	56	90	60	17	49	0	54	0	54	63	44	15	33	98	15	18	9	157	115	30	101
56	48	20	69	100	96	23	73	0	43	0	37	123	139	31	131	81	52	18	53	79	59	13	58	22	21	2	26	145	125	47	88	77	46	20	31	131	84	32	85	79	68	18	56	92	59	16	49	0	55	0	53	64	44	14	33	98	15	18	9	158	117	28	99
56	49	20	68	98	93	25	76	0	44	0	36	125	142	29	128	81	54	18	51	79	60	13	57	23	21	1	26	149	125	45	89	77	46	20	31	131	80	33	88	79	66	18	58	89	59	18	50	0	56	0	52	65	43	13	34	99	15	17	9	152	116	31	100
55	48	21	69	97	95	26	74	0	45	0	35	128	143	26	127	81	55	18	50	81	62	11	55	21	20	3	27	155	125	42	88	76	45	21	32	132	84	29	87	83	65	15	58	90	58	17	51	0	56	0	52	65	42	13	35	101	15	15	9	153	117	28	99
54	47	22	70	96	98	25	73	0	45	0	35	129	143	25	127	82	55	17	50	79	60	13	57	22	20	3	26	159	125	38	88	77	43	20	34	132	86	30	84	81	65	17	58	88	60	18	50	0	55	0	53	63	44	15	33	100	15	16	9	155	119	26	97
54	48	22	69	98	98	23	73	0	45	0	35	131	144	23	126	80	55	19	50	80	60	13	56	22	20	4	25	165	121	33	92	77	43	20	34	131	87	30	84	84	66	14	57	86	61	20	49	0	54	0	54	68	45	12	30	101	15	15	9	156	117	24	99
54	48	22	69	100	100	21	71	0	43	0	37	132	143	22	127	81	53	18	52	81	58	12	58	22	20	4	25	164	124	36	88	77	42	20	35	129	87	30	86	82	66	15	58	82	61	24	49	0	55	0	53	66	45	14	30	99	15	17	9	155	116	24	100
57	46	19	71	100	102	21	69	0	41	0	39	128	145	26	125	81	53	18	52	82	57	12	58	22	21	4	24	162	127	39	85	78	42	19	35	131	89	27	85	79	66	18	58	84	63	21	48	0	56	0	52	68	45	13	29	93	13	23	11	156	115	22	101
57	45	19	72	98	104	22	68	0	42	0	38	128	141	26	129	81	53	18	52	82	59	12	56	21	21	5	24	163	129	40	82	80	43	17	34	130	88	28	86	80	68	17	56	83	66	22	45	0	55	0	53	69	45	12	29	92	13	24	11	152	119	25	97
59	46	17	71	99	102	21	70	0	42	0	38	126	143	28	127	81	56	18	49	81	58	12	58	21	22	5	23	161	126	41	85	80	40	17	37	129	89	26	88	77	69	18	57	88	66	19	43	0	55	0	53	69	46	12	28	92	13	24	11	149	118	29	98
59	47	17	70	97	96	23	76	0	42	0	38	126	146	28	124	79	56	20	49	81	56	11	61	21	22	5	23	165	124	38	87	81	40	16	37	129	88	27	88	78	68	17	58	88	68	19	41	0	55	0	53	68	45	12	30	90	13	26	11	146	120	31	96
60	47	16	70	98	99	21	74	0	41	0	39	128	144	26	126	78	56	21	49	82	56	10	61	21	23	5	22	158	122	44	92	83	40	14	37	129	90	27	86	78	67	16	60	89	68	18	41	0	55	0	53	65	45	15	30	90	13	26	11	146	122	29	94
61	47	15	70	98	100	21	73	0	39	0	41	128	143	26	127	79	55	20	50	82	56	11	60	23	22	3	23	154	122	45	94	80	39	17	38	127	87	28	90	75	66	19	61	90	68	17	41	0	57	0	51	63	44	15	33	91	14	25	10	148	123	28	93
62	50	14	67	93	103	22	74	0	40	0	40	127	139	27	131	76	56	23	49	82	54	12	61	23	23	2	23	155	118	45	98	78	39	19	38	126	86	29	91	75	68	16	62	90	69	15	42	0	57	0	51	63	43	15	34	94	13	22	11	145	120	30	96
63	49	13	68	93	104	21	74	0	40	0	40	126	141	28	129	77	56	22	49	83	56	11	59	22	23	3	23	156	120	46	96	80	38	17	39	128	85	29	90	71	68	19	63	89	71	15	41	0	58	0	50	67	44	11	33	93	13	23	11	144	120	29	96
63	46	13	71	95	106	19	72	0	39	0	41	125	143	29	127	78	57	21	48	84	56	10	59	24	22	2	23	158	122	41	96	81	36	16	41	128	85	28	91	68	71	20	62	90	73	13	40	0	59	0	49	64	44	11	36	89	13	27	11	145	119	29	97
64	48	12	69	96	105	17	74	0	38	0	42	128	141	26	129	77	58	22	47	83	55	10	61	25	22	1	23	155	123	39	98	82	37	15	40	131	86	26	89	71	71	18	61	92	71	11	42	0	59	0	49	61	43	14	37	91	13	25	11	147	117	29	99
65	48	11	69	99	103	14	76	0	36	0	44	132	142	22	128	76	58	23	47	84	58	9	58	25	22	2	22	159	125	35	97	82	37	15	40	129	86	26	91	69	74	19	59	91	70	12	43	0	59	0	49	61	45	13	36	92	13	24	11	144	115	31	101
65	47	11	70	99	100	13	80	0	36	0	44	131	143	23	127	78	57	21	48	82	60	10	57	26	23	2	20	159	127	35	95	82	38	15	39	125	88	30	89	73	73	16	59	89	71	12	44	0	58	0	50	62	45	12	36	93	13	23	11	146	116	29	100
64	47	12	70	101	96	12	83	0	34	0	46	130	145	24	125	78	56	21	49	83	59	10	57	25	23	3	20	157	128	34	94	81	37	16	40	126	89	29	88	73	72	16	60	89	74	10	43	0	57	0	51	61	46	13	35	92	13	24	11	149	113	29	103
63	48	13	69	103	95	11	83	0	33	0	47	131	140	23	130	83	55	16	50	81	60	10	58	24	23	3	21	158	127	31	96	82	36	15	41	126	89	28	89	73	72	16	60	86	74	11	45	0	56	0	52	57	45	17	36	93	16	23	8	151	113	28	103
63	48	13	69	103	97	11	81	0	34	0	46	129	140	25	130	83	56	16	49	79	61	12	57	23	23	3	22	154	131	35	92	85	38	12	39	124	88	30	90	74	70	14	63	85	74	11	46	0	58	0	50	58	45	16	36	96	17	20	7	154	114	25	102
65	50	11	67	103	94	12	83	0	34	0	46	127	141	27	129	83	53	16	52	79	62	12	56	23	23	3	22	154	134	37	91	86	40	11	37	121	88	34	89	72	70	15	64	85	76	10	45	0	57	0	51	58	44	15	38	97	17	19	7	152	111	23	105
64	49	12	68	99	97	14	82	0	36	0	44	124	141	30	129	84	52	15	53	78	68	11	52	24	22	3	22	156	129	36	96	86	40	11	37	122	85	33	92	71	70	16	64	82	76	13	45	0	57	0	51	60	44	13	38	96	17	20	7	149	113	25	103
64	49	12	68	100	98	12	82	0	37	0	43	127	140	27	130	85	52	14	53	76	69	12	52	25	22	2	22	153	131	32	98	83	40	14	37	118	88	37	89	71	69	16	65	81	77	12	46	0	61	0	47	60	44	13	38	96	17	20	7	144	111	33	105
64	50	12	67	101	98	11	82	0	36	0	44	127	141	27	129	84	52	15	53	78	71	9	51	24	22	3	22	148	134	32	97	83	38	14	39	120	89	34	89	71	73	16	61	80	78	13	45	0	60	0	48	59	46	13	37	98	17	18	7	149	108	31	108
64	50	12	67	100	97	12	83	0	38	0	42	126	142	28	128	82	51	17	54	80	70	7	52	24	22	3	22	145	138	33	94	85	40	12	37	117	89	36	90	72	73	14	62	77	77	15	47	0	59	0	49	56	47	15	37	98	17	18	7	150	110	31	106
64	51	12	66	97	95	12	88	0	37	0	43	124	145	30	125	84	51	15	54	82	73	5	49	24	22	3	22	143	135	33	98	85	40	12	37	119	89	36	88	70	72	16	63	74	77	18	47	0	58	0	50	56	47	16	36	98	17	18	7	151	108	31	108
65	52	11	65	96	96	14	86	0	39	0	41	123	146	31	124	81	54	18	51	80	72	7	50	25	21	3	22	141	135	34	98	84	38	13	39	121	89	32	90	71	72	15	63	73	77	19	47	0	58	0	50	58	46	13	38	100	17	16	7	154	110	29	106
63	51	13	66	93	92	17	90	0	38	0	42	125	147	29	123	79	55	20	50	78	75	7	49	26	21	3	21	135	138	39	96	84	39	13	38	123	91	31	87	72	72	15	62	71	78	20	47	0	59	0	49	58	44	13	40	102	17	14	7	158	111	25	105
66	51	10	66	96	93	14	89	0	38	0	42	127	146	27	124	80	56	19	49	75	76	9	49	29	21	0	21	136	138	38	96	80	40	17	37	123	91	31	87	72	72	14	63	70	77	21	48	0	59	0	49	59	44	12	40	104	17	12	7	159	110	24	106
66	51	10	66	96	94	15	87	0	38	0	42	129	145	25	125	82	57	17	48	74	76	10	49	27	22	2	20	136	139	39	93	82	40	15	37	119	96	35	82	71	74	15	61	70	78	20	48	0	62	0	46	56	44	14	41	102	16	14	8	156	110	28	106
63	52	13	65	98	95	13	86	0	38	0	42	125	144	29	126	82	57	17	48	73	76	11	49	27	21	3	20	139	141	41	89	84	38	13	39	114	98	37	83	72	76	13	60	69	79	21	47	0	63	0	45	56	44	14	41	104	16	12	8	157	114	24	102
64	51	12	66	100	95	13	84	0	38	0	42	126	143	28	127	83	56	16	49	73	76	11	49	27	22	3	19	138	141	41	90	83	36	14	41	109	103	39	81	74	76	10	61	68	79	22	47	0	61	0	47	54	45	15	41	103	16	13	8	155	109	26	107
63	52	13	65	99	93	14	86	0	38	0	42	123	143	31	127	80	54	19	51	72	72	12	53	27	22	3	19	136	144	41	89	81	36	16	41	110	103	38	81	73	78	10	60	70	78	19	49	0	61	0	47	52	43	17	43	104	15	12	9	156	111	25	105
64	51	12	66	97	91	18	86	0	38	0	42	122	143	32	127	80	54	19	51	72	72	12	53	27	22	3	19	138	146	38	86	82	37	15	40	112	106	34	80	72	80	10	59	66	83	21	46	0	62	0	46	54	45	15	41	104	16	12	8	152	112	31	104
63	51	13	66	98	89	16	89	0	41	0	39	124	142	30	128	84	54	15	51	73	71	10	55	26	22	4	19	143	151	32	84	80	36	17	41	114	107	33	78	73	81	9	58	67	81	20	48	0	61	0	47	54	44	14	43	103	16	13	8	148	113	33	103
63	51	13	66	101	90	10	91	0	42	0	38	122	144	32	126	83	52	16	53	71	70	13	55	25	22	5	19	138	152	29	87	81	38	16	39	119	106	28	79	73	81	8	59	66	80	21	49	0	59	0	49	55	43	14	43	105	15	11	9	153	113	32	103
64	50	12	67	98	96	10	88	0	44	0	36	123	142	31	128	87	52	12	53	71	69	13	56	26	22	4	19	142	155	24	87	83	40	14	37	123	105	23	81	71	81	9	60	64	81	22	49	0	59	0	49	55	46	13	41	105	15	11	9	150	115	33	101
65	49	11	68	99	97	11	85	0	44	0	36	125	140	29	130	86	51	13	54	74	67	9	59	27	22	3	19	142	151	25	90	83	38	14	39	123	105	23	81	71	81	9	60	61	81	24	50	0	58	0	50	55	44	13	43	100	15	16	9	148	114	35	102
65	51	11	66	99	97	11	85	0	42	0	38	129	136	25	134	84	53	15	52	72	69	10	58	27	22	3	19	143	153	25	89	83	35	14	42	121	104	22	85	71	82	9	59	60	80	25	51	0	59	0	49	57	44	12	42	97	14	19	10	145	112	36	104
65	51	11	66	100	92	10	90	0	43	0	37	130	136	24	134	82	54	17	51	70	67	11	61	26	23	4	18	148	152	25	88	81	34	16	43	123	103	19	87	70	82	10	59	59	78	26	53	0	56	0	52	57	44	12	42	99	13	17	11	143	112	35	104
66	51	10	66	98	91	11	92	0	45	0	35	126	135	28	135	81	54	18	51	71	66	10	62	27	22	3	19	149	148	28	93	83	33	14	44	119	103	21	89	68	83	12	58	60	81	25	50	0	57	0	51	57	47	11	40	99	13	17	11	138	111	35	105
64	51	12	66	94	90	13	95	0	45	0	35	128	133	26	137	82	55	17	50	69	67	13	60	27	23	2	19	151	147	30	94	83	33	14	44	115	105	23	89	66	85	12	58	57	82	29	48	0	56	0	52	57	47	11	40	102	13	14	11	136	113	33	103
62	52	14	65	97	89	11	95	0	45	0	35	127	132	27	138	81	56	18	49	71	67	12	59	26	23	3	19	155	147	28	94	84	32	13	45	118	107	20	87	63	85	14	59	60	81	28	47	0	56	0	52	57	47	9	42	100	13	16	11	133	116	34	100
60	52	16	65	97	92	11	92	0	44	0	36	127	133	27	137	79	55	20	50	71	68	12	58	25	21	4	21	153	148	30	94	83	34	14	43	119	107	19	87	63	85	14	59	61	83	25	47	0	56	0	52	56	47	10	42	100	13	16	11	129	117	37	99
59	52	17	65	98	95	11	88	0	43	0	37	127	136	27	134	76	55	23	50	71	69	12	57	24	21	5	21	150	150	33	93	86	34	11	43	118	106	22	86	61	84	16	60	63	84	22	47	0	55	0	53	55	47	11	42	95	13	21	11	129	114	36	102
60	53	16	64	98	91	11	92	0	42	0	38	128	137	26	133	73	54	26	51	74	68	8	59	24	21	5	21	147	151	33	93	84	34	13	43	118	107	21	86	62	83	15	61	63	85	22	46	0	56	0	52	53	48	11	43	95	13	21	11	132	113	35	103
59	56	17	61	98	91	13	90	0	42	0	38	126	140	28	130	74	53	25	52	72	70	9	58	23	20	6	22	151	152	33	93	85	35	12	42	118	100	21	93	61	83	16	61	63	85	21	47	0	55	0	53	52	48	11	44	93	15	23	9	130	117	32	99
58	54	18	63	98	91	12	91	0	42	0	38	125	144	29	126	75	51	24	54	71	69	9	60	23	20	6	22	154	151	30	95	86	33	11	44	113	100	24	95	61	83	16	61	62	84	21	49	0	54	0	54	50	46	12	47	92	15	24	9	128	113	33	103
58	56	18	61	98	92	12	90	0	41	0	39	122	147	32	123	77	50	22	55	68	70	12	59	23	19	6	23	154	153	32	94	85	34	12	43	114	101	25	92	61	82	16	62	63	85	20	48	0	55	0	53	49	46	13	47	91	16	25	8	126	114	32	102
55	57	21	60	99	98	11	84	0	41	0	39	124	147	30	123	76	51	23	54	65	71	14	59	22	20	6	23	154	153	25	96	86	36	11	41	115	101	25	91	61	86	15	59	62	84	21	49	0	54	0	54	51	44	11	49	93	16	23	8	129	112	34	104
57	56	19	61	99	99	11	83	0	42	0	38	124	145	30	125	76	53	23	52	65	71	14	59	24	20	4	23	158	153	23	96	85	36	12	41	117	103	21	91	64	87	12	58	64	85	17	50	0	55	0	53	49	45	11	50	95	16	21	8	127	106	34	110
57	57	19	60	100	100	11	81	0	42	0	38	123	144	31	126	75	51	24	54	64	73	14	58	23	22	4	22	157	154	23	97	86	34	11	43	117	104	20	91	65	88	11	57	69	84	12	51	0	55	0	53	49	45	11	50	97	16	19	8	124	106	36	110
56	58	20	59	100	97	13	82	0	40	0	40	126	145	28	125	79	51	20	54	64	70	14	61	23	21	4	23	156	150	30	100	80	34	17	43	109	107	26	90	65	88	11	57	67	85	13	51	0	55	0	53	49	44	11	51	96	15	20	9	120	106	35	110
53	58	23	59	95	98	14	85	0	37	0	43	124	150	30	120	77	49	22	56	65	69	12	63	22	21	4	24	155	149	30	101	79	33	18	44	111	108	25	88	65	89	12	55	66	87	12	51	0	56	0	52	48	48	10	49	94	15	22	9	124	105	32	111
54	59	22	58	92	98	15	87	0	36	0	44	124	150	30	120	78	48	21	57	63	69	13	64	21	22	5	23	162	147	27	103	81	36	16	41	111	112	22	87	65	90	13	53	68	88	11	49	0	57	0	51	47	48	11	49	94	15	22	9	124	107	28	109
57	61	19	56	93	98	14	87	0	37	0	43	124	150	30	120	80	48	19	57	64	71	11	63	23	22	3	23	161	149	28	102	81	37	16	40	109	111	23	89	61	90	16	54	68	86	11	51	0	54	0	54	52	47	8	48	96	15	20	9	120	104	31	112
57	61	19	56	91	96	16	89	0	37	0	43	120	149	34	121	82	48	17	57	64	70	11	64	23	21	3	24	157	150	28	104	81	37	16	40	110	113	21	88	61	89	15	56	66	83	13	54	0	57	0	51	52	47	8	48	94	14	22	10	119	103	33	113
56	60	20	57	92	95	16	89	0	37	0	43	122	148	32	122	85	48	14	57	62	70	11	66	21	23	4	23	152	152	29	102	83	37	14	40	107	116	23	86	62	86	14	59	68	83	10	55	0	56	0	52	49	48	9	49	97	12	19	12	122	107	34	109
55	60	21	57	94	94	16	88	0	36	0	44	123	147	31	123	82	50	17	55	63	72	10	64	20	23	5	23	151	151	28	103	85	37	12	40	106	118	22	86	61	88	14	58	68	81	10	57	0	57	0	51	47	49	11	48	96	12	20	12	122	107	36	109
57	59	19	58	93	92	18	89	0	37	0	43	121	150	33	120	81	52	18	53	63	70	12	64	19	24	6	22	149	151	28	107	87	37	10	40	103	119	24	86	62	88	13	58	66	81	10	59	0	57	0	51	47	48	13	47	97	12	19	12	120	106	36	110
57	56	19	61	93	93	18	88	0	36	0	44	120	151	34	119	82	51	17	54	63	69	12	65	20	25	5	21	145	155	30	106	86	39	11	38	102	122	24	84	62	88	14	57	65	81	10	60	0	57	0	51	47	48	12	48	97	11	19	13	122	109	33	107
58	54	18	63	95	93	16	88	0	37	0	43	122	150	32	120	83	52	16	53	61	72	14	62	19	24	6	22	145	157	32	103	84	39	13	38	103	126	22	81	63	87	13	58	65	83	10	58	0	56	0	52	50	49	10	46	96	12	20	12	124	109	30	107
61	54	15	63	94	94	18	86	0	36	0	44	125	148	29	122	81	53	18	52	59	73	14	63	20	25	5	21	143	157	30	103	83	40	14	37	104	125	22	81	64	84	12	61	61	81	14	60	0	58	0	50	50	47	10	48	95	12	21	12	124	110	34	106
61	55	15	62	89	95	21	87	0	37	0	43	126	148	28	122	83	53	16	52	58	73	15	63	18	27	6	20	143	156	31	103	81	40	16	37	106	124	21	81	65	84	11	61	62	85	11	58	0	58	0	50	50	50	9	46	94	12	22	12	123	112	35	104
60	56	16	61	93	92	16	91	0	38	0	42	125	151	29	119	83	54	16	51	58	74	15	62	18	28	6	19	142	157	31	103	81	38	16	39	107	126	18	81	61	83	13	64	64	83	9	60	0	60	0	48	51	52	8	44	97	12	19	12	126	112	32	104
59	57	17	60	89	94	18	91	0	38	0	42	123	153	31	117	83	53	16	52	57	77	15	60	19	27	5	20	137	153	34	109	82	38	15	39	106	128	19	79	61	86	13	61	65	83	8	60	0	60	0	48	50	53	8	44	98	12	18	12	128	115	30	101
58	56	18	61	91	96	15	90	0	39	0	41	123	154	31	116	86	52	13	53	56	78	15	60	19	27	5	20	140	153	30	108	82	36	15	41	106	127	20	79	60	87	13	61	66	83	8	59	0	61	0	47	50	52	8	45	98	12	18	12	132	114	28	102
60	55	16	62	94	94	15	89	0	40	0	40	123	152	31	118	83	55	16	50	59	79	13	58	19	27	5	20	141	151	28	109	80	36	17	41	107	128	19	78	59	86	13	63	64	81	10	61	0	61	0	47	49	52	9	45	97	12	19	12	137	116	25	100
61	56	15	61	97	96	12	87	0	38	0	42	125	149	29	121	81	55	18	50	59	78	13	59	19	27	5	20	137	150	31	110	81	36	16	41	105	128	20	79	58	87	13	63	63	81	12	60	0	61	0	47	47	52	10	46	96	12	20	12	137	118	26	98
61	56	15	61	96	98	14	84	0	40	0	40	125	148	29	122	78	54	21	51	58	77	13	61	20	26	4	21	141	149	34	108	82	38	15	39	105	130	18	79	60	87	11	63	67	81	8	60	0	61	0	47	48	53	10	44	97	12	19	12	131	117	28	99
61	57	15	60	95	99	14	84	0	42	0	38	125	147	29	123	77	53	22	52	61	75	10	63	20	26	4	21	137	152	35	106	81	38	16	39	105	123	18	86	57	86	13	65	68	83	8	57	0	61	0	47	47	53	9	46	96	13	20	11	132	116	29	100
61	58	15	59	93	99	16	84	0	42	0	38	125	145	29	125	78	57	21	48	63	72	8	66	20	26	4	21	133	150	35	111	81	38	16	39	103	122	20	87	59	88	12	62	68	82	7	59	0	62	0	46	48	52	8	47	97	13	19	11	134	118	28	98
62	59	14	58	94	98	15	85	0	42	0	38	121	144	33	126	79	58	20	47	60	71	10	68	21	26	3	21	137	151	32	110	80	37	17	40	104	122	18	88	59	89	12	61	67	84	7	58	0	64	0	44	47	53	9	46	93	13	23	11	133	121	28	95
60	59	16	58	94	98	15	85	0	42	0	38	120	143	34	127	78	58	21	47	57	72	12	68	22	27	2	20	137	151	32	108	80	37	17	40	105	122	17	88	58	88	14	61	66	84	7	59	0	63	0	45	48	53	8	46	94	13	22	11	134	121	29	95
62	57	14	60	90	100	17	85	0	42	0	38	118	144	36	126	76	56	23	49	58	72	11	68	21	27	3	20	143	152	32	108	84	37	13	40	104	122	18	88	58	88	15	60	65	82	8	61	0	63	0	45	48	52	8	47	94	14	22	10	132	121	24	95
63	57	13	60	91	100	16	85	0	41	0	39	114	142	40	128	77	57	22	48	60	70	9	70	20	29	4	18	142	150	29	109	83	35	14	42	102	123	20	87	59	89	14	59	64	81	9	62	0	64	0	44	45	52	11	47	93	14	23	10	135	122	26	94
62	57	14	60	90	101	18	83	0	40	0	40	119	143	35	127	78	55	21	50	58	70	11	70	20	30	4	17	145	154	28	107	81	36	16	41	102	121	20	89	60	89	14	58	66	81	9	60	0	62	0	46	45	53	12	45	95	14	21	10	130	123	27	93
61	57	15	60	90	102	19	81	0	39	0	41	120	143	34	127	78	54	21	51	60	70	9	70	20	30	4	17	141	149	27	112	81	36	16	41	100	120	22	90	58	89	15	59	65	79	10	62	0	64	0	44	45	54	12	44	93	14	23	10	133	126	29	90
62	57	14	60	88	102	19	83	0	39	0	41	118	147	36	123	78	55	21	50	60	71	10	68	20	29	4	18	143	151	29	110	78	36	19	41	99	117	23	93	57	87	16	61	64	80	10	62	0	62	0	46	46	53	11	45	94	14	22	10	131	125	27	91
61	58	15	59	88	102	17	85	0	40	0	40	119	148	35	122	80	54	19	51	63	73	9	64	20	29	4	18	144	151	28	113	80	38	17	39	95	120	26	91	57	87	16	61	61	80	13	62	0	60	0	48	48	53	10	44	94	12	22	12	128	122	27	94
60	55	16	62	89	102	16	85	0	39	0	41	118	150	36	120	80	55	19	50	58	73	11	67	20	28	4	19	143	152	30	112	79	37	18	40	100	121	23	88	56	84	16	65	62	82	13	59	0	60	0	48	47	54	11	43	95	10	21	14	129	122	25	94
61	57	15	60	90	100	15	87	0	37	0	43	118	152	36	118	82	55	17	50	59	69	10	71	19	28	5	19	147	150	29	116	79	38	18	39	99	123	22	88	57	82	16	66	63	82	13	58	0	61	0	47	44	56	12	43	96	10	20	14	125	122	24	94
60	58	16	59	88	100	16	88	0	37	0	43	121	153	33	117	84	52	15	53	61	70	9	69	20	30	3	18	145	153	30	115	82	41	15	36	97	124	23	88	56	83	16	66	64	80	11	61	0	59	0	49	43	58	13	41	95	9	21	15	127	124	21	92
62	59	14	58	88	100	16	88	0	37	0	43	122	153	32	117	83	53	16	52	62	68	9	70	21	30	2	18	147	150	29	120	80	42	17	35	97	122	23	90	57	84	14	66	62	81	13	60	0	59	0	49	41	60	13	41	95	9	21	15	123	126	22	90
60	59	16	58	88	102	14	88	0	37	0	43	121	153	33	117	81	54	18	51	61	68	10	70	20	30	3	18	153	149	28	120	79	40	18	37	97	124	22	89	59	87	14	61	58	83	15	60	0	60	0	48	41	59	14	41	93	8	23	16	119	125	22	91
58	57	18	60	90	100	12	90	0	36	0	44	123	151	31	119	84	55	15	50	58	69	11	71	21	28	2	20	155	151	28	118	81	40	16	37	99	125	19	89	60	85	13	63	57	83	13	63	0	60	0	48	40	57	15	43	92	9	24	15	117	126	22	90
57	56	19	61	89	106	11	86	0	36	0	44	123	149	31	121	86	56	13	49	56	72	10	71	21	29	2	19	149	154	32	117	82	40	15	37	102	125	17	88	60	83	13	65	58	84	12	62	0	58	0	50	41	56	14	44	92	9	24	15	117	125	22	91
55	54	21	63	87	107	13	85	0	36	0	44	118	145	36	125	88	56	11	49	58	72	8	71	21	28	2	20	150	153	27	117	80	40	17	37	102	125	19	86	58	82	14	67	59	83	11	63	0	57	0	51	41	53	15	46	94	9	22	15	122	125	22	91
53	53	23	64	83	108	16	85	0	36	0	44	116	148	38	122	86	54	13	51	56	69	9	75	21	28	2	20	145	151	27	120	81	40	16	37	102	124	19	87	59	81	13	68	60	84	10	62	0	58	0	50	39	53	15	48	95	9	21	15	127	125	21	91
53	53	23	64	86	109	13	84	0	36	0	44	117	150	37	120	85	53	14	52	55	69	10	75	21	28	2	20	144	153	25	120	81	39	16	38	103	126	18	85	60	78	12	71	57	83	12	64	0	58	0	50	41	53	13	48	94	9	22	15	131	124	18	92
54	53	22	64	83	107	15	87	0	36	0	44	116	150	38	120	86	56	13	49	56	67	10	76	21	28	2	20	144	155	22	117	79	40	18	37	103	125	19	85	61	78	12	70	55	86	14	61	0	57	0	51	41	54	13	47	96	9	20	15	136	125	17	91
55	52	21	65	84	107	13	88	0	36	0	44	120	149	34	121	88	56	11	49	58	68	10	73	21	27	2	21	142	157	21	116	78	40	19	37	104	126	17	85	61	77	12	71	60	88	11	57	0	57	0	51	42	56	11	46	95	10	21	14	136	128	19	88
55	55	21	62	85	107	13	87	0	35	0	45	117	148	37	122	88	57	11	48	58	68	10	73	20	27	3	21	141	158	22	115	82	42	15	35	105	124	15	88	63	78	11	69	59	87	11	59	0	56	0	52	42	50	12	51	95	10	21	14	139	128	16	88
55	54	21	63	82	108	16	86	0	35	0	45	123	147	31	123	88	57	11	48	58	72	8	71	18	27	4	22	133	155	28	119	78	40	19	37	107	123	14	88	62	80	12	67	60	88	10	58	0	56	0	52	42	50	12	51	94	10	22	14	142	129	14	87
56	55	20	62	79	110	18	85	0	35	0	45	125	150	29	120	83	57	16	48	56	73	10	70	18	26	4	23	137	153	25	122	79	40	18	37	108	122	12	90	62	77	12	70	60	88	11	57	0	55	0	53	45	50	11	49	98	10	18	14	141	128	13	88
54	56	22	61	79	110	18	85	0	35	0	45	125	150	29	120	85	56	14	49	55	76	10	68	17	26	4	24	133	158	23	119	82	42	15	35	107	120	11	94	62	78	11	70	59	85	12	60	0	55	0	53	44	51	11	49	98	10	18	14	144	127	14	89
55	55	21	62	80	109	18	85	0	37	0	43	123	149	31	121	87	56	12	49	53	84	11	61	19	27	2	23	130	161	24	117	86	41	11	36	106	118	12	96	60	77	13	71	56	85	15	60	0	54	0	54	45	52	11	47	98	11	18	13	144	126	15	90
56	53	20	64	80	112	17	83	0	37	0	43	121	145	33	125	88	57	11	48	54	85	11	59	20	27	1	23	130	163	28	112	86	39	11	38	105	119	12	96	60	76	14	71	57	83	15	61	0	54	0	54	43	52	12	48	100	11	16	13	140	125	18	91
54	53	22	64	80	115	18	79	0	37	0	43	125	145	29	125	88	54	11	51	55	87	10	57	20	29	1	21	130	163	28	112	85	38	12	39	107	116	10	99	59	77	15	70	58	81	14	63	0	53	0	55	44	53	11	47	98	11	18	13	139	124	19	92
56	55	20	62	80	113	18	81	0	38	0	42	123	149	31	121	84	53	15	52	54	90	10	55	19	30	1	21	129	162	29	113	84	38	13	39	105	115	12	100	59	76	15	71	57	81	15	63	0	55	0	53	47	55	9	44	98	10	18	14	138	122	20	94
58	54	18	63	75	114	21	82	0	38	0	42	127	152	27	118	84	55	15	50	54	90	10	55	19	30	1	21	135	161	25	113	86	37	11	40	104	117	13	98	57	75	18	71	54	81	17	64	0	55	0	53	47	56	8	44	95	10	21	14	134	123	23	93
57	52	19	65	73	116	22	81	0	37	0	43	128	155	26	115	83	53	16	52	54	91	10	54	19	30	1	21	133	162	25	114	84	38	13	39	102	116	16	98	57	77	18	69	53	84	18	61	0	55	0	53	47	58	9	41	100	10	16	14	133	120	24	96
53	54	23	63	72	114	21	85	0	37	0	43	127	155	27	115	85	52	14	53	53	90	11	55	19	30	1	21	132	161	29	117	83	37	14	40	103	116	15	98	58	77	17	69	53	84	17	62	0	55	0	53	47	58	9	41	99	10	17	14	129	120	23	96
55	54	21	63	73	113	20	86	0	38	0	42	126	154	28	116	87	48	12	57	51	91	12	55	19	29	1	22	131	157	31	121	83	38	14	39	103	117	15	97	59	75	16	71	52	83	18	63	0	58	0	50	44	59	11	41	97	9	19	15	129	121	22	95
55	54	21	63	71	115	22	84	0	38	0	42	127	153	27	117	90	46	9	59	51	93	12	53	18	29	2	22	126	153	35	125	79	37	18	40	104	117	14	97	61	76	14	70	54	83	14	65	0	58	0	50	42	62	12	39	97	9	19	15	130	117	22	99
55	56	21	61	75	116	19	82	0	39	0	41	128	153	26	117	89	46	10	59	50	93	11	55	17	28	2	24	128	152	32	126	79	37	18	40	105	119	12	96	63	78	11	69	58	82	11	65	0	58	0	50	42	60	12	41	94	9	22	15	130	116	23	100
58	55	18	62	73	117	22	80	0	40	0	40	126	156	28	114	91	47	8	58	50	91	10	58	16	28	3	24	130	152	31	126	80	38	17	39	101	122	16	93	63	79	11	68	57	85	12	62	0	61	0	47	43	56	12	44	96	9	20	15	126	116	26	100
56	55	20	62	74	116	20	82	0	40	0	40	126	156	28	114	92	46	7	59	50	94	11	54	15	30	3	23	125	151	32	127	80	38	17	39	100	125	15	92	62	78	12	69	56	85	13	62	0	61	0	47	44	57	11	43	94	9	22	15	131	115	25	101
59	57	17	60	72	113	22	85	0	41	0	39	127	156	27	114	91	44	8	61	52	92	10	55	15	29	3	24	127	152	29	126	80	39	17	38	99	126	16	91	65	78	9	69	58	86	12	60	0	59	0	49	46	56	8	45	92	9	24	15	130	115	27	101
58	56	18	61	73	112	22	85	0	41	0	39	125	153	29	117	90	41	9	64	51	92	10	56	16	29	2	24	129	149	28	129	80	37	17	40	101	125	14	92	64	75	10	72	59	85	12	60	0	62	0	46	46	57	8	44	91	9	25	15	132	117	24	99
59	57	17	60	73	114	22	83	0	41	0	39	126	155	28	115	89	42	10	63	54	91	8	56	17	28	2	24	132	151	26	127	81	38	16	39	98	127	16	91	63	77	10	71	58	83	12	63	0	61	0	47	47	58	8	42	93	9	23	15	129	112	26	104
58	55	18	62	75	118	21	78	0	40	0	40	128	150	26	120	90	41	9	64	54	91	8	56	17	30	2	22	140	149	20	129	81	38	16	39	97	124	17	94	64	79	9	69	56	82	14	64	0	56	0	52	45	58	10	42	90	9	26	15	126	110	27	106
59	55	17	62	77	118	20	77	0	42	0	38	131	147	23	123	90	42	9	63	53	91	9	56	16	32	3	20	136	149	20	130	82	36	15	41	96	123	19	94	63	81	11	66	56	81	14	65	0	55	0	53	45	57	10	43	91	9	25	15	130	106	26	110
61	53	15	64	76	120	22	74	0	42	0	38	132	144	22	126	91	43	8	62	53	91	10	55	16	32	3	20	134	153	23	127	83	36	14	41	97	124	17	94	61	80	13	67	51	83	17	65	0	57	0	51	47	56	9	43	90	9	26	15	128	109	26	107
61	54	15	63	72	124	23	73	0	43	0	37	132	141	22	129	90	43	9	62	51	93	11	54	17	32	2	20	137	154	22	125	81	36	16	41	98	123	15	96	62	80	12	67	52	85	15	64	0	56	0	52	47	55	9	44	89	10	27	14	130	108	23	108
61	53	15	64	73	119	22	78	0	44	0	36	132	143	22	127	87	42	12	63	49	93	13	54	17	30	2	22	136	155	20	125	81	36	16	41	98	124	15	95	61	81	13	66	52	85	15	64	0	58	0	50	47	58	8	42	90	10	26	14	129	106	26	110
62	54	14	63	74	119	21	78	0	44	0	36	130	144	24	126	91	42	8	63	48	90	15	56	18	30	2	21	134	159	20	122	79	36	18	41	96	125	16	95	60	78	15	68	53	83	13	67	0	59	0	49	44	59	11	41	93	11	23	13	129	110	27	106
62	54	14	63	76	119	20	77	0	42	0	38	129	143	25	127	88	42	11	63	48	87	13	61	18	29	2	22	133	158	23	121	81	36	16	41	100	125	14	93	62	79	14	66	53	81	13	69	0	57	0	51	41	59	13	42	95	12	21	12	131	111	25	105
63	54	13	63	73	118	22	79	0	41	0	39	128	144	26	126	89	43	10	62	48	86	13	62	18	27	2	24	133	155	22	127	79	35	18	42	102	129	13	88	61	81	15	64	53	80	13	70	0	57	0	51	40	59	14	42	94	12	22	12	126	109	28	107
63	55	13	62	71	121	21	79	0	42	0	38	132	142	22	128	90	42	9	63	49	89	12	59	18	27	2	24	129	155	25	128	79	36	18	41	104	132	12	84	63	78	14	66	50	78	15	73	0	58	0	50	40	58	14	43	93	12	23	12	125	110	29	106
61	57	15	60	69	122	21	80	0	44	0	36	132	138	22	132	88	41	11	64	51	87	10	61	17	28	2	24	128	154	26	129	81	35	16	42	104	131	13	84	62	77	15	67	52	75	13	76	0	57	0	51	40	57	14	44	94	15	22	9	122	108	32	108
60	57	16	60	69	123	21	79	0	44	0	36	133	137	21	133	86	44	13	61	51	85	10	63	17	26	2	26	130	147	25	135	83	34	14	43	103	133	14	82	60	79	17	65	52	75	12	77	0	57	0	51	38	59	15	43	95	15	21	9	124	109	30	107
61	57	15	60	69	121	21	81	0	45	0	35	130	140	24	130	86	45	13	60	50	84	10	65	17	28	2	24	125	150	24	134	81	32	16	45	100	131	15	86	60	79	18	64	52	75	12	77	0	56	0	52	36	59	14	46	95	14	21	10	128	107	30	109
62	56	14	61	68	122	19	83	0	45	0	35	131	135	23	135	88	46	11	59	52	84	8	65	16	28	2	25	120	152	22	136	84	31	13	46	100	132	14	86	61	77	16	67	50	75	12	79	0	55	0	53	35	57	14	49	98	15	18	9	129	107	32	109
63	58	13	59	68	123	19	82	0	44	0	36	132	136	22	134	87	45	12	60	50	84	9	66	16	28	2	25	118	157	22	132	84	32	13	45	98	131	17	86	61	78	14	68	50	76	12	78	0	54	0	54	32	60	15	48	98	16	18	8	128	107	34	109
62	65	14	52	68	122	18	84	0	44	0	36	132	138	22	132	87	44	12	61	50	82	11	66	15	28	2	26	114	154	25	136	84	32	13	45	99	133	14	86	61	78	14	68	49	75	12	80	0	56	0	52	34	61	14	46	94	15	22	9	130	109	32	107
60	66	16	51	66	121	20	85	0	44	0	36	132	138	22	132	85	43	14	62	49	86	11	63	16	28	2	25	121	152	22	137	84	32	13	45	102	132	12	86	60	78	14	69	48	80	12	76	0	58	0	50	34	58	14	49	95	15	21	9	127	108	32	108
60	67	16	50	66	120	19	87	0	44	0	36	131	140	23	130	82	46	17	59	47	84	11	67	15	29	3	24	119	152	23	137	84	33	13	44	103	133	11	85	63	76	13	69	47	79	13	77	0	56	0	52	34	60	14	47	97	15	19	9	127	107	33	109
60	66	16	51	64	118	21	89	0	44	0	36	131	143	23	127	83	47	16	58	48	86	12	63	14	29	4	24	123	156	22	133	83	33	14	44	103	133	11	85	62	74	13	72	46	82	14	74	0	53	0	55	34	61	14	46	96	13	20	11	121	107	36	109
59	66	17	51	65	117	19	91	0	46	0	34	133	144	21	126	82	50	17	55	45	87	15	62	14	28	4	25	124	159	22	128	82	33	15	44	103	131	12	86	64	74	12	71	44	85	14	73	0	53	0	55	35	59	13	48	98	14	18	10	122	109	36	107
60	66	16	51	65	112	20	95	0	46	0	34	134	141	20	129	82	47	17	58	46	89	14	60	14	27	4	26	125	156	23	131	80	35	17	42	102	136	12	82	63	70	13	75	46	85	13	72	0	53	0	55	37	57	11	50	96	14	20	10	125	109	31	107
59	66	17	51	66	113	18	95	0	44	0	36	129	143	25	127	85	48	14	57	45	89	14	61	14	27	4	26	125	156	20	131	78	34	19	43	101	136	14	81	59	70	15	77	44	88	15	69	0	54	0	54	37	55	11	52	97	14	19	10	128	110	31	106
57	65	19	52	66	118	18	90	0	47	0	33	126	140	28	130	85	47	14	58	45	89	14	61	15	27	4	25	125	152	21	134	77	36	20	41	100	136	14	82	55	68	17	81	44	91	15	66	0	52	0	56	38	55	10	52	97	14	19	10	132	109	27	107
58	65	18	52	65	119	20	88	0	46	0	34	123	140	31	130	85	49	14	56	46	88	14	61	15	26	3	27	124	156	22	130	77	37	20	40	98	132	13	89	54	70	16	81	45	91	14	66	0	52	0	56	39	58	9	49	102	14	14	10	132	110	27	106
59	62	17	55	64	114	22	92	0	46	0	34	123	142	31	128	87	47	12	58	45	88	15	61	17	26	2	26	122	158	26	129	73	36	24	41	98	134	12	88	57	69	12	83	43	90	15	68	0	51	0	57	36	60	10	49	99	15	17	9	134	108	22	108
59	63	17	54	64	115	21	92	0	45	0	35	126	145	28	125	89	47	10	58	45	89	15	60	16	26	3	26	117	157	29	132	76	35	21	42	96	133	14	89	58	71	12	80	43	91	15	67	0	51	0	57	36	57	9	53	99	15	17	9	133	110	23	106
58	64	18	53	66	116	19	91	0	45	0	35	122	148	32	122	90	47	9	58	46	93	15	55	16	26	4	25	121	157	27	133	75	36	22	41	92	133	18	89	60	72	10	79	43	91	13	69	0	50	0	58	36	57	9	53	100	15	16	9	131	110	22	106
56	63	20	54	69	114	15	94	0	42	0	38	120	148	34	122	89	48	10	57	45	93	14	57	16	26	4	25	125	155	25	135	75	37	22	40	95	132	16	89	60	70	10	81	44	92	12	68	0	52	0	56	38	57	7	53	99	14	17	10	131	110	20	106
62	63	14	54	67	115	17	93	0	42	0	38	118	150	36	120	92	49	7	56	43	90	15	61	17	25	3	26	127	151	19	137	75	37	22	40	93	130	16	93	61	69	9	82	45	93	11	67	0	53	0	55	38	55	7	55	101	14	15	10	136	111	21	105
60	64	16	53	64	115	20	93	0	41	0	39	123	146	31	124	90	50	9	55	41	90	16	62	17	24	3	27	135	152	16	136	78	36	19	41	91	133	17	91	62	67	7	85	45	94	11	66	0	54	0	54	38	57	6	54	100	14	16	10	128	111	24	105
59	65	17	52	66	119	16	91	0	40	0	40	123	148	31	122	92	52	7	53	41	90	16	62	16	25	3	27	129	154	19	134	80	36	17	41	88	133	18	93	61	68	8	84	44	96	9	67	0	55	0	53	36	58	7	54	100	16	16	8	133	111	22	105
60	65	16	52	68	116	14	94	0	40	0	40	124	151	30	119	91	54	8	51	43	91	14	61	16	25	3	27	127	152	20	138	81	36	16	41	90	135	17	90	62	67	7	85	46	96	7	67	0	52	0	56	36	59	7	53	95	16	21	8	131	110	23	106
63	65	13	52	67	115	15	95	0	41	0	39	128	153	26	117	92	53	7	52	44	91	13	61	17	24	2	28	129	153	20	140	82	34	15	43	87	137	18	90	62	66	8	85	44	98	7	67	0	52	0	56	36	58	7	54	95	16	21	8	127	111	22	105
65	64	11	53	65	118	14	95	0	39	0	41	126	154	28	116	90	53	9	52	45	89	12	63	16	24	3	28	130	157	20	138	83	33	14	44	88	137	17	90	64	70	8	79	44	98	7	67	0	52	0	56	36	58	7	54	95	16	21	8	127	112	19	104
66	62	10	55	64	117	16	95	0	40	0	40	125	152	29	118	90	53	9	52	46	89	10	64	16	24	3	28	131	157	20	141	83	32	14	45	86	140	17	89	64	71	8	78	45	99	8	64	0	54	0	54	32	58	9	56	97	15	19	9	124	114	18	102
68	63	8	54	62	119	16	95	0	39	0	41	128	151	26	119	87	53	12	52	46	89	10	64	15	24	3	29	131	158	21	141	81	31	16	46	86	139	17	90	65	70	7	79	43	99	10	64	0	55	0	53	33	55	8	59	96	15	20	9	123	116	17	100
68	61	8	56	61	119	16	96	0	40	0	40	129	147	25	123	86	53	13	52	47	91	9	62	14	22	4	31	134	158	19	141	80	30	17	47	84	142	18	88	63	70	9	79	42	99	10	65	0	52	0	56	33	56	8	58	97	15	19	9	120	116	19	100
69	64	7	53	59	122	17	94	0	40	0	40	129	149	25	121	86	54	13	51	48	95	8	58	14	25	4	28	128	162	18	140	77	31	20	46	86	144	16	86	64	70	8	79	41	100	11	64	0	53	0	55	33	56	8	58	96	15	20	9	120	115	23	101
68	64	8	53	61	124	16	91	0	40	0	40	130	147	24	123	85	53	14	52	49	93	8	59	13	27	4	27	131	162	16	140	76	31	21	46	85	146	16	85	67	72	5	77	42	98	10	66	0	54	0	54	36	56	7	56	96	15	20	9	120	118	22	98
69	65	7	52	62	127	15	88	0	40	0	40	133	146	21	124	87	53	12	52	49	91	8	61	13	25	4	29	129	156	16	146	76	33	21	44	88	145	12	87	64	70	7	80	42	97	11	66	0	55	0	53	38	55	5	57	97	15	19	9	122	118	22	98
68	65	8	52	65	127	12	88	0	39	0	41	133	140	21	130	88	54	11	51	49	90	8	62	13	25	4	29	127	160	18	144	73	33	24	44	89	148	10	85	63	73	8	77	43	95	11	67	0	55	0	53	38	54	5	58	97	15	19	9	122	115	20	101
69	65	7	52	62	124	14	92	0	40	0	40	129	138	25	132	88	52	11	53	49	88	8	64	13	25	4	29	127	161	20	142	75	33	22	44	87	148	10	87	64	73	7	77	41	99	12	64	0	55	0	53	38	57	6	54	100	15	16	9	117	113	24	103
69	63	7	54	64	125	11	92	0	41	0	39	130	137	24	133	88	52	11	53	48	89	9	63	12	25	5	29	129	162	23	141	73	34	24	43	86	150	10	86	61	74	9	77	40	99	13	64	0	55	0	53	37	56	7	55	96	16	20	8	116	114	20	102
70	63	6	54	67	120	8	97	0	40	0	40	130	136	24	134	89	51	10	54	47	91	9	62	12	26	5	28	132	166	23	136	72	33	25	44	82	152	9	89	59	72	11	79	42	99	11	64	0	55	0	53	37	54	6	58	97	16	19	8	111	115	23	101
70	64	6	53	69	121	6	96	0	41	0	39	132	139	22	131	90	52	9	53	45	92	11	61	12	27	5	27	129	168	23	135	72	31	25	46	80	149	9	94	60	73	9	79	45	97	9	65	0	54	0	54	38	52	6	59	99	14	17	10	110	111	26	105
70	64	6	53	65	117	8	102	0	42	0	38	132	145	22	125	92	52	7	53	46	91	10	62	11	27	5	28	127	166	24	136	75	33	22	44	79	146	10	97	61	72	7	81	44	98	10	64	0	53	0	55	40	53	4	58	100	14	16	10	113	110	25	106
69	62	7	55	63	117	10	102	0	42	0	38	131	145	23	125	88	55	11	50	45	92	12	60	12	28	5	26	131	168	27	135	73	32	24	45	79	149	9	95	60	74	5	82	43	95	11	67	0	55	0	53	41	55	4	55	99	14	17	10	106	112	24	104
64	63	12	54	63	120	10	99	0	42	0	38	128	144	26	126	89	55	10	50	47	94	11	57	12	29	5	25	136	166	25	136	73	32	24	45	78	152	9	93	59	76	7	79	44	97	11	64	0	57	0	51	41	57	4	53	98	13	18	11	108	116	20	100
63	63	13	54	62	119	11	100	0	42	0	38	130	149	24	121	88	55	11	50	48	96	12	53	13	28	4	26	139	166	25	136	72	34	25	43	75	152	12	93	59	74	7	81	44	96	12	64	0	59	0	49	41	59	3	52	97	14	19	10	105	115	20	101
63	62	13	55	62	122	10	98	0	40	0	40	131	151	23	119	84	54	15	51	48	97	12	52	13	28	4	26	142	164	23	138	75	32	22	45	75	156	11	90	61	75	7	78	44	93	12	67	0	58	0	50	40	60	3	52	96	14	20	10	107	117	17	99
65	61	11	56	63	125	10	94	0	38	0	42	129	150	25	120	83	54	16	51	48	97	12	52	13	25	4	29	139	167	23	137	78	31	19	46	73	158	11	90	62	74	6	79	44	93	12	67	0	59	0	49	42	60	2	51	94	14	22	10	109	119	16	97
65	61	11	56	63	125	10	94	0	38	0	42	132	151	22	119	83	55	16	50	47	96	12	54	15	26	2	28	139	169	20	136	80	31	17	46	74	157	9	92	60	78	7	76	43	90	12	71	0	59	0	49	43	62	1	49	91	14	25	10	111	119	16	97
64	59	12	58	58	126	15	93	0	38	0	42	132	149	22	121	83	57	16	48	48	94	12	55	15	26	2	28	136	167	21	140	78	32	19	45	75	157	8	92	60	80	7	74	44	89	12	71	0	58	0	50	43	62	2	48	92	13	24	11	108	122	19	94
65	61	11	56	61	122	12	97	0	39	0	41	133	148	21	122	84	57	15	48	47	92	13	57	15	26	3	27	129	168	26	141	77	32	20	45	76	160	8	88	61	79	6	75	43	87	14	72	0	58	0	50	42	58	4	51	94	13	22	11	111	123	16	93
66	61	10	56	63	120	11	98	0	37	0	43	131	144	23	126	85	57	14	48	48	93	10	58	14	26	4	27	125	175	28	136	80	33	17	44	75	159	9	89	64	78	4	75	44	84	13	75	0	57	0	51	44	56	3	52	93	13	23	11	114	123	13	93
66	60	10	57	67	116	9	100	0	37	0	43	128	145	26	125	85	58	14	47	51	92	8	58	15	27	3	26	130	176	24	135	79	33	18	44	78	158	7	89	64	79	4	74	47	83	11	75	0	55	0	53	43	57	4	51	95	14	21	10	111	122	15	94
67	58	9	59	66	117	10	99	0	34	0	46	127	147	27	123	85	56	14	49	50	90	9	60	16	28	2	25	128	180	24	133	78	33	19	44	76	158	8	90	63	78	4	76	47	85	11	73	0	53	0	55	43	57	4	51	97	14	19	10	112	122	14	94
66	56	10	61	64	117	11	100	0	35	0	45	124	149	30	121	83	54	16	51	51	91	10	57	16	28	2	25	129	180	21	136	80	34	17	43	76	159	8	89	63	78	5	75	49	87	9	71	0	54	0	54	43	57	5	50	97	14	19	10	110	121	15	95
66	55	10	62	65	115	12	100	0	35	0	45	123	150	31	120	83	54	16	51	51	93	10	55	16	29	2	24	126	178	19	137	80	38	17	39	77	160	8	87	62	81	5	73	50	85	8	73	0	57	0	51	41	57	6	51	97	14	19	10	112	121	19	95
66	57	10	60	65	118	12	97	0	36	0	44	124	151	30	119	85	55	14	50	51	93	10	55	16	29	2	24	134	173	15	140	80	38	17	39	76	160	9	87	63	79	6	73	48	85	9	74	0	58	0	50	38	56	8	53	100	15	16	9	109	120	20	96
68	57	8	60	65	116	11	100	0	34	0	46	127	145	27	125	83	55	16	50	52	92	9	56	17	28	1	25	138	171	17	139	82	39	15	38	77	157	8	90	63	80	6	72	47	87	10	72	0	58	0	50	35	59	11	50	99	16	17	8	106	116	20	100
69	60	7	57	66	116	11	99	0	36	0	44	127	142	27	128	83	54	16	51	52	95	8	54	18	26	0	27	143	169	14	141	82	40	15	37	78	152	8	94	64	81	5	71	48	86	9	73	0	59	0	49	39	59	7	50	101	16	15	8	106	115	18	101
69	60	7	57	69	116	8	99	0	35	0	45	126	139	28	131	83	56	16	49	50	92	10	57	17	25	1	28	142	171	14	139	79	41	18	36	77	156	8	91	63	81	5	72	48	85	9	74	0	57	0	51	38	61	8	48	103	16	13	8	104	114	21	102
68	59	8	58	68	116	9	99	0	36	0	44	127	137	27	133	81	55	18	50	50	93	10	56	17	24	1	29	143	169	14	140	77	41	20	36	77	156	10	89	60	82	7	72	46	84	12	74	0	59	0	49	40	60	6	49	103	16	13	8	103	117	22	99
69	59	7	58	68	118	10	96	0	36	0	44	132	135	22	135	82	55	17	50	50	91	10	58	16	24	2	29	143	169	13	139	83	38	14	39	76	154	11	91	62	85	7	67	48	83	11	74	0	61	0	47	37	62	8	48	100	16	16	8	105	115	22	101
69	61	7	56	68	122	10	92	0	36	0	44	132	139	22	131	83	56	16	49	44	91	16	58	16	24	2	29	144	168	14	140	83	39	14	38	77	154	12	89	60	85	8	68	49	84	11	72	0	61	0	47	34	61	9	51	99	16	17	8	100	115	25	101
70	59	6	58	67	121	11	93	0	37	0	43	131	137	23	133	82	57	17	48	46	89	14	60	17	24	2	28	140	171	18	137	84	41	13	36	75	155	13	89	59	84	8	70	48	84	11	73	0	61	0	47	34	61	9	51	102	14	14	10	101	115	24	101
70	60	6	57	69	119	11	93	0	38	0	42	132	134	22	136	80	55	19	50	47	91	13	58	17	24	2	28	140	168	18	136	82	42	15	35	74	155	14	89	59	84	6	72	50	84	9	73	0	59	0	49	33	64	9	49	103	14	13	10	108	114	21	102
69	60	7	57	69	120	11	92	0	38	0	42	133	133	21	137	78	56	21	49	50	90	9	60	16	25	3	27	136	169	19	136	80	41	17	36	77	154	11	90	57	82	6	76	50	83	9	74	0	57	0	51	34	63	8	50	102	14	14	10	106	114	25	102
69	58	7	59	70	115	10	97	0	39	0	41	130	136	24	134	76	57	23	48	51	92	8	58	15	25	4	27	130	168	24	138	77	41	20	36	75	152	13	92	54	81	9	77	50	84	8	74	0	55	0	53	32	65	10	48	102	15	14	9	103	113	28	103
68	59	8	58	70	112	10	100	0	39	0	41	132	137	22	133	78	59	21	46	50	90	9	60	15	26	4	26	124	167	28	139	80	40	17	37	75	155	12	90	54	82	9	76	50	83	8	75	0	55	0	53	30	63	10	52	101	15	15	9	107	113	26	103
66	59	10	58	69	110	10	103	0	40	0	40	127	134	27	136	79	60	20	45	53	90	7	59	15	25	4	27	125	168	26	136	80	41	17	36	74	153	10	95	54	83	9	75	49	85	8	74	0	55	0	53	30	63	10	52	99	15	17	9	109	111	27	105
67	58	9	59	68	113	11	100	0	40	0	40	130	140	24	130	79	63	20	42	57	88	6	58	16	26	3	26	122	168	28	135	81	40	16	37	73	151	11	97	54	85	8	74	49	84	8	75	0	57	0	51	32	65	9	49	97	15	19	9	113	111	25	105
68	56	8	61	68	114	10	100	0	40	0	40	132	140	22	130	77	62	22	43	55	90	8	56	15	25	4	27	124	171	26	133	81	38	16	39	72	150	13	97	54	87	8	72	50	83	9	74	0	56	0	52	32	65	9	49	98	15	18	9	111	113	26	103
69	54	7	63	67	113	11	101	0	42	0	38	134	138	20	132	79	64	20	41	54	90	10	55	15	25	4	27	128	171	28	132	83	38	14	39	68	152	15	97	56	88	6	71	49	83	9	75	0	58	0	50	30	64	11	50	99	15	17	9	109	114	23	102
69	54	7	63	65	115	13	99	0	42	0	38	132	136	22	134	77	66	22	39	56	91	7	55	16	25	3	27	127	169	27	135	80	38	17	39	68	151	15	98	55	85	7	74	47	85	8	76	0	59	0	49	32	64	9	50	99	15	17	9	108	115	25	101
67	53	9	64	65	114	13	100	0	41	0	39	129	137	25	133	74	65	25	40	56	89	6	58	16	26	3	26	121	170	30	133	81	39	16	38	70	151	14	97	57	83	7	74	49	85	7	75	0	60	0	48	33	67	8	47	100	15	16	9	111	111	26	105
67	54	9	63	64	114	14	100	0	41	0	39	129	140	25	130	75	66	24	39	53	90	10	56	16	25	3	27	119	173	28	131	82	40	15	37	65	151	18	98	56	87	9	69	51	87	6	72	0	61	0	47	32	67	9	47	100	15	16	9	115	112	25	104
66	55	10	62	64	114	13	101	0	42	0	38	129	140	25	130	77	66	22	39	56	92	8	53	16	26	3	26	121	175	29	126	83	41	14	36	66	152	18	96	55	86	10	70	52	87	6	71	0	61	0	47	32	64	9	50	99	14	17	10	118	110	22	106
66	55	10	62	63	111	15	103	0	42	0	38	129	140	25	130	77	65	22	40	58	89	6	56	16	26	3	26	124	177	27	125	83	40	14	37	68	155	15	94	54	90	11	66	49	84	9	74	0	62	0	46	30	63	10	52	99	14	17	10	118	110	20	106
69	56	7	61	63	110	15	104	0	40	0	40	132	140	22	130	82	65	17	40	57	88	7	57	16	27	3	25	125	178	23	126	82	42	15	35	69	152	14	97	52	92	11	66	48	81	10	77	0	61	0	47	31	65	9	50	98	13	18	11	120	110	19	106
67	59	9	58	68	109	10	105	0	40	0	40	131	143	23	127	83	65	16	40	57	86	7	59	16	26	3	26	126	180	21	126	82	42	15	35	70	154	14	94	56	91	8	66	45	81	13	77	0	62	0	46	31	64	9	51	99	13	17	11	118	111	20	105
63	60	13	57	68	113	10	101	0	39	0	41	133	144	21	126	83	63	16	42	56	84	8	61	16	26	3	26	125	182	19	124	80	43	17	34	71	158	13	90	56	93	9	63	45	82	13	76	0	64	0	44	32	64	8	51	103	14	13	10	122	112	19	104
66	57	10	60	69	114	11	98	0	40	0	40	133	147	21	123	84	63	15	42	56	85	8	60	16	26	3	26	121	182	17	127	79	43	18	34	71	161	13	87	54	92	11	64	46	77	12	81	0	63	0	45	35	64	6	50	102	15	14	9	127	112	17	104
