AAA	AAC	AAG	AAT	ACA	ACC	ACG	ACT	AGA	AGC	AGG	AGT	ATA	ATC	ATG	ATT	CAA	CAC	CAG	CAT	CCA	CCC	CCG	CCT	CGA	CGC	CGG	CGT	CTA	CTC	CTG	CTT	GAA	GAC	GAG	GAT	GCA	GCC	GCG	GCT	GGA	GGC	GGG	GGT	GTA	GTC	GTG	GTT	TAA	TAC	TAG	TAT	TCA	TCC	TCG	TCT	TGA	TGC	TGG	TGT	TTA	TTC	TTG	TTT
36	63	50	60	85	100	88	72	0	51	0	46	88	145	73	143	50	53	46	61	64	50	53	51	18	18	12	18	103	99	105	85	51	31	39	29	71	71	73	64	61	43	51	41	31	43	32	33	0	51	0	50	41	44	43	49	56	11	46	15	124	111	121	99
39	63	47	60	89	101	84	71	0	51	0	46	95	147	66	141	55	53	41	61	71	49	46	52	18	19	12	17	110	99	98	86	53	31	37	29	76	72	68	63	64	44	48	40	36	43	27	33	0	52	0	49	50	45	34	48	61	11	41	15	133	113	111	97
42	64	44	59	97	101	76	71	0	51	0	46	97	146	64	142	57	56	39	58	75	50	42	51	20	19	10	17	122	99	90	86	56	31	34	29	84	72	60	63	66	44	46	40	38	43	25	33	0	53	0	48	53	45	31	48	65	12	37	14	140	113	100	97
42	64	44	59	101	101	72	71	0	52	0	45	94	148	67	140	60	57	36	57	80	51	37	50	20	19	10	17	128	99	81	86	59	32	31	28	91	73	53	62	74	45	38	39	40	43	23	33	0	52	0	49	54	45	30	48	68	12	34	14	142	114	101	96
45	64	41	59	107	101	66	71	0	52	0	45	102	149	59	139	59	58	37	56	83	51	34	50	21	20	9	16	138	97	73	88	64	32	26	28	94	75	50	60	80	46	32	38	38	42	25	34	0	54	0	47	55	43	29	50	73	12	29	14	148	115	93	95
46	62	40	61	109	100	63	73	0	53	0	44	108	148	53	140	61	57	35	57	81	53	35	49	23	20	7	16	141	97	68	88	64	32	26	28	101	76	43	59	81	45	31	39	40	41	23	35	0	55	0	46	55	43	29	50	76	11	26	15	163	114	80	96
46	62	40	61	109	101	63	72	0	53	0	44	111	152	50	136	66	57	30	57	87	53	29	49	27	20	3	16	146	98	63	87	66	32	24	28	105	76	39	59	83	46	29	38	40	41	23	35	0	56	0	45	57	44	27	49	78	11	24	15	166	115	77	95
49	63	37	60	115	99	57	74	0	53	0	44	119	153	42	135	70	58	26	56	88	53	28	49	27	20	3	16	150	99	58	86	69	32	21	28	103	74	41	61	82	48	30	36	43	42	20	34	0	55	0	46	58	45	26	48	79	11	23	15	175	115	69	95
55	64	31	59	122	101	50	72	0	53	0	44	120	152	41	136	71	59	25	55	91	55	25	47	26	21	4	15	158	99	54	86	72	33	18	27	106	75	38	60	83	47	28	38	42	42	21	34	0	55	0	46	57	48	26	46	80	10	22	16	173	113	67	97
58	66	28	57	132	100	40	73	0	52	0	45	123	154	38	134	72	58	24	56	94	55	22	47	27	21	3	15	161	100	51	85	74	33	16	27	107	77	35	60	84	47	27	38	44	43	18	34	0	55	0	46	58	49	25	45	84	10	18	16	180	112	60	98
59	68	27	55	139	100	33	73	0	52	0	45	128	153	33	135	72	59	24	55	96	56	20	46	27	21	3	15	161	101	51	84	75	34	15	26	109	76	33	61	87	48	24	37	47	42	15	35	0	55	0	46	63	49	20	45	87	10	15	16	189	111	51	99
61	68	25	55	144	100	28	73	0	53	0	44	134	154	27	134	75	59	21	55	96	55	19	48	27	21	3	15	172	98	44	87	78	34	12	26	115	77	27	60	88	49	22	37	50	41	12	36	0	55	0	46	65	49	18	45	92	9	10	17	189	112	47	98
63	65	23	58	148	100	24	73	0	55	0	42	133	155	28	133	80	58	16	56	99	54	16	49	27	20	3	16	174	101	42	84	78	33	12	27	119	80	23	57	88	49	22	37	50	41	12	36	0	54	0	47	65	46	18	48	93	8	9	18	194	112	42	98
67	66	19	57	149	99	23	74	0	56	0	41	138	156	23	132	80	59	16	55	101	56	14	47	27	21	3	15	179	103	39	84	79	33	11	27	121	81	21	56	91	49	19	37	53	40	9	37	0	55	0	46	67	49	16	45	91	7	11	19	194	111	38	99
67	66	19	57	150	100	21	74	0	56	0	41	139	155	22	133	79	58	17	56	102	54	13	49	27	21	3	15	183	105	36	82	79	33	11	27	123	81	18	57	90	51	19	36	54	38	8	39	0	55	0	46	70	48	13	46	91	8	11	18	195	114	36	96
69	66	17	57	148	99	22	76	0	53	0	44	144	153	17	135	79	56	17	58	101	54	14	49	27	20	3	16	186	101	35	86	80	33	10	27	120	85	21	53	90	49	19	38	56	38	6	39	0	55	0	46	70	47	13	47	89	10	13	16	196	117	33	93
71	65	15	58	149	101	21	74	0	53	0	44	142	150	19	138	81	55	15	59	100	56	13	49	27	20	3	16	188	104	31	85	77	33	13	27	122	83	19	55	93	48	16	39	57	38	5	39	0	55	0	46	67	48	15	47	90	10	12	16	198	115	31	95
71	66	15	57	151	101	19	74	0	53	0	44	143	149	18	139	83	55	13	59	100	58	13	47	27	21	3	15	190	103	32	86	80	33	10	27	123	82	18	56	94	45	15	42	58	38	3	40	0	55	0	46	67	50	15	45	88	10	14	16	194	116	32	94
73	65	13	58	154	102	16	73	0	55	0	42	141	150	20	138	84	58	12	56	101	59	12	46	26	22	4	14	193	105	28	85	81	33	9	27	122	83	19	55	95	46	13	42	56	37	5	41	0	54	0	47	68	52	14	43	87	10	15	16	200	118	26	92
75	65	11	58	154	102	16	73	0	54	0	43	140	151	21	137	87	58	9	56	101	59	12	46	26	23	4	13	191	107	26	83	83	32	7	28	126	84	15	54	97	48	11	40	56	35	5	43	0	56	0	45	69	52	13	43	88	10	14	16	203	120	27	90
76	64	10	59	154	102	16	73	0	55	0	42	141	149	20	139	88	58	8	56	101	59	12	46	27	22	3	14	197	110	23	80	88	31	2	29	124	83	17	55	96	51	11	38	58	36	3	42	0	56	0	45	71	52	11	43	86	10	16	16	197	120	30	90
76	63	10	60	152	101	18	74	0	54	0	43	140	147	21	141	90	57	6	57	100	59	13	46	27	21	3	15	198	109	23	81	88	30	2	30	125	84	15	55	98	49	9	40	58	37	3	41	0	55	0	46	72	53	9	43	87	10	15	16	200	121	26	89
77	62	9	61	155	103	15	72	0	58	0	39	141	147	20	141	91	57	5	57	100	61	12	45	27	21	3	15	206	110	23	80	88	30	2	30	123	83	17	56	97	49	10	40	58	37	2	42	0	57	0	44	72	54	9	42	89	10	13	16	195	121	23	89
79	60	7	63	155	102	15	73	0	57	0	40	143	148	18	140	92	56	4	58	101	63	10	44	26	20	4	16	211	111	20	79	87	31	3	29	125	83	15	56	97	49	10	40	54	40	5	40	0	57	0	44	73	56	7	41	91	10	11	16	193	118	23	92
80	61	6	62	157	104	12	72	0	57	0	40	144	147	17	141	91	55	5	59	102	61	9	46	27	21	3	15	205	115	26	77	86	30	4	30	125	81	15	58	98	49	9	40	54	40	5	40	0	57	0	44	73	55	7	42	93	10	9	16	194	119	20	91
82	60	4	63	155	104	13	73	0	52	0	45	145	145	16	143	92	56	4	58	102	60	9	47	28	20	2	16	206	117	26	75	85	29	5	31	125	83	15	56	97	48	10	41	54	41	5	39	0	56	0	45	71	55	8	43	95	11	7	15	197	117	16	93
80	59	6	64	154	104	14	73	0	52	0	45	144	144	17	144	91	56	5	58	103	60	7	48	29	20	1	16	206	114	26	79	84	29	6	31	130	84	10	55	96	48	10	42	54	42	5	38	0	56	0	45	71	55	8	43	94	11	8	15	197	117	15	93
76	60	10	63	152	102	16	75	0	53	0	44	147	144	14	144	91	54	5	60	105	60	5	48	28	20	2	16	208	114	24	79	84	30	6	30	128	84	12	55	97	48	9	42	50	44	8	37	0	56	0	45	72	56	6	43	93	11	9	15	199	118	13	92
77	62	9	61	153	101	15	76	0	56	0	41	146	148	15	140	90	53	6	61	106	62	4	46	28	20	2	16	212	113	23	80	85	30	5	30	126	86	14	53	100	48	6	42	50	44	8	37	0	54	0	47	72	55	6	44	95	14	7	12	198	117	11	93
77	65	9	58	153	107	14	71	0	58	0	39	146	152	15	136	91	51	5	63	102	62	8	46	29	20	1	16	215	114	20	79	87	31	3	29	125	86	15	53	103	47	3	43	48	44	10	37	0	53	0	48	73	56	5	43	96	14	6	12	195	116	14	94
77	65	9	58	155	112	11	67	0	58	0	39	144	154	17	134	89	53	7	61	103	64	6	45	30	21	0	15	218	113	17	80	86	31	4	29	121	86	18	54	102	48	4	42	51	44	7	37	0	52	0	49	72	56	5	44	95	14	7	12	194	114	15	96
77	66	9	57	151	114	15	65	0	57	0	40	147	157	14	131	88	53	8	61	104	65	5	44	30	22	0	14	213	113	16	82	84	31	6	29	123	86	15	55	101	47	5	43	51	43	7	38	0	52	0	49	72	55	5	45	95	14	7	12	199	113	14	97
77	65	9	58	149	112	17	67	0	57	0	40	149	155	12	133	89	54	7	60	106	64	3	45	30	22	0	14	212	115	14	82	85	31	5	29	123	87	14	55	102	49	4	41	52	45	5	37	0	52	0	49	71	56	6	44	97	13	5	13	200	115	14	95
77	64	9	59	152	111	14	68	0	57	0	40	149	158	12	130	89	53	7	61	106	63	3	46	28	22	2	14	216	113	14	85	87	33	3	27	123	89	14	53	97	51	7	41	53	45	4	37	0	52	0	49	66	55	11	45	95	12	7	14	192	116	17	94
77	63	9	60	155	111	11	68	0	58	0	39	148	154	13	134	88	52	8	62	104	62	5	47	29	22	1	14	221	117	12	83	89	36	1	24	126	88	11	54	96	52	8	40	49	47	7	36	0	55	0	46	66	56	11	44	94	12	8	14	184	115	20	95
77	62	9	61	151	109	15	70	0	56	0	41	144	154	17	134	88	55	8	59	102	64	7	45	28	22	2	14	213	119	17	82	89	36	1	24	126	86	11	56	97	53	6	40	47	48	9	35	0	54	0	47	67	56	10	44	96	12	6	14	189	116	17	94
78	61	8	62	152	110	13	70	0	57	0	40	143	151	18	137	89	58	7	56	98	65	11	44	28	22	2	14	214	124	20	77	88	36	2	24	125	85	12	57	91	54	10	41	47	49	9	34	0	50	0	51	67	58	9	43	97	12	5	14	186	115	16	95
75	64	11	59	153	110	12	70	0	55	0	42	143	151	18	137	87	58	9	56	98	62	10	48	29	22	1	14	217	122	17	79	86	38	4	22	124	85	12	58	91	55	10	40	49	46	7	37	0	52	0	49	66	58	10	43	99	12	3	14	186	117	16	93
75	64	11	59	152	110	13	70	0	54	0	43	142	153	19	135	89	58	7	56	97	61	11	49	29	22	1	14	217	119	16	83	88	36	2	24	122	87	13	57	93	56	8	39	48	48	8	35	0	51	0	50	66	60	10	41	100	12	2	14	185	116	17	94
77	63	9	60	155	112	10	68	0	58	0	39	140	159	21	129	88	57	8	57	98	63	10	47	30	20	0	16	224	119	17	83	89	38	1	22	122	89	11	57	95	56	6	39	48	48	8	35	0	53	0	48	66	60	10	41	99	12	3	14	176	114	18	96
77	65	9	58	155	112	10	68	0	60	0	37	142	159	19	129	88	58	8	56	96	65	12	45	30	20	0	16	222	121	16	81	87	37	3	23	121	90	12	56	95	56	6	39	48	47	8	36	0	53	0	48	65	60	11	41	100	11	2	15	179	114	18	96
81	66	5	57	153	115	11	66	0	60	0	37	142	161	19	127	88	59	8	55	97	67	10	44	29	20	1	16	223	118	20	84	87	36	3	24	120	92	13	54	95	57	6	38	50	46	6	37	0	53	0	48	68	61	8	40	100	11	2	15	174	115	18	95
79	67	7	56	153	114	11	67	0	61	0	36	139	159	22	129	87	57	9	57	98	67	9	44	28	19	2	17	224	122	19	81	87	36	3	24	122	93	11	53	95	57	6	38	49	47	6	37	0	51	0	50	69	60	7	41	97	11	5	15	170	117	21	93
83	69	3	54	153	114	11	67	0	63	0	34	134	160	27	128	87	58	9	56	100	66	7	45	28	19	2	17	221	124	20	81	86	36	4	24	120	94	13	52	95	59	6	36	50	49	4	36	0	50	0	51	67	59	9	42	97	12	5	14	172	117	19	93
82	71	4	52	151	115	12	67	0	62	0	35	139	163	22	125	87	59	9	55	101	64	6	47	25	18	5	18	217	121	23	84	88	36	2	24	119	92	14	54	94	60	7	35	50	50	4	35	0	50	0	51	67	58	9	43	96	13	6	13	179	117	13	93
79	73	7	50	151	114	12	68	0	64	0	33	142	166	19	122	86	58	10	56	100	64	6	48	25	18	5	18	223	119	21	86	85	34	5	26	116	91	16	56	94	60	6	36	51	51	3	34	0	52	0	49	68	59	8	42	93	13	9	13	176	118	12	92
80	73	6	50	155	113	8	69	0	63	0	34	143	169	18	119	87	57	9	57	95	65	11	47	26	19	4	17	224	120	22	85	84	35	6	25	119	88	13	59	91	61	8	36	51	50	3	35	0	53	0	48	67	61	9	40	90	14	12	12	175	120	11	90
80	75	6	48	153	112	10	70	0	64	0	33	145	166	16	122	87	55	9	59	92	64	14	48	26	19	4	17	221	119	23	87	87	35	3	25	121	87	11	60	90	58	9	39	52	50	2	35	0	52	0	49	67	64	8	38	89	14	13	12	176	121	11	89
80	75	6	48	154	110	9	72	0	64	0	33	143	165	18	123	88	58	8	56	90	63	16	49	25	20	5	16	227	119	19	87	86	35	4	25	121	86	11	61	90	59	8	39	52	52	2	33	0	52	0	49	68	63	7	39	91	15	11	11	171	120	14	90
80	74	6	49	155	113	7	70	0	63	0	34	145	166	16	122	87	55	9	59	89	65	16	48	25	20	5	16	223	119	21	88	85	34	5	26	123	88	8	60	90	60	7	39	52	54	2	31	0	52	0	49	68	66	7	36	93	15	9	11	174	121	12	89
82	76	4	47	156	112	6	71	0	63	0	34	147	168	14	120	87	55	9	59	90	66	14	48	27	19	3	17	216	121	23	87	84	35	6	25	120	86	10	63	88	61	8	39	52	54	2	31	0	49	0	52	67	67	7	36	94	13	8	13	177	123	13	87
79	77	7	46	156	114	6	69	0	66	0	31	147	168	14	120	88	55	8	59	93	64	11	50	29	20	1	16	217	121	26	87	84	36	6	24	122	88	8	61	85	62	11	38	50	52	4	33	0	51	0	50	66	68	8	35	100	13	2	13	171	121	15	89
79	77	7	46	154	114	8	69	0	67	0	30	148	171	13	117	87	56	9	58	95	63	9	51	28	20	2	16	214	118	25	90	84	37	6	23	122	86	8	63	86	60	10	40	50	53	4	32	0	53	0	48	66	67	8	36	99	13	3	13	175	121	15	89
80	78	6	45	150	114	12	69	0	65	0	32	150	167	11	121	88	57	8	57	97	62	7	52	29	21	1	15	218	120	28	89	84	37	6	23	121	85	9	64	85	61	11	39	49	52	5	33	0	55	0	46	68	65	6	38	97	13	5	13	170	122	12	88
81	77	5	46	150	114	12	69	0	63	0	34	145	169	16	119	87	58	9	56	99	63	5	51	29	22	0	15	220	123	25	86	84	36	6	24	122	87	8	62	86	62	9	39	50	52	4	33	0	56	0	45	68	65	6	38	92	14	10	12	172	123	11	87
81	78	5	45	151	113	11	70	0	64	0	33	146	171	15	117	88	60	8	54	100	63	4	51	27	22	2	15	223	123	23	87	85	35	5	25	120	87	10	62	84	62	11	39	49	51	5	34	0	56	0	45	69	65	5	38	96	14	6	12	174	123	7	87
81	78	5	45	152	114	9	70	0	61	0	36	146	175	15	113	88	59	8	55	99	62	5	52	27	23	2	14	218	123	23	87	86	35	4	25	121	86	9	63	88	62	6	40	48	51	6	34	0	53	0	48	70	65	4	38	93	14	9	12	177	120	9	90
81	77	5	46	151	112	10	72	0	63	0	34	146	173	15	115	88	56	8	58	99	64	5	50	28	23	1	14	220	125	23	85	85	35	5	25	121	86	9	63	85	64	8	39	46	51	7	35	0	52	0	49	68	67	6	36	93	14	9	12	175	119	9	91
81	77	5	46	150	110	11	74	0	63	0	34	149	177	12	111	87	57	9	57	97	61	7	53	28	23	1	14	218	123	24	87	86	36	4	24	120	85	10	64	85	64	8	39	46	52	7	34	0	50	0	51	65	69	9	34	93	14	9	12	175	123	10	87
82	75	4	48	152	112	8	73	0	66	0	31	150	176	11	112	85	58	11	56	98	59	6	55	28	23	1	14	221	124	21	86	85	37	5	23	122	86	8	63	86	64	7	39	45	54	7	33	0	53	0	48	66	70	8	33	96	14	6	12	174	123	11	87
81	76	5	47	149	111	11	74	0	67	0	30	149	174	12	114	86	59	10	55	96	58	8	56	28	23	1	14	222	123	20	88	85	37	5	23	122	86	8	63	86	63	7	40	47	54	5	33	0	53	0	48	64	71	8	34	95	14	7	12	173	122	11	88
78	75	8	48	149	113	11	72	0	66	0	31	146	177	15	111	86	57	10	57	97	60	6	55	27	22	2	15	225	123	18	89	85	35	5	25	122	86	8	63	85	64	8	39	47	55	4	33	0	52	0	49	64	72	8	33	94	14	8	12	169	124	13	86
80	73	6	50	146	115	14	70	0	65	0	32	146	175	15	113	88	56	8	58	97	63	6	52	26	22	2	16	229	123	17	90	86	36	4	24	123	85	7	64	86	69	7	34	48	56	3	32	0	52	0	49	61	74	10	32	95	14	7	12	166	119	12	91
81	72	5	51	148	113	12	72	0	65	0	32	147	174	14	114	87	54	9	60	92	65	9	52	25	22	3	16	226	123	18	90	86	37	4	23	120	89	9	61	82	70	10	34	49	56	2	32	0	55	0	46	61	73	10	33	96	14	6	12	166	116	14	94
81	70	5	53	147	114	13	71	0	66	0	31	151	174	10	114	87	53	9	61	89	65	12	52	25	21	3	17	223	123	20	90	85	38	5	22	122	87	7	63	82	71	10	33	50	56	1	32	0	55	0	46	59	73	12	33	95	14	7	12	167	116	14	94
81	71	5	52	146	114	13	72	0	66	0	31	152	171	9	117	88	53	8	61	89	62	11	56	24	22	4	16	218	127	18	88	85	38	5	22	119	88	10	62	82	72	10	32	50	59	1	29	0	55	0	46	57	73	14	33	95	14	7	12	170	115	16	95
78	69	8	54	148	114	11	72	0	66	0	31	151	173	10	115	89	52	7	62	90	61	10	57	24	21	4	17	216	126	17	90	84	39	6	21	117	87	12	63	83	73	9	31	48	59	3	29	0	55	0	46	61	74	10	32	94	14	8	12	173	114	15	96
76	66	10	57	147	113	12	73	0	65	0	32	153	170	8	118	90	49	6	65	90	60	10	58	24	20	4	18	214	127	17	89	86	40	4	20	116	86	13	64	79	76	12	29	49	58	2	30	0	56	0	45	64	77	7	29	91	14	11	12	176	110	14	100
79	69	7	54	146	113	13	73	0	66	0	31	148	172	13	116	91	49	5	65	90	63	10	55	24	22	4	16	215	125	14	91	85	39	5	21	115	87	12	65	83	76	7	30	50	58	1	30	0	56	0	45	65	77	6	29	91	14	11	12	177	110	15	100
79	69	7	54	143	114	16	72	0	65	0	32	146	171	15	117	91	52	5	62	89	59	10	60	25	21	3	17	223	124	12	92	87	39	3	21	114	88	13	64	84	75	6	31	49	58	2	30	0	54	0	47	65	75	6	31	92	14	10	12	174	109	12	101
82	68	4	55	143	112	15	75	0	64	0	33	149	174	12	114	93	54	3	60	89	61	10	58	25	21	3	17	226	125	8	92	84	39	6	21	111	86	16	66	80	77	9	30	48	57	3	31	0	56	0	45	65	74	6	32	93	14	9	12	172	113	14	97
80	67	6	56	143	113	15	74	0	66	0	31	151	173	10	115	92	55	4	59	90	62	8	58	25	21	3	17	226	124	14	93	86	40	4	20	110	84	17	68	83	78	6	29	48	57	3	31	0	57	0	44	66	74	5	32	92	13	10	13	165	113	15	97
80	68	6	55	147	110	11	77	0	67	0	30	151	171	10	117	89	54	7	60	91	63	7	57	25	22	3	16	225	125	17	93	85	40	5	20	112	87	15	65	82	77	7	30	47	57	4	31	0	55	0	46	65	72	6	34	92	14	10	12	163	116	14	94
81	67	5	56	147	111	10	77	0	69	0	28	151	173	10	115	89	54	7	60	92	65	6	55	25	22	3	16	227	126	16	92	85	40	5	20	114	89	13	63	81	78	6	31	46	55	5	33	0	54	0	47	64	73	7	33	92	13	10	13	162	121	14	89
80	67	6	56	144	109	13	79	0	68	0	29	149	169	12	119	90	50	6	64	90	67	8	53	23	22	5	16	225	131	20	88	85	40	5	20	114	88	13	64	82	79	5	30	46	53	5	35	0	56	0	45	62	73	9	33	92	13	10	13	163	122	10	88
80	67	6	56	142	110	15	78	0	69	0	28	149	168	12	120	90	51	6	63	91	65	7	55	23	22	5	16	223	132	20	89	85	40	5	20	112	89	15	63	81	74	6	35	45	52	6	36	0	55	0	46	62	72	8	35	91	12	11	14	164	123	9	87
77	67	9	56	141	111	15	78	0	67	0	30	149	165	12	123	89	51	7	63	91	62	7	58	25	23	3	15	220	132	24	90	86	41	4	19	112	89	14	64	80	74	7	35	45	52	6	36	0	56	0	45	60	74	10	33	94	12	8	14	163	124	8	86
75	69	11	54	139	113	16	77	0	64	0	33	146	162	15	126	90	52	6	62	91	63	7	57	23	23	5	15	220	132	24	91	85	40	5	20	112	83	14	70	77	74	8	37	44	53	7	35	0	57	0	44	61	75	9	32	93	12	9	14	163	122	7	88
76	70	10	53	139	111	16	79	0	64	0	33	144	162	17	126	91	54	5	60	93	63	5	57	23	23	5	15	218	134	23	89	87	40	3	20	111	87	13	68	77	75	8	36	42	53	8	36	0	56	0	45	62	72	8	35	90	14	12	12	160	120	13	90
76	70	10	53	139	112	16	78	0	65	0	32	148	162	13	126	90	56	6	58	90	68	6	54	23	23	5	15	217	137	22	86	86	39	4	21	109	86	15	69	79	77	5	35	39	55	11	34	0	53	0	48	62	74	8	33	93	14	9	12	157	121	18	89
78	72	8	51	138	115	16	76	0	65	0	32	148	158	13	130	90	55	6	59	90	68	6	54	24	23	4	15	221	139	22	85	88	38	2	22	112	87	12	68	78	76	6	36	41	54	9	35	0	55	0	46	60	75	9	33	94	15	8	11	154	123	16	87
79	72	7	51	140	117	14	74	0	65	0	32	146	158	15	130	89	57	7	57	94	68	2	54	23	23	5	15	224	139	17	86	87	37	3	23	111	87	13	68	79	77	4	36	42	56	8	33	0	55	0	46	60	74	9	34	96	16	6	10	155	127	16	83
80	72	6	51	140	116	14	75	0	65	0	32	148	158	13	130	90	56	6	58	93	66	3	56	22	23	6	15	224	144	15	82	83	36	7	24	110	89	13	67	77	76	6	37	43	56	7	33	0	56	0	45	58	74	11	34	97	16	5	10	154	126	18	84
81	71	5	52	136	118	18	73	0	65	0	32	146	160	15	128	90	59	6	55	90	65	5	58	23	24	5	14	216	145	19	83	83	36	7	24	111	89	12	67	74	75	9	38	44	54	6	35	0	57	0	44	59	74	10	34	97	16	5	10	157	128	17	82
83	72	3	51	134	117	20	74	0	66	0	31	144	157	17	131	90	58	6	56	91	67	4	56	24	24	4	14	217	149	20	80	82	35	8	25	110	88	12	69	72	75	11	38	45	55	4	35	0	55	0	46	62	74	7	34	98	17	4	9	156	130	15	80
82	71	4	52	139	118	15	73	0	66	0	31	141	162	20	126	90	57	6	57	88	67	7	56	26	24	2	14	214	150	15	80	81	35	9	25	108	90	12	69	71	74	11	40	46	55	3	35	0	56	0	45	62	74	7	34	94	17	8	9	162	130	16	80
82	73	4	50	136	119	17	73	0	67	0	30	140	160	21	128	92	58	4	56	91	69	4	54	26	24	2	14	212	151	20	79	82	35	8	25	110	89	10	70	72	76	10	38	45	53	4	37	0	53	0	48	63	76	6	32	93	17	9	9	156	130	19	80
82	75	4	48	139	117	14	75	0	66	0	31	140	161	21	127	90	60	6	54	92	70	3	53	27	24	1	14	210	152	23	78	83	35	7	25	108	92	11	68	71	76	10	39	44	54	5	36	0	53	0	48	63	76	6	32	93	16	9	10	156	126	18	84
80	76	6	47	139	121	13	72	0	67	0	30	142	162	19	126	90	61	6	53	94	71	1	52	27	22	1	16	209	155	23	76	85	35	5	25	107	91	12	69	73	76	8	39	43	54	5	37	0	55	0	46	64	76	5	32	94	16	8	10	155	128	19	82
80	78	6	45	135	123	15	72	0	67	0	30	141	160	20	128	91	63	5	51	95	73	0	50	26	23	2	15	210	154	24	77	85	35	5	25	109	92	10	68	72	76	9	39	41	53	7	38	0	56	0	45	62	76	7	32	94	17	8	9	155	130	17	80
78	79	8	44	138	123	12	72	0	67	0	30	139	157	22	131	92	64	4	50	94	73	0	51	26	21	2	17	212	152	22	79	85	37	5	23	109	91	10	69	71	79	9	37	43	53	5	38	0	56	0	45	62	76	7	32	92	18	10	8	156	131	16	79
75	80	11	43	135	122	14	74	0	68	0	29	140	158	21	130	90	62	6	52	92	76	2	48	26	21	2	17	212	153	23	78	85	36	5	24	106	92	11	70	72	78	8	38	41	53	6	39	0	55	0	46	65	76	4	32	92	17	10	9	154	129	17	81
76	79	10	44	135	122	14	74	0	68	0	29	141	158	20	130	92	61	4	53	93	77	1	47	26	22	2	16	217	151	18	80	83	36	7	24	106	94	11	68	72	77	8	39	43	52	4	40	0	56	0	45	64	76	5	32	90	17	12	9	156	129	15	81
75	77	11	46	137	122	12	74	0	68	0	29	144	158	17	130	92	61	4	53	93	77	1	47	26	21	2	17	215	150	18	82	83	35	7	25	107	95	10	67	74	77	6	39	44	50	3	42	0	55	0	46	63	73	6	35	91	18	11	8	158	132	14	78
74	74	12	49	137	123	12	73	0	68	0	29	146	160	15	128	89	63	7	51	92	76	2	48	26	21	2	17	213	149	17	84	84	36	6	24	103	91	14	71	73	75	6	42	44	49	3	43	0	57	0	44	63	72	6	36	91	18	11	8	162	132	12	78
73	72	13	51	137	124	12	72	0	66	0	31	143	163	18	125	91	63	5	51	90	75	4	49	25	22	3	16	208	152	18	82	82	36	8	24	104	90	13	72	71	74	7	44	45	48	2	44	0	57	0	44	63	73	6	35	92	17	10	9	165	129	12	81
74	72	12	51	137	123	12	73	0	68	0	29	144	163	17	125	92	62	4	52	91	76	3	48	25	22	3	16	209	156	17	78	82	38	8	22	107	93	10	69	71	72	7	46	43	48	4	44	0	55	0	46	62	69	7	39	93	16	9	10	164	131	13	79
72	73	14	50	136	124	13	72	0	67	0	30	148	160	13	128	92	62	4	52	90	75	4	49	26	22	2	16	211	157	13	79	82	38	8	22	106	89	11	73	70	71	8	47	43	48	4	44	0	55	0	46	62	67	7	41	95	15	7	11	164	130	13	80
74	74	12	49	134	128	13	70	0	68	0	29	146	161	15	127	92	62	4	52	91	74	3	50	26	21	2	17	211	159	11	78	83	39	7	21	105	89	12	73	70	70	8	48	44	49	3	43	0	54	0	47	61	68	8	40	95	15	7	11	161	130	17	80
73	74	13	49	132	129	14	70	0	68	0	29	142	161	19	127	94	61	2	53	90	73	4	51	26	20	2	18	211	153	11	84	85	39	5	21	106	89	11	73	71	71	7	47	41	51	6	41	0	56	0	45	63	68	6	40	91	14	11	12	160	131	18	79
70	74	16	49	134	129	12	70	0	68	0	29	144	165	17	123	93	63	3	51	88	73	6	51	27	22	1	16	207	153	16	84	83	40	7	20	108	89	9	73	72	71	6	47	41	50	6	42	0	56	0	45	63	67	6	41	88	14	14	12	157	131	20	79
74	71	12	52	132	129	14	70	0	65	0	32	143	162	18	126	92	62	4	52	88	74	6	50	26	21	1	18	202	156	16	83	83	38	7	22	110	91	7	71	72	73	6	45	40	49	7	43	0	54	0	47	63	66	6	42	87	13	15	13	161	129	19	81
76	72	10	51	132	131	14	68	0	62	0	35	145	161	16	127	93	62	3	52	87	75	7	49	26	22	1	17	208	155	16	85	83	36	7	24	107	91	10	71	72	73	6	45	38	51	9	41	0	54	0	47	63	65	6	43	89	13	13	13	159	129	14	81
77	72	9	51	133	130	13	69	0	63	0	34	145	158	16	130	91	60	5	54	89	76	5	48	25	21	2	18	209	153	15	87	82	37	8	23	109	95	8	67	72	73	6	45	41	52	6	40	0	55	0	46	63	66	6	42	89	13	13	13	159	128	14	82
77	72	9	51	134	130	12	69	0	62	0	35	143	162	18	126	90	63	6	51	91	74	3	50	27	21	0	18	204	153	20	87	83	37	7	23	108	97	8	66	73	71	5	47	40	53	7	39	0	55	0	46	60	67	9	41	87	13	15	13	162	126	11	84
75	71	11	52	137	126	9	73	0	62	0	35	144	164	17	124	90	62	6	52	88	71	6	53	27	21	0	18	205	155	16	85	82	38	8	22	109	98	7	65	71	70	6	49	40	52	7	40	0	57	0	44	60	66	9	42	86	14	16	12	160	126	16	84
77	72	9	51	138	127	8	72	0	63	0	34	144	163	17	125	91	63	5	51	89	72	5	52	27	21	0	18	200	159	17	83	84	38	6	22	108	98	7	66	72	69	5	50	44	52	3	40	0	56	0	45	62	64	7	44	88	14	14	12	159	124	19	86
76	72	10	51	133	123	13	76	0	64	0	33	147	165	14	123	92	63	4	51	89	71	5	53	27	22	0	17	205	159	14	83	82	37	8	23	106	98	9	66	73	69	4	50	43	49	4	43	0	56	0	45	62	61	6	48	85	14	17	12	156	126	20	84
75	74	11	49	131	123	15	76	0	64	0	33	142	165	19	123	90	61	6	53	86	72	8	52	27	23	0	16	203	163	15	80	83	36	7	24	101	98	13	67	72	71	5	48	41	53	4	41	0	56	0	45	63	64	5	45	87	14	15	12	156	125	20	85
78	72	8	51	135	123	11	76	0	65	0	32	143	163	18	125	90	63	6	51	87	73	7	51	27	21	0	18	196	166	16	80	84	36	6	24	101	100	12	66	71	73	6	46	40	52	5	42	0	56	0	45	64	61	4	48	88	13	14	13	155	124	24	86
76	73	10	50	137	123	9	76	0	65	0	32	145	163	16	125	89	64	7	50	85	72	9	52	26	19	1	20	194	164	14	82	84	35	6	25	101	100	12	66	69	74	8	45	40	52	5	42	0	58	0	43	65	59	3	50	91	13	11	13	165	125	18	85
78	74	8	49	135	120	11	79	0	64	0	33	142	162	19	126	87	64	9	50	86	73	7	52	25	20	2	19	195	162	16	84	84	34	6	26	103	100	10	66	70	76	6	44	42	53	3	41	0	58	0	43	65	58	3	51	91	13	11	13	161	124	19	86
78	74	8	49	136	119	10	80	0	64	0	33	144	162	17	126	90	63	6	51	87	73	6	52	24	20	3	19	197	159	17	87	82	35	8	25	102	99	10	68	70	75	5	46	43	55	2	39	0	56	0	45	66	60	2	49	92	13	10	13	158	124	19	86
78	73	8	50	133	121	13	78	0	65	0	32	146	163	15	125	90	63	6	51	83	72	9	54	26	20	1	19	190	166	17	82	84	34	6	26	101	97	11	70	72	75	3	46	42	56	3	38	0	56	0	45	66	59	2	50	93	15	9	11	160	125	22	85
80	73	6	50	135	122	10	78	0	66	0	31	146	162	15	126	90	64	6	50	83	73	9	53	26	19	1	20	186	167	19	82	86	34	4	26	100	96	11	72	72	74	3	47	39	57	6	37	0	59	0	42	64	60	4	49	91	14	11	12	163	129	20	81
78	73	8	50	135	121	10	79	0	67	0	30	146	165	15	123	87	65	9	49	83	74	9	52	25	20	1	20	187	167	17	83	86	34	4	26	100	97	10	72	72	75	3	46	40	57	5	37	0	59	0	42	65	59	3	50	91	13	11	13	165	129	18	81
77	69	9	54	136	116	9	84	0	67	0	30	145	167	16	121	85	62	11	52	85	73	7	53	26	20	0	20	192	167	13	83	86	32	4	28	100	97	10	72	72	72	3	49	42	55	3	39	0	58	0	43	65	60	3	49	94	13	8	13	164	125	18	85
78	68	8	55	136	115	9	85	0	67	0	30	148	167	13	121	87	63	9	51	88	73	4	53	26	20	0	20	186	166	18	85	83	32	7	28	100	95	10	74	71	72	4	49	43	56	2	38	0	57	0	44	65	59	3	50	92	13	10	13	166	125	16	85
82	68	4	55	137	119	8	81	0	68	0	29	149	169	12	119	87	60	9	54	86	74	6	52	26	20	0	20	190	164	16	87	83	32	7	28	101	93	9	76	71	70	4	51	45	57	0	37	0	59	0	42	62	60	5	50	93	13	9	13	162	126	18	84
83	67	3	56	137	116	8	84	0	67	0	30	145	173	16	115	86	59	10	55	86	76	6	50	26	20	0	20	196	162	14	90	83	32	7	28	101	94	8	76	72	72	3	49	43	58	2	36	0	57	0	44	63	61	4	49	94	13	8	13	154	127	21	83
80	67	6	56	136	115	9	85	0	68	0	29	143	172	18	116	90	58	6	56	86	76	6	50	26	20	0	20	195	163	13	89	82	32	8	28	101	93	8	77	73	73	2	48	42	57	3	37	0	58	0	43	62	62	5	48	92	13	10	13	161	129	16	81
80	66	6	57	133	118	11	83	0	68	0	29	144	167	17	121	89	58	7	56	87	76	5	50	26	21	0	19	193	162	15	90	79	33	11	27	101	92	8	78	74	73	1	48	42	55	3	39	0	57	0	44	60	65	5	47	91	13	11	13	155	128	22	82
81	67	5	56	133	113	11	88	0	65	0	32	143	165	18	123	89	58	7	56	83	75	8	52	25	21	1	19	193	160	13	92	78	33	12	27	102	86	7	84	73	72	2	49	42	56	3	38	0	58	0	43	60	65	4	48	93	14	9	12	157	130	22	80
81	67	5	56	130	116	12	87	0	68	0	29	143	165	18	123	89	59	7	55	84	74	7	53	23	23	2	18	187	163	13	89	79	33	11	27	103	88	6	82	71	72	4	49	40	56	5	38	0	61	0	40	61	67	3	46	94	14	8	12	165	129	20	81
80	67	6	56	130	118	12	85	0	66	0	31	143	168	18	120	90	57	6	57	81	75	9	53	25	23	0	18	181	162	19	90	83	32	7	28	102	91	7	79	70	72	5	49	39	57	6	37	0	59	0	42	62	68	2	45	97	14	5	12	167	131	18	79
82	66	4	57	131	117	11	86	0	67	0	30	145	169	16	119	89	59	7	55	80	78	9	51	25	22	0	19	179	162	25	90	82	33	8	27	102	90	7	80	68	74	7	47	40	56	5	38	0	60	0	41	63	68	1	45	96	14	6	12	161	129	20	81
81	64	5	59	133	114	9	89	0	66	0	31	150	168	11	120	90	59	6	55	82	78	7	51	24	23	1	18	177	162	26	92	81	33	9	27	98	90	11	80	68	74	7	47	40	60	4	35	0	63	0	38	63	70	1	43	95	14	7	12	159	132	21	78
81	66	5	57	132	111	10	92	0	68	0	29	152	166	9	122	90	62	6	52	79	79	9	51	23	27	2	14	181	166	22	89	79	34	11	26	95	90	12	82	69	74	6	47	40	61	4	34	0	62	0	39	62	71	2	42	95	14	7	12	154	131	25	79
81	67	5	56	133	115	8	89	0	67	0	30	152	169	9	119	88	60	8	54	79	80	9	50	22	26	3	15	181	167	21	88	80	32	10	28	96	90	11	82	68	74	7	47	38	61	6	34	0	62	0	39	62	72	2	41	97	14	5	12	162	131	18	79
79	67	7	56	132	116	9	88	0	67	0	30	150	165	11	123	89	57	7	57	79	78	9	52	22	24	3	17	181	164	21	91	79	31	11	29	97	89	10	83	66	74	8	48	38	62	6	33	0	63	0	38	60	74	3	40	96	14	6	12	161	132	19	78
77	67	9	56	131	115	9	90	0	66	0	31	152	166	9	122	86	56	10	58	79	78	8	53	21	24	4	17	183	163	21	93	78	31	12	29	97	91	10	81	67	75	7	47	40	61	4	34	0	63	0	38	61	74	2	40	94	15	8	11	158	133	19	77
76	69	10	54	131	119	9	86	0	68	0	29	154	166	7	122	88	56	8	58	76	77	11	54	19	24	6	17	182	163	21	93	78	33	12	27	98	95	9	77	64	75	10	47	40	62	4	33	0	63	0	38	60	73	3	41	91	16	11	10	156	133	22	77
78	68	8	55	128	122	10	85	0	70	0	27	153	165	8	123	86	56	10	58	76	80	11	51	20	23	5	18	184	165	17	93	79	33	11	27	99	95	8	77	65	76	9	46	38	62	6	33	0	62	0	39	58	74	5	40	91	15	11	11	157	133	21	77
77	66	9	57	129	122	9	85	0	71	0	26	150	165	11	123	85	55	11	59	80	79	7	52	20	23	5	18	181	168	20	90	78	33	12	27	101	96	6	76	66	77	8	45	38	65	6	30	0	63	0	38	58	75	4	40	93	16	9	10	159	131	19	79
76	64	10	59	129	121	9	86	0	72	0	25	148	166	13	122	87	55	9	59	82	79	5	52	20	22	5	19	180	168	19	92	79	33	11	27	101	97	6	75	67	76	7	46	40	65	4	30	0	62	0	39	57	77	4	39	92	16	10	10	162	130	16	80
78	63	8	60	126	120	12	87	0	73	0	24	149	165	12	123	88	57	8	57	82	79	5	52	22	22	3	19	175	175	21	87	80	31	10	29	101	94	5	79	68	73	6	49	41	65	3	30	0	63	0	38	58	73	3	43	91	16	11	10	164	127	15	83
79	63	7	60	127	121	10	87	0	71	0	26	152	167	9	121	85	59	11	55	79	79	7	53	22	25	3	16	173	175	16	89	81	30	9	30	97	98	5	79	66	73	8	49	42	66	2	29	0	64	0	37	60	74	1	42	92	17	10	9	170	127	14	83
79	62	7	61	126	126	9	84	0	72	0	25	154	166	7	122	87	59	9	55	78	78	8	54	22	23	3	18	172	174	16	93	80	30	10	30	97	97	5	80	69	74	5	48	41	65	3	30	0	64	0	37	59	73	2	43	87	18	15	8	166	129	16	81
83	62	3	61	125	126	10	84	0	72	0	25	153	163	8	125	88	58	8	56	79	81	7	51	23	23	2	18	172	172	16	97	81	30	9	30	95	99	7	78	69	73	5	49	41	64	3	31	0	64	0	37	60	71	1	45	92	18	10	8	161	127	19	83
84	63	2	60	122	127	13	83	0	71	0	26	152	162	9	126	88	58	8	56	79	81	7	51	22	24	2	18	171	172	16	98	83	31	7	29	94	99	8	78	67	75	7	47	40	62	4	33	0	61	0	40	60	72	1	44	93	18	9	8	161	127	19	83
84	64	2	59	121	126	13	85	0	71	0	26	154	164	7	124	88	58	8	56	81	83	5	49	23	23	1	19	170	168	15	102	82	29	8	31	94	100	7	78	66	74	8	48	40	61	4	34	0	62	0	39	60	68	1	48	89	17	13	9	165	124	17	86
83	64	3	59	122	126	11	86	0	72	0	25	153	170	8	118	89	57	7	57	81	84	4	49	23	25	1	17	171	170	14	100	85	28	5	32	91	101	10	77	64	75	9	48	40	62	4	33	0	60	0	41	60	71	1	45	89	17	13	9	168	125	14	85
82	68	4	55	121	125	10	89	0	71	0	26	151	171	10	117	90	57	6	57	79	85	6	48	22	25	2	17	173	167	14	103	85	27	5	33	93	104	7	75	64	75	9	48	41	62	2	34	0	61	0	40	59	73	2	43	92	18	10	8	163	126	17	84
83	67	3	56	118	126	11	90	0	72	0	25	149	175	12	113	89	58	7	56	75	87	8	48	22	25	2	17	173	170	14	100	87	27	3	33	92	103	8	76	64	74	9	49	41	63	1	34	0	60	0	41	58	74	3	42	91	17	11	9	162	125	18	85
84	66	2	57	120	126	9	90	0	72	0	25	148	176	13	112	89	60	7	54	72	88	11	47	23	25	1	17	174	171	14	101	87	27	3	33	89	104	11	75	62	73	10	51	42	63	0	34	0	58	0	43	58	73	3	43	90	17	12	9	158	124	19	86
75	68	11	55	122	130	7	86	0	72	0	25	148	177	13	111	89	60	7	54	74	88	9	47	23	25	1	17	180	171	6	101	85	27	5	33	93	104	7	75	61	74	11	50	40	63	2	34	0	57	0	44	57	75	4	41	89	16	13	10	159	123	20	87
77	67	9	56	120	132	8	85	0	72	0	25	153	174	8	114	88	63	8	51	73	89	9	47	23	25	1	17	179	168	6	105	85	26	5	34	92	104	7	76	62	74	10	50	39	63	3	34	0	57	0	44	57	73	4	43	94	16	8	10	163	121	16	89
77	67	9	56	117	133	10	85	0	73	0	24	150	174	11	114	88	61	8	53	72	89	10	47	24	24	0	18	178	169	6	105	85	28	5	32	89	105	10	75	63	73	9	51	39	63	3	34	0	58	0	43	56	70	5	46	94	15	8	11	167	120	12	90
78	64	8	59	117	137	9	82	0	71	0	26	146	174	15	114	90	61	6	53	73	90	9	46	24	24	0	18	181	169	9	105	82	29	8	31	88	105	11	75	66	75	5	50	38	63	4	34	0	58	0	43	56	71	5	45	92	15	10	11	161	119	12	91
79	63	7	60	115	131	11	88	0	72	0	25	144	173	17	115	90	65	6	49	72	90	10	46	23	26	0	17	178	169	9	106	80	29	10	31	85	107	13	74	66	78	5	47	39	62	3	35	0	58	0	43	55	69	6	47	92	16	10	10	166	118	9	92
81	64	5	59	113	131	12	89	0	72	0	25	146	172	15	116	88	65	8	49	73	91	9	45	23	25	0	18	180	169	10	107	78	30	12	30	86	112	11	70	66	76	5	49	40	60	2	37	0	59	0	42	56	72	5	44	92	15	10	11	161	121	10	89
81	63	5	60	114	135	11	85	0	76	0	21	148	176	13	112	87	65	9	49	75	91	7	45	21	26	2	17	181	171	12	105	80	31	10	29	88	112	9	70	65	74	6	51	40	58	2	39	0	61	0	40	56	72	5	44	92	16	10	10	158	119	10	91
80	61	6	62	115	135	10	85	0	75	0	22	149	176	12	112	88	65	8	49	74	90	8	46	21	27	2	16	175	171	16	105	80	31	10	29	87	113	10	69	64	77	6	49	41	56	1	41	0	63	0	38	55	74	6	42	94	16	8	10	157	119	13	91
79	61	7	62	115	138	10	82	0	74	0	23	148	175	13	113	87	65	9	49	72	87	10	49	21	27	2	16	176	173	17	104	80	31	10	29	84	112	13	70	62	79	7	48	41	58	1	39	0	63	0	38	55	75	6	41	94	16	8	10	154	120	13	90
80	61	6	62	113	139	12	81	0	73	0	24	149	173	12	115	87	66	9	48	73	87	9	49	22	27	1	16	175	172	17	106	78	30	12	30	84	116	12	67	59	82	9	46	41	60	1	37	0	64	0	37	54	74	5	44	94	17	8	9	154	121	13	89
81	60	5	63	112	140	13	80	0	73	0	24	150	174	11	114	87	67	9	47	70	90	11	47	22	27	1	16	171	170	22	109	80	30	10	30	84	115	12	68	58	82	10	46	41	60	1	37	0	66	0	35	55	74	4	44	95	19	7	7	153	121	12	89
80	60	6	63	113	142	11	79	0	71	0	26	150	174	11	114	86	64	10	50	73	89	8	48	22	27	1	16	168	169	24	111	81	31	9	29	84	116	12	67	59	83	7	47	41	62	1	35	0	64	0	37	55	77	4	41	91	19	11	7	153	119	12	91
81	62	5	61	110	144	13	78	0	70	0	27	150	174	11	114	83	63	13	51	71	88	10	49	22	26	1	17	169	164	24	116	80	31	10	29	84	117	12	66	58	86	7	45	41	63	1	34	0	62	0	39	55	78	4	40	89	18	13	8	148	121	16	89
81	62	5	61	111	145	12	77	0	71	0	26	147	173	14	115	83	62	13	52	71	90	10	47	23	26	0	17	172	165	23	116	81	31	9	29	86	114	10	69	58	85	7	46	40	62	2	35	0	61	0	40	54	78	5	40	90	18	12	8	144	120	17	90
80	59	6	64	111	142	12	80	0	72	0	25	149	171	12	117	86	61	10	53	73	90	8	47	23	27	0	16	170	166	25	116	81	31	9	29	86	112	10	71	57	86	8	45	38	63	3	35	0	62	0	39	56	75	3	43	93	19	9	7	146	120	14	90
80	62	6	61	109	139	14	83	0	71	0	26	149	174	12	114	85	63	11	51	73	90	8	47	23	28	0	15	172	166	25	116	83	30	7	30	86	112	10	71	56	87	9	44	37	63	4	35	0	62	0	39	55	74	4	44	92	19	10	7	144	121	14	89
79	63	7	60	110	141	13	81	0	69	0	28	150	174	11	114	84	67	12	47	74	90	7	47	23	29	0	14	175	166	23	117	83	30	7	30	85	109	11	74	59	82	6	49	37	64	4	34	0	62	0	39	55	73	4	45	92	19	10	7	142	120	14	90
81	60	5	63	110	141	13	81	0	69	0	28	150	172	11	116	87	67	9	47	72	89	9	48	23	29	0	14	170	168	27	115	81	30	9	30	85	109	11	74	56	82	9	49	36	66	5	32	0	63	0	38	55	70	4	48	91	19	11	7	142	122	15	88
79	59	7	64	113	143	10	79	0	69	0	28	148	172	13	116	88	68	8	46	73	86	8	51	23	28	0	15	179	166	20	117	83	30	7	30	88	108	8	75	54	82	11	49	39	66	2	32	0	62	0	39	55	72	4	46	91	19	11	7	138	120	17	90
79	60	7	63	113	142	10	80	0	68	0	29	145	172	16	116	88	68	8	46	74	85	7	52	23	28	0	15	178	169	20	115	82	32	8	28	85	108	9	77	56	82	9	49	39	65	2	33	0	61	0	40	54	66	5	52	90	18	12	8	139	123	16	87
80	63	6	60	109	135	14	87	0	68	0	29	145	170	16	118	85	69	11	45	74	83	7	54	21	29	1	15	177	167	22	117	83	33	7	27	88	108	6	77	58	83	7	48	36	67	4	32	0	60	0	41	54	68	4	51	91	18	11	8	140	124	14	86
77	62	9	61	113	134	10	88	0	68	0	29	144	169	17	119	87	69	9	45	74	83	7	54	21	29	1	15	167	170	23	115	80	32	10	28	86	110	8	75	60	83	5	48	37	64	3	35	0	59	0	42	53	64	5	55	94	19	8	7	142	127	20	83
78	62	8	61	113	130	10	92	0	67	0	30	142	173	19	115	87	70	9	44	73	84	8	53	22	29	0	15	162	169	28	116	83	34	7	26	84	110	10	75	60	84	5	47	38	64	2	35	0	59	0	42	51	63	7	56	94	19	8	7	145	128	17	82
79	64	7	59	113	131	10	91	0	67	0	30	139	177	22	111	89	71	7	43	72	86	9	51	21	28	1	16	166	171	25	114	83	33	7	27	84	112	10	73	58	80	7	51	37	63	3	36	0	59	0	42	52	63	6	56	93	19	9	7	145	127	16	83
79	63	7	60	112	133	10	90	0	68	0	29	143	176	18	112	88	69	8	45	74	86	6	52	21	28	1	16	171	170	18	115	84	35	6	25	82	110	11	76	60	80	5	51	37	62	3	37	0	58	0	43	53	63	5	56	92	18	10	8	149	127	14	83
79	65	7	58	114	136	7	88	0	65	0	32	147	179	14	109	89	71	7	43	75	85	5	53	21	28	1	16	175	172	14	114	84	36	6	24	81	112	12	74	62	81	3	50	38	61	2	38	0	58	0	43	53	64	5	55	92	18	10	8	142	125	20	85
80	66	6	57	111	140	9	85	0	66	0	31	146	178	15	110	90	70	6	44	73	83	7	55	20	29	2	15	179	173	14	114	82	36	8	24	82	113	11	73	62	80	3	51	38	60	2	39	0	59	0	42	52	65	6	54	94	18	8	8	138	120	19	90
75	65	11	58	110	139	10	86	0	66	0	31	143	177	18	111	91	71	5	43	72	83	8	55	21	30	1	14	180	171	14	116	83	37	7	23	84	111	9	75	62	77	3	54	37	60	3	39	0	58	0	43	54	67	4	52	93	17	9	9	137	123	19	87
77	65	9	58	109	137	11	88	0	66	0	31	143	180	18	108	90	71	6	43	74	84	6	54	21	30	1	14	176	168	15	119	83	38	7	22	84	109	9	77	60	77	5	54	37	60	3	39	0	58	0	43	54	68	4	51	93	17	9	9	140	126	19	84
76	65	10	58	110	136	10	89	0	67	0	30	144	179	17	109	91	70	5	44	74	86	6	52	20	30	2	14	176	166	15	122	86	38	4	22	83	109	9	78	60	78	5	53	38	59	2	40	0	59	0	42	51	67	7	52	91	17	11	9	142	126	16	84
77	63	9	60	107	136	12	90	0	66	0	31	144	177	17	111	91	71	5	43	76	86	4	52	20	30	2	14	175	168	16	120	86	38	4	22	83	113	9	74	61	82	4	49	36	59	4	40	0	59	0	42	52	70	6	49	93	18	9	8	143	127	15	83
80	63	6	60	108	130	11	96	0	65	0	32	146	181	15	107	92	70	4	44	75	84	5	54	20	31	2	13	169	169	18	120	86	38	4	22	86	113	6	74	62	83	3	48	37	58	3	41	0	59	0	42	50	69	8	50	92	18	10	8	149	126	12	84
78	61	8	62	110	126	9	100	0	62	0	35	146	182	15	106	90	69	6	45	74	86	6	52	20	31	2	13	166	172	20	117	86	39	4	21	87	116	5	71	61	84	4	47	37	59	3	40	0	61	0	40	54	69	4	50	91	18	11	8	151	124	11	86
79	64	7	59	107	125	12	101	0	60	0	37	145	183	16	105	91	68	5	46	72	86	8	52	22	30	0	14	165	169	19	120	89	40	1	20	87	114	5	73	60	84	5	47	37	57	3	42	0	61	0	40	53	68	5	51	92	19	10	7	152	121	12	89
74	65	12	58	106	125	13	101	0	61	0	36	148	181	13	107	92	68	4	46	69	85	11	53	22	31	0	13	167	168	20	121	89	41	1	19	87	113	4	75	61	85	4	46	38	62	2	37	0	59	0	42	55	68	2	52	94	19	8	7	152	120	9	90
75	68	11	55	107	125	12	101	0	59	0	38	145	180	16	108	92	68	4	46	70	85	10	53	21	32	0	13	167	163	20	126	90	39	0	21	89	112	2	76	62	86	3	45	38	60	2	39	0	58	0	43	52	68	5	52	92	19	10	7	151	119	10	91
76	67	10	56	107	127	11	100	0	59	0	38	144	177	17	111	95	67	1	47	71	84	9	54	20	32	1	13	168	161	17	128	88	40	2	20	87	110	4	78	62	83	3	48	34	61	6	38	0	59	0	42	52	67	5	53	93	19	9	7	153	118	10	92
75	68	11	55	105	127	12	101	0	60	0	37	144	177	17	111	93	68	3	46	75	84	5	54	21	28	0	17	169	163	17	126	89	40	1	20	86	105	5	83	60	84	5	47	33	61	7	38	0	60	0	41	52	68	5	52	95	19	7	7	153	119	9	91
78	67	8	56	108	128	9	100	0	61	0	36	146	177	15	111	92	69	4	45	74	84	6	54	20	28	1	17	171	163	19	126	89	41	1	19	83	102	8	86	60	84	5	47	34	61	6	38	0	61	0	40	53	69	4	51	94	19	8	7	149	118	9	92
77	66	9	57	109	129	8	99	0	61	0	36	139	177	22	111	93	69	3	45	73	82	7	56	20	28	1	17	181	165	16	124	90	40	0	20	83	101	8	87	59	86	6	45	34	63	4	38	0	61	0	40	53	68	4	52	96	20	6	6	138	119	13	91
79	63	7	60	107	133	8	97	0	61	0	36	141	176	20	112	92	69	4	45	72	82	8	56	21	28	0	17	178	167	17	123	88	41	2	19	86	103	5	85	62	89	3	42	34	64	4	37	0	62	0	39	52	72	5	48	97	20	5	6	138	119	14	91
78	62	8	61	106	133	8	98	0	61	0	36	140	173	21	115	89	67	7	47	71	83	9	55	21	28	0	17	180	167	14	123	87	41	3	19	80	103	10	86	59	90	6	41	34	64	4	37	0	61	0	40	53	71	4	49	99	20	3	6	140	118	13	92
78	62	8	61	106	132	8	99	0	62	0	35	139	172	22	116	90	68	6	46	74	81	6	57	20	28	1	17	179	168	13	122	85	42	5	18	81	102	8	88	60	89	5	42	33	65	4	37	0	63	0	38	54	70	3	50	96	19	6	7	138	117	17	93
77	61	9	62	100	134	13	98	0	62	0	35	138	172	23	116	91	67	5	47	74	80	6	58	20	28	1	17	179	165	13	126	87	42	3	18	80	103	8	88	59	91	6	40	32	65	4	38	0	61	0	40	54	69	3	51	97	20	5	6	138	116	16	94
79	62	7	61	100	135	13	97	0	63	0	34	141	175	20	113	91	66	5	48	74	83	5	56	20	28	1	17	176	167	15	124	87	41	3	19	82	104	6	87	59	94	5	38	33	67	3	36	0	60	0	41	52	72	4	49	94	20	8	6	134	113	21	97
78	63	8	60	100	134	13	98	0	60	0	37	143	177	18	111	90	65	6	49	72	84	7	55	19	29	2	16	171	169	19	122	85	41	5	19	80	105	8	86	62	93	2	39	33	66	3	37	0	61	0	40	56	73	0	48	93	20	9	6	139	114	17	96
79	62	7	61	99	133	13	100	0	60	0	37	144	178	17	110	89	65	7	49	73	84	6	55	19	29	2	16	176	173	14	119	86	39	4	21	83	106	5	85	63	88	1	44	33	65	3	38	0	61	0	40	55	72	1	49	93	19	9	7	137	115	18	95
78	64	8	59	99	131	13	102	0	61	0	36	145	175	16	113	87	64	9	50	74	82	5	57	19	29	2	16	178	176	13	117	86	40	4	20	83	104	5	87	64	88	0	44	32	66	4	37	0	61	0	40	54	71	2	50	92	18	10	8	136	118	17	92
78	65	8	58	100	132	12	101	0	60	0	37	144	177	17	111	89	65	7	49	74	80	5	59	19	28	2	17	173	175	14	118	86	39	4	21	83	103	5	88	61	89	3	43	31	68	5	35	0	59	0	42	53	71	3	50	92	18	10	8	141	118	16	92
79	63	7	60	101	130	11	103	0	60	0	37	146	177	15	111	89	63	7	51	72	78	7	61	19	28	2	17	176	174	10	119	86	39	4	21	82	106	6	85	59	89	4	44	33	69	3	34	0	60	0	41	51	73	4	49	93	18	9	8	145	120	13	90
81	62	5	61	102	128	10	105	0	61	0	36	148	179	13	109	89	64	7	50	75	77	4	62	19	27	2	18	169	175	12	118	85	39	5	21	83	107	5	84	59	90	4	43	33	66	3	37	0	59	0	42	51	74	4	48	94	18	8	8	151	120	12	90
84	62	2	61	103	130	9	103	0	62	0	35	153	179	8	109	90	65	6	49	74	77	5	62	19	29	1	17	171	176	12	117	86	37	4	23	80	112	7	80	61	91	2	42	33	64	3	39	0	59	0	42	50	74	5	48	93	16	9	10	144	123	17	87
83	62	3	61	106	130	6	103	0	59	0	38	149	178	12	110	91	65	5	49	73	78	6	61	19	28	1	18	173	173	14	120	86	37	4	23	79	111	8	81	61	90	2	43	35	65	1	38	0	57	0	44	49	74	6	48	97	17	5	9	142	122	15	88
82	63	4	60	105	128	7	105	0	59	0	38	151	179	10	109	91	63	5	51	73	79	6	60	19	29	1	17	177	171	11	123	83	37	7	23	77	107	10	85	60	90	3	43	32	67	3	37	0	56	0	45	48	73	7	49	96	17	6	9	140	125	15	85
84	61	2	62	103	130	9	103	0	59	0	38	146	177	15	111	91	62	5	52	72	78	7	61	19	29	1	17	174	171	14	123	82	37	8	23	78	111	9	81	59	91	4	42	32	65	3	39	0	58	0	43	48	75	7	47	96	17	6	9	136	124	19	86
83	61	3	62	99	130	13	103	0	59	0	38	147	178	14	110	93	60	3	54	71	78	8	61	19	27	1	19	177	172	14	122	85	38	5	22	81	111	6	81	59	91	4	42	30	64	5	40	0	57	0	44	46	76	7	48	97	17	5	9	137	125	15	85
82	60	4	63	97	126	15	107	0	57	0	40	147	178	14	110	90	60	6	54	71	80	8	59	19	27	1	19	177	172	11	122	83	37	7	23	81	112	6	80	59	90	4	43	27	61	8	43	0	58	0	43	46	77	7	47	98	18	4	8	136	123	19	87
82	62	4	61	96	125	16	108	0	58	0	39	147	179	14	109	88	60	8	54	70	80	9	59	18	26	2	20	175	172	12	122	84	37	6	23	82	112	4	81	58	89	5	44	28	59	7	45	0	57	0	44	48	75	5	49	96	20	6	6	136	124	20	86
81	61	5	62	96	124	16	109	0	56	0	41	149	179	12	109	90	61	6	53	67	83	11	57	16	27	3	20	172	177	13	118	84	36	6	24	81	109	5	84	58	90	5	43	27	58	8	46	0	57	0	44	49	76	4	48	95	19	7	7	136	123	21	87
81	62	5	61	99	119	13	114	0	56	0	41	151	176	10	112	89	61	7	53	67	80	11	60	15	27	4	20	171	179	14	117	83	36	7	24	81	109	5	84	58	91	5	42	30	57	5	47	0	57	0	44	49	75	4	49	96	19	6	7	137	124	19	86
80	61	6	62	99	117	13	116	0	57	0	40	152	173	9	115	86	60	10	54	68	79	10	61	16	29	2	19	169	177	17	120	80	36	10	24	81	112	5	81	58	93	4	41	33	58	2	46	0	55	0	46	49	76	4	48	96	19	6	7	138	125	16	85
80	62	6	61	100	119	12	114	0	58	0	39	150	171	11	117	88	61	8	53	73	80	5	60	17	27	1	21	165	177	15	121	80	36	10	24	82	111	4	82	57	95	5	39	33	58	2	46	0	55	0	46	49	76	4	48	94	17	8	9	141	124	18	86
75	62	11	61	99	124	13	109	0	60	0	37	145	172	16	116	88	63	8	51	74	81	4	59	17	29	1	19	167	177	11	121	81	38	9	22	83	114	3	79	57	94	5	40	33	60	2	44	0	55	0	46	49	76	4	48	91	18	11	8	146	124	15	86
74	61	12	62	103	121	9	112	0	61	0	36	143	176	18	112	86	62	10	52	72	84	6	56	17	28	1	20	170	176	7	122	81	38	9	22	81	113	5	80	56	98	6	36	32	59	3	45	0	54	0	47	50	75	3	49	94	19	8	7	149	124	13	86
76	64	10	59	101	124	11	109	0	61	0	36	144	177	17	111	86	61	10	53	72	86	6	54	17	28	1	20	165	175	10	123	79	38	11	22	80	116	6	77	57	95	4	40	31	61	3	44	0	56	0	45	50	75	3	49	95	19	7	7	151	127	13	83
77	63	9	60	99	120	13	113	0	58	0	39	148	177	13	111	88	62	8	52	73	86	5	54	18	28	0	20	164	171	13	127	79	38	11	22	80	119	6	74	56	96	5	39	32	59	2	46	0	57	0	44	46	76	5	50	96	19	6	7	147	123	15	87
73	60	13	63	100	123	12	110	0	60	0	37	147	178	14	110	86	62	10	52	74	85	4	55	17	24	1	24	164	171	13	128	77	38	13	22	81	115	5	78	54	96	6	40	31	59	3	46	0	56	0	45	45	78	6	48	94	19	8	7	149	122	12	88
74	61	12	62	97	122	15	111	0	59	0	38	147	179	14	109	87	63	9	51	73	85	5	55	17	23	1	25	166	169	12	130	78	38	12	22	82	114	4	79	56	96	4	40	32	62	2	43	0	56	0	45	46	78	4	49	97	18	5	8	144	123	16	87
78	61	8	62	99	124	13	109	0	57	0	40	149	179	12	109	88	64	8	50	73	85	5	55	16	23	2	25	168	171	12	128	78	37	12	23	83	116	3	77	57	94	3	42	31	63	3	42	0	59	0	42	45	78	5	49	95	18	7	8	140	125	18	85
78	59	8	64	103	125	9	108	0	58	0	39	146	176	15	112	89	63	7	51	70	86	8	54	17	24	1	24	171	171	12	128	78	35	12	25	83	117	3	76	58	95	2	41	32	61	2	44	0	59	0	42	42	78	8	49	97	18	5	8	137	123	18	87
79	57	7	66	103	128	9	105	0	56	0	41	142	173	19	115	90	65	6	49	72	86	6	54	17	26	1	22	171	165	13	134	81	34	9	26	82	115	4	78	55	96	5	40	33	61	1	44	0	56	0	45	44	80	6	47	96	18	6	8	139	124	15	86
81	60	5	63	102	128	10	105	0	59	0	38	146	175	15	113	89	64	7	50	72	89	6	51	16	26	2	22	171	167	14	132	85	33	5	27	80	113	6	80	55	96	5	40	33	61	1	44	0	56	0	45	45	82	5	45	94	18	8	8	138	125	15	85
82	60	4	63	102	132	9	102	0	59	0	38	147	175	14	113	88	63	8	51	73	87	5	53	17	27	1	21	166	170	14	130	81	32	9	28	80	113	6	80	52	95	8	41	32	60	2	45	0	58	0	43	44	82	6	45	95	17	7	9	139	125	18	85
82	57	4	66	105	133	6	101	0	59	0	38	146	173	15	115	89	63	7	51	73	88	5	52	17	28	1	20	170	173	10	127	79	32	11	28	80	116	6	77	51	95	9	41	33	61	1	44	0	58	0	43	43	81	7	46	96	17	6	9	141	128	16	82
84	60	2	63	101	134	9	101	0	59	0	38	151	174	10	114	87	61	9	53	74	88	4	52	17	29	1	19	169	175	9	127	78	32	12	28	80	116	6	77	53	95	7	41	31	61	2	45	0	59	0	42	44	84	5	44	95	17	7	9	142	130	15	80
84	63	2	60	101	137	9	98	0	58	0	39	150	174	11	114	87	62	9	52	74	87	4	53	17	27	1	21	167	176	10	127	80	35	10	25	81	114	5	79	54	92	6	44	31	62	2	44	0	61	0	40	44	81	5	47	96	17	6	9	143	130	14	80
84	65	2	58	101	136	9	99	0	57	0	40	150	174	11	114	86	63	10	51	73	90	5	50	16	26	2	22	164	175	10	128	82	36	8	24	80	113	6	80	56	91	4	45	29	63	4	43	0	61	0	40	45	82	4	46	95	17	7	9	145	127	15	83
82	67	4	56	102	138	8	97	0	55	0	42	150	173	11	115	84	63	12	51	71	91	7	49	17	26	1	22	165	183	11	121	80	37	10	23	80	116	6	77	56	89	4	47	30	62	3	44	0	61	0	40	43	81	6	47	93	17	9	9	146	124	11	86
80	65	6	58	99	139	11	96	0	52	0	45	148	172	13	116	84	63	12	51	71	89	7	51	17	28	1	20	162	180	13	125	80	37	10	23	83	117	3	76	57	90	3	46	31	64	2	42	0	60	0	41	44	78	5	50	94	17	8	9	146	124	11	86
79	65	7	58	98	142	12	93	0	54	0	43	149	176	12	112	87	62	9	52	70	87	7	54	18	27	0	21	163	174	12	131	83	37	7	23	84	118	2	75	56	91	3	46	31	63	2	43	0	60	0	41	44	76	5	52	94	17	8	9	146	124	11	86
