AAA	AAC	AAG	AAT	ACA	ACC	ACG	ACT	AGA	AGC	AGG	AGT	ATA	ATC	ATG	ATT	CAA	CAC	CAG	CAT	CCA	CCC	CCG	CCT	CGA	CGC	CGG	CGT	CTA	CTC	CTG	CTT	GAA	GAC	GAG	GAT	GCA	GCC	GCG	GCT	GGA	GGC	GGG	GGT	GTA	GTC	GTG	GTT	TAA	TAC	TAG	TAT	TCA	TCC	TCG	TCT	TGA	TGC	TGG	TGT	TTA	TTC	TTG	TTT
0.01627137341423056	0.018201875344732492	0.003861003861003861	0.0126861555432984	0.028957528957528962	0.02868174296745725	0.003309431880860452	0.017374517374517374	0.0	0.010479867622724766	0.0	0.003585217870932157	0.017374517374517374	0.026475455046883617	0.0190292333149476	0.043849972421400985	0.02206287920573635	0.022890237175951463	0.005515719801434086	0.007722007722007722	0.012410369553226695	0.027027027027027032	0.0011031439602868175	0.018201875344732492	0.00827357970215113	0.005239933811362383	0.003585217870932157	0.002482073910645339	0.038058466629895205	0.04522890237175951	0.015719801434087147	0.05626034197462769	0.019856591285162716	0.015444015444015444	0.005515719801434086	0.005239933811362383	0.02592388306674021	0.04247104247104247	0.005239933811362383	0.01654715940430226	0.015719801434087147	0.027027027027027032	0.007170435741864312	0.007446221731936017	0.017926089354660786	0.01765030336458908	0.00441257584114727	0.0190292333149476	0.0	0.021235521235521238	0.0	0.006067291781577496	0.014340871483728625	0.023717595146166576	0.003309431880860452	0.012410369553226695	0.026475455046883617	0.004136789851075565	0.005239933811362383	0.003033645890788748	0.017926089354660786	0.03530060672917816	0.004964147821290678	0.02730281301709873
0.008549365692222834	0.014065085493656922	0.011583011583011582	0.016822945394373966	0.022614451185879757	0.020683949255377827	0.017926089354660783	0.01709873138444567	0.0	0.0126861555432984	0.0	0.01075565361279647	0.01461665747380033	0.03309431880860452	0.021787093215664643	0.03723110865968009	0.014892443463872035	0.014892443463872035	0.0126861555432984	0.015719801434087147	0.016822945394373966	0.0126861555432984	0.013789299503585218	0.015444015444015444	0.004688361831218974	0.005515719801434087	0.00441257584114727	0.004964147821290678	0.024544953116381687	0.03254274682846112	0.02923331494760066	0.03337010479867623	0.013789299503585218	0.01075565361279647	0.011583011583011582	0.009928295642581356	0.020683949255377827	0.025096525096525095	0.020959735245449532	0.02344180915609487	0.014065085493656922	0.013513513513513514	0.016822945394373966	0.012961941533370104	0.013789299503585218	0.018753447324875896	0.011031439602868174	0.015444015444015444	0.0	0.01654715940430226	0.0	0.01075565361279647	0.011031439602868174	0.01020408163265306	0.01075565361279647	0.012410369553226696	0.01461665747380033	0.003033645890788748	0.01709873138444567	0.004136789851075565	0.03116381687810259	0.031715388858246	0.02730281301709873	0.03088803088803089
0.009100937672366244	0.014065085493656922	0.011031439602868174	0.016822945394373966	0.023717595146166576	0.020959735245449532	0.01627137341423056	0.017374517374517374	0.0	0.0126861555432984	0.0	0.01075565361279647	0.01654715940430226	0.03364589078874793	0.019856591285162713	0.03667953667953668	0.015444015444015444	0.014892443463872035	0.012134583563154992	0.015719801434087147	0.018753447324875896	0.012410369553226696	0.011858797573083288	0.015719801434087147	0.004964147821290678	0.005515719801434087	0.004136789851075565	0.004964147821290678	0.026475455046883617	0.03226696083838941	0.02785438499724214	0.03309431880860452	0.01461665747380033	0.010479867622724766	0.01075565361279647	0.01020408163265306	0.022614451185879757	0.024820739106453393	0.019029233314947602	0.023717595146166576	0.015444015444015444	0.013513513513513514	0.014892443463872035	0.013513513513513514	0.014892443463872035	0.01958080529509101	0.009652509652509652	0.014892443463872035	0.0	0.01654715940430226	0.0	0.01075565361279647	0.011307225592939878	0.009928295642581356	0.009928295642581356	0.013237727523441808	0.015995587424158852	0.003309431880860452	0.015719801434087147	0.003861003861003861	0.03392167677881964	0.031991174848317705	0.024544953116381687	0.030612244897959183
0.009652509652509652	0.014340871483728626	0.010479867622724766	0.01654715940430226	0.0253723110865968	0.020959735245449532	0.01461665747380033	0.017374517374517374	0.0	0.0126861555432984	0.0	0.01075565361279647	0.01820187534473249	0.03337010479867623	0.01820187534473249	0.03695532266960838	0.016822945394373966	0.015444015444015444	0.01075565361279647	0.01516822945394374	0.019305019305019305	0.0126861555432984	0.011307225592939878	0.015444015444015444	0.004964147821290678	0.005791505791505791	0.003861003861003861	0.004964147821290678	0.02840595697738555	0.03226696083838941	0.026475455046883617	0.03309431880860452	0.014892443463872035	0.01075565361279647	0.010479867622724766	0.009928295642581356	0.024820739106453393	0.024820739106453393	0.016822945394373966	0.023717595146166576	0.01654715940430226	0.012961941533370104	0.012961941533370104	0.014892443463872035	0.015444015444015444	0.02013237727523442	0.008549365692222834	0.014892443463872035	0.0	0.01627137341423056	0.0	0.011031439602868174	0.012134583563154992	0.009652509652509652	0.009928295642581356	0.0126861555432984	0.01654715940430226	0.003033645890788748	0.01516822945394374	0.004136789851075565	0.03337010479867623	0.031991174848317705	0.024544953116381687	0.030612244897959183
0.011583011583011582	0.01516822945394374	0.008549365692222834	0.015719801434087147	0.026475455046883617	0.020959735245449532	0.013513513513513514	0.017374517374517374	0.0	0.012961941533370104	0.0	0.010479867622724766	0.019029233314947602	0.03419746276889134	0.017374517374517374	0.03612796469939327	0.017926089354660783	0.015995587424158852	0.009652509652509652	0.01461665747380033	0.02040816326530612	0.012410369553226696	0.010479867622724766	0.015444015444015444	0.005239933811362383	0.005791505791505791	0.0035852178709321566	0.004964147821290678	0.030612244897959183	0.03309431880860452	0.02399338113623828	0.032818532818532815	0.014892443463872035	0.01075565361279647	0.010479867622724766	0.009928295642581356	0.02592388306674021	0.024820739106453393	0.01516822945394374	0.024269167126309985	0.017926089354660783	0.013237727523441808	0.011307225592939878	0.014892443463872035	0.01654715940430226	0.02013237727523442	0.007997793712079426	0.014340871483728626	0.0	0.015995587424158852	0.0	0.011307225592939878	0.0126861555432984	0.009652509652509652	0.009376723662437948	0.0126861555432984	0.01709873138444567	0.003309431880860452	0.01461665747380033	0.003861003861003861	0.03447324875896304	0.03116381687810259	0.023166023166023165	0.03143960286817429
0.012961941533370104	0.01516822945394374	0.007170435741864313	0.015719801434087147	0.02785438499724214	0.020959735245449532	0.011307225592939878	0.01820187534473249	0.0	0.012961941533370104	0.0	0.010479867622724766	0.019856591285162713	0.03392167677881964	0.01654715940430226	0.03640375068946498	0.01847766133480419	0.015719801434087147	0.009100937672366244	0.014892443463872035	0.020683949255377827	0.011858797573083288	0.01020408163265306	0.015995587424158852	0.005515719801434087	0.005791505791505791	0.003309431880860452	0.004964147821290678	0.03254274682846112	0.03392167677881964	0.022614451185879757	0.03226696083838941	0.015444015444015444	0.01075565361279647	0.009928295642581356	0.009928295642581356	0.026751241036955323	0.024544953116381687	0.014340871483728626	0.024544953116381687	0.017926089354660783	0.013513513513513514	0.011031439602868174	0.014892443463872035	0.01820187534473249	0.02040816326530612	0.0063430777716492	0.014065085493656922	0.0	0.015995587424158852	0.0	0.011307225592939878	0.013513513513513514	0.009652509652509652	0.008549365692222834	0.0126861555432984	0.01765030336458908	0.0035852178709321566	0.014065085493656922	0.0035852178709321566	0.035852178709321565	0.03143960286817429	0.020959735245449532	0.03116381687810259
0.012961941533370104	0.015719801434087147	0.007170435741864313	0.01516822945394374	0.02895752895752896	0.020683949255377827	0.01020408163265306	0.01847766133480419	0.0	0.012961941533370104	0.0	0.010479867622724766	0.020683949255377827	0.03419746276889134	0.015719801434087147	0.03612796469939327	0.019029233314947602	0.015719801434087147	0.008549365692222834	0.014892443463872035	0.020683949255377827	0.011858797573083288	0.010479867622724766	0.015719801434087147	0.005791505791505791	0.005791505791505791	0.003033645890788748	0.004964147821290678	0.03557639271924986	0.03337010479867623	0.020683949255377827	0.03254274682846112	0.017374517374517374	0.01075565361279647	0.007997793712079426	0.009928295642581356	0.026751241036955323	0.024544953116381687	0.014340871483728626	0.024544953116381687	0.019305019305019305	0.013513513513513514	0.009928295642581356	0.01461665747380033	0.01847766133480419	0.02013237727523442	0.005791505791505791	0.01461665747380033	0.0	0.015995587424158852	0.0	0.011307225592939878	0.013237727523441808	0.009652509652509652	0.00827357970215113	0.013237727523441808	0.01958080529509101	0.003861003861003861	0.012134583563154992	0.003309431880860452	0.03640375068946498	0.031991174848317705	0.01958080529509101	0.030612244897959183
0.013789299503585218	0.015444015444015444	0.0063430777716492	0.015444015444015444	0.02978488692774407	0.02040816326530612	0.009100937672366244	0.019029233314947602	0.0	0.013237727523441808	0.0	0.01020408163265306	0.021235521235521235	0.03447324875896304	0.01516822945394374	0.035852178709321565	0.019305019305019305	0.015719801434087147	0.00827357970215113	0.014892443463872035	0.020683949255377827	0.012410369553226696	0.01020408163265306	0.015444015444015444	0.005791505791505791	0.005791505791505791	0.003033645890788748	0.004964147821290678	0.03750689464975179	0.03364589078874793	0.019029233314947602	0.032818532818532815	0.019305019305019305	0.010479867622724766	0.006067291781577496	0.01020408163265306	0.02730281301709873	0.024269167126309985	0.013513513513513514	0.025096525096525095	0.019305019305019305	0.013789299503585218	0.009652509652509652	0.01461665747380033	0.01847766133480419	0.02040816326530612	0.005791505791505791	0.014340871483728626	0.0	0.01627137341423056	0.0	0.011031439602868174	0.013789299503585218	0.009928295642581356	0.007722007722007722	0.012961941533370104	0.020959735245449532	0.003861003861003861	0.01075565361279647	0.003309431880860452	0.0377826806398235	0.03254274682846112	0.017374517374517374	0.030060672917815775
0.014340871483728626	0.015995587424158852	0.005791505791505791	0.014892443463872035	0.03088803088803089	0.02040816326530612	0.00827357970215113	0.018753447324875896	0.0	0.013237727523441808	0.0	0.01020408163265306	0.022614451185879757	0.03447324875896304	0.013789299503585218	0.035852178709321565	0.02013237727523442	0.015719801434087147	0.007446221731936017	0.014892443463872035	0.020959735245449532	0.012961941533370104	0.009376723662437948	0.015444015444015444	0.005515719801434087	0.006067291781577496	0.003033645890788748	0.004964147821290678	0.038885824600110315	0.03364589078874793	0.017926089354660783	0.03309431880860452	0.02040816326530612	0.010479867622724766	0.004964147821290678	0.01020408163265306	0.030060672917815775	0.024269167126309985	0.01075565361279647	0.025096525096525095	0.020683949255377827	0.013789299503585218	0.007997793712079426	0.014892443463872035	0.018753447324875896	0.020683949255377827	0.005515719801434087	0.014065085493656922	0.0	0.015995587424158852	0.0	0.011307225592939878	0.013789299503585218	0.009928295642581356	0.007722007722007722	0.012961941533370104	0.02151130722559294	0.003861003861003861	0.01020408163265306	0.003309431880860452	0.0383342526199669	0.032818532818532815	0.01627137341423056	0.02978488692774407
0.015444015444015444	0.01627137341423056	0.004688361831218974	0.01461665747380033	0.03116381687810259	0.020959735245449532	0.007170435741864313	0.019029233314947602	0.0	0.013237727523441808	0.0	0.01020408163265306	0.02399338113623828	0.03392167677881964	0.012410369553226696	0.03640375068946498	0.02151130722559294	0.015444015444015444	0.006067291781577496	0.01516822945394374	0.02151130722559294	0.012961941533370104	0.00882515168229454	0.015444015444015444	0.005515719801434087	0.006067291781577496	0.003309431880860452	0.004688361831218974	0.03943739658025373	0.032818532818532815	0.01709873138444567	0.03447324875896304	0.020959735245449532	0.009928295642581356	0.00441257584114727	0.01075565361279647	0.031715388858246	0.024269167126309985	0.00882515168229454	0.0253723110865968	0.021235521235521235	0.013789299503585218	0.007170435741864313	0.01516822945394374	0.02013237727523442	0.019856591285162713	0.004688361831218974	0.014340871483728626	0.0	0.015995587424158852	0.0	0.011307225592939878	0.014340871483728626	0.009928295642581356	0.007170435741864313	0.012961941533370104	0.023166023166023165	0.003861003861003861	0.008549365692222834	0.003309431880860452	0.03998896856039713	0.032818532818532815	0.014340871483728626	0.02978488692774407
0.015719801434087147	0.01627137341423056	0.00441257584114727	0.01461665747380033	0.03226696083838941	0.020683949255377827	0.006067291781577496	0.019305019305019305	0.0	0.012961941533370104	0.0	0.010479867622724766	0.024820739106453393	0.03474903474903475	0.011583011583011582	0.03557639271924986	0.02206287920573635	0.01516822945394374	0.005515719801434087	0.015444015444015444	0.023166023166023165	0.014065085493656922	0.006894649751792609	0.01461665747380033	0.006067291781577496	0.0063430777716492	0.003033645890788748	0.004136789851075565	0.04081632653061224	0.03392167677881964	0.01654715940430226	0.03337010479867623	0.02151130722559294	0.009928295642581356	0.003861003861003861	0.01075565361279647	0.031991174848317705	0.023717595146166576	0.00882515168229454	0.025648097076668507	0.021787093215664643	0.013237727523441808	0.007170435741864313	0.01516822945394374	0.020959735245449532	0.01958080529509101	0.003861003861003861	0.01461665747380033	0.0	0.01627137341423056	0.0	0.011031439602868174	0.014340871483728626	0.01020408163265306	0.006894649751792609	0.012961941533370104	0.024269167126309985	0.004136789851075565	0.007446221731936017	0.003033645890788748	0.03916161059018202	0.03309431880860452	0.014340871483728626	0.029509100937672367
0.015719801434087147	0.01709873138444567	0.00441257584114727	0.013789299503585218	0.03309431880860452	0.02040816326530612	0.005239933811362383	0.01958080529509101	0.0	0.012961941533370104	0.0	0.010479867622724766	0.025096525096525095	0.03530060672917816	0.011307225592939878	0.035024820739106455	0.021787093215664643	0.01516822945394374	0.005791505791505791	0.015444015444015444	0.022890237175951463	0.013513513513513514	0.007446221731936017	0.014892443463872035	0.006067291781577496	0.0063430777716492	0.003033645890788748	0.004136789851075565	0.041919470490899065	0.03447324875896304	0.01461665747380033	0.03392167677881964	0.02151130722559294	0.009928295642581356	0.003861003861003861	0.01075565361279647	0.03392167677881964	0.023717595146166576	0.007170435741864313	0.0253723110865968	0.022614451185879757	0.013789299503585218	0.006067291781577496	0.014892443463872035	0.021235521235521235	0.019305019305019305	0.003861003861003861	0.01461665747380033	0.0	0.01627137341423056	0.0	0.011031439602868174	0.015719801434087147	0.010479867622724766	0.005515719801434087	0.0126861555432984	0.024269167126309985	0.004136789851075565	0.007446221731936017	0.003033645890788748	0.03943739658025373	0.03337010479867623	0.013789299503585218	0.02923331494760066
0.015444015444015444	0.01765030336458908	0.004688361831218974	0.013237727523441808	0.03337010479867623	0.02040816326530612	0.004688361831218974	0.019856591285162713	0.0	0.0126861555432984	0.0	0.01075565361279647	0.026751241036955323	0.035852178709321565	0.009652509652509652	0.03447324875896304	0.021787093215664643	0.01516822945394374	0.005791505791505791	0.015444015444015444	0.023717595146166576	0.012961941533370104	0.006618863761720904	0.015444015444015444	0.006618863761720904	0.0063430777716492	0.002482073910645339	0.004136789851075565	0.04384997242140099	0.03447324875896304	0.012961941533370104	0.03392167677881964	0.021235521235521235	0.009652509652509652	0.004136789851075565	0.011031439602868174	0.03419746276889134	0.02399338113623828	0.006618863761720904	0.0253723110865968	0.022614451185879757	0.014340871483728626	0.005515719801434087	0.014892443463872035	0.021235521235521235	0.019856591285162713	0.003309431880860452	0.01461665747380033	0.0	0.01654715940430226	0.0	0.01075565361279647	0.016822945394373966	0.01020408163265306	0.00441257584114727	0.012961941533370104	0.024820739106453393	0.004136789851075565	0.006894649751792609	0.003033645890788748	0.03943739658025373	0.03309431880860452	0.013513513513513514	0.029509100937672367
0.015444015444015444	0.01709873138444567	0.004688361831218974	0.013789299503585218	0.03419746276889134	0.020683949255377827	0.003861003861003861	0.01958080529509101	0.0	0.012410369553226696	0.0	0.011031439602868174	0.02730281301709873	0.035852178709321565	0.009100937672366244	0.03447324875896304	0.022890237175951463	0.015444015444015444	0.004688361831218974	0.01516822945394374	0.024544953116381687	0.0126861555432984	0.005515719801434087	0.015995587424158852	0.006894649751792609	0.006618863761720904	0.002206287920573635	0.003861003861003861	0.046607832322118035	0.03419746276889134	0.01020408163265306	0.03392167677881964	0.021787093215664643	0.009928295642581356	0.0035852178709321566	0.01075565361279647	0.03364589078874793	0.025096525096525095	0.0063430777716492	0.025096525096525095	0.023166023166023165	0.01461665747380033	0.004964147821290678	0.01461665747380033	0.02151130722559294	0.019856591285162713	0.003033645890788748	0.01461665747380033	0.0	0.016822945394373966	0.0	0.010479867622724766	0.017374517374517374	0.01020408163265306	0.003861003861003861	0.012961941533370104	0.025096525096525095	0.003861003861003861	0.006618863761720904	0.003309431880860452	0.04026475455046884	0.03364589078874793	0.012961941533370104	0.02895752895752896
0.014340871483728626	0.01709873138444567	0.005791505791505791	0.013789299503585218	0.03447324875896304	0.02013237727523442	0.003861003861003861	0.019856591285162713	0.0	0.012410369553226696	0.0	0.011031439602868174	0.02785438499724214	0.03667953667953668	0.008549365692222834	0.03364589078874793	0.022890237175951463	0.015995587424158852	0.004688361831218974	0.01461665747380033	0.024820739106453393	0.012410369553226696	0.005239933811362383	0.01627137341423056	0.007170435741864313	0.006067291781577496	0.002206287920573635	0.004136789851075565	0.04715940430226145	0.03474903474903475	0.010479867622724766	0.03309431880860452	0.02206287920573635	0.009652509652509652	0.003309431880860452	0.011031439602868174	0.03309431880860452	0.024544953116381687	0.006618863761720904	0.02592388306674021	0.022614451185879757	0.014892443463872035	0.005791505791505791	0.014065085493656922	0.021787093215664643	0.02013237727523442	0.0027578599007170436	0.014340871483728626	0.0	0.016822945394373966	0.0	0.010479867622724766	0.01765030336458908	0.01020408163265306	0.003861003861003861	0.0126861555432984	0.026199669056811915	0.004136789851075565	0.005515719801434087	0.003033645890788748	0.039713182570325425	0.03364589078874793	0.012961941533370104	0.02895752895752896
0.014892443463872035	0.016822945394373966	0.005239933811362383	0.014065085493656922	0.035024820739106455	0.019856591285162713	0.003309431880860452	0.02013237727523442	0.0	0.0126861555432984	0.0	0.01075565361279647	0.028130170987313845	0.03695532266960838	0.00827357970215113	0.03337010479867623	0.023166023166023165	0.015995587424158852	0.00441257584114727	0.01461665747380033	0.025096525096525095	0.012134583563154992	0.004688361831218974	0.016822945394373966	0.007722007722007722	0.005791505791505791	0.001654715940430226	0.00441257584114727	0.04881412024269167	0.03474903474903475	0.009376723662437948	0.03309431880860452	0.02151130722559294	0.009652509652509652	0.003861003861003861	0.011031439602868174	0.03419746276889134	0.024269167126309985	0.005515719801434087	0.026199669056811915	0.022890237175951463	0.01461665747380033	0.005791505791505791	0.014065085493656922	0.02040816326530612	0.019856591285162713	0.0035852178709321566	0.01516822945394374	0.0	0.01654715940430226	0.0	0.01075565361279647	0.017374517374517374	0.009928295642581356	0.004136789851075565	0.012961941533370104	0.026199669056811915	0.004136789851075565	0.005515719801434087	0.003033645890788748	0.04164368450082736	0.035024820739106455	0.010479867622724766	0.027578599007170437
0.014892443463872035	0.017374517374517374	0.005239933811362383	0.013513513513513514	0.03474903474903475	0.02040816326530612	0.003309431880860452	0.019856591285162713	0.0	0.012961941533370104	0.0	0.010479867622724766	0.028130170987313845	0.03667953667953668	0.00827357970215113	0.03364589078874793	0.02344180915609487	0.01627137341423056	0.004136789851075565	0.014340871483728626	0.025096525096525095	0.012410369553226696	0.00441257584114727	0.016822945394373966	0.007722007722007722	0.005791505791505791	0.001654715940430226	0.00441257584114727	0.04936569222283508	0.03419746276889134	0.009928295642581356	0.032818532818532815	0.021787093215664643	0.010479867622724766	0.0035852178709321566	0.01020408163265306	0.03392167677881964	0.024820739106453393	0.005239933811362383	0.026199669056811915	0.022338665195808054	0.014340871483728626	0.0063430777716492	0.014340871483728626	0.020683949255377827	0.02040816326530612	0.003309431880860452	0.01461665747380033	0.0	0.01627137341423056	0.0	0.011031439602868174	0.017374517374517374	0.01020408163265306	0.003861003861003861	0.012961941533370104	0.02730281301709873	0.00441257584114727	0.00441257584114727	0.0027578599007170436	0.04109211252068395	0.03557639271924986	0.01075565361279647	0.02702702702702703
0.015444015444015444	0.01709873138444567	0.004688361831218974	0.013789299503585218	0.035024820739106455	0.020683949255377827	0.0027578599007170436	0.019856591285162713	0.0	0.0126861555432984	0.0	0.01075565361279647	0.02895752895752896	0.03667953667953668	0.007446221731936017	0.03364589078874793	0.023717595146166576	0.016822945394373966	0.003861003861003861	0.013789299503585218	0.0253723110865968	0.012134583563154992	0.004136789851075565	0.01709873138444567	0.007997793712079426	0.005239933811362383	0.001654715940430226	0.004688361831218974	0.05102040816326531	0.03364589078874793	0.008549365692222834	0.03337010479867623	0.021787093215664643	0.010479867622724766	0.0035852178709321566	0.01020408163265306	0.03419746276889134	0.024544953116381687	0.004964147821290678	0.026475455046883617	0.02344180915609487	0.014340871483728626	0.005239933811362383	0.014340871483728626	0.020959735245449532	0.02040816326530612	0.0027578599007170436	0.014892443463872035	0.0	0.01627137341423056	0.0	0.011031439602868174	0.017374517374517374	0.01020408163265306	0.003861003861003861	0.012961941533370104	0.028130170987313845	0.00441257584114727	0.0035852178709321566	0.0027578599007170436	0.041919470490899065	0.03530060672917816	0.009652509652509652	0.02730281301709873
0.015719801434087147	0.01709873138444567	0.00441257584114727	0.013789299503585218	0.03474903474903475	0.02040816326530612	0.003309431880860452	0.019856591285162713	0.0	0.012410369553226696	0.0	0.011031439602868174	0.02978488692774407	0.03750689464975179	0.006618863761720904	0.032818532818532815	0.024269167126309985	0.01627137341423056	0.003309431880860452	0.014340871483728626	0.024820739106453393	0.0126861555432984	0.00441257584114727	0.016822945394373966	0.007997793712079426	0.005239933811362383	0.001654715940430226	0.004688361831218974	0.05184776613348042	0.035024820739106455	0.007997793712079426	0.03226696083838941	0.02206287920573635	0.01075565361279647	0.003309431880860452	0.009928295642581356	0.03364589078874793	0.025096525096525095	0.005239933811362383	0.026199669056811915	0.02399338113623828	0.01461665747380033	0.004688361831218974	0.014065085493656922	0.019856591285162713	0.02040816326530612	0.0035852178709321566	0.01516822945394374	0.0	0.01627137341423056	0.0	0.011031439602868174	0.017374517374517374	0.009928295642581356	0.003861003861003861	0.013237727523441808	0.02840595697738555	0.004136789851075565	0.003309431880860452	0.003033645890788748	0.04081632653061224	0.03530060672917816	0.01020408163265306	0.02730281301709873
0.01627137341423056	0.017926089354660783	0.003861003861003861	0.012961941533370104	0.03419746276889134	0.02040816326530612	0.003861003861003861	0.019856591285162713	0.0	0.012410369553226696	0.0	0.011031439602868174	0.02978488692774407	0.03723110865968009	0.006618863761720904	0.03309431880860452	0.02344180915609487	0.01627137341423056	0.004136789851075565	0.014340871483728626	0.024544953116381687	0.012961941533370104	0.004136789851075565	0.01709873138444567	0.007997793712079426	0.005239933811362383	0.001654715940430226	0.004688361831218974	0.05129619415333701	0.03612796469939327	0.008549365692222834	0.03226696083838941	0.02206287920573635	0.010479867622724766	0.003309431880860452	0.01020408163265306	0.03364589078874793	0.026199669056811915	0.004964147821290678	0.0253723110865968	0.02399338113623828	0.015719801434087147	0.004136789851075565	0.013513513513513514	0.019856591285162713	0.019029233314947602	0.003861003861003861	0.01627137341423056	0.0	0.015995587424158852	0.0	0.011307225592939878	0.01765030336458908	0.009928295642581356	0.0035852178709321566	0.013237727523441808	0.02785438499724214	0.004136789851075565	0.003861003861003861	0.003033645890788748	0.04026475455046884	0.03447324875896304	0.009652509652509652	0.028130170987313845
0.01654715940430226	0.017926089354660783	0.0035852178709321566	0.012961941533370104	0.03447324875896304	0.02040816326530612	0.003861003861003861	0.01958080529509101	0.0	0.012961941533370104	0.0	0.010479867622724766	0.03116381687810259	0.03750689464975179	0.005239933811362383	0.032818532818532815	0.023166023166023165	0.01627137341423056	0.00441257584114727	0.014340871483728626	0.025096525096525095	0.012961941533370104	0.003861003861003861	0.016822945394373966	0.007722007722007722	0.004964147821290678	0.001654715940430226	0.005239933811362383	0.052123552123552123	0.03667953667953668	0.007722007722007722	0.031715388858246	0.021787093215664643	0.010479867622724766	0.0035852178709321566	0.01020408163265306	0.03392167677881964	0.026751241036955323	0.004964147821290678	0.024544953116381687	0.02399338113623828	0.015719801434087147	0.003861003861003861	0.013789299503585218	0.02013237727523442	0.018753447324875896	0.003861003861003861	0.01627137341423056	0.0	0.01627137341423056	0.0	0.011031439602868174	0.01820187534473249	0.009928295642581356	0.003309431880860452	0.012961941533370104	0.02730281301709873	0.004136789851075565	0.00441257584114727	0.003033645890788748	0.04109211252068395	0.03419746276889134	0.00882515168229454	0.02840595697738555
0.016822945394373966	0.01820187534473249	0.003309431880860452	0.0126861555432984	0.03530060672917816	0.020683949255377827	0.003033645890788748	0.019305019305019305	0.0	0.012961941533370104	0.0	0.010479867622724766	0.031991174848317705	0.03723110865968009	0.00441257584114727	0.03309431880860452	0.023166023166023165	0.01654715940430226	0.00441257584114727	0.014065085493656922	0.024544953116381687	0.013237727523441808	0.00441257584114727	0.01654715940430226	0.007170435741864313	0.004964147821290678	0.0019305019305019305	0.005515719801434087	0.0507446221731936	0.03640375068946498	0.007722007722007722	0.03309431880860452	0.021787093215664643	0.010479867622724766	0.0035852178709321566	0.01020408163265306	0.03309431880860452	0.027578599007170437	0.005791505791505791	0.023717595146166576	0.025096525096525095	0.01516822945394374	0.003033645890788748	0.014065085493656922	0.020959735245449532	0.017926089354660783	0.003309431880860452	0.016822945394373966	0.0	0.01627137341423056	0.0	0.011031439602868174	0.017374517374517374	0.01020408163265306	0.0035852178709321566	0.013237727523441808	0.027578599007170437	0.004136789851075565	0.004136789851075565	0.003033645890788748	0.04164368450082736	0.03364589078874793	0.008549365692222834	0.02895752895752896
0.017374517374517374	0.01765030336458908	0.0027578599007170436	0.013237727523441808	0.035852178709321565	0.021235521235521235	0.0027578599007170436	0.01847766133480419	0.0	0.012961941533370104	0.0	0.010479867622724766	0.031715388858246	0.03750689464975179	0.004688361831218974	0.032818532818532815	0.023717595146166576	0.016822945394373966	0.003861003861003861	0.013789299503585218	0.024269167126309985	0.013789299503585218	0.004964147821290678	0.015719801434087147	0.007722007722007722	0.004964147821290678	0.0013789299503585218	0.005515719801434087	0.05157198014340871	0.03612796469939327	0.006894649751792609	0.03364589078874793	0.022338665195808054	0.01075565361279647	0.003033645890788748	0.009928295642581356	0.03337010479867623	0.026751241036955323	0.005239933811362383	0.024820739106453393	0.025096525096525095	0.01516822945394374	0.003033645890788748	0.014065085493656922	0.02151130722559294	0.01820187534473249	0.002482073910645339	0.016822945394373966	0.0	0.01627137341423056	0.0	0.011031439602868174	0.01709873138444567	0.009652509652509652	0.004136789851075565	0.013513513513513514	0.02785438499724214	0.004136789851075565	0.003861003861003861	0.003033645890788748	0.04302261445118588	0.03254274682846112	0.006894649751792609	0.030060672917815775
0.017374517374517374	0.01765030336458908	0.0027578599007170436	0.013237727523441808	0.03557639271924986	0.021235521235521235	0.003033645890788748	0.01847766133480419	0.0	0.013237727523441808	0.0	0.01020408163265306	0.03116381687810259	0.03667953667953668	0.005239933811362383	0.03364589078874793	0.023717595146166576	0.016822945394373966	0.003861003861003861	0.013789299503585218	0.024820739106453393	0.014340871483728626	0.00441257584114727	0.01516822945394374	0.007722007722007722	0.005239933811362383	0.0013789299503585218	0.005239933811362383	0.05157198014340871	0.03557639271924986	0.006894649751792609	0.03419746276889134	0.022614451185879757	0.01075565361279647	0.0027578599007170436	0.009928295642581356	0.03364589078874793	0.027578599007170437	0.00441257584114727	0.024544953116381687	0.025648097076668507	0.015444015444015444	0.002482073910645339	0.013789299503585218	0.02151130722559294	0.018753447324875896	0.002482073910645339	0.01627137341423056	0.0	0.01627137341423056	0.0	0.011031439602868174	0.016822945394373966	0.009928295642581356	0.004136789851075565	0.013513513513513514	0.028130170987313845	0.004136789851075565	0.0035852178709321566	0.003033645890788748	0.04302261445118588	0.03254274682846112	0.006894649751792609	0.030060672917815775
0.017374517374517374	0.01709873138444567	0.0027578599007170436	0.013789299503585218	0.03557639271924986	0.022338665195808054	0.002482073910645339	0.017926089354660783	0.0	0.014065085493656922	0.0	0.009376723662437948	0.03143960286817429	0.03612796469939327	0.004964147821290678	0.03419746276889134	0.02344180915609487	0.01654715940430226	0.004136789851075565	0.014065085493656922	0.024820739106453393	0.01516822945394374	0.003861003861003861	0.014892443463872035	0.00827357970215113	0.005515719801434087	0.000827357970215113	0.004964147821290678	0.05322669608383894	0.03530060672917816	0.005791505791505791	0.03419746276889134	0.022614451185879757	0.01075565361279647	0.0027578599007170436	0.009928295642581356	0.03337010479867623	0.02730281301709873	0.005239933811362383	0.024269167126309985	0.0253723110865968	0.015444015444015444	0.0027578599007170436	0.013789299503585218	0.02206287920573635	0.01765030336458908	0.002482073910645339	0.016822945394373966	0.0	0.01709873138444567	0.0	0.01020408163265306	0.01820187534473249	0.009928295642581356	0.0027578599007170436	0.013513513513513514	0.02840595697738555	0.003861003861003861	0.003309431880860452	0.003309431880860452	0.04329840044125759	0.03309431880860452	0.0063430777716492	0.029509100937672367
0.01765030336458908	0.01709873138444567	0.002482073910645339	0.013789299503585218	0.035024820739106455	0.02151130722559294	0.0027578599007170436	0.019029233314947602	0.0	0.014065085493656922	0.0	0.009376723662437948	0.03116381687810259	0.03667953667953668	0.005239933811362383	0.03364589078874793	0.02344180915609487	0.017374517374517374	0.004136789851075565	0.013237727523441808	0.02592388306674021	0.01461665747380033	0.003033645890788748	0.01516822945394374	0.007997793712079426	0.005239933811362383	0.000827357970215113	0.005515719801434087	0.053502482073910645	0.03557639271924986	0.005239933811362383	0.03447324875896304	0.022890237175951463	0.010479867622724766	0.002482073910645339	0.01020408163265306	0.03364589078874793	0.027578599007170437	0.004688361831218974	0.024269167126309985	0.0253723110865968	0.01516822945394374	0.0027578599007170436	0.014065085493656922	0.021235521235521235	0.01820187534473249	0.003033645890788748	0.01654715940430226	0.0	0.016822945394373966	0.0	0.010479867622724766	0.018753447324875896	0.009100937672366244	0.0027578599007170436	0.013789299503585218	0.028681742967457253	0.003861003861003861	0.003033645890788748	0.003309431880860452	0.04247104247104247	0.03364589078874793	0.006894649751792609	0.02895752895752896
0.017374517374517374	0.01709873138444567	0.0027578599007170436	0.013789299503585218	0.03530060672917816	0.02206287920573635	0.002206287920573635	0.018753447324875896	0.0	0.013789299503585218	0.0	0.009652509652509652	0.03143960286817429	0.03723110865968009	0.004964147821290678	0.03309431880860452	0.023166023166023165	0.017374517374517374	0.00441257584114727	0.013237727523441808	0.02592388306674021	0.014340871483728626	0.003033645890788748	0.015444015444015444	0.007722007722007722	0.005239933811362383	0.000827357970215113	0.005791505791505791	0.054329840044125756	0.035852178709321565	0.005791505791505791	0.03419746276889134	0.022890237175951463	0.01020408163265306	0.002482073910645339	0.010479867622724766	0.03364589078874793	0.027578599007170437	0.004688361831218974	0.024269167126309985	0.026199669056811915	0.01516822945394374	0.0027578599007170436	0.013237727523441808	0.02151130722559294	0.01765030336458908	0.003033645890788748	0.016822945394373966	0.0	0.016822945394373966	0.0	0.010479867622724766	0.019029233314947602	0.009376723662437948	0.002482073910645339	0.013513513513513514	0.02895752895752896	0.003861003861003861	0.0027578599007170436	0.003309431880860452	0.042746828461114175	0.03392167677881964	0.005239933811362383	0.028681742967457253
0.01709873138444567	0.016822945394373966	0.003033645890788748	0.014065085493656922	0.035024820739106455	0.02206287920573635	0.002206287920573635	0.019029233314947602	0.0	0.013789299503585218	0.0	0.009652509652509652	0.03143960286817429	0.03612796469939327	0.004964147821290678	0.03419746276889134	0.022890237175951463	0.017374517374517374	0.004688361831218974	0.013237727523441808	0.025096525096525095	0.01516822945394374	0.0035852178709321566	0.014892443463872035	0.007997793712079426	0.006067291781577496	0.0005515719801434088	0.004964147821290678	0.054329840044125756	0.03530060672917816	0.0063430777716492	0.03392167677881964	0.022614451185879757	0.009928295642581356	0.0027578599007170436	0.01075565361279647	0.03254274682846112	0.02785438499724214	0.005239933811362383	0.024544953116381687	0.026475455046883617	0.01461665747380033	0.0027578599007170436	0.013513513513513514	0.021787093215664643	0.01847766133480419	0.002206287920573635	0.01654715940430226	0.0	0.016822945394373966	0.0	0.010479867622724766	0.019029233314947602	0.01020408163265306	0.002206287920573635	0.012961941533370104	0.02923331494760066	0.004136789851075565	0.002482073910645339	0.003033645890788748	0.042746828461114175	0.03392167677881964	0.005515719801434087	0.028681742967457253
0.01654715940430226	0.016822945394373966	0.0035852178709321566	0.014065085493656922	0.03419746276889134	0.023166023166023165	0.0027578599007170436	0.01820187534473249	0.0	0.013513513513513514	0.0	0.009928295642581356	0.031715388858246	0.03695532266960838	0.004688361831218974	0.03337010479867623	0.022338665195808054	0.017926089354660783	0.005239933811362383	0.0126861555432984	0.025648097076668507	0.015444015444015444	0.003033645890788748	0.01461665747380033	0.007170435741864313	0.006067291781577496	0.0013789299503585218	0.004964147821290678	0.05377826806398235	0.035852178709321565	0.007170435741864313	0.03364589078874793	0.022614451185879757	0.010479867622724766	0.0027578599007170436	0.01020408163265306	0.03254274682846112	0.02895752895752896	0.004964147821290678	0.023717595146166576	0.02592388306674021	0.014340871483728626	0.0035852178709321566	0.013513513513513514	0.02151130722559294	0.019029233314947602	0.002206287920573635	0.01627137341423056	0.0	0.016822945394373966	0.0	0.010479867622724766	0.019305019305019305	0.010479867622724766	0.0019305019305019305	0.0126861555432984	0.028681742967457253	0.004136789851075565	0.003033645890788748	0.003033645890788748	0.04302261445118588	0.03337010479867623	0.004688361831218974	0.02923331494760066
0.01709873138444567	0.01627137341423056	0.003033645890788748	0.01461665747380033	0.03309431880860452	0.023717595146166576	0.004136789851075565	0.017374517374517374	0.0	0.013789299503585218	0.0	0.009652509652509652	0.031715388858246	0.03695532266960838	0.004688361831218974	0.03337010479867623	0.02206287920573635	0.01765030336458908	0.005515719801434087	0.012961941533370104	0.025648097076668507	0.01516822945394374	0.0027578599007170436	0.01516822945394374	0.007446221731936017	0.005791505791505791	0.0013789299503585218	0.004964147821290678	0.05488141202426917	0.0377826806398235	0.005515719801434087	0.03337010479867623	0.022614451185879757	0.01075565361279647	0.0027578599007170436	0.009928295642581356	0.03226696083838941	0.029509100937672367	0.005239933811362383	0.023166023166023165	0.026199669056811915	0.01461665747380033	0.003033645890788748	0.013513513513513514	0.02151130722559294	0.019029233314947602	0.002482073910645339	0.015995587424158852	0.0	0.01654715940430226	0.0	0.01075565361279647	0.019029233314947602	0.01020408163265306	0.002206287920573635	0.012961941533370104	0.028681742967457253	0.003861003861003861	0.003033645890788748	0.003309431880860452	0.04136789851075565	0.03419746276889134	0.005239933811362383	0.02840595697738555
0.01627137341423056	0.015995587424158852	0.003861003861003861	0.014892443463872035	0.03337010479867623	0.023717595146166576	0.004136789851075565	0.01709873138444567	0.0	0.014065085493656922	0.0	0.009376723662437948	0.032818532818532815	0.03723110865968009	0.0035852178709321566	0.03309431880860452	0.022614451185879757	0.01709873138444567	0.004964147821290678	0.013513513513513514	0.026199669056811915	0.014892443463872035	0.002206287920573635	0.015444015444015444	0.007722007722007722	0.005515719801434087	0.0011031439602868175	0.005239933811362383	0.05460562603419746	0.038885824600110315	0.005791505791505791	0.03309431880860452	0.022614451185879757	0.010479867622724766	0.0027578599007170436	0.01020408163265306	0.031715388858246	0.03033645890788748	0.004964147821290678	0.023166023166023165	0.026475455046883617	0.014892443463872035	0.003309431880860452	0.0126861555432984	0.02151130722559294	0.019029233314947602	0.002482073910645339	0.015995587424158852	0.0	0.01654715940430226	0.0	0.01075565361279647	0.01847766133480419	0.010479867622724766	0.0027578599007170436	0.0126861555432984	0.028681742967457253	0.003861003861003861	0.003033645890788748	0.003309431880860452	0.04136789851075565	0.03447324875896304	0.00441257584114727	0.028130170987313845
0.015995587424158852	0.01654715940430226	0.004136789851075565	0.014340871483728626	0.03392167677881964	0.022890237175951463	0.004136789851075565	0.017374517374517374	0.0	0.013513513513513514	0.0	0.009928295642581356	0.03254274682846112	0.03695532266960838	0.003861003861003861	0.03337010479867623	0.023717595146166576	0.01709873138444567	0.003861003861003861	0.013513513513513514	0.025096525096525095	0.014892443463872035	0.003309431880860452	0.015444015444015444	0.007446221731936017	0.005515719801434087	0.0013789299503585218	0.005239933811362383	0.055984555984555984	0.04026475455046884	0.006067291781577496	0.03143960286817429	0.022614451185879757	0.010479867622724766	0.0027578599007170436	0.01020408163265306	0.031991174848317705	0.030612244897959183	0.00441257584114727	0.023166023166023165	0.02702702702702703	0.01461665747380033	0.002482073910645339	0.013237727523441808	0.02151130722559294	0.019029233314947602	0.002482073910645339	0.015995587424158852	0.0	0.016822945394373966	0.0	0.010479867622724766	0.018753447324875896	0.010479867622724766	0.002482073910645339	0.0126861555432984	0.02923331494760066	0.003861003861003861	0.002482073910645339	0.003309431880860452	0.03998896856039713	0.03392167677881964	0.00441257584114727	0.028681742967457253
0.015719801434087147	0.016822945394373966	0.00441257584114727	0.014065085493656922	0.03419746276889134	0.022890237175951463	0.0035852178709321566	0.01765030336458908	0.0	0.013513513513513514	0.0	0.009928295642581356	0.03226696083838941	0.03695532266960838	0.004136789851075565	0.03337010479867623	0.023717595146166576	0.01709873138444567	0.003861003861003861	0.013513513513513514	0.024269167126309985	0.015995587424158852	0.0035852178709321566	0.014892443463872035	0.007446221731936017	0.005791505791505791	0.0013789299503585218	0.004964147821290678	0.0568119139547711	0.03998896856039713	0.006067291781577496	0.03143960286817429	0.022614451185879757	0.01020408163265306	0.0027578599007170436	0.010479867622724766	0.031991174848317705	0.02978488692774407	0.004136789851075565	0.024269167126309985	0.026751241036955323	0.014892443463872035	0.0027578599007170436	0.012961941533370104	0.021235521235521235	0.018753447324875896	0.0027578599007170436	0.01627137341423056	0.0	0.01709873138444567	0.0	0.01020408163265306	0.01847766133480419	0.010479867622724766	0.002482073910645339	0.012961941533370104	0.02895752895752896	0.003861003861003861	0.0027578599007170436	0.003309431880860452	0.0383342526199669	0.03419746276889134	0.005515719801434087	0.02840595697738555
0.01654715940430226	0.015995587424158852	0.0035852178709321566	0.014892443463872035	0.03364589078874793	0.023717595146166576	0.003861003861003861	0.01709873138444567	0.0	0.013513513513513514	0.0	0.009928295642581356	0.032818532818532815	0.0377826806398235	0.0035852178709321566	0.03254274682846112	0.02344180915609487	0.017374517374517374	0.004136789851075565	0.013237727523441808	0.02399338113623828	0.015995587424158852	0.003861003861003861	0.014892443463872035	0.007997793712079426	0.006618863761720904	0.0005515719801434088	0.00441257584114727	0.05543298400441258	0.04081632653061224	0.005239933811362383	0.03116381687810259	0.022890237175951463	0.01020408163265306	0.002482073910645339	0.010479867622724766	0.03254274682846112	0.02923331494760066	0.003309431880860452	0.025096525096525095	0.02702702702702703	0.014892443463872035	0.002482073910645339	0.012961941533370104	0.021787093215664643	0.01820187534473249	0.002206287920573635	0.016822945394373966	0.0	0.016822945394373966	0.0	0.010479867622724766	0.01765030336458908	0.010479867622724766	0.003033645890788748	0.013237727523441808	0.030060672917815775	0.003861003861003861	0.001654715940430226	0.003309431880860452	0.04026475455046884	0.03337010479867623	0.005239933811362383	0.02923331494760066
0.01709873138444567	0.015995587424158852	0.003033645890788748	0.014892443463872035	0.03364589078874793	0.023717595146166576	0.0035852178709321566	0.017374517374517374	0.0	0.012961941533370104	0.0	0.010479867622724766	0.032818532818532815	0.0377826806398235	0.0035852178709321566	0.03254274682846112	0.023717595146166576	0.017374517374517374	0.003861003861003861	0.013237727523441808	0.024269167126309985	0.01627137341423056	0.003033645890788748	0.01516822945394374	0.007722007722007722	0.006894649751792609	0.0005515719801434088	0.00441257584114727	0.05460562603419746	0.04164368450082736	0.005515719801434087	0.03116381687810259	0.023166023166023165	0.011031439602868174	0.002206287920573635	0.009652509652509652	0.03226696083838941	0.028681742967457253	0.0035852178709321566	0.025648097076668507	0.02785438499724214	0.015444015444015444	0.0013789299503585218	0.0126861555432984	0.022890237175951463	0.017926089354660783	0.0013789299503585218	0.016822945394373966	0.0	0.016822945394373966	0.0	0.010479867622724766	0.017926089354660783	0.011031439602868174	0.0027578599007170436	0.0126861555432984	0.030060672917815775	0.003861003861003861	0.001654715940430226	0.003309431880860452	0.04026475455046884	0.03226696083838941	0.004964147821290678	0.03033645890788748
0.016822945394373966	0.01654715940430226	0.003309431880860452	0.014340871483728626	0.03337010479867623	0.024269167126309985	0.0035852178709321566	0.01709873138444567	0.0	0.0126861555432984	0.0	0.01075565361279647	0.032818532818532815	0.0383342526199669	0.0035852178709321566	0.031991174848317705	0.02399338113623828	0.016822945394373966	0.0035852178709321566	0.013789299503585218	0.025096525096525095	0.016822945394373966	0.002206287920573635	0.01461665747380033	0.007722007722007722	0.006067291781577496	0.000827357970215113	0.004964147821290678	0.05515719801434087	0.041919470490899065	0.005239933811362383	0.03116381687810259	0.022338665195808054	0.011307225592939878	0.003033645890788748	0.009376723662437948	0.032818532818532815	0.028130170987313845	0.003033645890788748	0.026199669056811915	0.027578599007170437	0.015719801434087147	0.0011031439602868175	0.012961941533370104	0.022614451185879757	0.01820187534473249	0.001654715940430226	0.01654715940430226	0.0	0.01654715940430226	0.0	0.01075565361279647	0.01765030336458908	0.011583011583011582	0.0027578599007170436	0.012410369553226696	0.029509100937672367	0.004136789851075565	0.002206287920573635	0.003033645890788748	0.038885824600110315	0.03254274682846112	0.005791505791505791	0.030060672917815775
0.017374517374517374	0.01654715940430226	0.0027578599007170436	0.014340871483728626	0.03337010479867623	0.024269167126309985	0.003861003861003861	0.016822945394373966	0.0	0.012410369553226696	0.0	0.011031439602868174	0.03309431880860452	0.03916161059018202	0.003309431880860452	0.03116381687810259	0.024269167126309985	0.01709873138444567	0.003309431880860452	0.013513513513513514	0.025648097076668507	0.016822945394373966	0.001654715940430226	0.01461665747380033	0.00827357970215113	0.0063430777716492	0.0005515719801434088	0.00441257584114727	0.055984555984555984	0.04136789851075565	0.005515719801434087	0.03088803088803089	0.021787093215664643	0.011307225592939878	0.0035852178709321566	0.009376723662437948	0.03337010479867623	0.028681742967457253	0.002206287920573635	0.02592388306674021	0.026199669056811915	0.015995587424158852	0.002206287920573635	0.012961941533370104	0.022614451185879757	0.01765030336458908	0.001654715940430226	0.01709873138444567	0.0	0.016822945394373966	0.0	0.010479867622724766	0.01765030336458908	0.011858797573083288	0.0027578599007170436	0.012134583563154992	0.02895752895752896	0.004136789851075565	0.0027578599007170436	0.003033645890788748	0.03861003861003861	0.032818532818532815	0.005791505791505791	0.02978488692774407
0.017374517374517374	0.01654715940430226	0.0027578599007170436	0.014340871483728626	0.03364589078874793	0.025096525096525095	0.0035852178709321566	0.015995587424158852	0.0	0.0126861555432984	0.0	0.01075565361279647	0.03337010479867623	0.03861003861003861	0.003033645890788748	0.031715388858246	0.024269167126309985	0.016822945394373966	0.003309431880860452	0.013789299503585218	0.02592388306674021	0.016822945394373966	0.0013789299503585218	0.01461665747380033	0.00827357970215113	0.005791505791505791	0.0005515719801434088	0.004964147821290678	0.05460562603419746	0.041919470490899065	0.0063430777716492	0.03033645890788748	0.021787093215664643	0.011307225592939878	0.0035852178709321566	0.009376723662437948	0.032818532818532815	0.02895752895752896	0.002206287920573635	0.026199669056811915	0.026199669056811915	0.015719801434087147	0.002482073910645339	0.012961941533370104	0.022890237175951463	0.01765030336458908	0.001654715940430226	0.016822945394373966	0.0	0.016822945394373966	0.0	0.010479867622724766	0.017374517374517374	0.012134583563154992	0.003033645890788748	0.011858797573083288	0.02923331494760066	0.004136789851075565	0.002482073910645339	0.003033645890788748	0.03861003861003861	0.03226696083838941	0.0063430777716492	0.03033645890788748
0.01709873138444567	0.015444015444015444	0.003033645890788748	0.015444015444015444	0.03419746276889134	0.0253723110865968	0.003033645890788748	0.015719801434087147	0.0	0.013237727523441808	0.0	0.01020408163265306	0.03226696083838941	0.03998896856039713	0.004136789851075565	0.03033645890788748	0.024269167126309985	0.017374517374517374	0.003309431880860452	0.013237727523441808	0.0253723110865968	0.01627137341423056	0.0019305019305019305	0.01516822945394374	0.00827357970215113	0.005791505791505791	0.0005515719801434088	0.004964147821290678	0.05460562603419746	0.04136789851075565	0.006618863761720904	0.030612244897959183	0.022338665195808054	0.011583011583011582	0.003033645890788748	0.009100937672366244	0.03337010479867623	0.028681742967457253	0.001654715940430226	0.026475455046883617	0.025648097076668507	0.015719801434087147	0.003033645890788748	0.012961941533370104	0.022338665195808054	0.01709873138444567	0.002482073910645339	0.01709873138444567	0.0	0.01709873138444567	0.0	0.01020408163265306	0.01709873138444567	0.012134583563154992	0.003309431880860452	0.011858797573083288	0.028681742967457253	0.004136789851075565	0.003033645890788748	0.003033645890788748	0.03861003861003861	0.03254274682846112	0.0063430777716492	0.030060672917815775
0.016822945394373966	0.015719801434087147	0.003309431880860452	0.01516822945394374	0.03474903474903475	0.025096525096525095	0.002482073910645339	0.015995587424158852	0.0	0.012961941533370104	0.0	0.010479867622724766	0.03309431880860452	0.04081632653061224	0.003309431880860452	0.029509100937672367	0.023717595146166576	0.01709873138444567	0.003861003861003861	0.013513513513513514	0.024544953116381687	0.01627137341423056	0.002482073910645339	0.015444015444015444	0.00827357970215113	0.006067291781577496	0.0005515719801434088	0.004688361831218974	0.05405405405405406	0.042195256480970764	0.0063430777716492	0.030612244897959183	0.02206287920573635	0.011858797573083288	0.003309431880860452	0.00882515168229454	0.03309431880860452	0.02840595697738555	0.0019305019305019305	0.026751241036955323	0.0253723110865968	0.015995587424158852	0.003033645890788748	0.012961941533370104	0.022614451185879757	0.016822945394373966	0.0027578599007170436	0.016822945394373966	0.0	0.01709873138444567	0.0	0.01020408163265306	0.01709873138444567	0.012134583563154992	0.0035852178709321566	0.011583011583011582	0.02895752895752896	0.00441257584114727	0.0027578599007170436	0.0027578599007170436	0.0377826806398235	0.032818532818532815	0.007170435741864313	0.02978488692774407
0.01709873138444567	0.015995587424158852	0.003033645890788748	0.014892443463872035	0.03474903474903475	0.025096525096525095	0.002206287920573635	0.01627137341423056	0.0	0.012961941533370104	0.0	0.010479867622724766	0.03364589078874793	0.04109211252068395	0.0027578599007170436	0.02923331494760066	0.024544953116381687	0.01709873138444567	0.003033645890788748	0.013513513513513514	0.024820739106453393	0.01654715940430226	0.002206287920573635	0.01516822945394374	0.00827357970215113	0.0063430777716492	0.0005515719801434088	0.00441257584114727	0.05377826806398235	0.04136789851075565	0.005791505791505791	0.031991174848317705	0.022614451185879757	0.011858797573083288	0.0027578599007170436	0.00882515168229454	0.03254274682846112	0.02730281301709873	0.0027578599007170436	0.027578599007170437	0.0253723110865968	0.015444015444015444	0.0027578599007170436	0.013789299503585218	0.022614451185879757	0.01709873138444567	0.002482073910645339	0.016822945394373966	0.0	0.01709873138444567	0.0	0.01020408163265306	0.01709873138444567	0.012410369553226696	0.003309431880860452	0.011583011583011582	0.028681742967457253	0.00441257584114727	0.003033645890788748	0.0027578599007170436	0.03861003861003861	0.03254274682846112	0.006618863761720904	0.030060672917815775
0.016822945394373966	0.01627137341423056	0.003309431880860452	0.01461665747380033	0.03447324875896304	0.0253723110865968	0.002206287920573635	0.01627137341423056	0.0	0.0126861555432984	0.0	0.01075565361279647	0.03392167677881964	0.04081632653061224	0.002482073910645339	0.029509100937672367	0.0253723110865968	0.01709873138444567	0.002206287920573635	0.013513513513513514	0.023717595146166576	0.016822945394373966	0.002482073910645339	0.015719801434087147	0.007997793712079426	0.0063430777716492	0.000827357970215113	0.00441257584114727	0.05405405405405406	0.042195256480970764	0.005791505791505791	0.03088803088803089	0.022890237175951463	0.012410369553226696	0.002482073910645339	0.00827357970215113	0.03226696083838941	0.026751241036955323	0.0027578599007170436	0.02840595697738555	0.0253723110865968	0.014892443463872035	0.002482073910645339	0.01461665747380033	0.02206287920573635	0.01709873138444567	0.0027578599007170436	0.01709873138444567	0.0	0.01709873138444567	0.0	0.01020408163265306	0.017926089354660783	0.012134583563154992	0.0027578599007170436	0.011583011583011582	0.028130170987313845	0.00441257584114727	0.0035852178709321566	0.0027578599007170436	0.038058466629895205	0.03254274682846112	0.007170435741864313	0.030060672917815775
0.016822945394373966	0.01627137341423056	0.003309431880860452	0.01461665747380033	0.03392167677881964	0.025648097076668507	0.0027578599007170436	0.015995587424158852	0.0	0.0126861555432984	0.0	0.01075565361279647	0.03419746276889134	0.04081632653061224	0.002206287920573635	0.029509100937672367	0.025648097076668507	0.01709873138444567	0.0019305019305019305	0.013513513513513514	0.023717595146166576	0.016822945394373966	0.002482073910645339	0.015719801434087147	0.007722007722007722	0.006067291781577496	0.0011031439602868175	0.004688361831218974	0.054329840044125756	0.04302261445118588	0.005239933811362383	0.030060672917815775	0.022890237175951463	0.012134583563154992	0.002482073910645339	0.008549365692222834	0.032818532818532815	0.026751241036955323	0.0027578599007170436	0.02785438499724214	0.02399338113623828	0.01461665747380033	0.003309431880860452	0.015444015444015444	0.02206287920573635	0.01709873138444567	0.0027578599007170436	0.01709873138444567	0.0	0.01709873138444567	0.0	0.01020408163265306	0.017926089354660783	0.012410369553226696	0.0027578599007170436	0.011307225592939878	0.02895752895752896	0.00441257584114727	0.0027578599007170436	0.0027578599007170436	0.03916161059018202	0.031991174848317705	0.0063430777716492	0.030612244897959183
0.016822945394373966	0.01654715940430226	0.003309431880860452	0.014340871483728626	0.03364589078874793	0.024544953116381687	0.003033645890788748	0.01709873138444567	0.0	0.012961941533370104	0.0	0.010479867622724766	0.03447324875896304	0.04109211252068395	0.0019305019305019305	0.02923331494760066	0.025648097076668507	0.017374517374517374	0.0019305019305019305	0.013237727523441808	0.024269167126309985	0.016822945394373966	0.001654715940430226	0.015995587424158852	0.007722007722007722	0.006067291781577496	0.0011031439602868175	0.004688361831218974	0.05488141202426917	0.04384997242140099	0.004688361831218974	0.02923331494760066	0.023166023166023165	0.012134583563154992	0.002206287920573635	0.008549365692222834	0.032818532818532815	0.026475455046883617	0.002482073910645339	0.02840595697738555	0.024269167126309985	0.01461665747380033	0.003309431880860452	0.01516822945394374	0.02206287920573635	0.01709873138444567	0.002482073910645339	0.017374517374517374	0.0	0.017374517374517374	0.0	0.009928295642581356	0.01765030336458908	0.012134583563154992	0.0027578599007170436	0.011858797573083288	0.02923331494760066	0.004136789851075565	0.002482073910645339	0.003033645890788748	0.03998896856039713	0.031715388858246	0.005515719801434087	0.03088803088803089
0.01709873138444567	0.01654715940430226	0.003033645890788748	0.014340871483728626	0.03364589078874793	0.024544953116381687	0.003033645890788748	0.01709873138444567	0.0	0.012961941533370104	0.0	0.010479867622724766	0.03419746276889134	0.04109211252068395	0.002206287920573635	0.02923331494760066	0.026199669056811915	0.01765030336458908	0.0013789299503585218	0.012961941533370104	0.02344180915609487	0.01654715940430226	0.002206287920573635	0.01654715940430226	0.007170435741864313	0.0063430777716492	0.0013789299503585218	0.004688361831218974	0.05626034197462769	0.0441257584114727	0.004136789851075565	0.02895752895752896	0.022614451185879757	0.011858797573083288	0.0027578599007170436	0.00882515168229454	0.03364589078874793	0.026199669056811915	0.001654715940430226	0.028681742967457253	0.02344180915609487	0.01516822945394374	0.003861003861003861	0.014892443463872035	0.021787093215664643	0.01765030336458908	0.002482073910645339	0.01709873138444567	0.0	0.017926089354660783	0.0	0.009376723662437948	0.01765030336458908	0.012410369553226696	0.0027578599007170436	0.011583011583011582	0.02978488692774407	0.004136789851075565	0.0019305019305019305	0.003033645890788748	0.03998896856039713	0.03116381687810259	0.004688361831218974	0.03143960286817429
0.017374517374517374	0.01654715940430226	0.0027578599007170436	0.014340871483728626	0.03364589078874793	0.024544953116381687	0.003309431880860452	0.016822945394373966	0.0	0.0126861555432984	0.0	0.01075565361279647	0.03364589078874793	0.041919470490899065	0.0027578599007170436	0.02840595697738555	0.025648097076668507	0.017374517374517374	0.0019305019305019305	0.013237727523441808	0.023166023166023165	0.01627137341423056	0.002206287920573635	0.01709873138444567	0.007170435741864313	0.0063430777716492	0.0013789299503585218	0.004688361831218974	0.055984555984555984	0.043574186431329286	0.004964147821290678	0.02923331494760066	0.02206287920573635	0.011583011583011582	0.003309431880860452	0.009100937672366244	0.032818532818532815	0.02702702702702703	0.002206287920573635	0.028130170987313845	0.022614451185879757	0.015444015444015444	0.004136789851075565	0.01516822945394374	0.021787093215664643	0.01765030336458908	0.002482073910645339	0.01709873138444567	0.0	0.01820187534473249	0.0	0.009100937672366244	0.017926089354660783	0.012410369553226696	0.002482073910645339	0.011583011583011582	0.02923331494760066	0.004136789851075565	0.002482073910645339	0.003033645890788748	0.039713182570325425	0.030612244897959183	0.004688361831218974	0.031991174848317705
0.01765030336458908	0.01654715940430226	0.002482073910645339	0.014340871483728626	0.035024820739106455	0.024269167126309985	0.002206287920573635	0.016822945394373966	0.0	0.012134583563154992	0.0	0.011307225592939878	0.03364589078874793	0.04136789851075565	0.0027578599007170436	0.02895752895752896	0.025648097076668507	0.01765030336458908	0.0019305019305019305	0.012961941533370104	0.023166023166023165	0.015995587424158852	0.001654715940430226	0.017926089354660783	0.006894649751792609	0.006618863761720904	0.0011031439602868175	0.004964147821290678	0.0568119139547711	0.04329840044125759	0.00441257584114727	0.029509100937672367	0.022614451185879757	0.011307225592939878	0.0027578599007170436	0.009376723662437948	0.03226696083838941	0.027578599007170437	0.0027578599007170436	0.027578599007170437	0.022338665195808054	0.015719801434087147	0.00441257584114727	0.014892443463872035	0.02151130722559294	0.01765030336458908	0.002482073910645339	0.017374517374517374	0.0	0.017926089354660783	0.0	0.009376723662437948	0.017926089354660783	0.0126861555432984	0.0019305019305019305	0.011858797573083288	0.02895752895752896	0.004136789851075565	0.0027578599007170436	0.003033645890788748	0.03943739658025373	0.031715388858246	0.004688361831218974	0.03088803088803089
0.01765030336458908	0.016822945394373966	0.002482073910645339	0.014065085493656922	0.03447324875896304	0.024269167126309985	0.003033645890788748	0.01654715940430226	0.0	0.011858797573083288	0.0	0.011583011583011582	0.032818532818532815	0.04026475455046884	0.0035852178709321566	0.030060672917815775	0.025648097076668507	0.01765030336458908	0.0019305019305019305	0.012961941533370104	0.023717595146166576	0.01516822945394374	0.001654715940430226	0.01820187534473249	0.006618863761720904	0.006894649751792609	0.0011031439602868175	0.004964147821290678	0.055984555984555984	0.04302261445118588	0.005791505791505791	0.02923331494760066	0.022338665195808054	0.011307225592939878	0.003033645890788748	0.009376723662437948	0.031715388858246	0.02785438499724214	0.0027578599007170436	0.02785438499724214	0.023166023166023165	0.01627137341423056	0.003861003861003861	0.014065085493656922	0.02206287920573635	0.017926089354660783	0.0019305019305019305	0.01709873138444567	0.0	0.01820187534473249	0.0	0.009100937672366244	0.018753447324875896	0.0126861555432984	0.0013789299503585218	0.011583011583011582	0.02840595697738555	0.004136789851075565	0.003309431880860452	0.003033645890788748	0.038885824600110315	0.03226696083838941	0.005239933811362383	0.03033645890788748
0.01765030336458908	0.016822945394373966	0.002482073910645339	0.014065085493656922	0.03447324875896304	0.023166023166023165	0.003033645890788748	0.01765030336458908	0.0	0.012410369553226696	0.0	0.011031439602868174	0.032818532818532815	0.04054054054054054	0.0035852178709321566	0.02978488692774407	0.02592388306674021	0.017374517374517374	0.001654715940430226	0.013237727523441808	0.022890237175951463	0.01516822945394374	0.0019305019305019305	0.018753447324875896	0.0063430777716492	0.006894649751792609	0.0013789299503585218	0.004964147821290678	0.05543298400441258	0.042746828461114175	0.006894649751792609	0.02978488692774407	0.022890237175951463	0.011583011583011582	0.002482073910645339	0.009100937672366244	0.03143960286817429	0.02923331494760066	0.003033645890788748	0.026475455046883617	0.023717595146166576	0.016822945394373966	0.003033645890788748	0.013789299503585218	0.020959735245449532	0.01847766133480419	0.002206287920573635	0.017374517374517374	0.0	0.017926089354660783	0.0	0.009376723662437948	0.018753447324875896	0.0126861555432984	0.0013789299503585218	0.011583011583011582	0.029509100937672367	0.00441257584114727	0.002206287920573635	0.0027578599007170436	0.038885824600110315	0.03143960286817429	0.00441257584114727	0.03116381687810259
0.01765030336458908	0.016822945394373966	0.002482073910645339	0.014065085493656922	0.03309431880860452	0.023717595146166576	0.003861003861003861	0.01765030336458908	0.0	0.0126861555432984	0.0	0.01075565361279647	0.031991174848317705	0.04109211252068395	0.00441257584114727	0.02923331494760066	0.025648097076668507	0.017374517374517374	0.0019305019305019305	0.013237727523441808	0.022890237175951463	0.014340871483728626	0.002206287920573635	0.019305019305019305	0.007170435741864313	0.006618863761720904	0.000827357970215113	0.004964147821290678	0.05543298400441258	0.04302261445118588	0.0063430777716492	0.03033645890788748	0.022614451185879757	0.011583011583011582	0.0027578599007170436	0.009100937672366244	0.031991174848317705	0.02923331494760066	0.002482073910645339	0.026475455046883617	0.024269167126309985	0.017374517374517374	0.0027578599007170436	0.012961941533370104	0.020959735245449532	0.018753447324875896	0.002206287920573635	0.01709873138444567	0.0	0.01820187534473249	0.0	0.009100937672366244	0.01847766133480419	0.012961941533370104	0.0011031439602868175	0.011858797573083288	0.02978488692774407	0.004688361831218974	0.0019305019305019305	0.002482073910645339	0.03861003861003861	0.031991174848317705	0.00441257584114727	0.030612244897959183
0.01765030336458908	0.01627137341423056	0.002482073910645339	0.01461665747380033	0.03364589078874793	0.02399338113623828	0.0027578599007170436	0.017926089354660783	0.0	0.0126861555432984	0.0	0.01075565361279647	0.031991174848317705	0.04109211252068395	0.00441257584114727	0.02923331494760066	0.0253723110865968	0.017926089354660783	0.002206287920573635	0.0126861555432984	0.02344180915609487	0.01461665747380033	0.001654715940430226	0.019029233314947602	0.007446221731936017	0.006618863761720904	0.000827357970215113	0.004688361831218974	0.05570876999448428	0.042195256480970764	0.006894649751792609	0.03088803088803089	0.02151130722559294	0.011307225592939878	0.003861003861003861	0.009376723662437948	0.03143960286817429	0.029509100937672367	0.002482073910645339	0.026751241036955323	0.023717595146166576	0.01709873138444567	0.003033645890788748	0.013513513513513514	0.021235521235521235	0.018753447324875896	0.0019305019305019305	0.01709873138444567	0.0	0.01765030336458908	0.0	0.009652509652509652	0.01847766133480419	0.0126861555432984	0.0011031439602868175	0.012134583563154992	0.029509100937672367	0.00441257584114727	0.002206287920573635	0.0027578599007170436	0.0377826806398235	0.03309431880860452	0.004688361831218974	0.029509100937672367
0.017926089354660783	0.01627137341423056	0.002206287920573635	0.01461665747380033	0.035024820739106455	0.023166023166023165	0.002482073910645339	0.01765030336458908	0.0	0.012961941533370104	0.0	0.010479867622724766	0.03254274682846112	0.041919470490899065	0.003861003861003861	0.02840595697738555	0.025096525096525095	0.01765030336458908	0.002482073910645339	0.012961941533370104	0.023717595146166576	0.014340871483728626	0.0013789299503585218	0.019305019305019305	0.007446221731936017	0.006618863761720904	0.000827357970215113	0.004688361831218974	0.05543298400441258	0.042195256480970764	0.007170435741864313	0.03116381687810259	0.021235521235521235	0.01075565361279647	0.004136789851075565	0.009928295642581356	0.03088803088803089	0.029509100937672367	0.003033645890788748	0.026751241036955323	0.024269167126309985	0.01709873138444567	0.0027578599007170436	0.013237727523441808	0.021235521235521235	0.01847766133480419	0.002206287920573635	0.01709873138444567	0.0	0.01709873138444567	0.0	0.01020408163265306	0.01820187534473249	0.013237727523441808	0.0011031439602868175	0.011858797573083288	0.02895752895752896	0.00441257584114727	0.0027578599007170436	0.0027578599007170436	0.0377826806398235	0.03337010479867623	0.00441257584114727	0.02923331494760066
0.017926089354660783	0.01627137341423056	0.002206287920573635	0.01461665747380033	0.03557639271924986	0.022614451185879757	0.0019305019305019305	0.01820187534473249	0.0	0.0126861555432984	0.0	0.01075565361279647	0.03309431880860452	0.04081632653061224	0.003309431880860452	0.029509100937672367	0.024544953116381687	0.01709873138444567	0.003033645890788748	0.013513513513513514	0.023166023166023165	0.01461665747380033	0.001654715940430226	0.019305019305019305	0.007170435741864313	0.006894649751792609	0.0011031439602868175	0.00441257584114727	0.0570876999448428	0.04136789851075565	0.006067291781577496	0.03088803088803089	0.020959735245449532	0.011031439602868174	0.00441257584114727	0.009652509652509652	0.03088803088803089	0.029509100937672367	0.003309431880860452	0.026475455046883617	0.024820739106453393	0.016822945394373966	0.0019305019305019305	0.013789299503585218	0.021787093215664643	0.017926089354660783	0.0019305019305019305	0.017374517374517374	0.0	0.016822945394373966	0.0	0.010479867622724766	0.01847766133480419	0.012961941533370104	0.000827357970215113	0.012134583563154992	0.02895752895752896	0.00441257584114727	0.0027578599007170436	0.0027578599007170436	0.03750689464975179	0.03364589078874793	0.005239933811362383	0.02895752895752896
0.017926089354660783	0.015995587424158852	0.002206287920573635	0.014892443463872035	0.035024820739106455	0.022890237175951463	0.002206287920573635	0.01820187534473249	0.0	0.012961941533370104	0.0	0.010479867622724766	0.03337010479867623	0.04109211252068395	0.003033645890788748	0.02923331494760066	0.02399338113623828	0.01654715940430226	0.0035852178709321566	0.014065085493656922	0.022890237175951463	0.014340871483728626	0.0019305019305019305	0.01958080529509101	0.007170435741864313	0.006894649751792609	0.000827357970215113	0.004688361831218974	0.0570876999448428	0.04136789851075565	0.006067291781577496	0.03143960286817429	0.02040816326530612	0.011307225592939878	0.004964147821290678	0.009376723662437948	0.031991174848317705	0.02923331494760066	0.002482073910645339	0.026475455046883617	0.02344180915609487	0.01654715940430226	0.003309431880860452	0.014065085493656922	0.021787093215664643	0.01847766133480419	0.001654715940430226	0.01709873138444567	0.0	0.01709873138444567	0.0	0.01020408163265306	0.017926089354660783	0.013237727523441808	0.0011031439602868175	0.012134583563154992	0.030060672917815775	0.004136789851075565	0.001654715940430226	0.003033645890788748	0.0383342526199669	0.03309431880860452	0.003861003861003861	0.029509100937672367
0.01820187534473249	0.015995587424158852	0.0019305019305019305	0.014892443463872035	0.03419746276889134	0.022890237175951463	0.0027578599007170436	0.01847766133480419	0.0	0.013237727523441808	0.0	0.01020408163265306	0.032818532818532815	0.04136789851075565	0.0035852178709321566	0.02895752895752896	0.023166023166023165	0.015995587424158852	0.00441257584114727	0.01461665747380033	0.023166023166023165	0.014340871483728626	0.001654715940430226	0.01958080529509101	0.006618863761720904	0.006894649751792609	0.0011031439602868175	0.004964147821290678	0.05626034197462769	0.04109211252068395	0.005515719801434087	0.03254274682846112	0.020959735245449532	0.011307225592939878	0.00441257584114727	0.009376723662437948	0.031715388858246	0.02923331494760066	0.003309431880860452	0.02592388306674021	0.024269167126309985	0.015719801434087147	0.0027578599007170436	0.01461665747380033	0.021787093215664643	0.01820187534473249	0.002206287920573635	0.016822945394373966	0.0	0.017374517374517374	0.0	0.009928295642581356	0.016822945394373966	0.013237727523441808	0.002482073910645339	0.011858797573083288	0.029509100937672367	0.004136789851075565	0.002206287920573635	0.003033645890788748	0.03916161059018202	0.03364589078874793	0.0035852178709321566	0.02895752895752896
0.018753447324875896	0.015719801434087147	0.0013789299503585218	0.01516822945394374	0.03447324875896304	0.022890237175951463	0.002206287920573635	0.018753447324875896	0.0	0.013237727523441808	0.0	0.01020408163265306	0.03364589078874793	0.04081632653061224	0.0027578599007170436	0.029509100937672367	0.023166023166023165	0.01627137341423056	0.00441257584114727	0.014340871483728626	0.02344180915609487	0.014892443463872035	0.0013789299503585218	0.019029233314947602	0.006894649751792609	0.007722007722007722	0.000827357970215113	0.004136789851075565	0.0570876999448428	0.04384997242140099	0.004964147821290678	0.02923331494760066	0.02151130722559294	0.011307225592939878	0.003861003861003861	0.009376723662437948	0.031715388858246	0.02978488692774407	0.003309431880860452	0.0253723110865968	0.024544953116381687	0.015444015444015444	0.002482073910645339	0.014892443463872035	0.02344180915609487	0.017374517374517374	0.0013789299503585218	0.016822945394373966	0.0	0.017926089354660783	0.0	0.009376723662437948	0.01627137341423056	0.013237727523441808	0.002482073910645339	0.012410369553226696	0.02978488692774407	0.004136789851075565	0.0019305019305019305	0.003033645890788748	0.038885824600110315	0.03419746276889134	0.004136789851075565	0.02840595697738555
0.018753447324875896	0.015444015444015444	0.0013789299503585218	0.015444015444015444	0.03474903474903475	0.022890237175951463	0.0019305019305019305	0.018753447324875896	0.0	0.012961941533370104	0.0	0.010479867622724766	0.03364589078874793	0.04026475455046884	0.0027578599007170436	0.030060672917815775	0.023717595146166576	0.015995587424158852	0.003861003861003861	0.01461665747380033	0.02344180915609487	0.01461665747380033	0.0019305019305019305	0.018753447324875896	0.006894649751792609	0.007722007722007722	0.000827357970215113	0.004136789851075565	0.0570876999448428	0.042746828461114175	0.0063430777716492	0.02923331494760066	0.021787093215664643	0.011858797573083288	0.0035852178709321566	0.00882515168229454	0.031715388858246	0.028681742967457253	0.004136789851075565	0.025648097076668507	0.024820739106453393	0.01654715940430226	0.002206287920573635	0.013789299503585218	0.023166023166023165	0.016822945394373966	0.001654715940430226	0.017374517374517374	0.0	0.017926089354660783	0.0	0.009376723662437948	0.01654715940430226	0.012961941533370104	0.002206287920573635	0.0126861555432984	0.030060672917815775	0.003861003861003861	0.001654715940430226	0.003309431880860452	0.0383342526199669	0.03530060672917816	0.00441257584114727	0.02730281301709873
0.019029233314947602	0.015719801434087147	0.0011031439602868175	0.01516822945394374	0.03474903474903475	0.022890237175951463	0.0019305019305019305	0.018753447324875896	0.0	0.013237727523441808	0.0	0.01020408163265306	0.03419746276889134	0.04026475455046884	0.002206287920573635	0.030060672917815775	0.023717595146166576	0.015719801434087147	0.003861003861003861	0.014892443463872035	0.02344180915609487	0.014892443463872035	0.001654715940430226	0.018753447324875896	0.006894649751792609	0.007722007722007722	0.000827357970215113	0.004136789851075565	0.058190843905129616	0.042195256480970764	0.005239933811362383	0.03033645890788748	0.02151130722559294	0.012410369553226696	0.003861003861003861	0.00827357970215113	0.03254274682846112	0.02895752895752896	0.0035852178709321566	0.025096525096525095	0.02399338113623828	0.017374517374517374	0.0027578599007170436	0.013237727523441808	0.023166023166023165	0.01654715940430226	0.002206287920573635	0.01709873138444567	0.0	0.017926089354660783	0.0	0.009376723662437948	0.01654715940430226	0.013237727523441808	0.002206287920573635	0.012410369553226696	0.029509100937672367	0.003861003861003861	0.002206287920573635	0.003309431880860452	0.03723110865968009	0.03530060672917816	0.004964147821290678	0.02730281301709873
0.019029233314947602	0.01627137341423056	0.0011031439602868175	0.01461665747380033	0.03447324875896304	0.02344180915609487	0.002206287920573635	0.01820187534473249	0.0	0.013513513513513514	0.0	0.009928295642581356	0.03419746276889134	0.04054054054054054	0.002206287920573635	0.02978488692774407	0.024269167126309985	0.01654715940430226	0.003309431880860452	0.014065085493656922	0.023166023166023165	0.014892443463872035	0.0019305019305019305	0.018753447324875896	0.007170435741864313	0.007446221731936017	0.000827357970215113	0.004136789851075565	0.0570876999448428	0.043574186431329286	0.006067291781577496	0.029509100937672367	0.02206287920573635	0.012410369553226696	0.003309431880860452	0.00827357970215113	0.032818532818532815	0.02895752895752896	0.0035852178709321566	0.024820739106453393	0.023717595146166576	0.01709873138444567	0.003309431880860452	0.013237727523441808	0.023166023166023165	0.01627137341423056	0.0027578599007170436	0.016822945394373966	0.0	0.017926089354660783	0.0	0.009376723662437948	0.01709873138444567	0.013513513513513514	0.001654715940430226	0.012134583563154992	0.02923331494760066	0.003861003861003861	0.002482073910645339	0.003309431880860452	0.0377826806398235	0.03640375068946498	0.004136789851075565	0.026199669056811915
0.01847766133480419	0.01627137341423056	0.001654715940430226	0.01461665747380033	0.03447324875896304	0.022890237175951463	0.002206287920573635	0.018753447324875896	0.0	0.014065085493656922	0.0	0.009376723662437948	0.032818532818532815	0.03998896856039713	0.0035852178709321566	0.03033645890788748	0.02399338113623828	0.01654715940430226	0.0035852178709321566	0.014065085493656922	0.022890237175951463	0.014892443463872035	0.002206287920573635	0.018753447324875896	0.007446221731936017	0.007446221731936017	0.000827357970215113	0.003861003861003861	0.05874241588527303	0.043574186431329286	0.005515719801434087	0.029509100937672367	0.022338665195808054	0.012410369553226696	0.003033645890788748	0.00827357970215113	0.032818532818532815	0.02895752895752896	0.0027578599007170436	0.025648097076668507	0.02344180915609487	0.01765030336458908	0.003309431880860452	0.012961941533370104	0.022614451185879757	0.016822945394373966	0.003309431880860452	0.01627137341423056	0.0	0.01847766133480419	0.0	0.00882515168229454	0.016822945394373966	0.013789299503585218	0.0019305019305019305	0.011858797573083288	0.02923331494760066	0.003861003861003861	0.002482073910645339	0.003309431880860452	0.03640375068946498	0.03557639271924986	0.00441257584114727	0.02702702702702703
0.019029233314947602	0.015995587424158852	0.0011031439602868175	0.014892443463872035	0.035024820739106455	0.022614451185879757	0.001654715940430226	0.019029233314947602	0.0	0.014340871483728626	0.0	0.009100937672366244	0.03309431880860452	0.04054054054054054	0.003309431880860452	0.02978488692774407	0.023717595146166576	0.01627137341423056	0.003861003861003861	0.014340871483728626	0.021787093215664643	0.01516822945394374	0.0027578599007170436	0.019029233314947602	0.007446221731936017	0.007722007722007722	0.000827357970215113	0.0035852178709321566	0.059018201875344733	0.04329840044125759	0.005515719801434087	0.030060672917815775	0.02344180915609487	0.012410369553226696	0.0019305019305019305	0.00827357970215113	0.03337010479867623	0.02840595697738555	0.002482073910645339	0.02592388306674021	0.022614451185879757	0.017926089354660783	0.003033645890788748	0.013789299503585218	0.022338665195808054	0.01654715940430226	0.003309431880860452	0.016822945394373966	0.0	0.018753447324875896	0.0	0.008549365692222834	0.01709873138444567	0.013237727523441808	0.001654715940430226	0.012410369553226696	0.029509100937672367	0.0035852178709321566	0.002206287920573635	0.0035852178709321566	0.03557639271924986	0.035024820739106455	0.004688361831218974	0.027578599007170437
0.019029233314947602	0.015444015444015444	0.0011031439602868175	0.015444015444015444	0.03474903474903475	0.022890237175951463	0.002206287920573635	0.01847766133480419	0.0	0.014065085493656922	0.0	0.009376723662437948	0.03254274682846112	0.03998896856039713	0.003861003861003861	0.03033645890788748	0.023717595146166576	0.015995587424158852	0.003861003861003861	0.01461665747380033	0.02151130722559294	0.014892443463872035	0.003033645890788748	0.019305019305019305	0.007170435741864313	0.007722007722007722	0.0011031439602868175	0.0035852178709321566	0.056536127964699395	0.04384997242140099	0.00827357970215113	0.02978488692774407	0.023166023166023165	0.012961941533370104	0.002206287920573635	0.007722007722007722	0.03309431880860452	0.028130170987313845	0.003033645890788748	0.02592388306674021	0.022890237175951463	0.017926089354660783	0.002482073910645339	0.014065085493656922	0.022890237175951463	0.01654715940430226	0.0027578599007170436	0.016822945394373966	0.0	0.01847766133480419	0.0	0.00882515168229454	0.01654715940430226	0.013237727523441808	0.002206287920573635	0.012410369553226696	0.02923331494760066	0.0035852178709321566	0.002482073910645339	0.0035852178709321566	0.03612796469939327	0.03557639271924986	0.0035852178709321566	0.02702702702702703
0.019305019305019305	0.015719801434087147	0.000827357970215113	0.01516822945394374	0.035024820739106455	0.02344180915609487	0.001654715940430226	0.01820187534473249	0.0	0.013789299503585218	0.0	0.009652509652509652	0.03254274682846112	0.039713182570325425	0.003861003861003861	0.030612244897959183	0.02344180915609487	0.015444015444015444	0.004136789851075565	0.01516822945394374	0.02206287920573635	0.01516822945394374	0.002206287920573635	0.019305019305019305	0.007170435741864313	0.007722007722007722	0.0011031439602868175	0.0035852178709321566	0.05763927192498621	0.04384997242140099	0.007997793712079426	0.02978488692774407	0.022338665195808054	0.012961941533370104	0.003033645890788748	0.007722007722007722	0.03309431880860452	0.02840595697738555	0.0035852178709321566	0.025096525096525095	0.022614451185879757	0.018753447324875896	0.0027578599007170436	0.013237727523441808	0.022338665195808054	0.015995587424158852	0.003309431880860452	0.017374517374517374	0.0	0.019029233314947602	0.0	0.00827357970215113	0.01654715940430226	0.013513513513513514	0.002206287920573635	0.012134583563154992	0.02785438499724214	0.0035852178709321566	0.003861003861003861	0.0035852178709321566	0.035852178709321565	0.03557639271924986	0.003033645890788748	0.02702702702702703
0.019029233314947602	0.015995587424158852	0.0011031439602868175	0.014892443463872035	0.03447324875896304	0.02344180915609487	0.002482073910645339	0.017926089354660783	0.0	0.012961941533370104	0.0	0.010479867622724766	0.03392167677881964	0.04136789851075565	0.002482073910645339	0.02895752895752896	0.02399338113623828	0.015995587424158852	0.0035852178709321566	0.01461665747380033	0.022614451185879757	0.01461665747380033	0.001654715940430226	0.019856591285162713	0.007170435741864313	0.007722007722007722	0.0011031439602868175	0.0035852178709321566	0.056536127964699395	0.04384997242140099	0.007997793712079426	0.030060672917815775	0.022614451185879757	0.012961941533370104	0.0027578599007170436	0.007722007722007722	0.03364589078874793	0.02785438499724214	0.003309431880860452	0.0253723110865968	0.022890237175951463	0.01820187534473249	0.0027578599007170436	0.013513513513513514	0.02344180915609487	0.015444015444015444	0.002482073910645339	0.01765030336458908	0.0	0.019029233314947602	0.0	0.00827357970215113	0.017374517374517374	0.012961941533370104	0.0013789299503585218	0.0126861555432984	0.028130170987313845	0.0035852178709321566	0.0035852178709321566	0.0035852178709321566	0.03695532266960838	0.035024820739106455	0.0027578599007170436	0.027578599007170437
0.01958080529509101	0.015995587424158852	0.0005515719801434088	0.014892443463872035	0.032818532818532815	0.02344180915609487	0.0035852178709321566	0.01847766133480419	0.0	0.0126861555432984	0.0	0.01075565361279647	0.03309431880860452	0.04164368450082736	0.003309431880860452	0.028681742967457253	0.024544953116381687	0.01654715940430226	0.003033645890788748	0.014065085493656922	0.022338665195808054	0.014340871483728626	0.0013789299503585218	0.020683949255377827	0.007722007722007722	0.007446221731936017	0.000827357970215113	0.0035852178709321566	0.057363485934914506	0.04384997242140099	0.007446221731936017	0.030060672917815775	0.022338665195808054	0.012961941533370104	0.003033645890788748	0.007722007722007722	0.03364589078874793	0.027578599007170437	0.003309431880860452	0.025648097076668507	0.022614451185879757	0.017926089354660783	0.003033645890788748	0.013789299503585218	0.023166023166023165	0.01516822945394374	0.0027578599007170436	0.017926089354660783	0.0	0.018753447324875896	0.0	0.008549365692222834	0.017374517374517374	0.012961941533370104	0.0013789299503585218	0.0126861555432984	0.027578599007170437	0.0035852178709321566	0.004136789851075565	0.0035852178709321566	0.03640375068946498	0.035024820739106455	0.003033645890788748	0.027578599007170437
0.019029233314947602	0.01627137341423056	0.0011031439602868175	0.01461665747380033	0.03309431880860452	0.023717595146166576	0.003309431880860452	0.01820187534473249	0.0	0.013237727523441808	0.0	0.01020408163265306	0.03364589078874793	0.04136789851075565	0.0027578599007170436	0.02895752895752896	0.023717595146166576	0.016822945394373966	0.003861003861003861	0.013789299503585218	0.021787093215664643	0.01461665747380033	0.001654715940430226	0.020683949255377827	0.007722007722007722	0.007446221731936017	0.000827357970215113	0.0035852178709321566	0.057363485934914506	0.043574186431329286	0.007170435741864313	0.030060672917815775	0.022338665195808054	0.013513513513513514	0.003033645890788748	0.007170435741864313	0.03226696083838941	0.02730281301709873	0.00441257584114727	0.026199669056811915	0.022338665195808054	0.017926089354660783	0.003033645890788748	0.014065085493656922	0.022614451185879757	0.014892443463872035	0.003309431880860452	0.01820187534473249	0.0	0.01820187534473249	0.0	0.009100937672366244	0.017374517374517374	0.013237727523441808	0.0013789299503585218	0.012410369553226696	0.02923331494760066	0.0035852178709321566	0.002482073910645339	0.0035852178709321566	0.03695532266960838	0.03474903474903475	0.003033645890788748	0.02785438499724214
0.018753447324875896	0.015995587424158852	0.0013789299503585218	0.014892443463872035	0.03309431880860452	0.023166023166023165	0.0035852178709321566	0.01847766133480419	0.0	0.013789299503585218	0.0	0.009652509652509652	0.03309431880860452	0.04109211252068395	0.003309431880860452	0.02923331494760066	0.02344180915609487	0.016822945394373966	0.004136789851075565	0.013789299503585218	0.021787093215664643	0.01461665747380033	0.0019305019305019305	0.02040816326530612	0.007446221731936017	0.007722007722007722	0.000827357970215113	0.0035852178709321566	0.058190843905129616	0.04329840044125759	0.006894649751792609	0.02978488692774407	0.022338665195808054	0.013789299503585218	0.003033645890788748	0.006894649751792609	0.03364589078874793	0.02730281301709873	0.003033645890788748	0.026199669056811915	0.022890237175951463	0.01847766133480419	0.0027578599007170436	0.013237727523441808	0.021787093215664643	0.014892443463872035	0.004136789851075565	0.01820187534473249	0.0	0.017374517374517374	0.0	0.009928295642581356	0.01709873138444567	0.0126861555432984	0.0013789299503585218	0.013237727523441808	0.02923331494760066	0.0035852178709321566	0.002482073910645339	0.0035852178709321566	0.03695532266960838	0.03530060672917816	0.003033645890788748	0.02730281301709873
0.019029233314947602	0.015995587424158852	0.0011031439602868175	0.014892443463872035	0.03254274682846112	0.023717595146166576	0.004136789851075565	0.017926089354660783	0.0	0.013789299503585218	0.0	0.009652509652509652	0.032818532818532815	0.04136789851075565	0.0035852178709321566	0.02895752895752896	0.024269167126309985	0.016822945394373966	0.003309431880860452	0.013789299503585218	0.02151130722559294	0.014892443463872035	0.002206287920573635	0.02013237727523442	0.007170435741864313	0.007722007722007722	0.0011031439602868175	0.0035852178709321566	0.059018201875344733	0.04329840044125759	0.005239933811362383	0.03033645890788748	0.02344180915609487	0.013789299503585218	0.0019305019305019305	0.006894649751792609	0.03392167677881964	0.028130170987313845	0.002482073910645339	0.025648097076668507	0.023166023166023165	0.019029233314947602	0.002482073910645339	0.0126861555432984	0.022338665195808054	0.015444015444015444	0.0035852178709321566	0.01765030336458908	0.0	0.017374517374517374	0.0	0.009928295642581356	0.01765030336458908	0.012134583563154992	0.0011031439602868175	0.013513513513513514	0.029509100937672367	0.003861003861003861	0.002206287920573635	0.003309431880860452	0.03695532266960838	0.03447324875896304	0.003309431880860452	0.028130170987313845
0.01820187534473249	0.01461665747380033	0.0019305019305019305	0.01627137341423056	0.03226696083838941	0.02344180915609487	0.004136789851075565	0.01847766133480419	0.0	0.013789299503585218	0.0	0.009652509652509652	0.03364589078874793	0.04109211252068395	0.0027578599007170436	0.02923331494760066	0.024820739106453393	0.01709873138444567	0.0027578599007170436	0.013513513513513514	0.021787093215664643	0.015444015444015444	0.0019305019305019305	0.01958080529509101	0.007722007722007722	0.007997793712079426	0.0005515719801434088	0.003309431880860452	0.059845559845559844	0.043574186431329286	0.004136789851075565	0.030060672917815775	0.022890237175951463	0.013789299503585218	0.002482073910645339	0.006894649751792609	0.03254274682846112	0.02923331494760066	0.003861003861003861	0.024544953116381687	0.023717595146166576	0.019029233314947602	0.001654715940430226	0.012961941533370104	0.021787093215664643	0.015719801434087147	0.003861003861003861	0.01765030336458908	0.0	0.01709873138444567	0.0	0.01020408163265306	0.01765030336458908	0.011858797573083288	0.0011031439602868175	0.013789299503585218	0.02895752895752896	0.003861003861003861	0.0027578599007170436	0.003309431880860452	0.03723110865968009	0.03419746276889134	0.003309431880860452	0.02840595697738555
0.01847766133480419	0.01461665747380033	0.001654715940430226	0.01627137341423056	0.03143960286817429	0.02344180915609487	0.004688361831218974	0.018753447324875896	0.0	0.013789299503585218	0.0	0.009652509652509652	0.03309431880860452	0.04109211252068395	0.003309431880860452	0.02923331494760066	0.024820739106453393	0.017926089354660783	0.0027578599007170436	0.0126861555432984	0.021787093215664643	0.015995587424158852	0.0019305019305019305	0.019029233314947602	0.007722007722007722	0.007722007722007722	0.0005515719801434088	0.0035852178709321566	0.05956977385548814	0.042195256480970764	0.005515719801434087	0.03143960286817429	0.022890237175951463	0.013513513513513514	0.002482073910645339	0.007170435741864313	0.03226696083838941	0.03033645890788748	0.00441257584114727	0.023166023166023165	0.02344180915609487	0.018753447324875896	0.002206287920573635	0.012961941533370104	0.02206287920573635	0.015995587424158852	0.003309431880860452	0.01765030336458908	0.0	0.01654715940430226	0.0	0.01075565361279647	0.017374517374517374	0.011858797573083288	0.001654715940430226	0.013513513513513514	0.02840595697738555	0.003861003861003861	0.003309431880860452	0.003309431880860452	0.035852178709321565	0.03419746276889134	0.0035852178709321566	0.02840595697738555
0.019029233314947602	0.014892443463872035	0.0011031439602868175	0.015995587424158852	0.03143960286817429	0.02344180915609487	0.004964147821290678	0.01847766133480419	0.0	0.013789299503585218	0.0	0.009652509652509652	0.031715388858246	0.04136789851075565	0.004688361831218974	0.02895752895752896	0.024820739106453393	0.017926089354660783	0.0027578599007170436	0.0126861555432984	0.02151130722559294	0.015444015444015444	0.002206287920573635	0.01958080529509101	0.007446221731936017	0.007722007722007722	0.000827357970215113	0.0035852178709321566	0.06067291781577496	0.04164368450082736	0.005515719801434087	0.031715388858246	0.023166023166023165	0.013237727523441808	0.002206287920573635	0.007446221731936017	0.03337010479867623	0.03116381687810259	0.003033645890788748	0.022614451185879757	0.02344180915609487	0.01820187534473249	0.002482073910645339	0.013237727523441808	0.02206287920573635	0.01627137341423056	0.0027578599007170436	0.017926089354660783	0.0	0.016822945394373966	0.0	0.010479867622724766	0.01709873138444567	0.012134583563154992	0.001654715940430226	0.013513513513513514	0.02840595697738555	0.003861003861003861	0.003309431880860452	0.003309431880860452	0.035024820739106455	0.03474903474903475	0.0035852178709321566	0.02785438499724214
0.019305019305019305	0.014892443463872035	0.000827357970215113	0.015995587424158852	0.03226696083838941	0.022614451185879757	0.00441257584114727	0.019029233314947602	0.0	0.013789299503585218	0.0	0.009652509652509652	0.03254274682846112	0.04136789851075565	0.003861003861003861	0.02895752895752896	0.024544953116381687	0.017926089354660783	0.003033645890788748	0.0126861555432984	0.021787093215664643	0.01516822945394374	0.0019305019305019305	0.019856591285162713	0.007722007722007722	0.007446221731936017	0.000827357970215113	0.0035852178709321566	0.060397131825703256	0.04054054054054054	0.006618863761720904	0.03309431880860452	0.023166023166023165	0.013789299503585218	0.002206287920573635	0.006894649751792609	0.03337010479867623	0.030612244897959183	0.0027578599007170436	0.02344180915609487	0.02399338113623828	0.01820187534473249	0.0019305019305019305	0.013237727523441808	0.022338665195808054	0.01627137341423056	0.0027578599007170436	0.01765030336458908	0.0	0.01627137341423056	0.0	0.011031439602868174	0.01765030336458908	0.012410369553226696	0.0013789299503585218	0.012961941533370104	0.02840595697738555	0.004136789851075565	0.003309431880860452	0.003033645890788748	0.03419746276889134	0.03557639271924986	0.003309431880860452	0.02702702702702703
0.019305019305019305	0.01516822945394374	0.000827357970215113	0.015719801434087147	0.03226696083838941	0.022614451185879757	0.004688361831218974	0.018753447324875896	0.0	0.014340871483728626	0.0	0.009100937672366244	0.03226696083838941	0.041919470490899065	0.004136789851075565	0.02840595697738555	0.024544953116381687	0.01709873138444567	0.003033645890788748	0.013513513513513514	0.021235521235521235	0.014892443463872035	0.002206287920573635	0.02040816326530612	0.007722007722007722	0.007170435741864313	0.000827357970215113	0.003861003861003861	0.060397131825703256	0.03998896856039713	0.006894649751792609	0.03309431880860452	0.022614451185879757	0.013513513513513514	0.0027578599007170436	0.007170435741864313	0.03364589078874793	0.03143960286817429	0.002482073910645339	0.022614451185879757	0.024820739106453393	0.017926089354660783	0.0013789299503585218	0.013237727523441808	0.021787093215664643	0.01654715940430226	0.003309431880860452	0.017374517374517374	0.0	0.015719801434087147	0.0	0.011583011583011582	0.017374517374517374	0.0126861555432984	0.0019305019305019305	0.012410369553226696	0.02785438499724214	0.00441257584114727	0.003861003861003861	0.0027578599007170436	0.035024820739106455	0.03612796469939327	0.0027578599007170436	0.026475455046883617
0.01847766133480419	0.015719801434087147	0.001654715940430226	0.01516822945394374	0.03254274682846112	0.022338665195808054	0.004688361831218974	0.018753447324875896	0.0	0.014340871483728626	0.0	0.009100937672366244	0.031991174848317705	0.04247104247104247	0.00441257584114727	0.02785438499724214	0.024820739106453393	0.01709873138444567	0.0027578599007170436	0.013513513513513514	0.020959735245449532	0.014892443463872035	0.002206287920573635	0.020683949255377827	0.00827357970215113	0.007170435741864313	0.0002757859900717044	0.003861003861003861	0.06205184776613348	0.03916161059018202	0.0063430777716492	0.03309431880860452	0.022890237175951463	0.013789299503585218	0.002482073910645339	0.006894649751792609	0.03419746276889134	0.031991174848317705	0.002206287920573635	0.021787093215664643	0.02399338113623828	0.01820187534473249	0.002206287920573635	0.012961941533370104	0.022338665195808054	0.015995587424158852	0.003033645890788748	0.01765030336458908	0.0	0.015444015444015444	0.0	0.011858797573083288	0.01709873138444567	0.0126861555432984	0.0027578599007170436	0.011858797573083288	0.02785438499724214	0.004136789851075565	0.003861003861003861	0.003033645890788748	0.03474903474903475	0.03612796469939327	0.0027578599007170436	0.026475455046883617
0.01847766133480419	0.015719801434087147	0.001654715940430226	0.01516822945394374	0.031991174848317705	0.023166023166023165	0.004964147821290678	0.01820187534473249	0.0	0.014065085493656922	0.0	0.009376723662437948	0.031991174848317705	0.042746828461114175	0.00441257584114727	0.027578599007170437	0.025096525096525095	0.01709873138444567	0.002482073910645339	0.013513513513513514	0.020959735245449532	0.01461665747380033	0.002482073910645339	0.020683949255377827	0.00827357970215113	0.006894649751792609	0.0002757859900717044	0.004136789851075565	0.06150027578599007	0.039713182570325425	0.006894649751792609	0.03309431880860452	0.022338665195808054	0.013789299503585218	0.003033645890788748	0.006894649751792609	0.03392167677881964	0.031715388858246	0.0027578599007170436	0.021787093215664643	0.02344180915609487	0.019029233314947602	0.003033645890788748	0.011858797573083288	0.022338665195808054	0.015995587424158852	0.003033645890788748	0.01765030336458908	0.0	0.01516822945394374	0.0	0.012134583563154992	0.01820187534473249	0.012410369553226696	0.0013789299503585218	0.012410369553226696	0.027578599007170437	0.004136789851075565	0.004136789851075565	0.003033645890788748	0.03392167677881964	0.03667953667953668	0.003033645890788748	0.02592388306674021
0.018753447324875896	0.015444015444015444	0.0013789299503585218	0.015444015444015444	0.031991174848317705	0.022890237175951463	0.005239933811362383	0.01820187534473249	0.0	0.013789299503585218	0.0	0.009652509652509652	0.03392167677881964	0.04247104247104247	0.002482073910645339	0.02785438499724214	0.025096525096525095	0.01709873138444567	0.002482073910645339	0.013513513513513514	0.020683949255377827	0.01516822945394374	0.002482073910645339	0.02040816326530612	0.007997793712079426	0.006894649751792609	0.0005515719801434088	0.004136789851075565	0.06067291781577496	0.04026475455046884	0.007446221731936017	0.031715388858246	0.023166023166023165	0.013789299503585218	0.002206287920573635	0.006894649751792609	0.03309431880860452	0.03226696083838941	0.003033645890788748	0.021787093215664643	0.02344180915609487	0.019305019305019305	0.0027578599007170436	0.011858797573083288	0.022614451185879757	0.015995587424158852	0.0027578599007170436	0.01765030336458908	0.0	0.015444015444015444	0.0	0.011858797573083288	0.01820187534473249	0.011858797573083288	0.0019305019305019305	0.012410369553226696	0.027578599007170437	0.003861003861003861	0.004136789851075565	0.003309431880860452	0.03419746276889134	0.03723110865968009	0.003861003861003861	0.0253723110865968
0.019029233314947602	0.015719801434087147	0.0011031439602868175	0.01516822945394374	0.03226696083838941	0.02206287920573635	0.005239933811362383	0.018753447324875896	0.0	0.014340871483728626	0.0	0.009100937672366244	0.03419746276889134	0.04302261445118588	0.002206287920573635	0.02730281301709873	0.024820739106453393	0.01709873138444567	0.0027578599007170436	0.013513513513513514	0.020683949255377827	0.014892443463872035	0.002482073910645339	0.020683949255377827	0.007722007722007722	0.006894649751792609	0.000827357970215113	0.004136789851075565	0.06067291781577496	0.04054054054054054	0.007446221731936017	0.03116381687810259	0.023717595146166576	0.014065085493656922	0.001654715940430226	0.006618863761720904	0.03337010479867623	0.031991174848317705	0.003033645890788748	0.021787093215664643	0.023717595146166576	0.019029233314947602	0.0019305019305019305	0.0126861555432984	0.023166023166023165	0.01654715940430226	0.0027578599007170436	0.01654715940430226	0.0	0.015995587424158852	0.0	0.011307225592939878	0.01765030336458908	0.012134583563154992	0.002482073910645339	0.012134583563154992	0.026751241036955323	0.003861003861003861	0.004964147821290678	0.003309431880860452	0.03530060672917816	0.03640375068946498	0.003033645890788748	0.026199669056811915
0.018753447324875896	0.01654715940430226	0.0013789299503585218	0.014340871483728626	0.031991174848317705	0.022614451185879757	0.005239933811362383	0.01847766133480419	0.0	0.01461665747380033	0.0	0.00882515168229454	0.03364589078874793	0.042746828461114175	0.0027578599007170436	0.027578599007170437	0.025096525096525095	0.017374517374517374	0.002482073910645339	0.013237727523441808	0.020959735245449532	0.01461665747380033	0.002206287920573635	0.020959735245449532	0.007722007722007722	0.006894649751792609	0.000827357970215113	0.004136789851075565	0.06205184776613348	0.039713182570325425	0.0063430777716492	0.03143960286817429	0.02344180915609487	0.013789299503585218	0.0019305019305019305	0.006894649751792609	0.03364589078874793	0.03254274682846112	0.003033645890788748	0.020959735245449532	0.024269167126309985	0.018753447324875896	0.0011031439602868175	0.013237727523441808	0.022890237175951463	0.01654715940430226	0.003033645890788748	0.01654715940430226	0.0	0.01627137341423056	0.0	0.011031439602868174	0.017926089354660783	0.012134583563154992	0.002206287920573635	0.012134583563154992	0.02785438499724214	0.003861003861003861	0.003861003861003861	0.003309431880860452	0.03557639271924986	0.03612796469939327	0.003033645890788748	0.026475455046883617
0.01847766133480419	0.01654715940430226	0.001654715940430226	0.014340871483728626	0.031991174848317705	0.023166023166023165	0.00441257584114727	0.018753447324875896	0.0	0.01516822945394374	0.0	0.00827357970215113	0.03364589078874793	0.042746828461114175	0.0027578599007170436	0.027578599007170437	0.0253723110865968	0.01820187534473249	0.002206287920573635	0.012410369553226696	0.021235521235521235	0.01461665747380033	0.0019305019305019305	0.020959735245449532	0.007997793712079426	0.006894649751792609	0.0005515719801434088	0.004136789851075565	0.06315499172642029	0.03998896856039713	0.005791505791505791	0.03088803088803089	0.02399338113623828	0.014340871483728626	0.0013789299503585218	0.0063430777716492	0.03364589078874793	0.03143960286817429	0.003033645890788748	0.02206287920573635	0.023717595146166576	0.01820187534473249	0.002206287920573635	0.013237727523441808	0.02206287920573635	0.01654715940430226	0.003309431880860452	0.01709873138444567	0.0	0.01627137341423056	0.0	0.011031439602868174	0.01765030336458908	0.0126861555432984	0.002206287920573635	0.011858797573083288	0.028681742967457253	0.003861003861003861	0.003033645890788748	0.003309431880860452	0.03557639271924986	0.03750689464975179	0.0027578599007170436	0.025096525096525095
0.01820187534473249	0.01709873138444567	0.0019305019305019305	0.013789299503585218	0.03226696083838941	0.022614451185879757	0.004136789851075565	0.019305019305019305	0.0	0.014892443463872035	0.0	0.008549365692222834	0.032818532818532815	0.04302261445118588	0.0035852178709321566	0.02730281301709873	0.02592388306674021	0.01847766133480419	0.001654715940430226	0.012134583563154992	0.021235521235521235	0.01461665747380033	0.002206287920573635	0.020683949255377827	0.007997793712079426	0.006894649751792609	0.0005515719801434088	0.004136789851075565	0.06067291781577496	0.04054054054054054	0.007722007722007722	0.03143960286817429	0.02344180915609487	0.014065085493656922	0.0019305019305019305	0.006618863761720904	0.03392167677881964	0.03116381687810259	0.0035852178709321566	0.02151130722559294	0.02399338113623828	0.017926089354660783	0.002482073910645339	0.012961941533370104	0.022614451185879757	0.01627137341423056	0.003033645890788748	0.01709873138444567	0.0	0.01627137341423056	0.0	0.011031439602868174	0.017926089354660783	0.0126861555432984	0.0019305019305019305	0.011858797573083288	0.02895752895752896	0.0035852178709321566	0.0027578599007170436	0.0035852178709321566	0.03557639271924986	0.03750689464975179	0.002206287920573635	0.025096525096525095
0.017926089354660783	0.01709873138444567	0.002206287920573635	0.013789299503585218	0.032818532818532815	0.022338665195808054	0.0035852178709321566	0.01958080529509101	0.0	0.014892443463872035	0.0	0.008549365692222834	0.031715388858246	0.04247104247104247	0.004688361831218974	0.02785438499724214	0.0253723110865968	0.017926089354660783	0.002206287920573635	0.0126861555432984	0.02151130722559294	0.01516822945394374	0.002206287920573635	0.019856591285162713	0.007722007722007722	0.006618863761720904	0.0011031439602868175	0.004136789851075565	0.05956977385548814	0.04081632653061224	0.007446221731936017	0.031991174848317705	0.023166023166023165	0.013789299503585218	0.002206287920573635	0.006894649751792609	0.03364589078874793	0.03143960286817429	0.0035852178709321566	0.02151130722559294	0.023717595146166576	0.01820187534473249	0.002482073910645339	0.012961941533370104	0.022890237175951463	0.01654715940430226	0.002482073910645339	0.01709873138444567	0.0	0.01654715940430226	0.0	0.01075565361279647	0.01820187534473249	0.012961941533370104	0.001654715940430226	0.011583011583011582	0.02895752895752896	0.0035852178709321566	0.0027578599007170436	0.0035852178709321566	0.03640375068946498	0.03750689464975179	0.0019305019305019305	0.025096525096525095
0.01820187534473249	0.01709873138444567	0.0019305019305019305	0.013789299503585218	0.03337010479867623	0.022338665195808054	0.003033645890788748	0.01958080529509101	0.0	0.01516822945394374	0.0	0.00827357970215113	0.031991174848317705	0.041919470490899065	0.00441257584114727	0.02840595697738555	0.024544953116381687	0.017926089354660783	0.003033645890788748	0.0126861555432984	0.02151130722559294	0.014892443463872035	0.002482073910645339	0.019856591285162713	0.009100937672366244	0.005791505791505791	0.0005515719801434088	0.004136789851075565	0.059845559845559844	0.04109211252068395	0.006894649751792609	0.031715388858246	0.022890237175951463	0.014340871483728626	0.002482073910645339	0.0063430777716492	0.032818532818532815	0.03088803088803089	0.004136789851075565	0.022338665195808054	0.02344180915609487	0.019305019305019305	0.002206287920573635	0.012410369553226696	0.02344180915609487	0.015995587424158852	0.002206287920573635	0.017374517374517374	0.0	0.01709873138444567	0.0	0.01020408163265306	0.01820187534473249	0.012961941533370104	0.001654715940430226	0.011583011583011582	0.029509100937672367	0.0027578599007170436	0.002206287920573635	0.00441257584114727	0.03640375068946498	0.03723110865968009	0.002206287920573635	0.0253723110865968
0.01847766133480419	0.015995587424158852	0.001654715940430226	0.014892443463872035	0.032818532818532815	0.023166023166023165	0.003309431880860452	0.019029233314947602	0.0	0.01461665747380033	0.0	0.00882515168229454	0.031715388858246	0.042195256480970764	0.004688361831218974	0.028130170987313845	0.024820739106453393	0.01765030336458908	0.0027578599007170436	0.012961941533370104	0.021235521235521235	0.01516822945394374	0.0027578599007170436	0.01958080529509101	0.009100937672366244	0.005515719801434087	0.0005515719801434088	0.00441257584114727	0.06177606177606178	0.04136789851075565	0.005515719801434087	0.03143960286817429	0.022890237175951463	0.014065085493656922	0.002482073910645339	0.006618863761720904	0.032818532818532815	0.03033645890788748	0.003861003861003861	0.023166023166023165	0.023717595146166576	0.01847766133480419	0.002206287920573635	0.012961941533370104	0.023166023166023165	0.01627137341423056	0.0019305019305019305	0.01765030336458908	0.0	0.017374517374517374	0.0	0.009928295642581356	0.01765030336458908	0.013237727523441808	0.0013789299503585218	0.012134583563154992	0.02978488692774407	0.003033645890788748	0.0019305019305019305	0.004136789851075565	0.03612796469939327	0.0377826806398235	0.0019305019305019305	0.024820739106453393
0.017926089354660783	0.01627137341423056	0.002206287920573635	0.01461665747380033	0.03226696083838941	0.022890237175951463	0.004136789851075565	0.019029233314947602	0.0	0.014065085493656922	0.0	0.009376723662437948	0.031991174848317705	0.04247104247104247	0.00441257584114727	0.02785438499724214	0.024544953116381687	0.01820187534473249	0.003033645890788748	0.012410369553226696	0.021235521235521235	0.014892443463872035	0.003033645890788748	0.01958080529509101	0.009100937672366244	0.005515719801434087	0.0005515719801434088	0.00441257584114727	0.06205184776613348	0.04164368450082736	0.005515719801434087	0.03088803088803089	0.02344180915609487	0.013513513513513514	0.0019305019305019305	0.007170435741864313	0.03392167677881964	0.029509100937672367	0.003309431880860452	0.02344180915609487	0.024269167126309985	0.018753447324875896	0.0019305019305019305	0.012410369553226696	0.023717595146166576	0.01654715940430226	0.0019305019305019305	0.016822945394373966	0.0	0.017374517374517374	0.0	0.009928295642581356	0.017926089354660783	0.013789299503585218	0.0011031439602868175	0.011583011583011582	0.02923331494760066	0.003033645890788748	0.002482073910645339	0.004136789851075565	0.03667953667953668	0.0377826806398235	0.0013789299503585218	0.024820739106453393
0.017926089354660783	0.015719801434087147	0.002206287920573635	0.01516822945394374	0.03226696083838941	0.022890237175951463	0.00441257584114727	0.018753447324875896	0.0	0.013789299503585218	0.0	0.009652509652509652	0.03226696083838941	0.042195256480970764	0.004136789851075565	0.028130170987313845	0.023717595146166576	0.01847766133480419	0.003861003861003861	0.012134583563154992	0.02151130722559294	0.015444015444015444	0.003033645890788748	0.018753447324875896	0.00882515168229454	0.005515719801434087	0.000827357970215113	0.00441257584114727	0.06150027578599007	0.04164368450082736	0.006618863761720904	0.03088803088803089	0.022614451185879757	0.013789299503585218	0.0027578599007170436	0.006894649751792609	0.03419746276889134	0.02840595697738555	0.003033645890788748	0.024544953116381687	0.024544953116381687	0.01820187534473249	0.0019305019305019305	0.0126861555432984	0.023717595146166576	0.017374517374517374	0.001654715940430226	0.01627137341423056	0.0	0.01709873138444567	0.0	0.01020408163265306	0.01765030336458908	0.013513513513513514	0.0013789299503585218	0.011858797573083288	0.02895752895752896	0.003309431880860452	0.0027578599007170436	0.003861003861003861	0.03530060672917816	0.0377826806398235	0.002206287920573635	0.024820739106453393
0.01765030336458908	0.015995587424158852	0.002482073910645339	0.014892443463872035	0.03254274682846112	0.022614451185879757	0.004136789851075565	0.019029233314947602	0.0	0.013789299503585218	0.0	0.009652509652509652	0.031991174848317705	0.04164368450082736	0.00441257584114727	0.028681742967457253	0.02399338113623828	0.01847766133480419	0.0035852178709321566	0.012134583563154992	0.02151130722559294	0.01627137341423056	0.003033645890788748	0.017926089354660783	0.008549365692222834	0.005239933811362383	0.0011031439602868175	0.004688361831218974	0.06177606177606178	0.04136789851075565	0.006618863761720904	0.030612244897959183	0.022338665195808054	0.013513513513513514	0.003033645890788748	0.007170435741864313	0.035024820739106455	0.02785438499724214	0.002206287920573635	0.025096525096525095	0.024820739106453393	0.01765030336458908	0.001654715940430226	0.013237727523441808	0.023717595146166576	0.017926089354660783	0.001654715940430226	0.015719801434087147	0.0	0.01765030336458908	0.0	0.009652509652509652	0.017926089354660783	0.013789299503585218	0.0013789299503585218	0.011307225592939878	0.028681742967457253	0.0035852178709321566	0.003033645890788748	0.0035852178709321566	0.035852178709321565	0.0377826806398235	0.0019305019305019305	0.024820739106453393
0.01765030336458908	0.015995587424158852	0.002482073910645339	0.014892443463872035	0.03309431880860452	0.022890237175951463	0.0035852178709321566	0.018753447324875896	0.0	0.014065085493656922	0.0	0.009376723662437948	0.03226696083838941	0.04164368450082736	0.004136789851075565	0.028681742967457253	0.02399338113623828	0.019029233314947602	0.0035852178709321566	0.011583011583011582	0.021235521235521235	0.016822945394373966	0.0035852178709321566	0.01709873138444567	0.00882515168229454	0.005239933811362383	0.0011031439602868175	0.00441257584114727	0.061224489795918366	0.04109211252068395	0.0063430777716492	0.03116381687810259	0.022614451185879757	0.013513513513513514	0.0027578599007170436	0.007170435741864313	0.03364589078874793	0.02840595697738555	0.003309431880860452	0.024820739106453393	0.025648097076668507	0.017374517374517374	0.000827357970215113	0.013513513513513514	0.023717595146166576	0.017926089354660783	0.0013789299503585218	0.015995587424158852	0.0	0.01765030336458908	0.0	0.009652509652509652	0.017926089354660783	0.013513513513513514	0.0013789299503585218	0.011583011583011582	0.028130170987313845	0.0035852178709321566	0.0035852178709321566	0.0035852178709321566	0.03612796469939327	0.03667953667953668	0.002206287920573635	0.02592388306674021
0.017926089354660783	0.015719801434087147	0.002206287920573635	0.01516822945394374	0.03337010479867623	0.022614451185879757	0.003309431880860452	0.019029233314947602	0.0	0.014340871483728626	0.0	0.009100937672366244	0.03254274682846112	0.04081632653061224	0.003861003861003861	0.029509100937672367	0.024820739106453393	0.018753447324875896	0.0027578599007170436	0.011858797573083288	0.022338665195808054	0.01709873138444567	0.003033645890788748	0.01627137341423056	0.00882515168229454	0.005239933811362383	0.0011031439602868175	0.00441257584114727	0.06232763375620518	0.04026475455046884	0.006894649751792609	0.03088803088803089	0.02206287920573635	0.014065085493656922	0.003309431880860452	0.006618863761720904	0.03364589078874793	0.028681742967457253	0.003033645890788748	0.024820739106453393	0.025096525096525095	0.01709873138444567	0.0013789299503585218	0.013789299503585218	0.024544953116381687	0.017374517374517374	0.0011031439602868175	0.015995587424158852	0.0	0.01709873138444567	0.0	0.01020408163265306	0.01765030336458908	0.014065085493656922	0.001654715940430226	0.011031439602868174	0.02840595697738555	0.0035852178709321566	0.003309431880860452	0.0035852178709321566	0.03530060672917816	0.03667953667953668	0.002482073910645339	0.02592388306674021
0.017374517374517374	0.015719801434087147	0.0027578599007170436	0.01516822945394374	0.032818532818532815	0.022614451185879757	0.0035852178709321566	0.019305019305019305	0.0	0.014340871483728626	0.0	0.009100937672366244	0.031991174848317705	0.04109211252068395	0.00441257584114727	0.02923331494760066	0.025096525096525095	0.01847766133480419	0.002482073910645339	0.012134583563154992	0.022338665195808054	0.01709873138444567	0.003309431880860452	0.015995587424158852	0.009100937672366244	0.005239933811362383	0.0005515719801434088	0.004688361831218974	0.06094870380584666	0.04081632653061224	0.007170435741864313	0.03088803088803089	0.022338665195808054	0.013513513513513514	0.003033645890788748	0.007170435741864313	0.03392167677881964	0.02840595697738555	0.003309431880860452	0.024544953116381687	0.0253723110865968	0.01654715940430226	0.0013789299503585218	0.014065085493656922	0.023717595146166576	0.017926089354660783	0.0013789299503585218	0.015995587424158852	0.0	0.016822945394373966	0.0	0.010479867622724766	0.016822945394373966	0.014065085493656922	0.0027578599007170436	0.01075565361279647	0.028681742967457253	0.003861003861003861	0.003033645890788748	0.003309431880860452	0.03419746276889134	0.03667953667953668	0.004136789851075565	0.02592388306674021
0.017374517374517374	0.015995587424158852	0.0027578599007170436	0.014892443463872035	0.03309431880860452	0.022338665195808054	0.003309431880860452	0.01958080529509101	0.0	0.014340871483728626	0.0	0.009100937672366244	0.031991174848317705	0.04109211252068395	0.00441257584114727	0.02923331494760066	0.02592388306674021	0.01847766133480419	0.001654715940430226	0.012134583563154992	0.022614451185879757	0.01709873138444567	0.0035852178709321566	0.015444015444015444	0.009100937672366244	0.004964147821290678	0.0005515719801434088	0.004964147821290678	0.06067291781577496	0.04164368450082736	0.007170435741864313	0.030612244897959183	0.022338665195808054	0.013513513513513514	0.003033645890788748	0.007170435741864313	0.03337010479867623	0.028681742967457253	0.004136789851075565	0.02399338113623828	0.025096525096525095	0.01627137341423056	0.0019305019305019305	0.014065085493656922	0.023717595146166576	0.01820187534473249	0.0013789299503585218	0.015719801434087147	0.0	0.01654715940430226	0.0	0.01075565361279647	0.017926089354660783	0.014340871483728626	0.001654715940430226	0.010479867622724766	0.028681742967457253	0.003861003861003861	0.003033645890788748	0.003309431880860452	0.03392167677881964	0.03612796469939327	0.004136789851075565	0.026475455046883617
0.01709873138444567	0.015719801434087147	0.003033645890788748	0.01516822945394374	0.03392167677881964	0.022338665195808054	0.003033645890788748	0.019029233314947602	0.0	0.013789299503585218	0.0	0.009652509652509652	0.03254274682846112	0.04054054054054054	0.003861003861003861	0.02978488692774407	0.026475455046883617	0.019305019305019305	0.0011031439602868175	0.011307225592939878	0.021787093215664643	0.01765030336458908	0.003861003861003861	0.015444015444015444	0.009100937672366244	0.004964147821290678	0.0005515719801434088	0.004964147821290678	0.061224489795918366	0.04081632653061224	0.005791505791505791	0.031991174848317705	0.022890237175951463	0.014065085493656922	0.002482073910645339	0.006618863761720904	0.03337010479867623	0.02895752895752896	0.004136789851075565	0.023717595146166576	0.025096525096525095	0.01709873138444567	0.0019305019305019305	0.013237727523441808	0.024269167126309985	0.01765030336458908	0.0011031439602868175	0.015995587424158852	0.0	0.01654715940430226	0.0	0.01075565361279647	0.01765030336458908	0.014340871483728626	0.0019305019305019305	0.010479867622724766	0.02895752895752896	0.003861003861003861	0.0027578599007170436	0.003309431880860452	0.03447324875896304	0.03640375068946498	0.003861003861003861	0.026199669056811915
0.01765030336458908	0.015995587424158852	0.002482073910645339	0.014892443463872035	0.03337010479867623	0.022338665195808054	0.0035852178709321566	0.019029233314947602	0.0	0.013513513513513514	0.0	0.009928295642581356	0.032818532818532815	0.04054054054054054	0.0035852178709321566	0.02978488692774407	0.02702702702702703	0.01958080529509101	0.0005515719801434088	0.011031439602868174	0.021235521235521235	0.017926089354660783	0.003861003861003861	0.015719801434087147	0.008549365692222834	0.004964147821290678	0.0011031439602868175	0.004964147821290678	0.06067291781577496	0.03998896856039713	0.006618863761720904	0.032818532818532815	0.022614451185879757	0.013789299503585218	0.0027578599007170436	0.006894649751792609	0.03337010479867623	0.027578599007170437	0.004136789851075565	0.025096525096525095	0.024544953116381687	0.01709873138444567	0.002482073910645339	0.013237727523441808	0.02399338113623828	0.017926089354660783	0.0013789299503585218	0.015719801434087147	0.0	0.016822945394373966	0.0	0.010479867622724766	0.01765030336458908	0.01461665747380033	0.002206287920573635	0.009928295642581356	0.028681742967457253	0.0035852178709321566	0.003033645890788748	0.0035852178709321566	0.03419746276889134	0.035852178709321565	0.003861003861003861	0.026751241036955323
0.01765030336458908	0.015719801434087147	0.002482073910645339	0.01516822945394374	0.03337010479867623	0.02151130722559294	0.003861003861003861	0.01958080529509101	0.0	0.013513513513513514	0.0	0.009928295642581356	0.03337010479867623	0.04026475455046884	0.003033645890788748	0.030060672917815775	0.0253723110865968	0.019305019305019305	0.002206287920573635	0.011307225592939878	0.021235521235521235	0.01765030336458908	0.003861003861003861	0.015995587424158852	0.00827357970215113	0.005239933811362383	0.0011031439602868175	0.004964147821290678	0.059018201875344733	0.03916161059018202	0.007446221731936017	0.03392167677881964	0.022890237175951463	0.013789299503585218	0.002482073910645339	0.006894649751792609	0.03309431880860452	0.02785438499724214	0.003861003861003861	0.0253723110865968	0.023717595146166576	0.01765030336458908	0.003033645890788748	0.012961941533370104	0.023717595146166576	0.017926089354660783	0.001654715940430226	0.015719801434087147	0.0	0.016822945394373966	0.0	0.010479867622724766	0.01709873138444567	0.014340871483728626	0.0027578599007170436	0.01020408163265306	0.029509100937672367	0.0035852178709321566	0.002206287920573635	0.0035852178709321566	0.035024820739106455	0.035852178709321565	0.0035852178709321566	0.026751241036955323
0.01847766133480419	0.015995587424158852	0.001654715940430226	0.014892443463872035	0.03392167677881964	0.02151130722559294	0.003861003861003861	0.019029233314947602	0.0	0.013789299503585218	0.0	0.009652509652509652	0.03364589078874793	0.038885824600110315	0.0027578599007170436	0.03143960286817429	0.024820739106453393	0.018753447324875896	0.0027578599007170436	0.011858797573083288	0.021787093215664643	0.01709873138444567	0.0035852178709321566	0.01627137341423056	0.00827357970215113	0.004964147821290678	0.0013789299503585218	0.004964147821290678	0.059018201875344733	0.03943739658025373	0.0063430777716492	0.03447324875896304	0.023166023166023165	0.014065085493656922	0.002206287920573635	0.006618863761720904	0.03309431880860452	0.02785438499724214	0.0035852178709321566	0.025648097076668507	0.023717595146166576	0.01765030336458908	0.003033645890788748	0.012961941533370104	0.022614451185879757	0.017926089354660783	0.002206287920573635	0.01627137341423056	0.0	0.01709873138444567	0.0	0.01020408163265306	0.017374517374517374	0.014340871483728626	0.002482073910645339	0.01020408163265306	0.02895752895752896	0.0035852178709321566	0.0027578599007170436	0.0035852178709321566	0.035024820739106455	0.035024820739106455	0.003861003861003861	0.027578599007170437
0.01847766133480419	0.01654715940430226	0.001654715940430226	0.014340871483728626	0.032818532818532815	0.02151130722559294	0.00441257584114727	0.01958080529509101	0.0	0.013789299503585218	0.0	0.009652509652509652	0.03337010479867623	0.038885824600110315	0.003033645890788748	0.03143960286817429	0.024820739106453393	0.01847766133480419	0.0027578599007170436	0.012134583563154992	0.02206287920573635	0.017374517374517374	0.003309431880860452	0.015995587424158852	0.00827357970215113	0.004964147821290678	0.0013789299503585218	0.004964147821290678	0.05929398786541644	0.03916161059018202	0.0063430777716492	0.03474903474903475	0.023717595146166576	0.014065085493656922	0.001654715940430226	0.006618863761720904	0.03392167677881964	0.028130170987313845	0.003309431880860452	0.024820739106453393	0.024544953116381687	0.017926089354660783	0.002206287920573635	0.0126861555432984	0.02206287920573635	0.01820187534473249	0.0027578599007170436	0.015995587424158852	0.0	0.01709873138444567	0.0	0.01020408163265306	0.017374517374517374	0.014065085493656922	0.002482073910645339	0.010479867622724766	0.028681742967457253	0.0035852178709321566	0.003033645890788748	0.0035852178709321566	0.03530060672917816	0.03419746276889134	0.003309431880860452	0.02840595697738555
0.019029233314947602	0.016822945394373966	0.0011031439602868175	0.014065085493656922	0.03226696083838941	0.02206287920573635	0.004688361831218974	0.019305019305019305	0.0	0.013513513513513514	0.0	0.009928295642581356	0.03392167677881964	0.03861003861003861	0.002482073910645339	0.031715388858246	0.024820739106453393	0.01847766133480419	0.0027578599007170436	0.012134583563154992	0.02206287920573635	0.017374517374517374	0.0035852178709321566	0.015719801434087147	0.007997793712079426	0.004964147821290678	0.001654715940430226	0.004964147821290678	0.057363485934914506	0.04081632653061224	0.005515719801434087	0.03419746276889134	0.02399338113623828	0.013789299503585218	0.0013789299503585218	0.006894649751792609	0.03337010479867623	0.02840595697738555	0.0035852178709321566	0.024820739106453393	0.023717595146166576	0.01820187534473249	0.002482073910645339	0.012961941533370104	0.02206287920573635	0.019305019305019305	0.002482073910645339	0.01516822945394374	0.0	0.017374517374517374	0.0	0.009928295642581356	0.017374517374517374	0.014065085493656922	0.002482073910645339	0.010479867622724766	0.029509100937672367	0.0035852178709321566	0.002206287920573635	0.0035852178709321566	0.03750689464975179	0.03474903474903475	0.0027578599007170436	0.02785438499724214
0.01820187534473249	0.01654715940430226	0.0019305019305019305	0.014340871483728626	0.03226696083838941	0.02151130722559294	0.004688361831218974	0.019856591285162713	0.0	0.013789299503585218	0.0	0.009652509652509652	0.032818532818532815	0.038885824600110315	0.0035852178709321566	0.03143960286817429	0.024820739106453393	0.017926089354660783	0.0027578599007170436	0.0126861555432984	0.022614451185879757	0.017374517374517374	0.003033645890788748	0.015719801434087147	0.00882515168229454	0.005239933811362383	0.000827357970215113	0.004688361831218974	0.05791505791505792	0.04109211252068395	0.004964147821290678	0.03392167677881964	0.023717595146166576	0.013789299503585218	0.001654715940430226	0.006894649751792609	0.03392167677881964	0.028681742967457253	0.0027578599007170436	0.024820739106453393	0.024269167126309985	0.017374517374517374	0.0019305019305019305	0.013789299503585218	0.022338665195808054	0.01958080529509101	0.0019305019305019305	0.01516822945394374	0.0	0.01765030336458908	0.0	0.009652509652509652	0.01709873138444567	0.014340871483728626	0.002482073910645339	0.010479867622724766	0.02895752895752896	0.003309431880860452	0.0027578599007170436	0.003861003861003861	0.0383342526199669	0.03530060672917816	0.0019305019305019305	0.02730281301709873
0.01820187534473249	0.015995587424158852	0.0019305019305019305	0.014892443463872035	0.032818532818532815	0.021235521235521235	0.004136789851075565	0.02013237727523442	0.0	0.013789299503585218	0.0	0.009652509652509652	0.03364589078874793	0.03916161059018202	0.0027578599007170436	0.03116381687810259	0.025648097076668507	0.01820187534473249	0.0019305019305019305	0.012410369553226696	0.022614451185879757	0.017926089354660783	0.003309431880860452	0.014892443463872035	0.00882515168229454	0.005515719801434087	0.0005515719801434088	0.004688361831218974	0.05626034197462769	0.04109211252068395	0.005515719801434087	0.03474903474903475	0.023717595146166576	0.013789299503585218	0.001654715940430226	0.006894649751792609	0.031991174848317705	0.03033645890788748	0.004136789851075565	0.023717595146166576	0.024544953116381687	0.017374517374517374	0.0019305019305019305	0.013513513513513514	0.021787093215664643	0.01958080529509101	0.002482073910645339	0.01516822945394374	0.0	0.01765030336458908	0.0	0.009652509652509652	0.017374517374517374	0.014340871483728626	0.002206287920573635	0.010479867622724766	0.028681742967457253	0.0035852178709321566	0.003033645890788748	0.0035852178709321566	0.038058466629895205	0.03612796469939327	0.002482073910645339	0.026475455046883617
0.018753447324875896	0.01654715940430226	0.0013789299503585218	0.014340871483728626	0.03309431880860452	0.021235521235521235	0.0035852178709321566	0.02040816326530612	0.0	0.013789299503585218	0.0	0.009652509652509652	0.03337010479867623	0.038885824600110315	0.003033645890788748	0.03143960286817429	0.02592388306674021	0.017926089354660783	0.001654715940430226	0.0126861555432984	0.022338665195808054	0.017926089354660783	0.0035852178709321566	0.014892443463872035	0.00882515168229454	0.005515719801434087	0.0005515719801434088	0.004688361831218974	0.055984555984555984	0.04109211252068395	0.005239933811362383	0.035024820739106455	0.02344180915609487	0.013789299503585218	0.0019305019305019305	0.006894649751792609	0.03254274682846112	0.030612244897959183	0.004136789851075565	0.022890237175951463	0.024544953116381687	0.017374517374517374	0.002206287920573635	0.013237727523441808	0.022614451185879757	0.020683949255377827	0.001654715940430226	0.014065085493656922	0.0	0.01765030336458908	0.0	0.009652509652509652	0.017374517374517374	0.013789299503585218	0.002206287920573635	0.011031439602868174	0.02840595697738555	0.0035852178709321566	0.003309431880860452	0.0035852178709321566	0.03916161059018202	0.03612796469939327	0.001654715940430226	0.026475455046883617
0.019029233314947602	0.017374517374517374	0.0011031439602868175	0.013513513513513514	0.03337010479867623	0.021235521235521235	0.003861003861003861	0.019856591285162713	0.0	0.014065085493656922	0.0	0.009376723662437948	0.03254274682846112	0.03916161059018202	0.003861003861003861	0.03116381687810259	0.02592388306674021	0.01847766133480419	0.001654715940430226	0.012134583563154992	0.022890237175951463	0.017926089354660783	0.003309431880860452	0.01461665747380033	0.00882515168229454	0.0063430777716492	0.0002757859900717044	0.004136789851075565	0.05626034197462769	0.04136789851075565	0.004964147821290678	0.03530060672917816	0.02399338113623828	0.013789299503585218	0.0013789299503585218	0.006894649751792609	0.03309431880860452	0.03033645890788748	0.0035852178709321566	0.023166023166023165	0.024269167126309985	0.01709873138444567	0.002482073910645339	0.013513513513513514	0.022338665195808054	0.020683949255377827	0.0019305019305019305	0.014065085493656922	0.0	0.017374517374517374	0.0	0.009928295642581356	0.01765030336458908	0.013237727523441808	0.002482073910645339	0.011031439602868174	0.028130170987313845	0.0035852178709321566	0.0035852178709321566	0.0035852178709321566	0.038885824600110315	0.03557639271924986	0.0013789299503585218	0.02702702702702703
0.01847766133480419	0.01765030336458908	0.001654715940430226	0.013237727523441808	0.03392167677881964	0.020959735245449532	0.0035852178709321566	0.019856591285162713	0.0	0.014340871483728626	0.0	0.009100937672366244	0.03254274682846112	0.0383342526199669	0.003861003861003861	0.031991174848317705	0.025096525096525095	0.01847766133480419	0.002482073910645339	0.012134583563154992	0.022338665195808054	0.016822945394373966	0.00441257584114727	0.01516822945394374	0.00882515168229454	0.0063430777716492	0.0002757859900717044	0.004136789851075565	0.056536127964699395	0.041919470490899065	0.004964147821290678	0.03447324875896304	0.02399338113623828	0.013513513513513514	0.0013789299503585218	0.007170435741864313	0.03309431880860452	0.030060672917815775	0.0035852178709321566	0.02344180915609487	0.02344180915609487	0.016822945394373966	0.003309431880860452	0.013789299503585218	0.02206287920573635	0.02040816326530612	0.002482073910645339	0.014065085493656922	0.0	0.01765030336458908	0.0	0.009652509652509652	0.017926089354660783	0.013237727523441808	0.002206287920573635	0.011031439602868174	0.028681742967457253	0.0035852178709321566	0.003033645890788748	0.0035852178709321566	0.0383342526199669	0.035852178709321565	0.0019305019305019305	0.026751241036955323
0.01820187534473249	0.017926089354660783	0.0019305019305019305	0.012961941533370104	0.03419746276889134	0.02040816326530612	0.003309431880860452	0.02040816326530612	0.0	0.014065085493656922	0.0	0.009376723662437948	0.03309431880860452	0.03916161059018202	0.003309431880860452	0.03116381687810259	0.025096525096525095	0.01847766133480419	0.002482073910645339	0.012134583563154992	0.02206287920573635	0.016822945394373966	0.004688361831218974	0.01516822945394374	0.00882515168229454	0.006067291781577496	0.0002757859900717044	0.00441257584114727	0.05515719801434087	0.042746828461114175	0.005239933811362383	0.03392167677881964	0.02399338113623828	0.013513513513513514	0.0013789299503585218	0.007170435741864313	0.032818532818532815	0.029509100937672367	0.003861003861003861	0.02399338113623828	0.02344180915609487	0.016822945394373966	0.003033645890788748	0.014065085493656922	0.022338665195808054	0.02013237727523442	0.0019305019305019305	0.01461665747380033	0.0	0.01765030336458908	0.0	0.009652509652509652	0.017926089354660783	0.013237727523441808	0.002482073910645339	0.01075565361279647	0.028681742967457253	0.0035852178709321566	0.003033645890788748	0.0035852178709321566	0.038885824600110315	0.03695532266960838	0.002206287920573635	0.025648097076668507
0.01847766133480419	0.01847766133480419	0.001654715940430226	0.012410369553226696	0.03447324875896304	0.020683949255377827	0.003033645890788748	0.02013237727523442	0.0	0.014065085493656922	0.0	0.009376723662437948	0.032818532818532815	0.04081632653061224	0.0035852178709321566	0.029509100937672367	0.025096525096525095	0.01820187534473249	0.002482073910645339	0.012410369553226696	0.022890237175951463	0.017374517374517374	0.003861003861003861	0.01461665747380033	0.00882515168229454	0.006067291781577496	0.0002757859900717044	0.00441257584114727	0.05626034197462769	0.04329840044125759	0.005515719801434087	0.03337010479867623	0.02399338113623828	0.014065085493656922	0.0013789299503585218	0.006618863761720904	0.03337010479867623	0.029509100937672367	0.0035852178709321566	0.023717595146166576	0.023166023166023165	0.016822945394373966	0.003309431880860452	0.014065085493656922	0.022614451185879757	0.01958080529509101	0.002206287920573635	0.01461665747380033	0.0	0.017926089354660783	0.0	0.009376723662437948	0.01654715940430226	0.013513513513513514	0.003309431880860452	0.011031439602868174	0.02840595697738555	0.0035852178709321566	0.003309431880860452	0.0035852178709321566	0.03750689464975179	0.03667953667953668	0.002206287920573635	0.02592388306674021
0.01847766133480419	0.01820187534473249	0.001654715940430226	0.0126861555432984	0.03419746276889134	0.020683949255377827	0.003033645890788748	0.02040816326530612	0.0	0.013789299503585218	0.0	0.009652509652509652	0.03254274682846112	0.04081632653061224	0.003861003861003861	0.029509100937672367	0.025096525096525095	0.01820187534473249	0.002482073910645339	0.012410369553226696	0.022890237175951463	0.01847766133480419	0.003309431880860452	0.014065085493656922	0.00882515168229454	0.006067291781577496	0.0002757859900717044	0.00441257584114727	0.055984555984555984	0.043574186431329286	0.005515719801434087	0.03337010479867623	0.02344180915609487	0.014065085493656922	0.0019305019305019305	0.006618863761720904	0.032818532818532815	0.02978488692774407	0.00441257584114727	0.023166023166023165	0.02344180915609487	0.015995587424158852	0.003033645890788748	0.014892443463872035	0.02206287920573635	0.019856591285162713	0.003033645890788748	0.014065085493656922	0.0	0.017926089354660783	0.0	0.009376723662437948	0.016822945394373966	0.013789299503585218	0.003309431880860452	0.010479867622724766	0.02895752895752896	0.0035852178709321566	0.0027578599007170436	0.0035852178709321566	0.0377826806398235	0.03723110865968009	0.0019305019305019305	0.0253723110865968
0.018753447324875896	0.01820187534473249	0.0013789299503585218	0.0126861555432984	0.03419746276889134	0.020959735245449532	0.003309431880860452	0.019856591285162713	0.0	0.014065085493656922	0.0	0.009376723662437948	0.031715388858246	0.04054054054054054	0.004688361831218974	0.02978488692774407	0.025648097076668507	0.017926089354660783	0.0019305019305019305	0.0126861555432984	0.022890237175951463	0.01820187534473249	0.0035852178709321566	0.014065085493656922	0.009100937672366244	0.005791505791505791	0.0	0.004688361831218974	0.05570876999448428	0.0441257584114727	0.005791505791505791	0.03337010479867623	0.022890237175951463	0.013789299503585218	0.002482073910645339	0.006894649751792609	0.03226696083838941	0.02978488692774407	0.004136789851075565	0.02399338113623828	0.022890237175951463	0.01654715940430226	0.0027578599007170436	0.01516822945394374	0.02151130722559294	0.01958080529509101	0.0035852178709321566	0.014340871483728626	0.0	0.017926089354660783	0.0	0.009376723662437948	0.015995587424158852	0.013513513513513514	0.003861003861003861	0.011031439602868174	0.028681742967457253	0.0035852178709321566	0.003033645890788748	0.0035852178709321566	0.03667953667953668	0.03667953667953668	0.002482073910645339	0.02592388306674021
0.018753447324875896	0.017926089354660783	0.0013789299503585218	0.012961941533370104	0.03364589078874793	0.021787093215664643	0.0035852178709321566	0.019305019305019305	0.0	0.014340871483728626	0.0	0.009100937672366244	0.031715388858246	0.04081632653061224	0.004688361831218974	0.029509100937672367	0.025648097076668507	0.01820187534473249	0.0019305019305019305	0.012410369553226696	0.023166023166023165	0.017926089354660783	0.003309431880860452	0.014340871483728626	0.009376723662437948	0.005515719801434087	0.0	0.004688361831218974	0.05570876999448428	0.0444015444015444	0.005791505791505791	0.032818532818532815	0.02344180915609487	0.014065085493656922	0.0019305019305019305	0.006618863761720904	0.03364589078874793	0.02978488692774407	0.0035852178709321566	0.023166023166023165	0.022614451185879757	0.015995587424158852	0.003861003861003861	0.014892443463872035	0.02151130722559294	0.019305019305019305	0.0035852178709321566	0.01461665747380033	0.0	0.017926089354660783	0.0	0.009376723662437948	0.01627137341423056	0.013513513513513514	0.0035852178709321566	0.011031439602868174	0.02840595697738555	0.0035852178709321566	0.003309431880860452	0.0035852178709321566	0.03695532266960838	0.03612796469939327	0.002482073910645339	0.026475455046883617
0.01847766133480419	0.01847766133480419	0.001654715940430226	0.012410369553226696	0.03364589078874793	0.022338665195808054	0.003861003861003861	0.01847766133480419	0.0	0.01461665747380033	0.0	0.00882515168229454	0.031715388858246	0.04054054054054054	0.004688361831218974	0.02978488692774407	0.024544953116381687	0.01820187534473249	0.003033645890788748	0.012410369553226696	0.022890237175951463	0.018753447324875896	0.003033645890788748	0.014065085493656922	0.009100937672366244	0.005239933811362383	0.0002757859900717044	0.004964147821290678	0.05763927192498621	0.0441257584114727	0.004688361831218974	0.032818532818532815	0.023717595146166576	0.013789299503585218	0.001654715940430226	0.006894649751792609	0.03392167677881964	0.03088803088803089	0.0035852178709321566	0.021787093215664643	0.023717595146166576	0.015444015444015444	0.0027578599007170436	0.015444015444015444	0.02151130722559294	0.019305019305019305	0.003309431880860452	0.014892443463872035	0.0	0.01847766133480419	0.0	0.00882515168229454	0.016822945394373966	0.013789299503585218	0.003309431880860452	0.010479867622724766	0.02840595697738555	0.0035852178709321566	0.003309431880860452	0.0035852178709321566	0.035852178709321565	0.03612796469939327	0.003033645890788748	0.026475455046883617
0.018753447324875896	0.01847766133480419	0.0013789299503585218	0.012410369553226696	0.03392167677881964	0.021787093215664643	0.0035852178709321566	0.019029233314947602	0.0	0.014340871483728626	0.0	0.009100937672366244	0.03143960286817429	0.04054054054054054	0.004964147821290678	0.02978488692774407	0.024544953116381687	0.01820187534473249	0.003033645890788748	0.012410369553226696	0.023166023166023165	0.01820187534473249	0.0027578599007170436	0.01461665747380033	0.009100937672366244	0.005515719801434087	0.0002757859900717044	0.004688361831218974	0.0568119139547711	0.0444015444015444	0.004964147821290678	0.03337010479867623	0.023717595146166576	0.014340871483728626	0.001654715940430226	0.0063430777716492	0.03419746276889134	0.03088803088803089	0.0035852178709321566	0.02151130722559294	0.023717595146166576	0.015719801434087147	0.0027578599007170436	0.01516822945394374	0.02151130722559294	0.019029233314947602	0.003309431880860452	0.01516822945394374	0.0	0.018753447324875896	0.0	0.008549365692222834	0.01654715940430226	0.014065085493656922	0.0035852178709321566	0.01020408163265306	0.028681742967457253	0.0035852178709321566	0.003033645890788748	0.0035852178709321566	0.03640375068946498	0.03640375068946498	0.002206287920573635	0.026199669056811915
0.01847766133480419	0.01847766133480419	0.001654715940430226	0.012410369553226696	0.03474903474903475	0.020959735245449532	0.003309431880860452	0.019305019305019305	0.0	0.014340871483728626	0.0	0.009100937672366244	0.031991174848317705	0.04081632653061224	0.00441257584114727	0.029509100937672367	0.024269167126309985	0.01765030336458908	0.003309431880860452	0.012961941533370104	0.022890237175951463	0.01847766133480419	0.003033645890788748	0.014340871483728626	0.009100937672366244	0.005515719801434087	0.0002757859900717044	0.004688361831218974	0.0570876999448428	0.0441257584114727	0.004964147821290678	0.03337010479867623	0.023717595146166576	0.01461665747380033	0.001654715940430226	0.006067291781577496	0.03419746276889134	0.02978488692774407	0.003861003861003861	0.022338665195808054	0.02344180915609487	0.015995587424158852	0.003033645890788748	0.014892443463872035	0.02151130722559294	0.019305019305019305	0.003309431880860452	0.014892443463872035	0.0	0.018753447324875896	0.0	0.008549365692222834	0.01627137341423056	0.014892443463872035	0.003861003861003861	0.009376723662437948	0.028681742967457253	0.003309431880860452	0.003033645890788748	0.003861003861003861	0.03530060672917816	0.03723110865968009	0.003309431880860452	0.0253723110865968
0.01820187534473249	0.01847766133480419	0.0019305019305019305	0.012410369553226696	0.03557639271924986	0.021787093215664643	0.002206287920573635	0.018753447324875896	0.0	0.014340871483728626	0.0	0.009100937672366244	0.03254274682846112	0.04109211252068395	0.003861003861003861	0.02923331494760066	0.024544953116381687	0.01709873138444567	0.003033645890788748	0.013513513513513514	0.022614451185879757	0.01820187534473249	0.0027578599007170436	0.01516822945394374	0.009100937672366244	0.005515719801434087	0.0002757859900717044	0.004688361831218974	0.055984555984555984	0.0441257584114727	0.004688361831218974	0.03364589078874793	0.023166023166023165	0.01461665747380033	0.002206287920573635	0.006067291781577496	0.03474903474903475	0.02895752895752896	0.00441257584114727	0.02206287920573635	0.023166023166023165	0.01654715940430226	0.003033645890788748	0.01461665747380033	0.02206287920573635	0.019305019305019305	0.003033645890788748	0.01461665747380033	0.0	0.01847766133480419	0.0	0.00882515168229454	0.01627137341423056	0.015995587424158852	0.003033645890788748	0.009100937672366244	0.028130170987313845	0.003309431880860452	0.0035852178709321566	0.003861003861003861	0.035024820739106455	0.03667953667953668	0.004688361831218974	0.02592388306674021
0.01765030336458908	0.017926089354660783	0.002482073910645339	0.012961941533370104	0.03530060672917816	0.02206287920573635	0.002206287920573635	0.018753447324875896	0.0	0.014340871483728626	0.0	0.009100937672366244	0.03254274682846112	0.042195256480970764	0.003861003861003861	0.028130170987313845	0.02399338113623828	0.017374517374517374	0.0035852178709321566	0.013237727523441808	0.022890237175951463	0.01765030336458908	0.002206287920573635	0.015995587424158852	0.009100937672366244	0.005515719801434087	0.0002757859900717044	0.004688361831218974	0.0570876999448428	0.043574186431329286	0.004688361831218974	0.03364589078874793	0.022614451185879757	0.014892443463872035	0.0027578599007170436	0.005791505791505791	0.03447324875896304	0.028681742967457253	0.004136789851075565	0.022890237175951463	0.022614451185879757	0.01765030336458908	0.003033645890788748	0.014065085493656922	0.021235521235521235	0.019029233314947602	0.0035852178709321566	0.01516822945394374	0.0	0.018753447324875896	0.0	0.008549365692222834	0.016822945394373966	0.015719801434087147	0.002482073910645339	0.009376723662437948	0.028681742967457253	0.003033645890788748	0.003033645890788748	0.004136789851075565	0.03530060672917816	0.03640375068946498	0.003861003861003861	0.026199669056811915
0.01765030336458908	0.01820187534473249	0.002482073910645339	0.0126861555432984	0.03557639271924986	0.02151130722559294	0.002482073910645339	0.018753447324875896	0.0	0.014340871483728626	0.0	0.009100937672366244	0.03226696083838941	0.042195256480970764	0.004136789851075565	0.028130170987313845	0.023717595146166576	0.017374517374517374	0.003861003861003861	0.013237727523441808	0.022614451185879757	0.01765030336458908	0.0019305019305019305	0.01654715940430226	0.00882515168229454	0.005515719801434087	0.0002757859900717044	0.004964147821290678	0.05791505791505792	0.043574186431329286	0.004136789851075565	0.03419746276889134	0.022614451185879757	0.01461665747380033	0.0027578599007170436	0.006067291781577496	0.03447324875896304	0.028130170987313845	0.004136789851075565	0.02344180915609487	0.02206287920573635	0.01820187534473249	0.003309431880860452	0.013789299503585218	0.021787093215664643	0.018753447324875896	0.003033645890788748	0.015444015444015444	0.0	0.01847766133480419	0.0	0.00882515168229454	0.017926089354660783	0.015444015444015444	0.001654715940430226	0.009376723662437948	0.028681742967457253	0.003033645890788748	0.003033645890788748	0.004136789851075565	0.03447324875896304	0.03723110865968009	0.003861003861003861	0.0253723110865968
0.017926089354660783	0.01765030336458908	0.002206287920573635	0.013237727523441808	0.035024820739106455	0.021787093215664643	0.0027578599007170436	0.018753447324875896	0.0	0.014340871483728626	0.0	0.009100937672366244	0.03226696083838941	0.04247104247104247	0.004136789851075565	0.02785438499724214	0.02399338113623828	0.01765030336458908	0.0035852178709321566	0.012961941533370104	0.022890237175951463	0.017926089354660783	0.001654715940430226	0.01627137341423056	0.00882515168229454	0.005791505791505791	0.0002757859900717044	0.004688361831218974	0.0568119139547711	0.0441257584114727	0.004688361831218974	0.03364589078874793	0.022614451185879757	0.01461665747380033	0.0027578599007170436	0.006067291781577496	0.03364589078874793	0.028681742967457253	0.003861003861003861	0.02399338113623828	0.02206287920573635	0.01820187534473249	0.003309431880860452	0.013789299503585218	0.022338665195808054	0.018753447324875896	0.002482073910645339	0.015444015444015444	0.0	0.018753447324875896	0.0	0.008549365692222834	0.01820187534473249	0.01516822945394374	0.0013789299503585218	0.009652509652509652	0.02895752895752896	0.003033645890788748	0.0027578599007170436	0.004136789851075565	0.03419746276889134	0.03723110865968009	0.004688361831218974	0.0253723110865968
0.01847766133480419	0.01709873138444567	0.001654715940430226	0.013789299503585218	0.03474903474903475	0.021787093215664643	0.003033645890788748	0.018753447324875896	0.0	0.014065085493656922	0.0	0.009376723662437948	0.03226696083838941	0.04164368450082736	0.004136789851075565	0.028681742967457253	0.02399338113623828	0.017374517374517374	0.0035852178709321566	0.013237727523441808	0.022614451185879757	0.018753447324875896	0.001654715940430226	0.015719801434087147	0.008549365692222834	0.005791505791505791	0.0002757859900717044	0.004964147821290678	0.05570876999448428	0.04467733039161611	0.005239933811362383	0.03254274682846112	0.022338665195808054	0.014340871483728626	0.003033645890788748	0.0063430777716492	0.03474903474903475	0.02840595697738555	0.0027578599007170436	0.024269167126309985	0.023166023166023165	0.01820187534473249	0.002482073910645339	0.013513513513513514	0.023717595146166576	0.01847766133480419	0.0013789299503585218	0.015444015444015444	0.0	0.01847766133480419	0.0	0.00882515168229454	0.017926089354660783	0.014065085493656922	0.0013789299503585218	0.011031439602868174	0.02895752895752896	0.003033645890788748	0.0027578599007170436	0.004136789851075565	0.03557639271924986	0.03750689464975179	0.00441257584114727	0.025096525096525095
0.018753447324875896	0.017374517374517374	0.0013789299503585218	0.013513513513513514	0.03474903474903475	0.022890237175951463	0.0027578599007170436	0.017926089354660783	0.0	0.013789299503585218	0.0	0.009652509652509652	0.031715388858246	0.04136789851075565	0.004688361831218974	0.02895752895752896	0.02399338113623828	0.017374517374517374	0.0035852178709321566	0.013237727523441808	0.023166023166023165	0.018753447324875896	0.001654715940430226	0.01516822945394374	0.00827357970215113	0.006067291781577496	0.0002757859900717044	0.004964147821290678	0.055984555984555984	0.04522890237175951	0.004964147821290678	0.031715388858246	0.022614451185879757	0.014340871483728626	0.0027578599007170436	0.0063430777716492	0.03474903474903475	0.02730281301709873	0.0027578599007170436	0.0253723110865968	0.022338665195808054	0.017926089354660783	0.0035852178709321566	0.013513513513513514	0.023166023166023165	0.01820187534473249	0.0019305019305019305	0.015719801434087147	0.0	0.01820187534473249	0.0	0.009100937672366244	0.017926089354660783	0.013789299503585218	0.0013789299503585218	0.011307225592939878	0.02895752895752896	0.003033645890788748	0.0027578599007170436	0.004136789851075565	0.035852178709321565	0.03723110865968009	0.00441257584114727	0.0253723110865968
0.018753447324875896	0.016822945394373966	0.0013789299503585218	0.014065085493656922	0.03364589078874793	0.022338665195808054	0.003861003861003861	0.01847766133480419	0.0	0.013789299503585218	0.0	0.009652509652509652	0.031991174848317705	0.04109211252068395	0.00441257584114727	0.02923331494760066	0.023717595146166576	0.017374517374517374	0.003861003861003861	0.013237727523441808	0.02344180915609487	0.017926089354660783	0.0013789299503585218	0.015995587424158852	0.00827357970215113	0.0063430777716492	0.0002757859900717044	0.004688361831218974	0.0570876999448428	0.04550468836183122	0.004688361831218974	0.03143960286817429	0.02344180915609487	0.014065085493656922	0.0019305019305019305	0.006618863761720904	0.03419746276889134	0.02840595697738555	0.002482073910645339	0.025096525096525095	0.02206287920573635	0.01765030336458908	0.003861003861003861	0.013789299503585218	0.023166023166023165	0.017926089354660783	0.002206287920573635	0.015719801434087147	0.0	0.01765030336458908	0.0	0.009652509652509652	0.01820187534473249	0.013513513513513514	0.0013789299503585218	0.011307225592939878	0.02923331494760066	0.003309431880860452	0.002482073910645339	0.003861003861003861	0.035852178709321565	0.03723110865968009	0.0035852178709321566	0.0253723110865968
0.019305019305019305	0.016822945394373966	0.000827357970215113	0.014065085493656922	0.03364589078874793	0.022614451185879757	0.004136789851075565	0.017926089354660783	0.0	0.014340871483728626	0.0	0.009100937672366244	0.03226696083838941	0.04136789851075565	0.004136789851075565	0.02895752895752896	0.024544953116381687	0.01654715940430226	0.003033645890788748	0.014065085493656922	0.023166023166023165	0.017926089354660783	0.001654715940430226	0.015995587424158852	0.007997793712079426	0.006618863761720904	0.0002757859900717044	0.004688361831218974	0.05626034197462769	0.04522890237175951	0.004964147821290678	0.031991174848317705	0.023166023166023165	0.013789299503585218	0.002206287920573635	0.006894649751792609	0.03309431880860452	0.028130170987313845	0.003033645890788748	0.02592388306674021	0.023166023166023165	0.01765030336458908	0.0027578599007170436	0.013789299503585218	0.02344180915609487	0.01709873138444567	0.0013789299503585218	0.01709873138444567	0.0	0.016822945394373966	0.0	0.010479867622724766	0.017926089354660783	0.014065085493656922	0.001654715940430226	0.01075565361279647	0.030060672917815775	0.003033645890788748	0.001654715940430226	0.004136789851075565	0.035852178709321565	0.03750689464975179	0.003861003861003861	0.025096525096525095
0.01958080529509101	0.017374517374517374	0.0005515719801434088	0.013513513513513514	0.03447324875896304	0.021787093215664643	0.003309431880860452	0.018753447324875896	0.0	0.014892443463872035	0.0	0.008549365692222834	0.03337010479867623	0.04247104247104247	0.003033645890788748	0.02785438499724214	0.024544953116381687	0.017374517374517374	0.003033645890788748	0.013237727523441808	0.023166023166023165	0.017926089354660783	0.002206287920573635	0.015444015444015444	0.007722007722007722	0.006894649751792609	0.0005515719801434088	0.00441257584114727	0.05763927192498621	0.04495311638168781	0.00441257584114727	0.031715388858246	0.023717595146166576	0.013513513513513514	0.001654715940430226	0.007170435741864313	0.03309431880860452	0.028681742967457253	0.0019305019305019305	0.026475455046883617	0.022890237175951463	0.017926089354660783	0.003033645890788748	0.013513513513513514	0.02344180915609487	0.01847766133480419	0.0013789299503585218	0.015719801434087147	0.0	0.016822945394373966	0.0	0.010479867622724766	0.01765030336458908	0.01461665747380033	0.0019305019305019305	0.01020408163265306	0.02978488692774407	0.003033645890788748	0.0019305019305019305	0.004136789851075565	0.03557639271924986	0.03695532266960838	0.003861003861003861	0.025648097076668507
0.019305019305019305	0.017374517374517374	0.000827357970215113	0.013513513513513514	0.03392167677881964	0.021235521235521235	0.003309431880860452	0.019856591285162713	0.0	0.01516822945394374	0.0	0.00827357970215113	0.032818532818532815	0.042746828461114175	0.0035852178709321566	0.027578599007170437	0.024544953116381687	0.017374517374517374	0.003033645890788748	0.013237727523441808	0.02344180915609487	0.017374517374517374	0.001654715940430226	0.01627137341423056	0.007446221731936017	0.006618863761720904	0.000827357970215113	0.004688361831218974	0.05846662989520132	0.04495311638168781	0.004136789851075565	0.03116381687810259	0.022890237175951463	0.013513513513513514	0.002482073910645339	0.007170435741864313	0.03309431880860452	0.02840595697738555	0.002206287920573635	0.026475455046883617	0.02399338113623828	0.017926089354660783	0.0019305019305019305	0.013513513513513514	0.023166023166023165	0.01820187534473249	0.0019305019305019305	0.015719801434087147	0.0	0.01627137341423056	0.0	0.011031439602868174	0.01820187534473249	0.014340871483728626	0.0013789299503585218	0.010479867622724766	0.02978488692774407	0.003309431880860452	0.0019305019305019305	0.003861003861003861	0.03557639271924986	0.03723110865968009	0.003861003861003861	0.0253723110865968
0.019029233314947602	0.016822945394373966	0.0011031439602868175	0.014065085493656922	0.03309431880860452	0.020959735245449532	0.004136789851075565	0.02013237727523442	0.0	0.015444015444015444	0.0	0.007997793712079426	0.03226696083838941	0.04329840044125759	0.004136789851075565	0.02702702702702703	0.02399338113623828	0.01765030336458908	0.0035852178709321566	0.012961941533370104	0.023166023166023165	0.017374517374517374	0.002206287920573635	0.015995587424158852	0.007170435741864313	0.006067291781577496	0.0011031439602868175	0.005239933811362383	0.055984555984555984	0.045780474351902925	0.004688361831218974	0.03088803088803089	0.02206287920573635	0.013237727523441808	0.003309431880860452	0.007446221731936017	0.032818532818532815	0.027578599007170437	0.002206287920573635	0.027578599007170437	0.024269167126309985	0.018753447324875896	0.0011031439602868175	0.013237727523441808	0.023166023166023165	0.01847766133480419	0.001654715940430226	0.015719801434087147	0.0	0.016822945394373966	0.0	0.010479867622724766	0.01820187534473249	0.014065085493656922	0.0013789299503585218	0.01075565361279647	0.02923331494760066	0.003309431880860452	0.002482073910645339	0.003861003861003861	0.03695532266960838	0.0377826806398235	0.003861003861003861	0.024820739106453393
0.01847766133480419	0.016822945394373966	0.001654715940430226	0.014065085493656922	0.03419746276889134	0.02151130722559294	0.0027578599007170436	0.019856591285162713	0.0	0.015719801434087147	0.0	0.007722007722007722	0.032818532818532815	0.04302261445118588	0.0035852178709321566	0.02730281301709873	0.024544953116381687	0.01765030336458908	0.003033645890788748	0.012961941533370104	0.023166023166023165	0.01765030336458908	0.002482073910645339	0.015444015444015444	0.006618863761720904	0.0063430777716492	0.001654715940430226	0.004964147821290678	0.05460562603419746	0.045780474351902925	0.004964147821290678	0.03116381687810259	0.021787093215664643	0.013237727523441808	0.0035852178709321566	0.007446221731936017	0.03254274682846112	0.026751241036955323	0.002482073910645339	0.02840595697738555	0.023717595146166576	0.01847766133480419	0.001654715940430226	0.013513513513513514	0.023717595146166576	0.01820187534473249	0.0019305019305019305	0.01516822945394374	0.0	0.01709873138444567	0.0	0.01020408163265306	0.01820187534473249	0.01516822945394374	0.000827357970215113	0.01020408163265306	0.02895752895752896	0.003033645890788748	0.0027578599007170436	0.004136789851075565	0.03750689464975179	0.038058466629895205	0.004136789851075565	0.024544953116381687
0.01820187534473249	0.01709873138444567	0.0019305019305019305	0.013789299503585218	0.03474903474903475	0.02151130722559294	0.002206287920573635	0.019856591285162713	0.0	0.015995587424158852	0.0	0.007446221731936017	0.03309431880860452	0.04329840044125759	0.003309431880860452	0.02702702702702703	0.024820739106453393	0.018753447324875896	0.0027578599007170436	0.011858797573083288	0.022890237175951463	0.01765030336458908	0.0027578599007170436	0.015444015444015444	0.006618863761720904	0.0063430777716492	0.001654715940430226	0.004964147821290678	0.05460562603419746	0.04550468836183122	0.005239933811362383	0.031991174848317705	0.02151130722559294	0.0126861555432984	0.003861003861003861	0.007997793712079426	0.03309431880860452	0.02702702702702703	0.0019305019305019305	0.028130170987313845	0.02344180915609487	0.019029233314947602	0.001654715940430226	0.013237727523441808	0.023166023166023165	0.01847766133480419	0.002206287920573635	0.01516822945394374	0.0	0.016822945394373966	0.0	0.010479867622724766	0.017926089354660783	0.014892443463872035	0.0011031439602868175	0.010479867622724766	0.02895752895752896	0.003033645890788748	0.0027578599007170436	0.004136789851075565	0.03667953667953668	0.0383342526199669	0.004136789851075565	0.024269167126309985
0.017926089354660783	0.01627137341423056	0.002206287920573635	0.01461665747380033	0.03447324875896304	0.020959735245449532	0.0027578599007170436	0.02013237727523442	0.0	0.015995587424158852	0.0	0.007446221731936017	0.03254274682846112	0.04302261445118588	0.003861003861003861	0.02730281301709873	0.024820739106453393	0.018753447324875896	0.0027578599007170436	0.011858797573083288	0.022338665195808054	0.01765030336458908	0.003033645890788748	0.015719801434087147	0.006618863761720904	0.0063430777716492	0.0013789299503585218	0.005239933811362383	0.05515719801434087	0.045780474351902925	0.00441257584114727	0.031715388858246	0.02206287920573635	0.013237727523441808	0.003309431880860452	0.007446221731936017	0.03309431880860452	0.026751241036955323	0.002482073910645339	0.02785438499724214	0.023717595146166576	0.01958080529509101	0.0013789299503585218	0.0126861555432984	0.022338665195808054	0.019029233314947602	0.0027578599007170436	0.014892443463872035	0.0	0.017374517374517374	0.0	0.009928295642581356	0.01765030336458908	0.014892443463872035	0.0013789299503585218	0.010479867622724766	0.028681742967457253	0.003033645890788748	0.003033645890788748	0.004136789851075565	0.03695532266960838	0.0383342526199669	0.004136789851075565	0.024269167126309985
0.01765030336458908	0.015719801434087147	0.002482073910645339	0.01516822945394374	0.03419746276889134	0.020959735245449532	0.003309431880860452	0.019856591285162713	0.0	0.015995587424158852	0.0	0.007446221731936017	0.03309431880860452	0.042195256480970764	0.003309431880860452	0.028130170987313845	0.024820739106453393	0.018753447324875896	0.0027578599007170436	0.011858797573083288	0.02206287920573635	0.01820187534473249	0.0027578599007170436	0.015719801434087147	0.006618863761720904	0.0063430777716492	0.0013789299503585218	0.005239933811362383	0.053502482073910645	0.045780474351902925	0.005515719801434087	0.031991174848317705	0.021235521235521235	0.013237727523441808	0.004136789851075565	0.007446221731936017	0.031715388858246	0.027578599007170437	0.004136789851075565	0.026751241036955323	0.023166023166023165	0.02013237727523442	0.0019305019305019305	0.012134583563154992	0.02206287920573635	0.019029233314947602	0.003033645890788748	0.014892443463872035	0.0	0.017374517374517374	0.0	0.009928295642581356	0.01709873138444567	0.01461665747380033	0.001654715940430226	0.011031439602868174	0.02895752895752896	0.003033645890788748	0.0027578599007170436	0.004136789851075565	0.03750689464975179	0.038058466629895205	0.003861003861003861	0.024544953116381687
0.01765030336458908	0.015719801434087147	0.002482073910645339	0.01516822945394374	0.03364589078874793	0.02151130722559294	0.003861003861003861	0.019305019305019305	0.0	0.01627137341423056	0.0	0.007170435741864313	0.03254274682846112	0.042195256480970764	0.003861003861003861	0.028130170987313845	0.024820739106453393	0.01847766133480419	0.0027578599007170436	0.012134583563154992	0.02206287920573635	0.01847766133480419	0.0027578599007170436	0.015444015444015444	0.006894649751792609	0.0063430777716492	0.0011031439602868175	0.005239933811362383	0.05570876999448428	0.04522890237175951	0.00441257584114727	0.031715388858246	0.020959735245449532	0.012961941533370104	0.00441257584114727	0.007722007722007722	0.030612244897959183	0.02840595697738555	0.004688361831218974	0.026475455046883617	0.022614451185879757	0.019305019305019305	0.0027578599007170436	0.0126861555432984	0.021235521235521235	0.019305019305019305	0.0035852178709321566	0.014892443463872035	0.0	0.01709873138444567	0.0	0.01020408163265306	0.017374517374517374	0.014065085493656922	0.001654715940430226	0.011307225592939878	0.028681742967457253	0.003861003861003861	0.003033645890788748	0.003309431880860452	0.03723110865968009	0.03750689464975179	0.003861003861003861	0.025096525096525095
0.017926089354660783	0.015719801434087147	0.002206287920573635	0.01516822945394374	0.03364589078874793	0.021235521235521235	0.003861003861003861	0.01958080529509101	0.0	0.01627137341423056	0.0	0.007170435741864313	0.032818532818532815	0.04247104247104247	0.0035852178709321566	0.02785438499724214	0.0253723110865968	0.01847766133480419	0.002206287920573635	0.012134583563154992	0.02151130722559294	0.01847766133480419	0.003033645890788748	0.015719801434087147	0.006894649751792609	0.0063430777716492	0.0011031439602868175	0.005239933811362383	0.0568119139547711	0.04467733039161611	0.00441257584114727	0.031715388858246	0.02151130722559294	0.013237727523441808	0.003861003861003861	0.007446221731936017	0.030060672917815775	0.02785438499724214	0.005239933811362383	0.02702702702702703	0.02206287920573635	0.01958080529509101	0.003033645890788748	0.0126861555432984	0.021235521235521235	0.01958080529509101	0.003309431880860452	0.014892443463872035	0.0	0.016822945394373966	0.0	0.010479867622724766	0.01654715940430226	0.014065085493656922	0.0019305019305019305	0.011858797573083288	0.029509100937672367	0.0035852178709321566	0.002206287920573635	0.0035852178709321566	0.03667953667953668	0.03695532266960838	0.003861003861003861	0.025648097076668507
0.01820187534473249	0.015719801434087147	0.0019305019305019305	0.01516822945394374	0.03337010479867623	0.02206287920573635	0.00441257584114727	0.01847766133480419	0.0	0.01627137341423056	0.0	0.007170435741864313	0.03364589078874793	0.04247104247104247	0.0027578599007170436	0.02785438499724214	0.024820739106453393	0.01820187534473249	0.0027578599007170436	0.012410369553226696	0.02151130722559294	0.01820187534473249	0.003309431880860452	0.015719801434087147	0.007170435741864313	0.0063430777716492	0.000827357970215113	0.005239933811362383	0.0568119139547711	0.04522890237175951	0.004964147821290678	0.03116381687810259	0.021235521235521235	0.013237727523441808	0.004136789851075565	0.007446221731936017	0.031715388858246	0.02702702702702703	0.00441257584114727	0.02702702702702703	0.023166023166023165	0.019029233314947602	0.0027578599007170436	0.012410369553226696	0.02151130722559294	0.019856591285162713	0.002206287920573635	0.015444015444015444	0.0	0.01654715940430226	0.0	0.01075565361279647	0.015719801434087147	0.014065085493656922	0.002482073910645339	0.012134583563154992	0.02895752895752896	0.003861003861003861	0.0027578599007170436	0.003309431880860452	0.03695532266960838	0.03640375068946498	0.003033645890788748	0.026199669056811915
0.01820187534473249	0.015719801434087147	0.0019305019305019305	0.01516822945394374	0.03337010479867623	0.022338665195808054	0.00441257584114727	0.01820187534473249	0.0	0.015719801434087147	0.0	0.007722007722007722	0.03364589078874793	0.04384997242140099	0.0027578599007170436	0.026475455046883617	0.024820739106453393	0.01847766133480419	0.0027578599007170436	0.012134583563154992	0.02151130722559294	0.01847766133480419	0.003861003861003861	0.014892443463872035	0.007170435741864313	0.0063430777716492	0.000827357970215113	0.005239933811362383	0.058190843905129616	0.04550468836183122	0.004136789851075565	0.030612244897959183	0.02206287920573635	0.014065085493656922	0.003309431880860452	0.006618863761720904	0.031715388858246	0.02785438499724214	0.004136789851075565	0.026475455046883617	0.022338665195808054	0.019305019305019305	0.003309431880860452	0.012410369553226696	0.02040816326530612	0.02013237727523442	0.003033645890788748	0.015444015444015444	0.0	0.01627137341423056	0.0	0.011031439602868174	0.015719801434087147	0.014892443463872035	0.002206287920573635	0.011583011583011582	0.02923331494760066	0.003861003861003861	0.002482073910645339	0.003309431880860452	0.03695532266960838	0.03667953667953668	0.0027578599007170436	0.02592388306674021
0.018753447324875896	0.015995587424158852	0.0013789299503585218	0.014892443463872035	0.03309431880860452	0.022338665195808054	0.004964147821290678	0.017926089354660783	0.0	0.015719801434087147	0.0	0.007722007722007722	0.03392167677881964	0.0441257584114727	0.002482073910645339	0.026199669056811915	0.0253723110865968	0.019029233314947602	0.002206287920573635	0.011583011583011582	0.021235521235521235	0.019305019305019305	0.0035852178709321566	0.01461665747380033	0.007170435741864313	0.006618863761720904	0.000827357970215113	0.004964147821290678	0.058190843905129616	0.04522890237175951	0.004136789851075565	0.03088803088803089	0.021235521235521235	0.014340871483728626	0.004136789851075565	0.0063430777716492	0.031715388858246	0.027578599007170437	0.004136789851075565	0.026751241036955323	0.02344180915609487	0.018753447324875896	0.002482073910645339	0.0126861555432984	0.020683949255377827	0.020959735245449532	0.0027578599007170436	0.01461665747380033	0.0	0.01627137341423056	0.0	0.011031439602868174	0.015719801434087147	0.01516822945394374	0.002206287920573635	0.011307225592939878	0.028681742967457253	0.003861003861003861	0.003033645890788748	0.003309431880860452	0.03667953667953668	0.03667953667953668	0.003033645890788748	0.02592388306674021
0.01847766133480419	0.016822945394373966	0.001654715940430226	0.014065085493656922	0.032818532818532815	0.021787093215664643	0.005239933811362383	0.01847766133480419	0.0	0.015995587424158852	0.0	0.007446221731936017	0.03364589078874793	0.043574186431329286	0.0027578599007170436	0.026751241036955323	0.025648097076668507	0.019029233314947602	0.0019305019305019305	0.011583011583011582	0.02206287920573635	0.01820187534473249	0.0035852178709321566	0.014892443463872035	0.007170435741864313	0.006618863761720904	0.000827357970215113	0.004964147821290678	0.05846662989520132	0.04495311638168781	0.004688361831218974	0.03033645890788748	0.020959735245449532	0.01461665747380033	0.00441257584114727	0.006067291781577496	0.03143960286817429	0.02730281301709873	0.004136789851075565	0.02730281301709873	0.022338665195808054	0.018753447324875896	0.003309431880860452	0.012961941533370104	0.020959735245449532	0.020683949255377827	0.002482073910645339	0.014892443463872035	0.0	0.015995587424158852	0.0	0.011307225592939878	0.015719801434087147	0.014340871483728626	0.002482073910645339	0.011858797573083288	0.027578599007170437	0.004136789851075565	0.004136789851075565	0.003033645890788748	0.03695532266960838	0.035852178709321565	0.0027578599007170436	0.026751241036955323
0.01820187534473249	0.01709873138444567	0.0019305019305019305	0.013789299503585218	0.03309431880860452	0.021787093215664643	0.004964147821290678	0.01847766133480419	0.0	0.015719801434087147	0.0	0.007722007722007722	0.03419746276889134	0.042746828461114175	0.002206287920573635	0.027578599007170437	0.025648097076668507	0.018753447324875896	0.0019305019305019305	0.011858797573083288	0.022614451185879757	0.019029233314947602	0.002482073910645339	0.01461665747380033	0.006894649751792609	0.006618863761720904	0.0011031439602868175	0.004964147821290678	0.05929398786541644	0.04384997242140099	0.003861003861003861	0.03143960286817429	0.02151130722559294	0.014065085493656922	0.003861003861003861	0.006618863761720904	0.031715388858246	0.02730281301709873	0.00441257584114727	0.026751241036955323	0.021787093215664643	0.019305019305019305	0.003861003861003861	0.012410369553226696	0.020959735245449532	0.020683949255377827	0.0027578599007170436	0.01461665747380033	0.0	0.01627137341423056	0.0	0.011031439602868174	0.015995587424158852	0.01516822945394374	0.002206287920573635	0.011031439602868174	0.02730281301709873	0.004688361831218974	0.00441257584114727	0.002482073910645339	0.03530060672917816	0.03612796469939327	0.00441257584114727	0.026475455046883617
0.01820187534473249	0.01765030336458908	0.0019305019305019305	0.013237727523441808	0.03309431880860452	0.02151130722559294	0.004964147821290678	0.018753447324875896	0.0	0.015444015444015444	0.0	0.007997793712079426	0.03337010479867623	0.04247104247104247	0.003033645890788748	0.02785438499724214	0.0253723110865968	0.019029233314947602	0.002206287920573635	0.011583011583011582	0.022890237175951463	0.01958080529509101	0.002206287920573635	0.014065085493656922	0.006894649751792609	0.006618863761720904	0.0011031439602868175	0.004964147821290678	0.05763927192498621	0.0444015444015444	0.005239933811362383	0.03116381687810259	0.022614451185879757	0.013789299503585218	0.0027578599007170436	0.006894649751792609	0.03088803088803089	0.028130170987313845	0.004688361831218974	0.026475455046883617	0.021787093215664643	0.019029233314947602	0.003309431880860452	0.013237727523441808	0.021787093215664643	0.02040816326530612	0.002482073910645339	0.014340871483728626	0.0	0.01627137341423056	0.0	0.011031439602868174	0.016822945394373966	0.014892443463872035	0.0019305019305019305	0.01075565361279647	0.02840595697738555	0.004688361831218974	0.003309431880860452	0.002482073910645339	0.03557639271924986	0.03723110865968009	0.004136789851075565	0.0253723110865968
0.01820187534473249	0.017374517374517374	0.0019305019305019305	0.013513513513513514	0.03226696083838941	0.021787093215664643	0.005239933811362383	0.019029233314947602	0.0	0.015444015444015444	0.0	0.007997793712079426	0.03309431880860452	0.042746828461114175	0.003309431880860452	0.027578599007170437	0.02592388306674021	0.019305019305019305	0.001654715940430226	0.011307225592939878	0.023166023166023165	0.02040816326530612	0.001654715940430226	0.013513513513513514	0.006618863761720904	0.007446221731936017	0.0011031439602868175	0.00441257584114727	0.0568119139547711	0.04384997242140099	0.004688361831218974	0.031991174848317705	0.022614451185879757	0.014065085493656922	0.0027578599007170436	0.006618863761720904	0.03033645890788748	0.028130170987313845	0.004688361831218974	0.02702702702702703	0.02206287920573635	0.019305019305019305	0.003033645890788748	0.012961941533370104	0.022338665195808054	0.02013237727523442	0.002206287920573635	0.014340871483728626	0.0	0.01627137341423056	0.0	0.011031439602868174	0.01709873138444567	0.01461665747380033	0.001654715940430226	0.011031439602868174	0.028130170987313845	0.005239933811362383	0.0035852178709321566	0.0019305019305019305	0.035852178709321565	0.03695532266960838	0.004964147821290678	0.025648097076668507
0.01820187534473249	0.017374517374517374	0.0019305019305019305	0.013513513513513514	0.03254274682846112	0.022614451185879757	0.005239933811362383	0.017926089354660783	0.0	0.01516822945394374	0.0	0.00827357970215113	0.03337010479867623	0.041919470490899065	0.003033645890788748	0.02840595697738555	0.02592388306674021	0.01958080529509101	0.001654715940430226	0.011031439602868174	0.022338665195808054	0.019856591285162713	0.002206287920573635	0.014340871483728626	0.006618863761720904	0.007170435741864313	0.0011031439602868175	0.004688361831218974	0.056536127964699395	0.04384997242140099	0.005515719801434087	0.031991174848317705	0.022890237175951463	0.014340871483728626	0.002482073910645339	0.0063430777716492	0.03088803088803089	0.027578599007170437	0.004136789851075565	0.027578599007170437	0.022338665195808054	0.019029233314947602	0.0027578599007170436	0.013237727523441808	0.021235521235521235	0.020683949255377827	0.003033645890788748	0.014065085493656922	0.0	0.01654715940430226	0.0	0.01075565361279647	0.017374517374517374	0.01461665747380033	0.0013789299503585218	0.011031439602868174	0.02840595697738555	0.005239933811362383	0.003309431880860452	0.0019305019305019305	0.03474903474903475	0.0377826806398235	0.005515719801434087	0.024820739106453393
0.01847766133480419	0.017926089354660783	0.001654715940430226	0.012961941533370104	0.03337010479867623	0.022338665195808054	0.00441257584114727	0.01820187534473249	0.0	0.01516822945394374	0.0	0.00827357970215113	0.03254274682846112	0.04054054054054054	0.003861003861003861	0.02978488692774407	0.025648097076668507	0.02040816326530612	0.0019305019305019305	0.01020408163265306	0.022338665195808054	0.01958080529509101	0.002482073910645339	0.014340871483728626	0.006894649751792609	0.007170435741864313	0.000827357970215113	0.004688361831218974	0.05570876999448428	0.0444015444015444	0.0063430777716492	0.03143960286817429	0.022890237175951463	0.014065085493656922	0.002482073910645339	0.006618863761720904	0.03088803088803089	0.02730281301709873	0.004136789851075565	0.02785438499724214	0.022614451185879757	0.018753447324875896	0.002482073910645339	0.013513513513513514	0.02151130722559294	0.02040816326530612	0.0027578599007170436	0.014340871483728626	0.0	0.01627137341423056	0.0	0.011031439602868174	0.017374517374517374	0.01461665747380033	0.0013789299503585218	0.011031439602868174	0.028130170987313845	0.005239933811362383	0.0035852178709321566	0.0019305019305019305	0.03419746276889134	0.038058466629895205	0.006067291781577496	0.024544953116381687
0.018753447324875896	0.01820187534473249	0.0013789299503585218	0.0126861555432984	0.032818532818532815	0.02206287920573635	0.005239933811362383	0.01820187534473249	0.0	0.01516822945394374	0.0	0.00827357970215113	0.03254274682846112	0.039713182570325425	0.003861003861003861	0.030612244897959183	0.02592388306674021	0.02013237727523442	0.001654715940430226	0.010479867622724766	0.023166023166023165	0.019029233314947602	0.001654715940430226	0.014892443463872035	0.006894649751792609	0.007170435741864313	0.000827357970215113	0.004688361831218974	0.05763927192498621	0.043574186431329286	0.004964147821290678	0.031715388858246	0.023717595146166576	0.014340871483728626	0.001654715940430226	0.0063430777716492	0.030612244897959183	0.028681742967457253	0.004136789851075565	0.026751241036955323	0.022338665195808054	0.018753447324875896	0.0027578599007170436	0.013513513513513514	0.021235521235521235	0.020683949255377827	0.0027578599007170436	0.014340871483728626	0.0	0.01627137341423056	0.0	0.011031439602868174	0.01654715940430226	0.014892443463872035	0.0019305019305019305	0.011031439602868174	0.02840595697738555	0.004964147821290678	0.003309431880860452	0.002206287920573635	0.03447324875896304	0.0377826806398235	0.005791505791505791	0.024820739106453393
0.019305019305019305	0.01820187534473249	0.000827357970215113	0.0126861555432984	0.03309431880860452	0.02206287920573635	0.005239933811362383	0.017926089354660783	0.0	0.014892443463872035	0.0	0.008549365692222834	0.031991174848317705	0.039713182570325425	0.00441257584114727	0.030612244897959183	0.0253723110865968	0.01958080529509101	0.002206287920573635	0.011031439602868174	0.023166023166023165	0.019305019305019305	0.0011031439602868175	0.01516822945394374	0.006894649751792609	0.006894649751792609	0.0005515719801434088	0.005239933811362383	0.05874241588527303	0.043574186431329286	0.004964147821290678	0.03143960286817429	0.02399338113623828	0.013789299503585218	0.0013789299503585218	0.006894649751792609	0.030612244897959183	0.02785438499724214	0.00441257584114727	0.02730281301709873	0.02151130722559294	0.018753447324875896	0.003309431880860452	0.013789299503585218	0.020959735245449532	0.02151130722559294	0.002206287920573635	0.014340871483728626	0.0	0.01627137341423056	0.0	0.011031439602868174	0.01709873138444567	0.014892443463872035	0.0013789299503585218	0.011031439602868174	0.02785438499724214	0.004964147821290678	0.003861003861003861	0.002206287920573635	0.03364589078874793	0.0377826806398235	0.005791505791505791	0.024820739106453393
0.019305019305019305	0.01847766133480419	0.000827357970215113	0.012410369553226696	0.03364589078874793	0.022614451185879757	0.004688361831218974	0.017374517374517374	0.0	0.01516822945394374	0.0	0.00827357970215113	0.031991174848317705	0.04054054054054054	0.00441257584114727	0.02978488692774407	0.025096525096525095	0.01958080529509101	0.002482073910645339	0.011031439602868174	0.023166023166023165	0.019029233314947602	0.001654715940430226	0.014892443463872035	0.007170435741864313	0.006894649751792609	0.0002757859900717044	0.005239933811362383	0.05956977385548814	0.043574186431329286	0.004964147821290678	0.03088803088803089	0.02399338113623828	0.013789299503585218	0.0013789299503585218	0.006894649751792609	0.03143960286817429	0.02730281301709873	0.003861003861003861	0.027578599007170437	0.022338665195808054	0.019029233314947602	0.001654715940430226	0.014340871483728626	0.020959735245449532	0.021787093215664643	0.002482073910645339	0.013789299503585218	0.0	0.01654715940430226	0.0	0.01075565361279647	0.017926089354660783	0.014892443463872035	0.0011031439602868175	0.010479867622724766	0.02785438499724214	0.005239933811362383	0.003861003861003861	0.0019305019305019305	0.03364589078874793	0.03861003861003861	0.005515719801434087	0.02399338113623828
0.018753447324875896	0.019305019305019305	0.0013789299503585218	0.011583011583011582	0.03419746276889134	0.022338665195808054	0.004136789851075565	0.01765030336458908	0.0	0.01516822945394374	0.0	0.00827357970215113	0.03309431880860452	0.04081632653061224	0.003309431880860452	0.029509100937672367	0.0253723110865968	0.019305019305019305	0.002206287920573635	0.011307225592939878	0.02344180915609487	0.019305019305019305	0.0019305019305019305	0.014065085493656922	0.006894649751792609	0.007170435741864313	0.0	0.005515719801434087	0.05929398786541644	0.042746828461114175	0.004964147821290678	0.031991174848317705	0.023717595146166576	0.013789299503585218	0.001654715940430226	0.006894649751792609	0.03143960286817429	0.026475455046883617	0.003861003861003861	0.02840595697738555	0.021787093215664643	0.01958080529509101	0.001654715940430226	0.014340871483728626	0.02151130722559294	0.020959735245449532	0.002206287920573635	0.014340871483728626	0.0	0.016822945394373966	0.0	0.010479867622724766	0.01820187534473249	0.014340871483728626	0.0013789299503585218	0.010479867622724766	0.028130170987313845	0.005239933811362383	0.0035852178709321566	0.0019305019305019305	0.03392167677881964	0.03861003861003861	0.005239933811362383	0.02399338113623828
0.018753447324875896	0.019029233314947602	0.0013789299503585218	0.011858797573083288	0.03392167677881964	0.02344180915609487	0.0035852178709321566	0.017374517374517374	0.0	0.01516822945394374	0.0	0.00827357970215113	0.03309431880860452	0.04081632653061224	0.003309431880860452	0.029509100937672367	0.024820739106453393	0.01958080529509101	0.0027578599007170436	0.011031439602868174	0.023717595146166576	0.018753447324875896	0.0019305019305019305	0.014340871483728626	0.006894649751792609	0.007446221731936017	0.0	0.005239933811362383	0.05763927192498621	0.042746828461114175	0.005515719801434087	0.03226696083838941	0.02344180915609487	0.013789299503585218	0.0019305019305019305	0.006894649751792609	0.03254274682846112	0.02592388306674021	0.0035852178709321566	0.028130170987313845	0.021787093215664643	0.019029233314947602	0.0019305019305019305	0.01461665747380033	0.021787093215664643	0.02040816326530612	0.0019305019305019305	0.014892443463872035	0.0	0.016822945394373966	0.0	0.010479867622724766	0.01765030336458908	0.014065085493656922	0.002206287920573635	0.010479867622724766	0.028130170987313845	0.005239933811362383	0.0035852178709321566	0.0019305019305019305	0.03474903474903475	0.03916161059018202	0.005239933811362383	0.02344180915609487
0.018753447324875896	0.018753447324875896	0.0013789299503585218	0.012134583563154992	0.03474903474903475	0.024269167126309985	0.0027578599007170436	0.01654715940430226	0.0	0.01461665747380033	0.0	0.00882515168229454	0.03309431880860452	0.04081632653061224	0.003309431880860452	0.029509100937672367	0.024269167126309985	0.019305019305019305	0.003309431880860452	0.011307225592939878	0.02399338113623828	0.01765030336458908	0.0013789299503585218	0.015719801434087147	0.006618863761720904	0.007446221731936017	0.0002757859900717044	0.005239933811362383	0.05791505791505792	0.04247104247104247	0.005239933811362383	0.032818532818532815	0.023166023166023165	0.013789299503585218	0.002206287920573635	0.006894649751792609	0.03226696083838941	0.026199669056811915	0.0035852178709321566	0.028130170987313845	0.021235521235521235	0.019029233314947602	0.002482073910645339	0.01461665747380033	0.02206287920573635	0.02040816326530612	0.0013789299503585218	0.01516822945394374	0.0	0.016822945394373966	0.0	0.010479867622724766	0.017374517374517374	0.014340871483728626	0.002206287920573635	0.010479867622724766	0.028681742967457253	0.005515719801434087	0.003033645890788748	0.001654715940430226	0.03419746276889134	0.038885824600110315	0.005515719801434087	0.023717595146166576
0.01847766133480419	0.018753447324875896	0.001654715940430226	0.012134583563154992	0.03392167677881964	0.02399338113623828	0.003861003861003861	0.01654715940430226	0.0	0.014340871483728626	0.0	0.009100937672366244	0.03364589078874793	0.04136789851075565	0.0027578599007170436	0.02895752895752896	0.025096525096525095	0.019305019305019305	0.002482073910645339	0.011307225592939878	0.023717595146166576	0.017926089354660783	0.001654715940430226	0.015444015444015444	0.006894649751792609	0.007170435741864313	0.0002757859900717044	0.005239933811362383	0.05791505791505792	0.04302261445118588	0.00441257584114727	0.03254274682846112	0.02344180915609487	0.013513513513513514	0.0019305019305019305	0.007170435741864313	0.03337010479867623	0.02592388306674021	0.0027578599007170436	0.028130170987313845	0.020959735245449532	0.01958080529509101	0.002206287920573635	0.01461665747380033	0.022338665195808054	0.02013237727523442	0.000827357970215113	0.015719801434087147	0.0	0.01654715940430226	0.0	0.01075565361279647	0.01765030336458908	0.014340871483728626	0.002206287920573635	0.01020408163265306	0.02840595697738555	0.005239933811362383	0.003309431880860452	0.0019305019305019305	0.035852178709321565	0.03916161059018202	0.00441257584114727	0.02344180915609487
0.018753447324875896	0.018753447324875896	0.0013789299503585218	0.012134583563154992	0.03364589078874793	0.024269167126309985	0.0035852178709321566	0.016822945394373966	0.0	0.014892443463872035	0.0	0.008549365692222834	0.03337010479867623	0.04329840044125759	0.003033645890788748	0.02702702702702703	0.0253723110865968	0.01958080529509101	0.002206287920573635	0.011031439602868174	0.02399338113623828	0.017926089354660783	0.0013789299503585218	0.015444015444015444	0.006618863761720904	0.007170435741864313	0.0005515719801434088	0.005239933811362383	0.05791505791505792	0.042195256480970764	0.00441257584114727	0.032818532818532815	0.023166023166023165	0.013237727523441808	0.002206287920573635	0.007446221731936017	0.032818532818532815	0.0253723110865968	0.0035852178709321566	0.02840595697738555	0.020959735245449532	0.019305019305019305	0.002482073910645339	0.01461665747380033	0.022890237175951463	0.01958080529509101	0.0002757859900717044	0.01627137341423056	0.0	0.01654715940430226	0.0	0.01075565361279647	0.017926089354660783	0.01461665747380033	0.002482073910645339	0.009376723662437948	0.028130170987313845	0.005239933811362383	0.0035852178709321566	0.0019305019305019305	0.03667953667953668	0.0383342526199669	0.004136789851075565	0.024269167126309985
0.018753447324875896	0.018753447324875896	0.0013789299503585218	0.012134583563154992	0.03392167677881964	0.02399338113623828	0.0035852178709321566	0.016822945394373966	0.0	0.015444015444015444	0.0	0.007997793712079426	0.03337010479867623	0.042746828461114175	0.003033645890788748	0.027578599007170437	0.0253723110865968	0.019856591285162713	0.002206287920573635	0.01075565361279647	0.024544953116381687	0.01820187534473249	0.0011031439602868175	0.014892443463872035	0.0063430777716492	0.006894649751792609	0.000827357970215113	0.005515719801434087	0.05763927192498621	0.042195256480970764	0.00441257584114727	0.032818532818532815	0.022614451185879757	0.013513513513513514	0.0027578599007170436	0.007170435741864313	0.032818532818532815	0.024820739106453393	0.003861003861003861	0.028681742967457253	0.02040816326530612	0.01820187534473249	0.003309431880860452	0.015444015444015444	0.022338665195808054	0.01958080529509101	0.000827357970215113	0.01627137341423056	0.0	0.016822945394373966	0.0	0.010479867622724766	0.01709873138444567	0.014892443463872035	0.003033645890788748	0.009376723662437948	0.028130170987313845	0.004964147821290678	0.0035852178709321566	0.002206287920573635	0.03667953667953668	0.0383342526199669	0.00441257584114727	0.024269167126309985
0.01820187534473249	0.018753447324875896	0.0019305019305019305	0.012134583563154992	0.03364589078874793	0.02399338113623828	0.003861003861003861	0.016822945394373966	0.0	0.015444015444015444	0.0	0.007997793712079426	0.03337010479867623	0.04247104247104247	0.003033645890788748	0.02785438499724214	0.026199669056811915	0.01958080529509101	0.0013789299503585218	0.011031439602868174	0.02399338113623828	0.018753447324875896	0.0013789299503585218	0.01461665747380033	0.006618863761720904	0.007170435741864313	0.000827357970215113	0.004964147821290678	0.05763927192498621	0.042195256480970764	0.004688361831218974	0.03254274682846112	0.022338665195808054	0.013237727523441808	0.003033645890788748	0.007446221731936017	0.03226696083838941	0.024820739106453393	0.004136789851075565	0.02895752895752896	0.02151130722559294	0.01847766133480419	0.0019305019305019305	0.015444015444015444	0.022338665195808054	0.019856591285162713	0.000827357970215113	0.015995587424158852	0.0	0.01654715940430226	0.0	0.01075565361279647	0.016822945394373966	0.014892443463872035	0.003033645890788748	0.009652509652509652	0.02730281301709873	0.004964147821290678	0.00441257584114727	0.002206287920573635	0.03640375068946498	0.03750689464975179	0.004688361831218974	0.025096525096525095
0.01847766133480419	0.017926089354660783	0.001654715940430226	0.012961941533370104	0.03392167677881964	0.02344180915609487	0.0035852178709321566	0.017374517374517374	0.0	0.015444015444015444	0.0	0.007997793712079426	0.03309431880860452	0.042746828461114175	0.003309431880860452	0.027578599007170437	0.02592388306674021	0.019856591285162713	0.001654715940430226	0.01075565361279647	0.02399338113623828	0.01958080529509101	0.0011031439602868175	0.014065085493656922	0.006894649751792609	0.007722007722007722	0.0005515719801434088	0.00441257584114727	0.057363485934914506	0.042195256480970764	0.00441257584114727	0.03254274682846112	0.022614451185879757	0.012410369553226696	0.0027578599007170436	0.00827357970215113	0.032818532818532815	0.024269167126309985	0.003861003861003861	0.02923331494760066	0.02206287920573635	0.01820187534473249	0.0019305019305019305	0.01516822945394374	0.022338665195808054	0.019856591285162713	0.0013789299503585218	0.015444015444015444	0.0	0.016822945394373966	0.0	0.010479867622724766	0.01654715940430226	0.01461665747380033	0.003309431880860452	0.009928295642581356	0.028130170987313845	0.004964147821290678	0.0035852178709321566	0.002206287920573635	0.03667953667953668	0.03695532266960838	0.004964147821290678	0.025648097076668507
0.01847766133480419	0.017926089354660783	0.001654715940430226	0.012961941533370104	0.03309431880860452	0.025096525096525095	0.003861003861003861	0.01627137341423056	0.0	0.01516822945394374	0.0	0.00827357970215113	0.03309431880860452	0.04247104247104247	0.003309431880860452	0.02785438499724214	0.025648097076668507	0.019856591285162713	0.0019305019305019305	0.01075565361279647	0.023717595146166576	0.019856591285162713	0.000827357970215113	0.014340871483728626	0.006894649751792609	0.007722007722007722	0.0002757859900717044	0.004688361831218974	0.05543298400441258	0.041919470490899065	0.004964147821290678	0.032818532818532815	0.023166023166023165	0.012134583563154992	0.002206287920573635	0.008549365692222834	0.03254274682846112	0.024544953116381687	0.0035852178709321566	0.029509100937672367	0.021787093215664643	0.01820187534473249	0.002206287920573635	0.01516822945394374	0.022614451185879757	0.01958080529509101	0.0011031439602868175	0.015719801434087147	0.0	0.016822945394373966	0.0	0.010479867622724766	0.017374517374517374	0.014340871483728626	0.0027578599007170436	0.009928295642581356	0.028130170987313845	0.004688361831218974	0.0035852178709321566	0.002482073910645339	0.038058466629895205	0.03695532266960838	0.004964147821290678	0.025648097076668507
0.01847766133480419	0.017926089354660783	0.001654715940430226	0.012961941533370104	0.032818532818532815	0.025096525096525095	0.004136789851075565	0.01627137341423056	0.0	0.014892443463872035	0.0	0.008549365692222834	0.03143960286817429	0.042746828461114175	0.004964147821290678	0.027578599007170437	0.02592388306674021	0.02013237727523442	0.001654715940430226	0.010479867622724766	0.023717595146166576	0.02013237727523442	0.0013789299503585218	0.013513513513513514	0.006618863761720904	0.007446221731936017	0.0005515719801434088	0.004964147821290678	0.05543298400441258	0.04136789851075565	0.004688361831218974	0.03364589078874793	0.02344180915609487	0.012134583563154992	0.0019305019305019305	0.008549365692222834	0.03337010479867623	0.025648097076668507	0.002482073910645339	0.028681742967457253	0.02206287920573635	0.01765030336458908	0.0019305019305019305	0.015719801434087147	0.02206287920573635	0.019305019305019305	0.0011031439602868175	0.01654715940430226	0.0	0.01627137341423056	0.0	0.011031439602868174	0.01820187534473249	0.01461665747380033	0.001654715940430226	0.009928295642581356	0.02785438499724214	0.004964147821290678	0.003861003861003861	0.002206287920573635	0.038058466629895205	0.03723110865968009	0.004964147821290678	0.0253723110865968
0.019029233314947602	0.017926089354660783	0.0011031439602868175	0.012961941533370104	0.03309431880860452	0.024269167126309985	0.004136789851075565	0.016822945394373966	0.0	0.014892443463872035	0.0	0.008549365692222834	0.031715388858246	0.04164368450082736	0.004688361831218974	0.028681742967457253	0.026751241036955323	0.02013237727523442	0.000827357970215113	0.010479867622724766	0.022614451185879757	0.02040816326530612	0.002206287920573635	0.013513513513513514	0.006618863761720904	0.007446221731936017	0.0002757859900717044	0.005239933811362383	0.05543298400441258	0.04081632653061224	0.004688361831218974	0.03447324875896304	0.023166023166023165	0.012134583563154992	0.002206287920573635	0.008549365692222834	0.03392167677881964	0.0253723110865968	0.002206287920573635	0.028681742967457253	0.022338665195808054	0.017926089354660783	0.0019305019305019305	0.01516822945394374	0.02206287920573635	0.019305019305019305	0.0011031439602868175	0.01654715940430226	0.0	0.015995587424158852	0.0	0.011307225592939878	0.01847766133480419	0.014340871483728626	0.0013789299503585218	0.01020408163265306	0.028130170987313845	0.004964147821290678	0.0035852178709321566	0.002206287920573635	0.0383342526199669	0.03612796469939327	0.00441257584114727	0.026475455046883617
0.01847766133480419	0.01820187534473249	0.001654715940430226	0.0126861555432984	0.03309431880860452	0.024269167126309985	0.004136789851075565	0.016822945394373966	0.0	0.01461665747380033	0.0	0.00882515168229454	0.031991174848317705	0.04302261445118588	0.00441257584114727	0.02730281301709873	0.02592388306674021	0.01958080529509101	0.001654715940430226	0.011031439602868174	0.022338665195808054	0.020683949255377827	0.0027578599007170436	0.012961941533370104	0.006618863761720904	0.007446221731936017	0.0002757859900717044	0.005239933811362383	0.05488141202426917	0.04054054054054054	0.005515719801434087	0.03419746276889134	0.022890237175951463	0.011858797573083288	0.002482073910645339	0.00882515168229454	0.03337010479867623	0.024820739106453393	0.003033645890788748	0.02895752895752896	0.022338665195808054	0.01765030336458908	0.0019305019305019305	0.015444015444015444	0.021787093215664643	0.019305019305019305	0.0013789299503585218	0.01654715940430226	0.0	0.01654715940430226	0.0	0.01075565361279647	0.017926089354660783	0.014340871483728626	0.001654715940430226	0.010479867622724766	0.028681742967457253	0.004964147821290678	0.003033645890788748	0.002206287920573635	0.03916161059018202	0.03723110865968009	0.003861003861003861	0.0253723110865968
0.01820187534473249	0.017926089354660783	0.0019305019305019305	0.012961941533370104	0.03309431880860452	0.02399338113623828	0.003861003861003861	0.017374517374517374	0.0	0.014892443463872035	0.0	0.008549365692222834	0.031715388858246	0.043574186431329286	0.004688361831218974	0.026751241036955323	0.026199669056811915	0.019305019305019305	0.0013789299503585218	0.011307225592939878	0.022338665195808054	0.02013237727523442	0.003309431880860452	0.012961941533370104	0.006618863761720904	0.007446221731936017	0.0002757859900717044	0.005239933811362383	0.05515719801434087	0.04054054054054054	0.004964147821290678	0.03419746276889134	0.02206287920573635	0.012134583563154992	0.003309431880860452	0.008549365692222834	0.03419746276889134	0.023717595146166576	0.0027578599007170436	0.029509100937672367	0.022614451185879757	0.01765030336458908	0.0013789299503585218	0.015719801434087147	0.02206287920573635	0.019029233314947602	0.0013789299503585218	0.01654715940430226	0.0	0.01627137341423056	0.0	0.011031439602868174	0.016822945394373966	0.014065085493656922	0.002206287920573635	0.011307225592939878	0.02840595697738555	0.004964147821290678	0.003309431880860452	0.002206287920573635	0.03943739658025373	0.03750689464975179	0.003861003861003861	0.025096525096525095
0.017926089354660783	0.016822945394373966	0.002206287920573635	0.014065085493656922	0.03337010479867623	0.023717595146166576	0.0035852178709321566	0.01765030336458908	0.0	0.01516822945394374	0.0	0.00827357970215113	0.03143960286817429	0.0441257584114727	0.004964147821290678	0.026199669056811915	0.024820739106453393	0.019305019305019305	0.0027578599007170436	0.011307225592939878	0.02206287920573635	0.019856591285162713	0.003033645890788748	0.013789299503585218	0.006618863761720904	0.007446221731936017	0.0002757859900717044	0.005239933811362383	0.054329840044125756	0.04164368450082736	0.004688361831218974	0.03337010479867623	0.02206287920573635	0.012134583563154992	0.003309431880860452	0.008549365692222834	0.03392167677881964	0.024820739106453393	0.0027578599007170436	0.028681742967457253	0.022338665195808054	0.01765030336458908	0.001654715940430226	0.015719801434087147	0.021787093215664643	0.01958080529509101	0.000827357970215113	0.016822945394373966	0.0	0.01627137341423056	0.0	0.011031439602868174	0.01627137341423056	0.01461665747380033	0.002206287920573635	0.011307225592939878	0.028681742967457253	0.005239933811362383	0.003033645890788748	0.0019305019305019305	0.039713182570325425	0.03695532266960838	0.00441257584114727	0.025648097076668507
0.01820187534473249	0.01627137341423056	0.0019305019305019305	0.01461665747380033	0.03364589078874793	0.023717595146166576	0.0035852178709321566	0.017374517374517374	0.0	0.014892443463872035	0.0	0.008549365692222834	0.03116381687810259	0.0441257584114727	0.005239933811362383	0.026199669056811915	0.024544953116381687	0.019856591285162713	0.003033645890788748	0.01075565361279647	0.022614451185879757	0.019029233314947602	0.003033645890788748	0.014065085493656922	0.007170435741864313	0.007446221731936017	0.0	0.004964147821290678	0.052675124103695535	0.04136789851075565	0.005791505791505791	0.03419746276889134	0.022338665195808054	0.011583011583011582	0.003033645890788748	0.009100937672366244	0.03447324875896304	0.02399338113623828	0.003033645890788748	0.028681742967457253	0.022338665195808054	0.01820187534473249	0.0013789299503585218	0.015444015444015444	0.021787093215664643	0.019305019305019305	0.0011031439602868175	0.016822945394373966	0.0	0.01654715940430226	0.0	0.01075565361279647	0.01627137341423056	0.014892443463872035	0.0019305019305019305	0.011307225592939878	0.02978488692774407	0.005239933811362383	0.0019305019305019305	0.0019305019305019305	0.03998896856039713	0.03640375068946498	0.004136789851075565	0.026199669056811915
0.01820187534473249	0.01654715940430226	0.0019305019305019305	0.014340871483728626	0.03392167677881964	0.02344180915609487	0.0035852178709321566	0.017374517374517374	0.0	0.014892443463872035	0.0	0.008549365692222834	0.03143960286817429	0.04384997242140099	0.004964147821290678	0.026475455046883617	0.0253723110865968	0.01958080529509101	0.002206287920573635	0.011031439602868174	0.02206287920573635	0.019305019305019305	0.0035852178709321566	0.013789299503585218	0.006618863761720904	0.007722007722007722	0.0	0.005239933811362383	0.05184776613348042	0.042195256480970764	0.0063430777716492	0.03392167677881964	0.02151130722559294	0.011858797573083288	0.003861003861003861	0.00882515168229454	0.03337010479867623	0.02344180915609487	0.003861003861003861	0.029509100937672367	0.021787093215664643	0.01820187534473249	0.0019305019305019305	0.015444015444015444	0.02151130722559294	0.019856591285162713	0.0011031439602868175	0.01654715940430226	0.0	0.015995587424158852	0.0	0.011307225592939878	0.01627137341423056	0.015444015444015444	0.001654715940430226	0.011031439602868174	0.030060672917815775	0.005239933811362383	0.001654715940430226	0.0019305019305019305	0.03943739658025373	0.035024820739106455	0.00441257584114727	0.027578599007170437
0.018753447324875896	0.01709873138444567	0.0013789299503585218	0.013789299503585218	0.03392167677881964	0.02344180915609487	0.0035852178709321566	0.017374517374517374	0.0	0.01461665747380033	0.0	0.00882515168229454	0.030612244897959183	0.04384997242140099	0.005791505791505791	0.026475455046883617	0.025096525096525095	0.01958080529509101	0.002482073910645339	0.011031439602868174	0.02151130722559294	0.01958080529509101	0.0035852178709321566	0.014065085493656922	0.006618863761720904	0.007722007722007722	0.0	0.005239933811362383	0.052123552123552123	0.041919470490899065	0.005239933811362383	0.03447324875896304	0.02151130722559294	0.011858797573083288	0.003861003861003861	0.00882515168229454	0.03364589078874793	0.023717595146166576	0.003861003861003861	0.02895752895752896	0.02151130722559294	0.01847766133480419	0.0019305019305019305	0.015444015444015444	0.021787093215664643	0.02013237727523442	0.000827357970215113	0.01627137341423056	0.0	0.015995587424158852	0.0	0.011307225592939878	0.01627137341423056	0.015719801434087147	0.001654715940430226	0.01075565361279647	0.02978488692774407	0.005239933811362383	0.0019305019305019305	0.0019305019305019305	0.039713182570325425	0.035024820739106455	0.004688361831218974	0.027578599007170437
0.019305019305019305	0.017374517374517374	0.000827357970215113	0.013513513513513514	0.03447324875896304	0.023717595146166576	0.0027578599007170436	0.017374517374517374	0.0	0.014892443463872035	0.0	0.008549365692222834	0.03033645890788748	0.04467733039161611	0.006067291781577496	0.025648097076668507	0.025096525096525095	0.01958080529509101	0.002482073910645339	0.011031439602868174	0.020959735245449532	0.019856591285162713	0.003861003861003861	0.014065085493656922	0.006618863761720904	0.007722007722007722	0.0	0.005239933811362383	0.05405405405405406	0.04136789851075565	0.004964147821290678	0.03419746276889134	0.022614451185879757	0.012134583563154992	0.0027578599007170436	0.008549365692222834	0.03337010479867623	0.024269167126309985	0.003861003861003861	0.028681742967457253	0.021235521235521235	0.01847766133480419	0.0019305019305019305	0.015719801434087147	0.02151130722559294	0.02013237727523442	0.000827357970215113	0.01654715940430226	0.0	0.015719801434087147	0.0	0.011583011583011582	0.01627137341423056	0.015995587424158852	0.0013789299503585218	0.01075565361279647	0.029509100937672367	0.005515719801434087	0.002206287920573635	0.001654715940430226	0.038885824600110315	0.03474903474903475	0.004688361831218974	0.02785438499724214
0.019029233314947602	0.01709873138444567	0.0011031439602868175	0.013789299503585218	0.03364589078874793	0.024269167126309985	0.003033645890788748	0.017374517374517374	0.0	0.01461665747380033	0.0	0.00882515168229454	0.030612244897959183	0.04495311638168781	0.005791505791505791	0.0253723110865968	0.025096525096525095	0.019305019305019305	0.002482073910645339	0.011307225592939878	0.021787093215664643	0.01958080529509101	0.003309431880860452	0.014065085493656922	0.006067291781577496	0.007997793712079426	0.0002757859900717044	0.005239933811362383	0.05239933811362383	0.042195256480970764	0.004688361831218974	0.03392167677881964	0.022338665195808054	0.012134583563154992	0.003033645890788748	0.008549365692222834	0.03309431880860452	0.024544953116381687	0.003861003861003861	0.028681742967457253	0.021235521235521235	0.01820187534473249	0.002482073910645339	0.015444015444015444	0.02040816326530612	0.02013237727523442	0.001654715940430226	0.016822945394373966	0.0	0.015444015444015444	0.0	0.011858797573083288	0.015995587424158852	0.015995587424158852	0.0011031439602868175	0.011307225592939878	0.029509100937672367	0.005515719801434087	0.002206287920573635	0.001654715940430226	0.03916161059018202	0.03392167677881964	0.005791505791505791	0.028681742967457253
0.019029233314947602	0.017374517374517374	0.0011031439602868175	0.013513513513513514	0.03364589078874793	0.024269167126309985	0.003309431880860452	0.01709873138444567	0.0	0.01461665747380033	0.0	0.00882515168229454	0.03116381687810259	0.045780474351902925	0.005239933811362383	0.024544953116381687	0.0253723110865968	0.018753447324875896	0.002206287920573635	0.011858797573083288	0.022338665195808054	0.019305019305019305	0.0027578599007170436	0.014340871483728626	0.0063430777716492	0.007997793712079426	0.0002757859900717044	0.004964147821290678	0.052123552123552123	0.04164368450082736	0.004688361831218974	0.03447324875896304	0.022614451185879757	0.011858797573083288	0.0027578599007170436	0.00882515168229454	0.032818532818532815	0.025096525096525095	0.004136789851075565	0.028130170987313845	0.022614451185879757	0.017926089354660783	0.0019305019305019305	0.014892443463872035	0.02040816326530612	0.02013237727523442	0.0013789299503585218	0.01709873138444567	0.0	0.015719801434087147	0.0	0.011583011583011582	0.01654715940430226	0.015719801434087147	0.0005515719801434088	0.011583011583011582	0.029509100937672367	0.005515719801434087	0.002206287920573635	0.001654715940430226	0.03916161059018202	0.03392167677881964	0.006067291781577496	0.028681742967457253
0.018753447324875896	0.017374517374517374	0.0013789299503585218	0.013513513513513514	0.032818532818532815	0.023717595146166576	0.003861003861003861	0.017926089354660783	0.0	0.01461665747380033	0.0	0.00882515168229454	0.031715388858246	0.04495311638168781	0.004688361831218974	0.0253723110865968	0.025096525096525095	0.018753447324875896	0.002482073910645339	0.011858797573083288	0.022338665195808054	0.01958080529509101	0.0027578599007170436	0.014065085493656922	0.0063430777716492	0.008549365692222834	0.0002757859900717044	0.00441257584114727	0.05184776613348042	0.04247104247104247	0.004688361831218974	0.03337010479867623	0.022614451185879757	0.011858797573083288	0.0027578599007170436	0.00882515168229454	0.03392167677881964	0.026751241036955323	0.0027578599007170436	0.026751241036955323	0.022614451185879757	0.017926089354660783	0.0013789299503585218	0.015444015444015444	0.019856591285162713	0.02013237727523442	0.002206287920573635	0.016822945394373966	0.0	0.014892443463872035	0.0	0.012410369553226696	0.016822945394373966	0.015719801434087147	0.000827357970215113	0.011031439602868174	0.02978488692774407	0.005515719801434087	0.0019305019305019305	0.001654715940430226	0.03943739658025373	0.03474903474903475	0.0063430777716492	0.02785438499724214
0.019305019305019305	0.01709873138444567	0.000827357970215113	0.013789299503585218	0.03309431880860452	0.022890237175951463	0.0035852178709321566	0.018753447324875896	0.0	0.01461665747380033	0.0	0.00882515168229454	0.031715388858246	0.04384997242140099	0.004688361831218974	0.026475455046883617	0.0253723110865968	0.019305019305019305	0.002206287920573635	0.011307225592939878	0.022614451185879757	0.01958080529509101	0.002482073910645339	0.014065085493656922	0.0063430777716492	0.008549365692222834	0.0002757859900717044	0.00441257584114727	0.053502482073910645	0.042746828461114175	0.00441257584114727	0.032818532818532815	0.022338665195808054	0.011583011583011582	0.003033645890788748	0.009100937672366244	0.03337010479867623	0.026751241036955323	0.003309431880860452	0.026751241036955323	0.022614451185879757	0.017926089354660783	0.0019305019305019305	0.014892443463872035	0.019856591285162713	0.019856591285162713	0.002206287920573635	0.01709873138444567	0.0	0.01516822945394374	0.0	0.012134583563154992	0.01709873138444567	0.015995587424158852	0.000827357970215113	0.010479867622724766	0.030060672917815775	0.005791505791505791	0.001654715940430226	0.0013789299503585218	0.03723110865968009	0.03419746276889134	0.007446221731936017	0.02840595697738555
0.018753447324875896	0.01709873138444567	0.0013789299503585218	0.013789299503585218	0.03337010479867623	0.022890237175951463	0.0035852178709321566	0.01847766133480419	0.0	0.014340871483728626	0.0	0.009100937672366244	0.031715388858246	0.043574186431329286	0.004688361831218974	0.026751241036955323	0.02592388306674021	0.019305019305019305	0.001654715940430226	0.011307225592939878	0.022890237175951463	0.01958080529509101	0.002206287920573635	0.014065085493656922	0.0063430777716492	0.008549365692222834	0.0002757859900717044	0.00441257584114727	0.05405405405405406	0.042195256480970764	0.004136789851075565	0.03309431880860452	0.023166023166023165	0.011307225592939878	0.002206287920573635	0.009376723662437948	0.03309431880860452	0.02730281301709873	0.0035852178709321566	0.026199669056811915	0.022338665195808054	0.01765030336458908	0.002482073910645339	0.014892443463872035	0.02040816326530612	0.02040816326530612	0.001654715940430226	0.01654715940430226	0.0	0.01516822945394374	0.0	0.012134583563154992	0.01627137341423056	0.01627137341423056	0.000827357970215113	0.011031439602868174	0.03033645890788748	0.005791505791505791	0.0013789299503585218	0.0013789299503585218	0.03750689464975179	0.03447324875896304	0.007170435741864313	0.028130170987313845
0.019305019305019305	0.016822945394373966	0.000827357970215113	0.014065085493656922	0.03392167677881964	0.02399338113623828	0.0035852178709321566	0.016822945394373966	0.0	0.014340871483728626	0.0	0.009100937672366244	0.03254274682846112	0.0441257584114727	0.003861003861003861	0.026199669056811915	0.02592388306674021	0.019305019305019305	0.001654715940430226	0.011307225592939878	0.022338665195808054	0.019029233314947602	0.0027578599007170436	0.01461665747380033	0.006618863761720904	0.007997793712079426	0.0002757859900717044	0.004688361831218974	0.052123552123552123	0.04247104247104247	0.005239933811362383	0.03337010479867623	0.023717595146166576	0.011031439602868174	0.001654715940430226	0.009652509652509652	0.03226696083838941	0.02730281301709873	0.004136789851075565	0.026475455046883617	0.02206287920573635	0.01847766133480419	0.002482073910645339	0.014340871483728626	0.02040816326530612	0.019856591285162713	0.001654715940430226	0.01709873138444567	0.0	0.01516822945394374	0.0	0.012134583563154992	0.015995587424158852	0.015995587424158852	0.0011031439602868175	0.011307225592939878	0.030612244897959183	0.005791505791505791	0.0011031439602868175	0.0013789299503585218	0.03723110865968009	0.03364589078874793	0.007722007722007722	0.02895752895752896
0.018753447324875896	0.01709873138444567	0.0013789299503585218	0.013789299503585218	0.03364589078874793	0.02399338113623828	0.0035852178709321566	0.01709873138444567	0.0	0.014340871483728626	0.0	0.009100937672366244	0.03309431880860452	0.04384997242140099	0.003309431880860452	0.026475455046883617	0.02592388306674021	0.01847766133480419	0.001654715940430226	0.012134583563154992	0.023166023166023165	0.02013237727523442	0.002482073910645339	0.012961941533370104	0.006894649751792609	0.007446221731936017	0.0002757859900717044	0.004964147821290678	0.05322669608383894	0.043574186431329286	0.00441257584114727	0.03254274682846112	0.02344180915609487	0.01075565361279647	0.0019305019305019305	0.009928295642581356	0.032818532818532815	0.02785438499724214	0.003033645890788748	0.026475455046883617	0.02206287920573635	0.01847766133480419	0.002482073910645339	0.014340871483728626	0.02013237727523442	0.02040816326530612	0.0019305019305019305	0.01654715940430226	0.0	0.015444015444015444	0.0	0.011858797573083288	0.015444015444015444	0.015444015444015444	0.001654715940430226	0.011858797573083288	0.03088803088803089	0.005791505791505791	0.000827357970215113	0.0013789299503585218	0.03640375068946498	0.03337010479867623	0.007997793712079426	0.02923331494760066
0.019029233314947602	0.01765030336458908	0.0011031439602868175	0.013237727523441808	0.03419746276889134	0.024544953116381687	0.003033645890788748	0.01654715940430226	0.0	0.014340871483728626	0.0	0.009100937672366244	0.03254274682846112	0.04302261445118588	0.003861003861003861	0.02730281301709873	0.026199669056811915	0.01847766133480419	0.0013789299503585218	0.012134583563154992	0.022890237175951463	0.019856591285162713	0.003309431880860452	0.0126861555432984	0.006894649751792609	0.007446221731936017	0.0002757859900717044	0.004964147821290678	0.052675124103695535	0.04302261445118588	0.004688361831218974	0.032818532818532815	0.02344180915609487	0.01075565361279647	0.0019305019305019305	0.009928295642581356	0.03364589078874793	0.028681742967457253	0.002482073910645339	0.0253723110865968	0.02151130722559294	0.01820187534473249	0.003033645890788748	0.01461665747380033	0.021235521235521235	0.01958080529509101	0.0019305019305019305	0.01627137341423056	0.0	0.01627137341423056	0.0	0.011031439602868174	0.015444015444015444	0.015444015444015444	0.001654715940430226	0.011858797573083288	0.03088803088803089	0.005791505791505791	0.000827357970215113	0.0013789299503585218	0.03750689464975179	0.03309431880860452	0.007446221731936017	0.029509100937672367
0.01847766133480419	0.01765030336458908	0.001654715940430226	0.013237727523441808	0.03392167677881964	0.025096525096525095	0.0027578599007170436	0.01654715940430226	0.0	0.014065085493656922	0.0	0.009376723662437948	0.03309431880860452	0.04302261445118588	0.003309431880860452	0.02730281301709873	0.026475455046883617	0.01820187534473249	0.0011031439602868175	0.012410369553226696	0.022338665195808054	0.02040816326530612	0.0035852178709321566	0.012410369553226696	0.007170435741864313	0.007170435741864313	0.0002757859900717044	0.004964147821290678	0.05239933811362383	0.042195256480970764	0.005239933811362383	0.03392167677881964	0.02344180915609487	0.011031439602868174	0.0019305019305019305	0.009652509652509652	0.032818532818532815	0.028681742967457253	0.003309431880860452	0.0253723110865968	0.02151130722559294	0.018753447324875896	0.003033645890788748	0.014065085493656922	0.02151130722559294	0.019305019305019305	0.0019305019305019305	0.01627137341423056	0.0	0.01627137341423056	0.0	0.011031439602868174	0.015444015444015444	0.015444015444015444	0.0019305019305019305	0.011583011583011582	0.03088803088803089	0.005239933811362383	0.000827357970215113	0.0019305019305019305	0.03723110865968009	0.03392167677881964	0.007170435741864313	0.028681742967457253
0.01847766133480419	0.01765030336458908	0.001654715940430226	0.013237727523441808	0.03392167677881964	0.0253723110865968	0.002206287920573635	0.016822945394373966	0.0	0.013789299503585218	0.0	0.009652509652509652	0.032818532818532815	0.04302261445118588	0.0035852178709321566	0.02730281301709873	0.026199669056811915	0.01847766133480419	0.0013789299503585218	0.012134583563154992	0.022338665195808054	0.019856591285162713	0.003861003861003861	0.0126861555432984	0.007722007722007722	0.006894649751792609	0.0	0.004964147821290678	0.052123552123552123	0.041919470490899065	0.005239933811362383	0.03447324875896304	0.02344180915609487	0.010479867622724766	0.0019305019305019305	0.01020408163265306	0.03364589078874793	0.02785438499724214	0.003309431880860452	0.0253723110865968	0.022338665195808054	0.018753447324875896	0.002206287920573635	0.014065085493656922	0.02151130722559294	0.019305019305019305	0.0019305019305019305	0.01627137341423056	0.0	0.01654715940430226	0.0	0.01075565361279647	0.015719801434087147	0.01516822945394374	0.001654715940430226	0.011858797573083288	0.03033645890788748	0.005239933811362383	0.0013789299503585218	0.0019305019305019305	0.03723110865968009	0.03474903474903475	0.007170435741864313	0.02785438499724214
0.019305019305019305	0.017374517374517374	0.000827357970215113	0.013513513513513514	0.03392167677881964	0.025096525096525095	0.0027578599007170436	0.01654715940430226	0.0	0.01461665747380033	0.0	0.00882515168229454	0.03226696083838941	0.0444015444015444	0.004136789851075565	0.02592388306674021	0.026199669056811915	0.01847766133480419	0.0013789299503585218	0.012134583563154992	0.02206287920573635	0.02013237727523442	0.004136789851075565	0.012410369553226696	0.007722007722007722	0.006894649751792609	0.0	0.004964147821290678	0.05102040816326531	0.04026475455046884	0.006067291781577496	0.03530060672917816	0.02399338113623828	0.010479867622724766	0.0013789299503585218	0.01020408163265306	0.03364589078874793	0.02923331494760066	0.003033645890788748	0.024269167126309985	0.021787093215664643	0.018753447324875896	0.002482073910645339	0.014340871483728626	0.020959735245449532	0.018753447324875896	0.002482073910645339	0.016822945394373966	0.0	0.01709873138444567	0.0	0.01020408163265306	0.016822945394373966	0.01461665747380033	0.000827357970215113	0.012134583563154992	0.03033645890788748	0.005239933811362383	0.0013789299503585218	0.0019305019305019305	0.03861003861003861	0.03447324875896304	0.006894649751792609	0.028130170987313845
0.01847766133480419	0.01765030336458908	0.001654715940430226	0.013237727523441808	0.03419746276889134	0.024544953116381687	0.0027578599007170436	0.016822945394373966	0.0	0.01461665747380033	0.0	0.00882515168229454	0.032818532818532815	0.043574186431329286	0.0035852178709321566	0.026751241036955323	0.026199669056811915	0.018753447324875896	0.0013789299503585218	0.011858797573083288	0.022338665195808054	0.02040816326530612	0.003861003861003861	0.012134583563154992	0.007722007722007722	0.006894649751792609	0.0	0.004964147821290678	0.05184776613348042	0.03916161059018202	0.005239933811362383	0.03557639271924986	0.023717595146166576	0.01020408163265306	0.001654715940430226	0.010479867622724766	0.03392167677881964	0.030612244897959183	0.0027578599007170436	0.022890237175951463	0.021787093215664643	0.01820187534473249	0.002482073910645339	0.014892443463872035	0.020683949255377827	0.019029233314947602	0.0027578599007170436	0.01654715940430226	0.0	0.01709873138444567	0.0	0.01020408163265306	0.01627137341423056	0.014340871483728626	0.0013789299503585218	0.012410369553226696	0.030060672917815775	0.005239933811362383	0.001654715940430226	0.0019305019305019305	0.0383342526199669	0.03474903474903475	0.007997793712079426	0.02785438499724214
0.01847766133480419	0.01765030336458908	0.001654715940430226	0.013237727523441808	0.03447324875896304	0.02399338113623828	0.002206287920573635	0.01765030336458908	0.0	0.01461665747380033	0.0	0.00882515168229454	0.03309431880860452	0.042746828461114175	0.003309431880860452	0.027578599007170437	0.026199669056811915	0.019029233314947602	0.0013789299503585218	0.011583011583011582	0.02151130722559294	0.019856591285162713	0.004964147821290678	0.012410369553226696	0.007722007722007722	0.006894649751792609	0.0	0.004964147821290678	0.052123552123552123	0.03861003861003861	0.005515719801434087	0.03612796469939327	0.023166023166023165	0.01020408163265306	0.002206287920573635	0.010479867622724766	0.03474903474903475	0.030612244897959183	0.002206287920573635	0.022614451185879757	0.020959735245449532	0.017926089354660783	0.003033645890788748	0.015444015444015444	0.020959735245449532	0.01847766133480419	0.002206287920573635	0.017374517374517374	0.0	0.016822945394373966	0.0	0.010479867622724766	0.015995587424158852	0.015444015444015444	0.0013789299503585218	0.011583011583011582	0.02978488692774407	0.005239933811362383	0.0019305019305019305	0.0019305019305019305	0.03750689464975179	0.035024820739106455	0.00827357970215113	0.027578599007170437
0.018753447324875896	0.017926089354660783	0.0013789299503585218	0.012961941533370104	0.03419746276889134	0.023717595146166576	0.002206287920573635	0.01820187534473249	0.0	0.014892443463872035	0.0	0.008549365692222834	0.03254274682846112	0.04302261445118588	0.003861003861003861	0.02730281301709873	0.02592388306674021	0.019305019305019305	0.001654715940430226	0.011307225592939878	0.022338665195808054	0.02013237727523442	0.003861003861003861	0.012410369553226696	0.007446221731936017	0.007446221731936017	0.0	0.004688361831218974	0.05377826806398235	0.03861003861003861	0.004688361831218974	0.035852178709321565	0.023717595146166576	0.01020408163265306	0.001654715940430226	0.010479867622724766	0.03419746276889134	0.03116381687810259	0.003033645890788748	0.021787093215664643	0.02040816326530612	0.01820187534473249	0.003309431880860452	0.015444015444015444	0.02040816326530612	0.01847766133480419	0.002482073910645339	0.01765030336458908	0.0	0.01765030336458908	0.0	0.009652509652509652	0.016822945394373966	0.01516822945394374	0.000827357970215113	0.011583011583011582	0.02840595697738555	0.005239933811362383	0.003309431880860452	0.0019305019305019305	0.038058466629895205	0.03419746276889134	0.007170435741864313	0.02840595697738555
0.01847766133480419	0.017926089354660783	0.001654715940430226	0.012961941533370104	0.03337010479867623	0.024820739106453393	0.002482073910645339	0.01765030336458908	0.0	0.01461665747380033	0.0	0.00882515168229454	0.032818532818532815	0.04302261445118588	0.0035852178709321566	0.02730281301709873	0.0253723110865968	0.01958080529509101	0.002206287920573635	0.011031439602868174	0.022890237175951463	0.01958080529509101	0.0035852178709321566	0.0126861555432984	0.007446221731936017	0.006618863761720904	0.0	0.005515719801434087	0.054329840044125756	0.0383342526199669	0.005239933811362383	0.03557639271924986	0.023166023166023165	0.010479867622724766	0.002206287920573635	0.01020408163265306	0.03419746276889134	0.03088803088803089	0.0035852178709321566	0.02151130722559294	0.021235521235521235	0.01847766133480419	0.002482073910645339	0.01516822945394374	0.02040816326530612	0.018753447324875896	0.002482073910645339	0.017374517374517374	0.0	0.017374517374517374	0.0	0.009928295642581356	0.016822945394373966	0.01461665747380033	0.000827357970215113	0.012134583563154992	0.027578599007170437	0.005239933811362383	0.004136789851075565	0.0019305019305019305	0.03916161059018202	0.03419746276889134	0.005515719801434087	0.02840595697738555
0.01820187534473249	0.017926089354660783	0.0019305019305019305	0.012961941533370104	0.03309431880860452	0.02399338113623828	0.003309431880860452	0.017926089354660783	0.0	0.01461665747380033	0.0	0.00882515168229454	0.03309431880860452	0.042746828461114175	0.003309431880860452	0.027578599007170437	0.024820739106453393	0.019029233314947602	0.0027578599007170436	0.011583011583011582	0.02399338113623828	0.019029233314947602	0.002482073910645339	0.013237727523441808	0.006894649751792609	0.006618863761720904	0.0002757859900717044	0.005791505791505791	0.05405405405405406	0.039713182570325425	0.005515719801434087	0.03474903474903475	0.023166023166023165	0.010479867622724766	0.002206287920573635	0.01020408163265306	0.035852178709321565	0.029509100937672367	0.002482073910645339	0.022338665195808054	0.020683949255377827	0.019029233314947602	0.002482073910645339	0.01516822945394374	0.02040816326530612	0.018753447324875896	0.002206287920573635	0.01765030336458908	0.0	0.01765030336458908	0.0	0.009652509652509652	0.015719801434087147	0.014892443463872035	0.001654715940430226	0.012134583563154992	0.02785438499724214	0.004964147821290678	0.003861003861003861	0.002206287920573635	0.03998896856039713	0.03474903474903475	0.004136789851075565	0.02785438499724214
0.01765030336458908	0.01847766133480419	0.002482073910645339	0.012410369553226696	0.03364589078874793	0.023717595146166576	0.003033645890788748	0.017926089354660783	0.0	0.014892443463872035	0.0	0.008549365692222834	0.032818532818532815	0.04329840044125759	0.0035852178709321566	0.02702702702702703	0.025648097076668507	0.018753447324875896	0.0019305019305019305	0.011858797573083288	0.023166023166023165	0.01958080529509101	0.003033645890788748	0.012961941533370104	0.006894649751792609	0.006894649751792609	0.0002757859900717044	0.005515719801434087	0.05405405405405406	0.039713182570325425	0.005239933811362383	0.035024820739106455	0.023166023166023165	0.010479867622724766	0.002206287920573635	0.01020408163265306	0.03530060672917816	0.02923331494760066	0.0027578599007170436	0.022890237175951463	0.021235521235521235	0.019029233314947602	0.002206287920573635	0.014892443463872035	0.020959735245449532	0.01847766133480419	0.0013789299503585218	0.01820187534473249	0.0	0.01765030336458908	0.0	0.009652509652509652	0.015719801434087147	0.01461665747380033	0.001654715940430226	0.012410369553226696	0.02840595697738555	0.005239933811362383	0.003309431880860452	0.0019305019305019305	0.03998896856039713	0.03364589078874793	0.004136789851075565	0.02895752895752896
0.017926089354660783	0.018753447324875896	0.002206287920573635	0.012134583563154992	0.03392167677881964	0.02344180915609487	0.003033645890788748	0.017926089354660783	0.0	0.014892443463872035	0.0	0.008549365692222834	0.032818532818532815	0.043574186431329286	0.0035852178709321566	0.026751241036955323	0.026475455046883617	0.018753447324875896	0.0011031439602868175	0.011858797573083288	0.022890237175951463	0.02013237727523442	0.003033645890788748	0.0126861555432984	0.007170435741864313	0.006894649751792609	0.0002757859900717044	0.005239933811362383	0.054329840044125756	0.038885824600110315	0.004688361831218974	0.035852178709321565	0.022338665195808054	0.010479867622724766	0.003033645890788748	0.01020408163265306	0.035852178709321565	0.02840595697738555	0.0027578599007170436	0.023166023166023165	0.020959735245449532	0.01820187534473249	0.0027578599007170436	0.015444015444015444	0.021235521235521235	0.018753447324875896	0.0011031439602868175	0.017926089354660783	0.0	0.017374517374517374	0.0	0.009928295642581356	0.01516822945394374	0.014340871483728626	0.002206287920573635	0.0126861555432984	0.028130170987313845	0.005239933811362383	0.0035852178709321566	0.0019305019305019305	0.04109211252068395	0.03364589078874793	0.003309431880860452	0.02895752895752896
0.017374517374517374	0.01820187534473249	0.0027578599007170436	0.0126861555432984	0.03337010479867623	0.022890237175951463	0.003309431880860452	0.018753447324875896	0.0	0.01461665747380033	0.0	0.00882515168229454	0.03226696083838941	0.043574186431329286	0.004136789851075565	0.026751241036955323	0.026475455046883617	0.01847766133480419	0.0011031439602868175	0.012134583563154992	0.022890237175951463	0.02040816326530612	0.0027578599007170436	0.0126861555432984	0.007170435741864313	0.006618863761720904	0.0002757859900717044	0.005515719801434087	0.053502482073910645	0.038885824600110315	0.005239933811362383	0.03612796469939327	0.022338665195808054	0.010479867622724766	0.003033645890788748	0.01020408163265306	0.03723110865968009	0.028681742967457253	0.0019305019305019305	0.022338665195808054	0.02151130722559294	0.017374517374517374	0.002206287920573635	0.01627137341423056	0.02151130722559294	0.019029233314947602	0.0011031439602868175	0.017374517374517374	0.0	0.01627137341423056	0.0	0.011031439602868174	0.01516822945394374	0.014340871483728626	0.002206287920573635	0.0126861555432984	0.028130170987313845	0.005239933811362383	0.0035852178709321566	0.0019305019305019305	0.04081632653061224	0.03447324875896304	0.0035852178709321566	0.028130170987313845
0.017374517374517374	0.01765030336458908	0.0027578599007170436	0.013237727523441808	0.03226696083838941	0.023166023166023165	0.004136789851075565	0.018753447324875896	0.0	0.014892443463872035	0.0	0.008549365692222834	0.03226696083838941	0.04329840044125759	0.004136789851075565	0.02702702702702703	0.026199669056811915	0.01847766133480419	0.0013789299503585218	0.012134583563154992	0.023166023166023165	0.019856591285162713	0.002482073910645339	0.013237727523441808	0.007170435741864313	0.006894649751792609	0.0002757859900717044	0.005239933811362383	0.052675124103695535	0.0383342526199669	0.006067291781577496	0.03667953667953668	0.022890237175951463	0.01075565361279647	0.002482073910645339	0.009928295642581356	0.03667953667953668	0.02895752895752896	0.002206287920573635	0.022338665195808054	0.020959735245449532	0.01765030336458908	0.002482073910645339	0.01627137341423056	0.02151130722559294	0.019305019305019305	0.0011031439602868175	0.01709873138444567	0.0	0.01654715940430226	0.0	0.01075565361279647	0.01461665747380033	0.01461665747380033	0.002482073910645339	0.0126861555432984	0.02785438499724214	0.005239933811362383	0.003861003861003861	0.0019305019305019305	0.04109211252068395	0.03447324875896304	0.003309431880860452	0.028130170987313845
0.017374517374517374	0.01820187534473249	0.0027578599007170436	0.0126861555432984	0.031991174848317705	0.02344180915609487	0.004688361831218974	0.01820187534473249	0.0	0.015444015444015444	0.0	0.007997793712079426	0.03309431880860452	0.04329840044125759	0.003309431880860452	0.02702702702702703	0.026199669056811915	0.01820187534473249	0.0013789299503585218	0.012410369553226696	0.023166023166023165	0.02013237727523442	0.0019305019305019305	0.013513513513513514	0.006894649751792609	0.007446221731936017	0.000827357970215113	0.00441257584114727	0.05322669608383894	0.03861003861003861	0.005515719801434087	0.03667953667953668	0.022614451185879757	0.011307225592939878	0.0027578599007170436	0.009376723662437948	0.03612796469939327	0.02895752895752896	0.002482073910645339	0.022614451185879757	0.020959735245449532	0.017926089354660783	0.002482073910645339	0.015995587424158852	0.021787093215664643	0.019305019305019305	0.000827357970215113	0.01709873138444567	0.0	0.01654715940430226	0.0	0.01075565361279647	0.01461665747380033	0.014065085493656922	0.002206287920573635	0.013513513513513514	0.028130170987313845	0.005515719801434087	0.0035852178709321566	0.001654715940430226	0.04109211252068395	0.03557639271924986	0.003033645890788748	0.02702702702702703
0.01765030336458908	0.017926089354660783	0.002482073910645339	0.012961941533370104	0.031991174848317705	0.023166023166023165	0.004688361831218974	0.01847766133480419	0.0	0.01516822945394374	0.0	0.00827357970215113	0.03309431880860452	0.043574186431329286	0.003309431880860452	0.026751241036955323	0.026199669056811915	0.01958080529509101	0.0013789299503585218	0.011031439602868174	0.02344180915609487	0.019856591285162713	0.0019305019305019305	0.013513513513513514	0.006894649751792609	0.007446221731936017	0.000827357970215113	0.00441257584114727	0.05322669608383894	0.03998896856039713	0.005239933811362383	0.03557639271924986	0.02206287920573635	0.011583011583011582	0.003309431880860452	0.009100937672366244	0.03640375068946498	0.029509100937672367	0.002206287920573635	0.02206287920573635	0.02013237727523442	0.017926089354660783	0.003033645890788748	0.01627137341423056	0.021787093215664643	0.019029233314947602	0.000827357970215113	0.017374517374517374	0.0	0.016822945394373966	0.0	0.010479867622724766	0.014892443463872035	0.014340871483728626	0.0019305019305019305	0.013237727523441808	0.02702702702702703	0.005515719801434087	0.004688361831218974	0.001654715940430226	0.03998896856039713	0.03530060672917816	0.004136789851075565	0.02730281301709873
0.017926089354660783	0.01765030336458908	0.002206287920573635	0.013237727523441808	0.031991174848317705	0.023166023166023165	0.004688361831218974	0.01847766133480419	0.0	0.015444015444015444	0.0	0.007997793712079426	0.03254274682846112	0.04329840044125759	0.003861003861003861	0.02702702702702703	0.026751241036955323	0.019029233314947602	0.000827357970215113	0.011583011583011582	0.023166023166023165	0.019856591285162713	0.0019305019305019305	0.013789299503585218	0.006618863761720904	0.007997793712079426	0.0011031439602868175	0.003861003861003861	0.053502482073910645	0.04054054054054054	0.005791505791505791	0.03447324875896304	0.023166023166023165	0.011583011583011582	0.002206287920573635	0.009100937672366244	0.03667953667953668	0.029509100937672367	0.002206287920573635	0.021787093215664643	0.02013237727523442	0.01820187534473249	0.002482073910645339	0.01654715940430226	0.020683949255377827	0.019856591285162713	0.0013789299503585218	0.01709873138444567	0.0	0.01627137341423056	0.0	0.011031439602868174	0.014340871483728626	0.01461665747380033	0.002482073910645339	0.012961941533370104	0.027578599007170437	0.005515719801434087	0.004136789851075565	0.001654715940430226	0.03916161059018202	0.03557639271924986	0.004688361831218974	0.02702702702702703
0.01820187534473249	0.017926089354660783	0.0019305019305019305	0.012961941533370104	0.03226696083838941	0.023717595146166576	0.004688361831218974	0.01765030336458908	0.0	0.015444015444015444	0.0	0.007997793712079426	0.031991174848317705	0.04302261445118588	0.00441257584114727	0.02730281301709873	0.02702702702702703	0.018753447324875896	0.0005515719801434088	0.011858797573083288	0.022890237175951463	0.019856591285162713	0.0019305019305019305	0.014065085493656922	0.0063430777716492	0.007722007722007722	0.0013789299503585218	0.004136789851075565	0.05488141202426917	0.04054054054054054	0.005239933811362383	0.03474903474903475	0.022890237175951463	0.011583011583011582	0.002482073910645339	0.009100937672366244	0.035852178709321565	0.02895752895752896	0.002206287920573635	0.023166023166023165	0.020683949255377827	0.01765030336458908	0.002206287920573635	0.016822945394373966	0.020959735245449532	0.01958080529509101	0.0011031439602868175	0.017374517374517374	0.0	0.01654715940430226	0.0	0.01075565361279647	0.014340871483728626	0.014340871483728626	0.0027578599007170436	0.012961941533370104	0.028130170987313845	0.005239933811362383	0.0035852178709321566	0.0019305019305019305	0.03861003861003861	0.035852178709321565	0.004136789851075565	0.026751241036955323
0.01847766133480419	0.017926089354660783	0.001654715940430226	0.012961941533370104	0.03309431880860452	0.023166023166023165	0.004136789851075565	0.017926089354660783	0.0	0.015444015444015444	0.0	0.007997793712079426	0.03309431880860452	0.04302261445118588	0.003309431880860452	0.02730281301709873	0.026751241036955323	0.019029233314947602	0.000827357970215113	0.011583011583011582	0.022614451185879757	0.019305019305019305	0.0019305019305019305	0.014892443463872035	0.007170435741864313	0.007722007722007722	0.0005515719801434088	0.004136789851075565	0.05460562603419746	0.04136789851075565	0.004964147821290678	0.03474903474903475	0.022890237175951463	0.011583011583011582	0.002482073910645339	0.009100937672366244	0.03640375068946498	0.028130170987313845	0.002482073910645339	0.023166023166023165	0.02013237727523442	0.01820187534473249	0.002482073910645339	0.01654715940430226	0.020959735245449532	0.019305019305019305	0.0011031439602868175	0.01765030336458908	0.0	0.015719801434087147	0.0	0.011583011583011582	0.014065085493656922	0.01461665747380033	0.002482073910645339	0.013237727523441808	0.028681742967457253	0.005239933811362383	0.003033645890788748	0.0019305019305019305	0.03943739658025373	0.03557639271924986	0.003033645890788748	0.02702702702702703
0.017926089354660783	0.01847766133480419	0.002206287920573635	0.012410369553226696	0.03226696083838941	0.023166023166023165	0.005239933811362383	0.01765030336458908	0.0	0.015444015444015444	0.0	0.007997793712079426	0.03254274682846112	0.04247104247104247	0.003861003861003861	0.02785438499724214	0.02592388306674021	0.018753447324875896	0.001654715940430226	0.011858797573083288	0.022890237175951463	0.019029233314947602	0.002206287920573635	0.01461665747380033	0.007170435741864313	0.007997793712079426	0.0002757859900717044	0.004136789851075565	0.05239933811362383	0.04026475455046884	0.0063430777716492	0.03557639271924986	0.022614451185879757	0.011858797573083288	0.0027578599007170436	0.00882515168229454	0.03640375068946498	0.02785438499724214	0.002482073910645339	0.02344180915609487	0.02040816326530612	0.017374517374517374	0.002206287920573635	0.017374517374517374	0.02040816326530612	0.019029233314947602	0.0013789299503585218	0.01820187534473249	0.0	0.015719801434087147	0.0	0.011583011583011582	0.014340871483728626	0.01461665747380033	0.002482073910645339	0.012961941533370104	0.028681742967457253	0.00441257584114727	0.003033645890788748	0.0027578599007170436	0.04081632653061224	0.035024820739106455	0.0027578599007170436	0.027578599007170437
0.01847766133480419	0.01847766133480419	0.001654715940430226	0.012410369553226696	0.032818532818532815	0.022614451185879757	0.004964147821290678	0.017926089354660783	0.0	0.014892443463872035	0.0	0.008549365692222834	0.03364589078874793	0.041919470490899065	0.0027578599007170436	0.02840595697738555	0.026199669056811915	0.01847766133480419	0.0013789299503585218	0.012134583563154992	0.022890237175951463	0.01765030336458908	0.002482073910645339	0.015719801434087147	0.007170435741864313	0.007997793712079426	0.0002757859900717044	0.004136789851075565	0.052123552123552123	0.03943739658025373	0.0063430777716492	0.035852178709321565	0.022890237175951463	0.011307225592939878	0.002482073910645339	0.009376723662437948	0.035852178709321565	0.02840595697738555	0.003033645890788748	0.022890237175951463	0.019305019305019305	0.016822945394373966	0.003309431880860452	0.017926089354660783	0.02040816326530612	0.019305019305019305	0.0011031439602868175	0.01820187534473249	0.0	0.015444015444015444	0.0	0.011858797573083288	0.014065085493656922	0.01516822945394374	0.0027578599007170436	0.012410369553226696	0.02923331494760066	0.00441257584114727	0.002482073910645339	0.0027578599007170436	0.04109211252068395	0.035024820739106455	0.003309431880860452	0.027578599007170437
0.01820187534473249	0.01847766133480419	0.0019305019305019305	0.012410369553226696	0.031715388858246	0.022338665195808054	0.005791505791505791	0.01847766133480419	0.0	0.01516822945394374	0.0	0.00827357970215113	0.032818532818532815	0.042746828461114175	0.0035852178709321566	0.027578599007170437	0.025648097076668507	0.01847766133480419	0.0019305019305019305	0.012134583563154992	0.022614451185879757	0.016822945394373966	0.0027578599007170436	0.01654715940430226	0.007170435741864313	0.007446221731936017	0.0011031439602868175	0.003861003861003861	0.052123552123552123	0.038885824600110315	0.005515719801434087	0.03612796469939327	0.022890237175951463	0.011583011583011582	0.002482073910645339	0.009100937672366244	0.03640375068946498	0.02840595697738555	0.0027578599007170436	0.022614451185879757	0.01958080529509101	0.016822945394373966	0.003033645890788748	0.017926089354660783	0.02040816326530612	0.01847766133480419	0.0011031439602868175	0.019029233314947602	0.0	0.015444015444015444	0.0	0.011858797573083288	0.01461665747380033	0.014892443463872035	0.0027578599007170436	0.012134583563154992	0.028130170987313845	0.00441257584114727	0.0035852178709321566	0.0027578599007170436	0.04164368450082736	0.03530060672917816	0.003861003861003861	0.02730281301709873
0.01847766133480419	0.01820187534473249	0.001654715940430226	0.0126861555432984	0.03116381687810259	0.022890237175951463	0.006067291781577496	0.01820187534473249	0.0	0.015444015444015444	0.0	0.007997793712079426	0.031991174848317705	0.042195256480970764	0.00441257584114727	0.028130170987313845	0.0253723110865968	0.01820187534473249	0.002206287920573635	0.012410369553226696	0.022614451185879757	0.016822945394373966	0.0027578599007170436	0.01654715940430226	0.007170435741864313	0.007446221731936017	0.000827357970215113	0.004136789851075565	0.05129619415333701	0.0377826806398235	0.006618863761720904	0.03750689464975179	0.023166023166023165	0.011858797573083288	0.002206287920573635	0.00882515168229454	0.03640375068946498	0.02702702702702703	0.003309431880860452	0.02344180915609487	0.02013237727523442	0.017374517374517374	0.002482073910645339	0.017374517374517374	0.02013237727523442	0.01820187534473249	0.0013789299503585218	0.019305019305019305	0.0	0.015444015444015444	0.0	0.011858797573083288	0.014892443463872035	0.015444015444015444	0.002482073910645339	0.011583011583011582	0.028130170987313845	0.00441257584114727	0.0035852178709321566	0.0027578599007170436	0.04081632653061224	0.03557639271924986	0.004136789851075565	0.02702702702702703
0.01820187534473249	0.01820187534473249	0.0019305019305019305	0.0126861555432984	0.03254274682846112	0.021787093215664643	0.005515719801434087	0.01847766133480419	0.0	0.015444015444015444	0.0	0.007997793712079426	0.031991174848317705	0.04247104247104247	0.00441257584114727	0.02785438499724214	0.025096525096525095	0.017926089354660783	0.002482073910645339	0.0126861555432984	0.022890237175951463	0.01709873138444567	0.002206287920573635	0.01654715940430226	0.007170435741864313	0.007446221731936017	0.000827357970215113	0.004136789851075565	0.05184776613348042	0.038885824600110315	0.006618863761720904	0.03640375068946498	0.022614451185879757	0.012134583563154992	0.0027578599007170436	0.008549365692222834	0.03723110865968009	0.02702702702702703	0.002482073910645339	0.02344180915609487	0.019856591285162713	0.017374517374517374	0.0027578599007170436	0.017374517374517374	0.019029233314947602	0.019029233314947602	0.001654715940430226	0.019305019305019305	0.0	0.015719801434087147	0.0	0.011583011583011582	0.014340871483728626	0.01516822945394374	0.003033645890788748	0.011858797573083288	0.028681742967457253	0.00441257584114727	0.003033645890788748	0.0027578599007170436	0.04054054054054054	0.03612796469939327	0.003861003861003861	0.026475455046883617
0.018753447324875896	0.017926089354660783	0.0013789299503585218	0.012961941533370104	0.03392167677881964	0.02206287920573635	0.003861003861003861	0.01847766133480419	0.0	0.015719801434087147	0.0	0.007722007722007722	0.031991174848317705	0.04136789851075565	0.00441257584114727	0.02895752895752896	0.024544953116381687	0.01820187534473249	0.003033645890788748	0.012410369553226696	0.022614451185879757	0.017374517374517374	0.002206287920573635	0.01654715940430226	0.007446221731936017	0.007722007722007722	0.0005515719801434088	0.003861003861003861	0.052675124103695535	0.03916161059018202	0.006618863761720904	0.035852178709321565	0.021787093215664643	0.011583011583011582	0.0035852178709321566	0.009100937672366244	0.03640375068946498	0.026751241036955323	0.0027578599007170436	0.024269167126309985	0.02040816326530612	0.01709873138444567	0.002482073910645339	0.017374517374517374	0.01847766133480419	0.019029233314947602	0.002206287920573635	0.019305019305019305	0.0	0.015719801434087147	0.0	0.011583011583011582	0.014892443463872035	0.014892443463872035	0.002482073910645339	0.012134583563154992	0.02895752895752896	0.00441257584114727	0.0027578599007170436	0.0027578599007170436	0.0383342526199669	0.03640375068946498	0.005515719801434087	0.026199669056811915
0.018753447324875896	0.01820187534473249	0.0013789299503585218	0.0126861555432984	0.03419746276889134	0.021787093215664643	0.0035852178709321566	0.018753447324875896	0.0	0.01516822945394374	0.0	0.00827357970215113	0.03143960286817429	0.042195256480970764	0.004964147821290678	0.028130170987313845	0.025096525096525095	0.01847766133480419	0.002482073910645339	0.012134583563154992	0.02344180915609487	0.017374517374517374	0.001654715940430226	0.01627137341423056	0.007170435741864313	0.007722007722007722	0.0005515719801434088	0.004136789851075565	0.052675124103695535	0.038885824600110315	0.006894649751792609	0.03612796469939327	0.02206287920573635	0.011583011583011582	0.003309431880860452	0.009100937672366244	0.03530060672917816	0.026199669056811915	0.003861003861003861	0.024820739106453393	0.020959735245449532	0.016822945394373966	0.002206287920573635	0.017374517374517374	0.019029233314947602	0.018753447324875896	0.0019305019305019305	0.019305019305019305	0.0	0.015995587424158852	0.0	0.011307225592939878	0.015719801434087147	0.01461665747380033	0.0019305019305019305	0.012134583563154992	0.029509100937672367	0.00441257584114727	0.002206287920573635	0.0027578599007170436	0.03861003861003861	0.03723110865968009	0.004964147821290678	0.0253723110865968
0.019305019305019305	0.01847766133480419	0.000827357970215113	0.012410369553226696	0.03419746276889134	0.02206287920573635	0.003309431880860452	0.018753447324875896	0.0	0.01516822945394374	0.0	0.00827357970215113	0.03143960286817429	0.04247104247104247	0.004964147821290678	0.02785438499724214	0.025096525096525095	0.018753447324875896	0.002482073910645339	0.011858797573083288	0.023166023166023165	0.01654715940430226	0.0019305019305019305	0.01709873138444567	0.007446221731936017	0.007997793712079426	0.0	0.004136789851075565	0.05405405405405406	0.03861003861003861	0.006067291781577496	0.035852178709321565	0.021787093215664643	0.011858797573083288	0.0035852178709321566	0.00882515168229454	0.03419746276889134	0.026751241036955323	0.004964147821290678	0.024269167126309985	0.02040816326530612	0.016822945394373966	0.002482073910645339	0.01765030336458908	0.01958080529509101	0.018753447324875896	0.0013789299503585218	0.019305019305019305	0.0	0.015995587424158852	0.0	0.011307225592939878	0.015719801434087147	0.014892443463872035	0.0019305019305019305	0.011858797573083288	0.02923331494760066	0.004136789851075565	0.002482073910645339	0.003033645890788748	0.03943739658025373	0.03723110865968009	0.004136789851075565	0.0253723110865968
0.019305019305019305	0.01820187534473249	0.000827357970215113	0.0126861555432984	0.03447324875896304	0.022338665195808054	0.003033645890788748	0.01847766133480419	0.0	0.01516822945394374	0.0	0.00827357970215113	0.031715388858246	0.04247104247104247	0.004688361831218974	0.02785438499724214	0.025096525096525095	0.019029233314947602	0.002482073910645339	0.011583011583011582	0.022890237175951463	0.01654715940430226	0.002206287920573635	0.01709873138444567	0.007446221731936017	0.00827357970215113	0.0	0.003861003861003861	0.05488141202426917	0.038885824600110315	0.005791505791505791	0.03474903474903475	0.021787093215664643	0.012134583563154992	0.0035852178709321566	0.008549365692222834	0.03309431880860452	0.027578599007170437	0.005515719801434087	0.02399338113623828	0.021787093215664643	0.016822945394373966	0.001654715940430226	0.01709873138444567	0.01958080529509101	0.01765030336458908	0.0013789299503585218	0.02040816326530612	0.0	0.015995587424158852	0.0	0.011307225592939878	0.015995587424158852	0.014892443463872035	0.001654715940430226	0.011858797573083288	0.02923331494760066	0.004136789851075565	0.002482073910645339	0.003033645890788748	0.03998896856039713	0.03723110865968009	0.003861003861003861	0.0253723110865968
0.019029233314947602	0.01820187534473249	0.0011031439602868175	0.0126861555432984	0.03392167677881964	0.022614451185879757	0.0035852178709321566	0.01820187534473249	0.0	0.015719801434087147	0.0	0.007722007722007722	0.031991174848317705	0.042746828461114175	0.00441257584114727	0.027578599007170437	0.025096525096525095	0.019029233314947602	0.002482073910645339	0.011583011583011582	0.022614451185879757	0.016822945394373966	0.002206287920573635	0.01709873138444567	0.007446221731936017	0.007722007722007722	0.0002757859900717044	0.004136789851075565	0.055984555984555984	0.03861003861003861	0.005239933811362383	0.03447324875896304	0.02206287920573635	0.012134583563154992	0.003309431880860452	0.008549365692222834	0.03309431880860452	0.027578599007170437	0.005239933811362383	0.024269167126309985	0.021235521235521235	0.01627137341423056	0.0019305019305019305	0.017926089354660783	0.019029233314947602	0.01820187534473249	0.001654715940430226	0.02013237727523442	0.0	0.015995587424158852	0.0	0.011307225592939878	0.015995587424158852	0.014892443463872035	0.001654715940430226	0.011858797573083288	0.02978488692774407	0.004136789851075565	0.0019305019305019305	0.003033645890788748	0.04081632653061224	0.03695532266960838	0.003033645890788748	0.025648097076668507
0.018753447324875896	0.01765030336458908	0.0013789299503585218	0.013237727523441808	0.03392167677881964	0.022338665195808054	0.003033645890788748	0.019029233314947602	0.0	0.015995587424158852	0.0	0.007446221731936017	0.03309431880860452	0.042746828461114175	0.003309431880860452	0.027578599007170437	0.023717595146166576	0.019305019305019305	0.003861003861003861	0.011307225592939878	0.023166023166023165	0.01709873138444567	0.001654715940430226	0.016822945394373966	0.007446221731936017	0.007722007722007722	0.0002757859900717044	0.004136789851075565	0.05543298400441258	0.038885824600110315	0.0063430777716492	0.03392167677881964	0.02151130722559294	0.012410369553226696	0.003861003861003861	0.00827357970215113	0.03254274682846112	0.02730281301709873	0.0063430777716492	0.02399338113623828	0.021787093215664643	0.01627137341423056	0.0013789299503585218	0.017926089354660783	0.01847766133480419	0.01847766133480419	0.0019305019305019305	0.02013237727523442	0.0	0.015719801434087147	0.0	0.011583011583011582	0.015995587424158852	0.014892443463872035	0.001654715940430226	0.011858797573083288	0.029509100937672367	0.003861003861003861	0.002206287920573635	0.003309431880860452	0.03998896856039713	0.03640375068946498	0.0035852178709321566	0.026199669056811915
0.019305019305019305	0.01765030336458908	0.000827357970215113	0.013237727523441808	0.03364589078874793	0.022338665195808054	0.0035852178709321566	0.018753447324875896	0.0	0.015719801434087147	0.0	0.007722007722007722	0.03309431880860452	0.042746828461114175	0.003309431880860452	0.027578599007170437	0.02344180915609487	0.019305019305019305	0.004136789851075565	0.011307225592939878	0.02344180915609487	0.016822945394373966	0.001654715940430226	0.016822945394373966	0.007446221731936017	0.007722007722007722	0.0	0.00441257584114727	0.053502482073910645	0.038058466629895205	0.006894649751792609	0.035024820739106455	0.022614451185879757	0.0126861555432984	0.0027578599007170436	0.007997793712079426	0.03474903474903475	0.02785438499724214	0.00441257584114727	0.023166023166023165	0.022338665195808054	0.01627137341423056	0.0011031439602868175	0.01765030336458908	0.017926089354660783	0.019305019305019305	0.002482073910645339	0.019305019305019305	0.0	0.015719801434087147	0.0	0.011583011583011582	0.015995587424158852	0.01461665747380033	0.001654715940430226	0.012134583563154992	0.030612244897959183	0.004136789851075565	0.0011031439602868175	0.003033645890788748	0.04081632653061224	0.03640375068946498	0.003861003861003861	0.026199669056811915
0.019856591285162713	0.01847766133480419	0.0002757859900717044	0.012410369553226696	0.032818532818532815	0.022614451185879757	0.00441257584114727	0.01847766133480419	0.0	0.015444015444015444	0.0	0.007997793712079426	0.032818532818532815	0.04247104247104247	0.0035852178709321566	0.02785438499724214	0.02344180915609487	0.019029233314947602	0.004136789851075565	0.011583011583011582	0.022890237175951463	0.017374517374517374	0.002206287920573635	0.01627137341423056	0.007446221731936017	0.007722007722007722	0.0	0.00441257584114727	0.05405405405405406	0.0383342526199669	0.006067291781577496	0.035024820739106455	0.022338665195808054	0.0126861555432984	0.003033645890788748	0.007997793712079426	0.03419746276889134	0.02840595697738555	0.004688361831218974	0.022890237175951463	0.020959735245449532	0.01654715940430226	0.002482073910645339	0.017374517374517374	0.017926089354660783	0.019029233314947602	0.002482073910645339	0.01958080529509101	0.0	0.01654715940430226	0.0	0.01075565361279647	0.01627137341423056	0.014892443463872035	0.001654715940430226	0.011583011583011582	0.030060672917815775	0.00441257584114727	0.001654715940430226	0.0027578599007170436	0.04109211252068395	0.03640375068946498	0.0035852178709321566	0.026199669056811915
0.019856591285162713	0.01847766133480419	0.0002757859900717044	0.012410369553226696	0.03337010479867623	0.02206287920573635	0.004136789851075565	0.018753447324875896	0.0	0.015995587424158852	0.0	0.007446221731936017	0.03254274682846112	0.041919470490899065	0.003861003861003861	0.02840595697738555	0.023717595146166576	0.018753447324875896	0.003861003861003861	0.011858797573083288	0.022890237175951463	0.01765030336458908	0.002206287920573635	0.015995587424158852	0.007170435741864313	0.007170435741864313	0.0002757859900717044	0.004964147821290678	0.05488141202426917	0.038058466629895205	0.0063430777716492	0.03530060672917816	0.022338665195808054	0.012961941533370104	0.003033645890788748	0.007722007722007722	0.03392167677881964	0.02840595697738555	0.004688361831218974	0.023166023166023165	0.020683949255377827	0.015995587424158852	0.0027578599007170436	0.017926089354660783	0.01820187534473249	0.01958080529509101	0.0027578599007170436	0.01847766133480419	0.0	0.01627137341423056	0.0	0.011031439602868174	0.01627137341423056	0.014065085493656922	0.0019305019305019305	0.012134583563154992	0.030060672917815775	0.00441257584114727	0.001654715940430226	0.0027578599007170436	0.04026475455046884	0.03750689464975179	0.003309431880860452	0.025096525096525095
0.019029233314947602	0.019029233314947602	0.0011031439602868175	0.011858797573083288	0.03392167677881964	0.022614451185879757	0.0035852178709321566	0.01820187534473249	0.0	0.015995587424158852	0.0	0.007446221731936017	0.032818532818532815	0.041919470490899065	0.0035852178709321566	0.02840595697738555	0.023717595146166576	0.018753447324875896	0.003861003861003861	0.011858797573083288	0.023717595146166576	0.01709873138444567	0.0019305019305019305	0.015995587424158852	0.007446221731936017	0.007170435741864313	0.0	0.004964147821290678	0.05377826806398235	0.0383342526199669	0.006618863761720904	0.03557639271924986	0.023717595146166576	0.0126861555432984	0.001654715940430226	0.007997793712079426	0.03419746276889134	0.02840595697738555	0.004688361831218974	0.022890237175951463	0.02040816326530612	0.01461665747380033	0.0035852178709321566	0.018753447324875896	0.01820187534473249	0.019856591285162713	0.0027578599007170436	0.01820187534473249	0.0	0.016822945394373966	0.0	0.010479867622724766	0.016822945394373966	0.014340871483728626	0.0013789299503585218	0.011858797573083288	0.029509100937672367	0.00441257584114727	0.002206287920573635	0.0027578599007170436	0.04081632653061224	0.03723110865968009	0.003033645890788748	0.0253723110865968
0.01958080529509101	0.018753447324875896	0.0005515719801434088	0.012134583563154992	0.03309431880860452	0.022890237175951463	0.003861003861003861	0.01847766133480419	0.0	0.01516822945394374	0.0	0.00827357970215113	0.03337010479867623	0.04164368450082736	0.003033645890788748	0.028681742967457253	0.02344180915609487	0.01847766133480419	0.004136789851075565	0.012134583563154992	0.023717595146166576	0.017374517374517374	0.001654715940430226	0.015995587424158852	0.007446221731936017	0.006894649751792609	0.0	0.005239933811362383	0.05405405405405406	0.03861003861003861	0.007170435741864313	0.035024820739106455	0.023717595146166576	0.0126861555432984	0.001654715940430226	0.007997793712079426	0.03474903474903475	0.02840595697738555	0.004136789851075565	0.022890237175951463	0.020959735245449532	0.01461665747380033	0.003309431880860452	0.01847766133480419	0.019029233314947602	0.01958080529509101	0.002206287920573635	0.01820187534473249	0.0	0.016822945394373966	0.0	0.010479867622724766	0.017374517374517374	0.01461665747380033	0.000827357970215113	0.011583011583011582	0.02895752895752896	0.003861003861003861	0.0027578599007170436	0.003309431880860452	0.03943739658025373	0.0377826806398235	0.003861003861003861	0.024820739106453393
0.018753447324875896	0.01847766133480419	0.0013789299503585218	0.012410369553226696	0.03337010479867623	0.022890237175951463	0.003861003861003861	0.01820187534473249	0.0	0.014892443463872035	0.0	0.008549365692222834	0.03337010479867623	0.04164368450082736	0.003033645890788748	0.028681742967457253	0.023717595146166576	0.01847766133480419	0.003861003861003861	0.012134583563154992	0.02344180915609487	0.017374517374517374	0.002206287920573635	0.015719801434087147	0.007446221731936017	0.007170435741864313	0.0	0.004964147821290678	0.05377826806398235	0.03916161059018202	0.005791505791505791	0.03530060672917816	0.02399338113623828	0.012134583563154992	0.0013789299503585218	0.008549365692222834	0.03419746276889134	0.02840595697738555	0.004688361831218974	0.022890237175951463	0.021787093215664643	0.01516822945394374	0.002482073910645339	0.017926089354660783	0.019029233314947602	0.019029233314947602	0.002482073910645339	0.01847766133480419	0.0	0.016822945394373966	0.0	0.010479867622724766	0.017926089354660783	0.014340871483728626	0.0005515719801434088	0.011583011583011582	0.02840595697738555	0.004136789851075565	0.003309431880860452	0.003033645890788748	0.04026475455046884	0.0377826806398235	0.003861003861003861	0.024820739106453393
0.019029233314947602	0.018753447324875896	0.0011031439602868175	0.012134583563154992	0.03419746276889134	0.02399338113623828	0.003309431880860452	0.016822945394373966	0.0	0.014892443463872035	0.0	0.008549365692222834	0.03309431880860452	0.04081632653061224	0.003309431880860452	0.029509100937672367	0.02344180915609487	0.01820187534473249	0.004136789851075565	0.012410369553226696	0.023717595146166576	0.017926089354660783	0.0019305019305019305	0.01516822945394374	0.007170435741864313	0.007170435741864313	0.0002757859900717044	0.004964147821290678	0.05405405405405406	0.039713182570325425	0.006618863761720904	0.03447324875896304	0.024544953116381687	0.012134583563154992	0.000827357970215113	0.008549365692222834	0.03364589078874793	0.02923331494760066	0.004964147821290678	0.022338665195808054	0.02206287920573635	0.015719801434087147	0.002206287920573635	0.017374517374517374	0.017374517374517374	0.019305019305019305	0.003309431880860452	0.019029233314947602	0.0	0.01709873138444567	0.0	0.01020408163265306	0.018753447324875896	0.013789299503585218	0.0005515719801434088	0.011307225592939878	0.028130170987313845	0.003861003861003861	0.0035852178709321566	0.003309431880860452	0.04054054054054054	0.0383342526199669	0.0027578599007170436	0.024269167126309985
0.019029233314947602	0.017374517374517374	0.0011031439602868175	0.013513513513513514	0.03337010479867623	0.024820739106453393	0.003861003861003861	0.01627137341423056	0.0	0.014892443463872035	0.0	0.008549365692222834	0.032818532818532815	0.04109211252068395	0.0035852178709321566	0.02923331494760066	0.024820739106453393	0.01847766133480419	0.0027578599007170436	0.012134583563154992	0.023717595146166576	0.01847766133480419	0.001654715940430226	0.014892443463872035	0.007446221731936017	0.007170435741864313	0.0	0.004964147821290678	0.05377826806398235	0.039713182570325425	0.006067291781577496	0.03419746276889134	0.02399338113623828	0.012410369553226696	0.0013789299503585218	0.00827357970215113	0.03337010479867623	0.029509100937672367	0.004964147821290678	0.022338665195808054	0.021787093215664643	0.01654715940430226	0.002482073910645339	0.01654715940430226	0.017374517374517374	0.019029233314947602	0.003309431880860452	0.019305019305019305	0.0	0.01709873138444567	0.0	0.01020408163265306	0.019305019305019305	0.013513513513513514	0.0005515719801434088	0.011031439602868174	0.028681742967457253	0.003861003861003861	0.003033645890788748	0.003309431880860452	0.04164368450082736	0.0383342526199669	0.0027578599007170436	0.024269167126309985
0.01820187534473249	0.01709873138444567	0.0019305019305019305	0.013789299503585218	0.03337010479867623	0.025096525096525095	0.003861003861003861	0.015995587424158852	0.0	0.01461665747380033	0.0	0.00882515168229454	0.03364589078874793	0.04054054054054054	0.0027578599007170436	0.02978488692774407	0.025096525096525095	0.01820187534473249	0.002482073910645339	0.012410369553226696	0.022890237175951463	0.01820187534473249	0.0027578599007170436	0.014892443463872035	0.007446221731936017	0.007170435741864313	0.0	0.004964147821290678	0.052950910093767234	0.03943739658025373	0.006618863761720904	0.03447324875896304	0.02344180915609487	0.0126861555432984	0.0019305019305019305	0.007997793712079426	0.03364589078874793	0.03033645890788748	0.00441257584114727	0.021787093215664643	0.02151130722559294	0.016822945394373966	0.0027578599007170436	0.01627137341423056	0.017926089354660783	0.019856591285162713	0.003033645890788748	0.01820187534473249	0.0	0.01709873138444567	0.0	0.01020408163265306	0.01958080529509101	0.013513513513513514	0.0002757859900717044	0.011031439602868174	0.02923331494760066	0.003861003861003861	0.002482073910645339	0.003309431880860452	0.04164368450082736	0.0383342526199669	0.003033645890788748	0.024269167126309985
0.01765030336458908	0.01709873138444567	0.002482073910645339	0.013789299503585218	0.03419746276889134	0.024544953116381687	0.003309431880860452	0.01627137341423056	0.0	0.014340871483728626	0.0	0.009100937672366244	0.03309431880860452	0.04081632653061224	0.003309431880860452	0.029509100937672367	0.0253723110865968	0.01820187534473249	0.002206287920573635	0.012410369553226696	0.022614451185879757	0.017926089354660783	0.003033645890788748	0.01516822945394374	0.007446221731936017	0.007170435741864313	0.0	0.004964147821290678	0.05460562603419746	0.03943739658025373	0.0063430777716492	0.03447324875896304	0.02399338113623828	0.012410369553226696	0.0013789299503585218	0.00827357970215113	0.03337010479867623	0.03116381687810259	0.00441257584114727	0.021235521235521235	0.021235521235521235	0.01709873138444567	0.002482073910645339	0.01654715940430226	0.01765030336458908	0.020683949255377827	0.003033645890788748	0.01765030336458908	0.0	0.016822945394373966	0.0	0.010479867622724766	0.019029233314947602	0.013237727523441808	0.000827357970215113	0.011307225592939878	0.029509100937672367	0.004688361831218974	0.002206287920573635	0.002482073910645339	0.03916161059018202	0.03861003861003861	0.004136789851075565	0.02399338113623828
0.01765030336458908	0.016822945394373966	0.002482073910645339	0.014065085493656922	0.03254274682846112	0.024269167126309985	0.004136789851075565	0.017374517374517374	0.0	0.014340871483728626	0.0	0.009100937672366244	0.03419746276889134	0.04026475455046884	0.002206287920573635	0.030060672917815775	0.024820739106453393	0.01820187534473249	0.0027578599007170436	0.012410369553226696	0.02206287920573635	0.017926089354660783	0.0027578599007170436	0.015995587424158852	0.006894649751792609	0.006894649751792609	0.0005515719801434088	0.005239933811362383	0.056536127964699395	0.038885824600110315	0.005791505791505791	0.035024820739106455	0.023717595146166576	0.011583011583011582	0.001654715940430226	0.009100937672366244	0.03364589078874793	0.03143960286817429	0.00441257584114727	0.020683949255377827	0.02206287920573635	0.016822945394373966	0.002206287920573635	0.01627137341423056	0.017374517374517374	0.02013237727523442	0.003309431880860452	0.01820187534473249	0.0	0.01709873138444567	0.0	0.01020408163265306	0.01847766133480419	0.013237727523441808	0.0013789299503585218	0.011307225592939878	0.029509100937672367	0.004688361831218974	0.002206287920573635	0.002482073910645339	0.038058466629895205	0.03861003861003861	0.003861003861003861	0.02399338113623828
0.01847766133480419	0.01627137341423056	0.001654715940430226	0.01461665747380033	0.032818532818532815	0.022614451185879757	0.003861003861003861	0.019029233314947602	0.0	0.01461665747380033	0.0	0.00882515168229454	0.03364589078874793	0.04054054054054054	0.0027578599007170436	0.02978488692774407	0.024820739106453393	0.017926089354660783	0.0027578599007170436	0.0126861555432984	0.02206287920573635	0.018753447324875896	0.002482073910645339	0.015444015444015444	0.006067291781577496	0.007170435741864313	0.0011031439602868175	0.005239933811362383	0.0568119139547711	0.03916161059018202	0.005791505791505791	0.03474903474903475	0.023717595146166576	0.011583011583011582	0.001654715940430226	0.009100937672366244	0.03392167677881964	0.031991174848317705	0.004136789851075565	0.02013237727523442	0.022338665195808054	0.016822945394373966	0.001654715940430226	0.01654715940430226	0.01765030336458908	0.02013237727523442	0.003033645890788748	0.01820187534473249	0.0	0.017374517374517374	0.0	0.009928295642581356	0.017926089354660783	0.014065085493656922	0.001654715940430226	0.01075565361279647	0.029509100937672367	0.004688361831218974	0.002206287920573635	0.002482073910645339	0.038058466629895205	0.03861003861003861	0.0035852178709321566	0.02399338113623828
0.01847766133480419	0.01627137341423056	0.001654715940430226	0.01461665747380033	0.03337010479867623	0.02344180915609487	0.003033645890788748	0.01847766133480419	0.0	0.014340871483728626	0.0	0.009100937672366244	0.03337010479867623	0.04026475455046884	0.003033645890788748	0.030060672917815775	0.024544953116381687	0.01765030336458908	0.003033645890788748	0.012961941533370104	0.022338665195808054	0.018753447324875896	0.002206287920573635	0.015444015444015444	0.0063430777716492	0.006894649751792609	0.0011031439602868175	0.005239933811362383	0.0570876999448428	0.038885824600110315	0.005515719801434087	0.035852178709321565	0.023717595146166576	0.012134583563154992	0.001654715940430226	0.008549365692222834	0.03364589078874793	0.031715388858246	0.004688361831218974	0.02013237727523442	0.021787093215664643	0.01654715940430226	0.001654715940430226	0.017374517374517374	0.017926089354660783	0.02040816326530612	0.003033645890788748	0.01765030336458908	0.0	0.017374517374517374	0.0	0.009928295642581356	0.01765030336458908	0.014065085493656922	0.001654715940430226	0.011031439602868174	0.02895752895752896	0.004688361831218974	0.0027578599007170436	0.002482073910645339	0.03667953667953668	0.038885824600110315	0.004136789851075565	0.023717595146166576
0.018753447324875896	0.01627137341423056	0.0013789299503585218	0.01461665747380033	0.032818532818532815	0.02344180915609487	0.003309431880860452	0.018753447324875896	0.0	0.014340871483728626	0.0	0.009100937672366244	0.031991174848317705	0.03998896856039713	0.00441257584114727	0.03033645890788748	0.0253723110865968	0.019029233314947602	0.002206287920573635	0.011583011583011582	0.02206287920573635	0.019029233314947602	0.002206287920573635	0.015444015444015444	0.0063430777716492	0.007170435741864313	0.000827357970215113	0.005239933811362383	0.05515719801434087	0.038885824600110315	0.005791505791505791	0.03667953667953668	0.023166023166023165	0.012134583563154992	0.002206287920573635	0.008549365692222834	0.03447324875896304	0.031991174848317705	0.004136789851075565	0.01958080529509101	0.021235521235521235	0.01654715940430226	0.002482073910645339	0.01709873138444567	0.017926089354660783	0.02040816326530612	0.003309431880860452	0.017374517374517374	0.0	0.01709873138444567	0.0	0.01020408163265306	0.01820187534473249	0.013789299503585218	0.0013789299503585218	0.011031439602868174	0.02840595697738555	0.004688361831218974	0.003309431880860452	0.002482073910645339	0.03695532266960838	0.03861003861003861	0.004688361831218974	0.02399338113623828
0.018753447324875896	0.015995587424158852	0.0013789299503585218	0.014892443463872035	0.032818532818532815	0.022890237175951463	0.0035852178709321566	0.019029233314947602	0.0	0.014065085493656922	0.0	0.009376723662437948	0.03309431880860452	0.039713182570325425	0.003309431880860452	0.030612244897959183	0.02592388306674021	0.018753447324875896	0.001654715940430226	0.011858797573083288	0.022614451185879757	0.018753447324875896	0.001654715940430226	0.015719801434087147	0.0063430777716492	0.007997793712079426	0.0005515719801434088	0.004688361831218974	0.05543298400441258	0.0383342526199669	0.006067291781577496	0.03640375068946498	0.022614451185879757	0.012134583563154992	0.0027578599007170436	0.008549365692222834	0.03447324875896304	0.03143960286817429	0.00441257584114727	0.019856591285162713	0.02206287920573635	0.01654715940430226	0.002206287920573635	0.01654715940430226	0.019029233314947602	0.020683949255377827	0.002482073910645339	0.016822945394373966	0.0	0.01709873138444567	0.0	0.01020408163265306	0.01847766133480419	0.013789299503585218	0.0011031439602868175	0.011031439602868174	0.02730281301709873	0.004688361831218974	0.00441257584114727	0.002482073910645339	0.03695532266960838	0.03861003861003861	0.004964147821290678	0.02399338113623828
0.01820187534473249	0.01654715940430226	0.0019305019305019305	0.014340871483728626	0.03254274682846112	0.022614451185879757	0.004136789851075565	0.019029233314947602	0.0	0.013789299503585218	0.0	0.009652509652509652	0.032818532818532815	0.03943739658025373	0.0035852178709321566	0.03088803088803089	0.025648097076668507	0.019029233314947602	0.0019305019305019305	0.011583011583011582	0.022338665195808054	0.019029233314947602	0.0019305019305019305	0.015444015444015444	0.006067291781577496	0.007997793712079426	0.0011031439602868175	0.00441257584114727	0.056536127964699395	0.0377826806398235	0.006067291781577496	0.03640375068946498	0.022614451185879757	0.0126861555432984	0.0027578599007170436	0.007997793712079426	0.03419746276889134	0.031715388858246	0.004688361831218974	0.01958080529509101	0.022614451185879757	0.01654715940430226	0.001654715940430226	0.01654715940430226	0.019029233314947602	0.020959735245449532	0.002482073910645339	0.01654715940430226	0.0	0.017374517374517374	0.0	0.009928295642581356	0.019305019305019305	0.013513513513513514	0.000827357970215113	0.01075565361279647	0.02785438499724214	0.00441257584114727	0.003861003861003861	0.0027578599007170436	0.03557639271924986	0.038058466629895205	0.005791505791505791	0.024544953116381687
0.01820187534473249	0.016822945394373966	0.0019305019305019305	0.014065085493656922	0.03392167677881964	0.02206287920573635	0.003033645890788748	0.019305019305019305	0.0	0.013789299503585218	0.0	0.009652509652509652	0.03364589078874793	0.039713182570325425	0.0027578599007170436	0.030612244897959183	0.024820739106453393	0.018753447324875896	0.0027578599007170436	0.011858797573083288	0.022338665195808054	0.018753447324875896	0.001654715940430226	0.015995587424158852	0.006067291781577496	0.007997793712079426	0.0011031439602868175	0.00441257584114727	0.058190843905129616	0.03750689464975179	0.005515719801434087	0.03640375068946498	0.022338665195808054	0.012410369553226696	0.003033645890788748	0.00827357970215113	0.03530060672917816	0.03143960286817429	0.003861003861003861	0.01958080529509101	0.022338665195808054	0.01654715940430226	0.0019305019305019305	0.01654715940430226	0.01958080529509101	0.020959735245449532	0.0019305019305019305	0.01654715940430226	0.0	0.016822945394373966	0.0	0.010479867622724766	0.01847766133480419	0.012961941533370104	0.001654715940430226	0.011307225592939878	0.028681742967457253	0.00441257584114727	0.003033645890788748	0.0027578599007170436	0.03474903474903475	0.03667953667953668	0.005791505791505791	0.02592388306674021
0.01820187534473249	0.016822945394373966	0.0019305019305019305	0.014065085493656922	0.03309431880860452	0.022338665195808054	0.0035852178709321566	0.019305019305019305	0.0	0.013513513513513514	0.0	0.009928295642581356	0.03364589078874793	0.039713182570325425	0.0027578599007170436	0.030612244897959183	0.024269167126309985	0.01847766133480419	0.003309431880860452	0.012134583563154992	0.021787093215664643	0.018753447324875896	0.002206287920573635	0.015995587424158852	0.006067291781577496	0.007997793712079426	0.0011031439602868175	0.00441257584114727	0.05846662989520132	0.03750689464975179	0.005791505791505791	0.03612796469939327	0.02206287920573635	0.0126861555432984	0.003309431880860452	0.007997793712079426	0.03557639271924986	0.03143960286817429	0.0035852178709321566	0.01958080529509101	0.022890237175951463	0.016822945394373966	0.001654715940430226	0.015995587424158852	0.02040816326530612	0.021787093215664643	0.0011031439602868175	0.015719801434087147	0.0	0.016822945394373966	0.0	0.010479867622724766	0.017926089354660783	0.013237727523441808	0.0027578599007170436	0.010479867622724766	0.028681742967457253	0.00441257584114727	0.003033645890788748	0.0027578599007170436	0.03474903474903475	0.03750689464975179	0.005515719801434087	0.025096525096525095
0.01765030336458908	0.016822945394373966	0.002482073910645339	0.014065085493656922	0.032818532818532815	0.02206287920573635	0.003861003861003861	0.01958080529509101	0.0	0.013513513513513514	0.0	0.009928295642581356	0.03364589078874793	0.03998896856039713	0.0027578599007170436	0.03033645890788748	0.02399338113623828	0.01820187534473249	0.0035852178709321566	0.012410369553226696	0.021235521235521235	0.019029233314947602	0.0027578599007170436	0.015719801434087147	0.006067291781577496	0.007997793712079426	0.0011031439602868175	0.00441257584114727	0.05791505791505792	0.038058466629895205	0.006618863761720904	0.03557639271924986	0.022338665195808054	0.013513513513513514	0.003033645890788748	0.007170435741864313	0.03557639271924986	0.03116381687810259	0.003309431880860452	0.02013237727523442	0.022338665195808054	0.01765030336458908	0.0019305019305019305	0.015444015444015444	0.02040816326530612	0.02206287920573635	0.001654715940430226	0.014892443463872035	0.0	0.016822945394373966	0.0	0.010479867622724766	0.01820187534473249	0.013237727523441808	0.002206287920573635	0.01075565361279647	0.029509100937672367	0.00441257584114727	0.002206287920573635	0.0027578599007170436	0.03447324875896304	0.03695532266960838	0.005515719801434087	0.025648097076668507
0.017374517374517374	0.01709873138444567	0.0027578599007170436	0.013789299503585218	0.03447324875896304	0.023166023166023165	0.003033645890788748	0.01765030336458908	0.0	0.013237727523441808	0.0	0.01020408163265306	0.032818532818532815	0.038885824600110315	0.0035852178709321566	0.03143960286817429	0.024269167126309985	0.01847766133480419	0.003309431880860452	0.012134583563154992	0.021787093215664643	0.018753447324875896	0.002482073910645339	0.015719801434087147	0.006067291781577496	0.00827357970215113	0.0011031439602868175	0.004136789851075565	0.05846662989520132	0.03916161059018202	0.0063430777716492	0.03474903474903475	0.021787093215664643	0.013789299503585218	0.0035852178709321566	0.006894649751792609	0.03530060672917816	0.03033645890788748	0.003861003861003861	0.020683949255377827	0.022890237175951463	0.017926089354660783	0.0013789299503585218	0.01516822945394374	0.019305019305019305	0.022890237175951463	0.002206287920573635	0.01461665747380033	0.0	0.016822945394373966	0.0	0.010479867622724766	0.01820187534473249	0.013237727523441808	0.002206287920573635	0.01075565361279647	0.029509100937672367	0.00441257584114727	0.002206287920573635	0.0027578599007170436	0.035024820739106455	0.03640375068946498	0.00441257584114727	0.026199669056811915
0.017374517374517374	0.016822945394373966	0.0027578599007170436	0.014065085493656922	0.03557639271924986	0.022890237175951463	0.001654715940430226	0.01820187534473249	0.0	0.013237727523441808	0.0	0.01020408163265306	0.032818532818532815	0.03943739658025373	0.0035852178709321566	0.03088803088803089	0.024544953116381687	0.018753447324875896	0.003033645890788748	0.011858797573083288	0.021787093215664643	0.01958080529509101	0.0019305019305019305	0.015444015444015444	0.006067291781577496	0.007997793712079426	0.0011031439602868175	0.00441257584114727	0.058190843905129616	0.038885824600110315	0.007446221731936017	0.03474903474903475	0.02206287920573635	0.014065085493656922	0.003309431880860452	0.006618863761720904	0.03530060672917816	0.03143960286817429	0.003309431880860452	0.02013237727523442	0.022338665195808054	0.01820187534473249	0.001654715940430226	0.01516822945394374	0.019305019305019305	0.021787093215664643	0.0027578599007170436	0.01516822945394374	0.0	0.016822945394373966	0.0	0.010479867622724766	0.01847766133480419	0.013513513513513514	0.001654715940430226	0.01075565361279647	0.02978488692774407	0.004688361831218974	0.0019305019305019305	0.002482073910645339	0.03447324875896304	0.035852178709321565	0.00441257584114727	0.026751241036955323
0.016822945394373966	0.01627137341423056	0.003309431880860452	0.01461665747380033	0.035024820739106455	0.02344180915609487	0.001654715940430226	0.01820187534473249	0.0	0.012961941533370104	0.0	0.010479867622724766	0.03254274682846112	0.03916161059018202	0.003861003861003861	0.03116381687810259	0.024269167126309985	0.01958080529509101	0.003309431880860452	0.011031439602868174	0.02206287920573635	0.019305019305019305	0.001654715940430226	0.015719801434087147	0.006067291781577496	0.007997793712079426	0.0011031439602868175	0.00441257584114727	0.0568119139547711	0.038885824600110315	0.00827357970215113	0.03474903474903475	0.022338665195808054	0.013789299503585218	0.003033645890788748	0.006894649751792609	0.035852178709321565	0.03143960286817429	0.002482073910645339	0.02040816326530612	0.02151130722559294	0.01765030336458908	0.003033645890788748	0.01516822945394374	0.019305019305019305	0.02151130722559294	0.003033645890788748	0.01516822945394374	0.0	0.01654715940430226	0.0	0.01075565361279647	0.01820187534473249	0.012961941533370104	0.001654715940430226	0.011583011583011582	0.030060672917815775	0.004688361831218974	0.001654715940430226	0.002482073910645339	0.03474903474903475	0.03612796469939327	0.004688361831218974	0.026475455046883617
0.01654715940430226	0.016822945394373966	0.0035852178709321566	0.014065085493656922	0.03392167677881964	0.023717595146166576	0.003033645890788748	0.01765030336458908	0.0	0.012961941533370104	0.0	0.010479867622724766	0.032818532818532815	0.03916161059018202	0.0035852178709321566	0.03116381687810259	0.0253723110865968	0.01958080529509101	0.002206287920573635	0.011031439602868174	0.02206287920573635	0.01958080529509101	0.0019305019305019305	0.01516822945394374	0.006067291781577496	0.007997793712079426	0.0013789299503585218	0.004136789851075565	0.05791505791505792	0.038885824600110315	0.007446221731936017	0.035024820739106455	0.02206287920573635	0.013513513513513514	0.003309431880860452	0.007170435741864313	0.03667953667953668	0.030612244897959183	0.002482073910645339	0.02040816326530612	0.02151130722559294	0.01709873138444567	0.003033645890788748	0.015719801434087147	0.019305019305019305	0.021787093215664643	0.003309431880860452	0.01461665747380033	0.0	0.01627137341423056	0.0	0.011031439602868174	0.017926089354660783	0.013237727523441808	0.0019305019305019305	0.011307225592939878	0.03033645890788748	0.004688361831218974	0.0013789299503585218	0.002482073910645339	0.03419746276889134	0.03640375068946498	0.004688361831218974	0.026199669056811915
0.01709873138444567	0.016822945394373966	0.003033645890788748	0.014065085493656922	0.03309431880860452	0.024820739106453393	0.0027578599007170436	0.01765030336458908	0.0	0.013237727523441808	0.0	0.01020408163265306	0.032818532818532815	0.03943739658025373	0.0035852178709321566	0.03088803088803089	0.024820739106453393	0.019029233314947602	0.0027578599007170436	0.011583011583011582	0.02206287920573635	0.01958080529509101	0.002206287920573635	0.014892443463872035	0.006618863761720904	0.00827357970215113	0.0011031439602868175	0.0035852178709321566	0.05874241588527303	0.04026475455046884	0.006894649751792609	0.03337010479867623	0.022338665195808054	0.013789299503585218	0.003033645890788748	0.006894649751792609	0.03723110865968009	0.03088803088803089	0.002206287920573635	0.019856591285162713	0.022614451185879757	0.01654715940430226	0.002206287920573635	0.015995587424158852	0.019856591285162713	0.02151130722559294	0.0027578599007170436	0.014892443463872035	0.0	0.015995587424158852	0.0	0.011307225592939878	0.01765030336458908	0.013513513513513514	0.002206287920573635	0.011031439602868174	0.030612244897959183	0.004688361831218974	0.0011031439602868175	0.002482073910645339	0.03392167677881964	0.03695532266960838	0.004964147821290678	0.025648097076668507
0.016822945394373966	0.01654715940430226	0.003309431880860452	0.014340871483728626	0.03337010479867623	0.024820739106453393	0.002206287920573635	0.017926089354660783	0.0	0.0126861555432984	0.0	0.01075565361279647	0.03337010479867623	0.038885824600110315	0.003033645890788748	0.03143960286817429	0.024269167126309985	0.018753447324875896	0.003309431880860452	0.011858797573083288	0.022614451185879757	0.018753447324875896	0.002206287920573635	0.01516822945394374	0.006894649751792609	0.007997793712079426	0.0011031439602868175	0.0035852178709321566	0.05929398786541644	0.04081632653061224	0.007170435741864313	0.03337010479867623	0.022614451185879757	0.013789299503585218	0.0027578599007170436	0.006894649751792609	0.03667953667953668	0.031991174848317705	0.002482073910645339	0.019029233314947602	0.021235521235521235	0.017374517374517374	0.0035852178709321566	0.01516822945394374	0.01958080529509101	0.02151130722559294	0.0027578599007170436	0.01516822945394374	0.0	0.01627137341423056	0.0	0.011031439602868174	0.01765030336458908	0.012961941533370104	0.002206287920573635	0.011583011583011582	0.03088803088803089	0.004964147821290678	0.000827357970215113	0.002206287920573635	0.03309431880860452	0.03640375068946498	0.00441257584114727	0.026199669056811915
0.016822945394373966	0.01654715940430226	0.003309431880860452	0.014340871483728626	0.032818532818532815	0.024820739106453393	0.002482073910645339	0.01820187534473249	0.0	0.012410369553226696	0.0	0.011031439602868174	0.03392167677881964	0.038885824600110315	0.002482073910645339	0.03143960286817429	0.024820739106453393	0.019305019305019305	0.0027578599007170436	0.011307225592939878	0.021787093215664643	0.01847766133480419	0.002482073910645339	0.015995587424158852	0.006894649751792609	0.00827357970215113	0.000827357970215113	0.0035852178709321566	0.06012134583563155	0.04081632653061224	0.0063430777716492	0.032818532818532815	0.022890237175951463	0.014065085493656922	0.002482073910645339	0.006618863761720904	0.03723110865968009	0.03226696083838941	0.0019305019305019305	0.018753447324875896	0.020959735245449532	0.01765030336458908	0.003861003861003861	0.014892443463872035	0.019305019305019305	0.020959735245449532	0.003309431880860452	0.015444015444015444	0.0	0.01516822945394374	0.0	0.012134583563154992	0.017926089354660783	0.012961941533370104	0.001654715940430226	0.011858797573083288	0.030612244897959183	0.004688361831218974	0.0011031439602868175	0.002482073910645339	0.03419746276889134	0.03612796469939327	0.003861003861003861	0.026475455046883617
0.016822945394373966	0.01627137341423056	0.003309431880860452	0.01461665747380033	0.03309431880860452	0.025096525096525095	0.002206287920573635	0.017926089354660783	0.0	0.012410369553226696	0.0	0.011031439602868174	0.032818532818532815	0.03943739658025373	0.0035852178709321566	0.03088803088803089	0.025096525096525095	0.019856591285162713	0.002482073910645339	0.01075565361279647	0.021787093215664643	0.01765030336458908	0.002206287920573635	0.01709873138444567	0.006618863761720904	0.008549365692222834	0.000827357970215113	0.0035852178709321566	0.060397131825703256	0.04026475455046884	0.0063430777716492	0.03364589078874793	0.023166023166023165	0.014065085493656922	0.002206287920573635	0.006618863761720904	0.03667953667953668	0.031991174848317705	0.0027578599007170436	0.018753447324875896	0.021235521235521235	0.017926089354660783	0.0035852178709321566	0.01461665747380033	0.019856591285162713	0.020959735245449532	0.0027578599007170436	0.015444015444015444	0.0	0.014892443463872035	0.0	0.012410369553226696	0.01765030336458908	0.012961941533370104	0.0019305019305019305	0.011858797573083288	0.030060672917815775	0.004688361831218974	0.001654715940430226	0.002482073910645339	0.03364589078874793	0.03695532266960838	0.003861003861003861	0.025648097076668507
0.01765030336458908	0.01709873138444567	0.002482073910645339	0.013789299503585218	0.03337010479867623	0.02399338113623828	0.0019305019305019305	0.019029233314947602	0.0	0.011858797573083288	0.0	0.011583011583011582	0.031991174848317705	0.039713182570325425	0.00441257584114727	0.030612244897959183	0.024544953116381687	0.02013237727523442	0.003033645890788748	0.010479867622724766	0.022338665195808054	0.01765030336458908	0.002206287920573635	0.01654715940430226	0.0063430777716492	0.008549365692222834	0.000827357970215113	0.003861003861003861	0.06067291781577496	0.03943739658025373	0.006067291781577496	0.03474903474903475	0.022614451185879757	0.014065085493656922	0.0027578599007170436	0.006618863761720904	0.03640375068946498	0.03143960286817429	0.003033645890788748	0.019305019305019305	0.021235521235521235	0.01847766133480419	0.003309431880860452	0.014340871483728626	0.019856591285162713	0.020959735245449532	0.0027578599007170436	0.015444015444015444	0.0	0.014892443463872035	0.0	0.012410369553226696	0.01654715940430226	0.013789299503585218	0.0027578599007170436	0.011307225592939878	0.029509100937672367	0.004688361831218974	0.002206287920573635	0.002482073910645339	0.03254274682846112	0.03667953667953668	0.004688361831218974	0.02592388306674021
0.01709873138444567	0.016822945394373966	0.003033645890788748	0.014065085493656922	0.032818532818532815	0.02344180915609487	0.0027578599007170436	0.019305019305019305	0.0	0.011858797573083288	0.0	0.011583011583011582	0.032818532818532815	0.038885824600110315	0.0035852178709321566	0.03143960286817429	0.0253723110865968	0.02013237727523442	0.002206287920573635	0.010479867622724766	0.021787093215664643	0.017926089354660783	0.0027578599007170436	0.01627137341423056	0.0063430777716492	0.00827357970215113	0.0011031439602868175	0.003861003861003861	0.059845559845559844	0.03943739658025373	0.0063430777716492	0.03474903474903475	0.023166023166023165	0.013789299503585218	0.002206287920573635	0.006894649751792609	0.035852178709321565	0.031715388858246	0.004136789851075565	0.01847766133480419	0.021235521235521235	0.01765030336458908	0.003033645890788748	0.015444015444015444	0.01958080529509101	0.021787093215664643	0.0027578599007170436	0.014892443463872035	0.0	0.015444015444015444	0.0	0.011858797573083288	0.01765030336458908	0.013789299503585218	0.0013789299503585218	0.011583011583011582	0.02978488692774407	0.004688361831218974	0.0019305019305019305	0.002482073910645339	0.03364589078874793	0.03695532266960838	0.004136789851075565	0.025648097076668507
0.01765030336458908	0.01709873138444567	0.002482073910645339	0.013789299503585218	0.032818532818532815	0.024544953116381687	0.002206287920573635	0.018753447324875896	0.0	0.012134583563154992	0.0	0.011307225592939878	0.03254274682846112	0.03861003861003861	0.003861003861003861	0.031715388858246	0.024820739106453393	0.02040816326530612	0.0027578599007170436	0.01020408163265306	0.021235521235521235	0.01847766133480419	0.003033645890788748	0.015995587424158852	0.0063430777716492	0.008549365692222834	0.0011031439602868175	0.0035852178709321566	0.05956977385548814	0.03998896856039713	0.0063430777716492	0.03447324875896304	0.023717595146166576	0.013789299503585218	0.001654715940430226	0.006894649751792609	0.035852178709321565	0.03143960286817429	0.004136789851075565	0.018753447324875896	0.02151130722559294	0.01820187534473249	0.0019305019305019305	0.015719801434087147	0.01958080529509101	0.021787093215664643	0.0027578599007170436	0.014892443463872035	0.0	0.015719801434087147	0.0	0.011583011583011582	0.01765030336458908	0.013513513513513514	0.001654715940430226	0.011583011583011582	0.02978488692774407	0.004688361831218974	0.0019305019305019305	0.002482073910645339	0.03364589078874793	0.03667953667953668	0.004136789851075565	0.02592388306674021
0.01709873138444567	0.017374517374517374	0.003033645890788748	0.013513513513513514	0.03254274682846112	0.025096525096525095	0.002482073910645339	0.01820187534473249	0.0	0.012410369553226696	0.0	0.011031439602868174	0.03226696083838941	0.03861003861003861	0.004136789851075565	0.031715388858246	0.024820739106453393	0.02040816326530612	0.0027578599007170436	0.01020408163265306	0.020959735245449532	0.01820187534473249	0.003861003861003861	0.015719801434087147	0.006618863761720904	0.009100937672366244	0.000827357970215113	0.003033645890788748	0.060397131825703256	0.038885824600110315	0.006894649751792609	0.03474903474903475	0.023717595146166576	0.013789299503585218	0.001654715940430226	0.006894649751792609	0.03640375068946498	0.03143960286817429	0.0035852178709321566	0.018753447324875896	0.02206287920573635	0.01765030336458908	0.0013789299503585218	0.01627137341423056	0.019856591285162713	0.02151130722559294	0.002206287920573635	0.015444015444015444	0.0	0.015444015444015444	0.0	0.011858797573083288	0.01765030336458908	0.013513513513513514	0.0019305019305019305	0.011307225592939878	0.03033645890788748	0.004688361831218974	0.0013789299503585218	0.002482073910645339	0.031715388858246	0.03667953667953668	0.005515719801434087	0.02592388306674021
0.01709873138444567	0.01709873138444567	0.003033645890788748	0.013789299503585218	0.032818532818532815	0.0253723110865968	0.002482073910645339	0.01765030336458908	0.0	0.0126861555432984	0.0	0.01075565361279647	0.03226696083838941	0.0383342526199669	0.004136789851075565	0.031991174848317705	0.024820739106453393	0.02040816326530612	0.0027578599007170436	0.01020408163265306	0.020959735245449532	0.018753447324875896	0.0035852178709321566	0.015444015444015444	0.006618863761720904	0.00882515168229454	0.000827357970215113	0.003309431880860452	0.05846662989520132	0.03998896856039713	0.008549365692222834	0.03392167677881964	0.023717595146166576	0.013789299503585218	0.001654715940430226	0.006894649751792609	0.03667953667953668	0.030060672917815775	0.0035852178709321566	0.019856591285162713	0.021787093215664643	0.01820187534473249	0.0011031439602868175	0.01627137341423056	0.020683949255377827	0.02040816326530612	0.001654715940430226	0.01627137341423056	0.0	0.015444015444015444	0.0	0.011858797573083288	0.017374517374517374	0.013789299503585218	0.002206287920573635	0.011031439602868174	0.030060672917815775	0.00441257584114727	0.001654715940430226	0.0027578599007170436	0.03143960286817429	0.0377826806398235	0.005791505791505791	0.024820739106453393
0.017926089354660783	0.017374517374517374	0.002206287920573635	0.013513513513513514	0.031991174848317705	0.0253723110865968	0.003033645890788748	0.017926089354660783	0.0	0.012410369553226696	0.0	0.011031439602868174	0.03254274682846112	0.038885824600110315	0.003861003861003861	0.03143960286817429	0.024820739106453393	0.02040816326530612	0.0027578599007170436	0.01020408163265306	0.021787093215664643	0.018753447324875896	0.0027578599007170436	0.015444015444015444	0.006894649751792609	0.009100937672366244	0.0005515719801434088	0.003033645890788748	0.0570876999448428	0.04109211252068395	0.007997793712079426	0.03419746276889134	0.024269167126309985	0.013789299503585218	0.0011031439602868175	0.006894649751792609	0.03612796469939327	0.03116381687810259	0.003861003861003861	0.019029233314947602	0.02151130722559294	0.017926089354660783	0.0013789299503585218	0.01654715940430226	0.02040816326530612	0.019305019305019305	0.002206287920573635	0.01709873138444567	0.0	0.01516822945394374	0.0	0.012134583563154992	0.01709873138444567	0.013789299503585218	0.002206287920573635	0.011307225592939878	0.03033645890788748	0.00441257584114727	0.0013789299503585218	0.0027578599007170436	0.03143960286817429	0.0377826806398235	0.0063430777716492	0.024820739106453393
0.01820187534473249	0.017926089354660783	0.0019305019305019305	0.012961941533370104	0.03337010479867623	0.025096525096525095	0.002206287920573635	0.01765030336458908	0.0	0.0126861555432984	0.0	0.01075565361279647	0.030612244897959183	0.03916161059018202	0.005791505791505791	0.03116381687810259	0.024820739106453393	0.02040816326530612	0.0027578599007170436	0.01020408163265306	0.021787093215664643	0.018753447324875896	0.002482073910645339	0.015719801434087147	0.006894649751792609	0.009100937672366244	0.0002757859900717044	0.003309431880860452	0.058190843905129616	0.041919470490899065	0.006618863761720904	0.03392167677881964	0.02399338113623828	0.013789299503585218	0.0013789299503585218	0.006894649751792609	0.03612796469939327	0.030612244897959183	0.003861003861003861	0.01958080529509101	0.02206287920573635	0.017926089354660783	0.0013789299503585218	0.015995587424158852	0.020959735245449532	0.019305019305019305	0.0019305019305019305	0.016822945394373966	0.0	0.015444015444015444	0.0	0.011858797573083288	0.01709873138444567	0.014340871483728626	0.002482073910645339	0.010479867622724766	0.03033645890788748	0.00441257584114727	0.0013789299503585218	0.0027578599007170436	0.031715388858246	0.0377826806398235	0.005791505791505791	0.024820739106453393
