AAA	AAC	AAG	AAT	ACA	ACC	ACG	ACT	AGA	AGC	AGG	AGT	ATA	ATC	ATG	ATT	CAA	CAC	CAG	CAT	CCA	CCC	CCG	CCT	CGA	CGC	CGG	CGT	CTA	CTC	CTG	CTT	GAA	GAC	GAG	GAT	GCA	GCC	GCG	GCT	GGA	GGC	GGG	GGT	GTA	GTC	GTG	GTT	TAA	TAC	TAG	TAT	TCA	TCC	TCG	TCT	TGA	TGC	TGG	TGT	TTA	TTC	TTG	TTT
0.02461283185840708	0.02654867256637168	0.0013827433628318586	0.017422566371681415	0.04120575221238938	0.023230088495575226	0.002488938053097345	0.01521017699115044	0.0	0.008849557522123894	0.0	0.0035951327433628322	0.048396017699115036	0.045353982300884964	0.00995575221238938	0.04701327433628318	0.023230088495575226	0.016039823008849558	0.00165929203539823	0.009126106194690266	0.023783185840707963	0.013550884955752213	0.0013827433628318586	0.012168141592920356	0.012444690265486726	0.002765486725663717	0.000829646017699115	0.0013827433628318586	0.07079646017699115	0.02157079646017699	0.0058075221238938065	0.025995575221238937	0.02184734513274336	0.00995575221238938	0.002488938053097345	0.007743362831858406	0.028484513274336282	0.019358407079646017	0.0019358407079646015	0.01631637168141593	0.02184734513274336	0.016592920353982302	0.0058075221238938065	0.008849557522123894	0.02157079646017699	0.01327433628318584	0.0022123893805309734	0.011891592920353982	0.0	0.018805309734513283	0.0	0.018805309734513283	0.0273783185840708	0.01797566371681416	0.00331858407079646	0.0146570796460177	0.02461283185840708	0.0035951327433628322	0.002765486725663717	0.002765486725663717	0.033738938053097335	0.03761061946902655	0.0019358407079646015	0.02405973451327434
0.012997787610619468	0.02267699115044248	0.012997787610619468	0.021294247787610618	0.025442477876106196	0.020464601769911505	0.01963495575221239	0.016592920353982302	0.0	0.012721238938053098	0.0	0.012721238938053098	0.02820796460176991	0.04673672566371682	0.03014380530973451	0.04563053097345133	0.013550884955752213	0.01327433628318584	0.01133849557522124	0.011891592920353982	0.010232300884955753	0.013550884955752213	0.014103982300884955	0.012997787610619468	0.004424778761061947	0.004701327433628319	0.004701327433628319	0.003595132743362832	0.025442477876106196	0.026825221238938053	0.026825221238938053	0.028484513274336282	0.0146570796460177	0.008849557522123894	0.009679203539823008	0.008849557522123894	0.011891592920353982	0.017146017699115043	0.020188053097345133	0.01686946902654867	0.014380530973451327	0.009402654867256638	0.014103982300884955	0.015210176991150442	0.011061946902654867	0.010232300884955753	0.0146570796460177	0.012997787610619468	0.0	0.01686946902654867	0.0	0.020741150442477877	0.011891592920353982	0.011615044247787611	0.014103982300884955	0.012721238938053098	0.016039823008849558	0.00331858407079646	0.01133849557522124	0.0030420353982300885	0.024889380530973452	0.030420353982300884	0.027378318584070797	0.03125
0.014380530973451327	0.023230088495575223	0.011615044247787611	0.020741150442477877	0.02820796460176991	0.020741150442477877	0.01686946902654867	0.01631637168141593	0.0	0.012721238938053098	0.0	0.012721238938053098	0.030696902654867256	0.047289823008849555	0.02765486725663717	0.045077433628318585	0.013827433628318585	0.013827433628318585	0.011061946902654867	0.01133849557522124	0.01133849557522124	0.014103982300884955	0.012997787610619468	0.012444690265486726	0.005254424778761062	0.00497787610619469	0.0038716814159292035	0.00331858407079646	0.028484513274336282	0.02765486725663717	0.024336283185840708	0.02765486725663717	0.015210176991150442	0.008849557522123894	0.009126106194690266	0.008849557522123894	0.012444690265486726	0.017699115044247787	0.01963495575221239	0.01631637168141593	0.016039823008849558	0.009402654867256638	0.012444690265486726	0.015210176991150442	0.012721238938053098	0.010232300884955753	0.01327433628318584	0.012721238938053098	0.0	0.017146017699115043	0.0	0.020464601769911505	0.012997787610619468	0.012168141592920354	0.012997787610619468	0.012168141592920354	0.017699115044247787	0.00331858407079646	0.009679203539823008	0.0030420353982300885	0.02627212389380531	0.030696902654867256	0.025442477876106196	0.030973451327433628
0.015486725663716814	0.024059734513274336	0.010508849557522125	0.01991150442477876	0.02959070796460177	0.020464601769911505	0.015486725663716814	0.016592920353982302	0.0	0.012721238938053098	0.0	0.012721238938053098	0.033185840707964605	0.0478429203539823	0.025165929203539824	0.04452433628318584	0.0146570796460177	0.014103982300884955	0.010232300884955753	0.011061946902654867	0.01327433628318584	0.0146570796460177	0.011061946902654867	0.011891592920353982	0.006084070796460177	0.0055309734513274336	0.0030420353982300885	0.0027654867256637168	0.03125	0.02765486725663717	0.02295353982300885	0.027378318584070797	0.015763274336283186	0.009402654867256638	0.008573008849557522	0.008296460176991151	0.014380530973451327	0.01825221238938053	0.017699115044247787	0.015763274336283186	0.017422566371681415	0.009402654867256638	0.011061946902654867	0.015210176991150442	0.012997787610619468	0.010508849557522125	0.012997787610619468	0.012444690265486726	0.0	0.01686946902654867	0.0	0.020741150442477877	0.013550884955752213	0.012444690265486726	0.012444690265486726	0.011891592920353982	0.019081858407079644	0.00331858407079646	0.008296460176991151	0.0030420353982300885	0.02820796460176991	0.030973451327433628	0.022400442477876106	0.030696902654867256
0.016039823008849558	0.024059734513274336	0.00995575221238938	0.01991150442477876	0.030973451327433628	0.02101769911504425	0.014103982300884955	0.016039823008849558	0.0	0.012997787610619468	0.0	0.012444690265486726	0.03484513274336283	0.0478429203539823	0.02350663716814159	0.04452433628318584	0.016592920353982302	0.014103982300884955	0.008296460176991151	0.011061946902654867	0.014933628318584071	0.0146570796460177	0.009402654867256638	0.011891592920353982	0.006084070796460177	0.0055309734513274336	0.0030420353982300885	0.0027654867256637168	0.03373893805309734	0.027931415929203538	0.022400442477876106	0.027101769911504425	0.017146017699115043	0.009679203539823008	0.007190265486725664	0.008019911504424779	0.015763274336283186	0.017699115044247787	0.01631637168141593	0.01631637168141593	0.018805309734513276	0.009402654867256638	0.009679203539823008	0.015210176991150442	0.013827433628318585	0.010785398230088495	0.012168141592920354	0.012168141592920354	0.0	0.01686946902654867	0.0	0.020741150442477877	0.0146570796460177	0.012721238938053098	0.01133849557522124	0.011615044247787611	0.020464601769911505	0.00331858407079646	0.006913716814159292	0.0030420353982300885	0.029867256637168143	0.03152654867256637	0.018805309734513276	0.03014380530973451
0.017146017699115043	0.024336283185840708	0.008849557522123894	0.01963495575221239	0.03235619469026549	0.02101769911504425	0.012721238938053098	0.016039823008849558	0.0	0.01327433628318584	0.0	0.012168141592920354	0.03650442477876106	0.049778761061946904	0.021847345132743362	0.042588495575221236	0.017699115044247787	0.013827433628318585	0.007190265486725664	0.01133849557522124	0.017146017699115043	0.0146570796460177	0.007190265486725664	0.011891592920353982	0.006084070796460177	0.005254424778761062	0.0030420353982300885	0.0030420353982300885	0.036780973451327435	0.027931415929203538	0.020188053097345133	0.027101769911504425	0.01797566371681416	0.00995575221238938	0.006360619469026549	0.007743362831858407	0.017699115044247787	0.01797566371681416	0.014380530973451327	0.016039823008849558	0.019358407079646017	0.010508849557522125	0.009126106194690266	0.014103982300884955	0.015210176991150442	0.011061946902654867	0.010785398230088495	0.011891592920353982	0.0	0.01686946902654867	0.0	0.020741150442477877	0.015486725663716814	0.01327433628318584	0.010508849557522125	0.011061946902654867	0.021294247787610618	0.00331858407079646	0.006084070796460177	0.0030420353982300885	0.030696902654867256	0.03235619469026549	0.017146017699115043	0.0293141592920354
0.01686946902654867	0.024336283185840708	0.009126106194690266	0.01963495575221239	0.03456858407079646	0.021847345132743362	0.010508849557522125	0.015210176991150442	0.0	0.01327433628318584	0.0	0.012168141592920354	0.038993362831858405	0.05088495575221239	0.019358407079646017	0.041482300884955754	0.01797566371681416	0.013827433628318585	0.006913716814159292	0.01133849557522124	0.01797566371681416	0.014933628318584071	0.006360619469026549	0.011615044247787611	0.006084070796460177	0.005254424778761062	0.0030420353982300885	0.0030420353982300885	0.03871681415929203	0.029037610619469027	0.01825221238938053	0.025995575221238937	0.018528761061946904	0.009679203539823008	0.005807522123893806	0.008019911504424779	0.019358407079646017	0.01797566371681416	0.012721238938053098	0.016039823008849558	0.020464601769911505	0.010785398230088495	0.008019911504424779	0.013827433628318585	0.017422566371681415	0.01133849557522124	0.008573008849557522	0.011615044247787611	0.0	0.017146017699115043	0.0	0.020464601769911505	0.016592920353982302	0.013550884955752213	0.009402654867256638	0.010785398230088495	0.021847345132743362	0.00331858407079646	0.0055309734513274336	0.0030420353982300885	0.03125	0.034015486725663714	0.016592920353982302	0.02765486725663717
0.017422566371681415	0.024336283185840708	0.008573008849557522	0.01963495575221239	0.03567477876106195	0.02157079646017699	0.009402654867256638	0.015486725663716814	0.0	0.013827433628318585	0.0	0.011615044247787611	0.040099557522123894	0.05033185840707965	0.01825221238938053	0.0420353982300885	0.018528761061946904	0.014103982300884955	0.006360619469026549	0.011061946902654867	0.019081858407079644	0.0146570796460177	0.0055309734513274336	0.011615044247787611	0.006084070796460177	0.005254424778761062	0.0030420353982300885	0.0030420353982300885	0.0420353982300885	0.0293141592920354	0.016039823008849558	0.025719026548672565	0.019081858407079644	0.00995575221238938	0.005254424778761062	0.007743362831858407	0.01991150442477876	0.018528761061946904	0.012168141592920354	0.015486725663716814	0.02157079646017699	0.010785398230088495	0.006913716814159292	0.013827433628318585	0.017699115044247787	0.011615044247787611	0.008296460176991151	0.01133849557522124	0.0	0.017422566371681415	0.0	0.020188053097345133	0.01686946902654867	0.013550884955752213	0.009126106194690266	0.010785398230088495	0.022123893805309734	0.00331858407079646	0.005254424778761062	0.0030420353982300885	0.03456858407079646	0.03484513274336283	0.012168141592920354	0.026825221238938053
0.01825221238938053	0.024336283185840708	0.007743362831858407	0.01963495575221239	0.03705752212389381	0.02157079646017699	0.008019911504424779	0.015486725663716814	0.0	0.013827433628318585	0.0	0.011615044247787611	0.04286504424778761	0.051161504424778764	0.015486725663716814	0.04120575221238938	0.019358407079646017	0.014380530973451327	0.0055309734513274336	0.010785398230088495	0.020188053097345133	0.014933628318584071	0.004424778761061947	0.01133849557522124	0.006913716814159292	0.005254424778761062	0.0022123893805309734	0.0030420353982300885	0.043971238938053096	0.030420353982300884	0.0146570796460177	0.02461283185840708	0.019358407079646017	0.00995575221238938	0.00497787610619469	0.007743362831858407	0.021847345132743362	0.019081858407079644	0.010232300884955753	0.014933628318584071	0.023230088495575223	0.010785398230088495	0.005254424778761062	0.013827433628318585	0.01825221238938053	0.012168141592920354	0.007743362831858407	0.010785398230088495	0.0	0.017699115044247787	0.0	0.01991150442477876	0.01797566371681416	0.013827433628318585	0.008019911504424779	0.010508849557522125	0.022400442477876106	0.00331858407079646	0.00497787610619469	0.0030420353982300885	0.03650442477876106	0.03484513274336283	0.009679203539823008	0.026825221238938053
0.019081858407079644	0.024889380530973452	0.006913716814159292	0.019081858407079644	0.03844026548672566	0.022123893805309734	0.006360619469026549	0.015210176991150442	0.0	0.014103982300884955	0.0	0.01133849557522124	0.04341814159292035	0.051991150442477874	0.014933628318584071	0.040376106194690266	0.01991150442477876	0.014103982300884955	0.00497787610619469	0.011061946902654867	0.021294247787610618	0.014933628318584071	0.00331858407079646	0.01133849557522124	0.007466814159292036	0.005254424778761062	0.00165929203539823	0.0030420353982300885	0.04535398230088496	0.032079646017699116	0.0146570796460177	0.02267699115044248	0.01991150442477876	0.00995575221238938	0.004424778761061947	0.007743362831858407	0.02267699115044248	0.019081858407079644	0.009402654867256638	0.014933628318584071	0.024889380530973452	0.010785398230088495	0.003595132743362832	0.013827433628318585	0.01963495575221239	0.012168141592920354	0.006360619469026549	0.010785398230088495	0.0	0.01825221238938053	0.0	0.019358407079646017	0.018805309734513276	0.013827433628318585	0.007190265486725664	0.010508849557522125	0.02295353982300885	0.00331858407079646	0.004424778761061947	0.0030420353982300885	0.03733407079646018	0.03595132743362832	0.007743362831858407	0.025719026548672565
0.019358407079646017	0.025719026548672565	0.00663716814159292	0.01825221238938053	0.03954646017699115	0.022400442477876106	0.005254424778761062	0.014933628318584071	0.0	0.014103982300884955	0.0	0.01133849557522124	0.04480088495575221	0.0517146017699115	0.013550884955752213	0.04065265486725664	0.020741150442477877	0.014103982300884955	0.004148230088495576	0.011061946902654867	0.02157079646017699	0.014933628318584071	0.0030420353982300885	0.01133849557522124	0.007466814159292036	0.005254424778761062	0.00165929203539823	0.0030420353982300885	0.04894911504424779	0.03152654867256637	0.012444690265486726	0.023230088495575223	0.020188053097345133	0.010508849557522125	0.004148230088495576	0.007190265486725664	0.024336283185840708	0.019358407079646017	0.007743362831858407	0.0146570796460177	0.025719026548672565	0.01133849557522124	0.0027654867256637168	0.01327433628318584	0.020741150442477877	0.012444690265486726	0.005254424778761062	0.010508849557522125	0.0	0.01825221238938053	0.0	0.019358407079646017	0.020741150442477877	0.013827433628318585	0.005254424778761062	0.010508849557522125	0.02350663716814159	0.003595132743362832	0.0038716814159292035	0.0027654867256637168	0.037887168141592924	0.03733407079646018	0.005807522123893806	0.024336283185840708
0.021847345132743362	0.025995575221238937	0.004148230088495576	0.01797566371681416	0.03982300884955752	0.02157079646017699	0.00497787610619469	0.015763274336283186	0.0	0.014103982300884955	0.0	0.01133849557522124	0.04673672566371682	0.05282079646017699	0.011615044247787611	0.03954646017699115	0.02101769911504425	0.014103982300884955	0.0038716814159292035	0.011061946902654867	0.021847345132743362	0.015210176991150442	0.0027654867256637168	0.011061946902654867	0.007743362831858407	0.005254424778761062	0.0013827433628318584	0.0030420353982300885	0.0517146017699115	0.031803097345132744	0.010785398230088495	0.02295353982300885	0.020741150442477877	0.010508849557522125	0.003595132743362832	0.007190265486725664	0.025442477876106196	0.02101769911504425	0.00663716814159292	0.012997787610619468	0.02654867256637168	0.011615044247787611	0.0019358407079646017	0.012997787610619468	0.022123893805309734	0.013550884955752213	0.0038716814159292035	0.009402654867256638	0.0	0.018528761061946904	0.0	0.019081858407079644	0.021294247787610618	0.013827433628318585	0.004701327433628319	0.010508849557522125	0.023230088495575223	0.003595132743362832	0.004148230088495576	0.0027654867256637168	0.03733407079646018	0.03816371681415929	0.005254424778761062	0.02350663716814159
0.022123893805309734	0.02765486725663717	0.0038716814159292035	0.01631637168141593	0.04065265486725664	0.02157079646017699	0.004148230088495576	0.015763274336283186	0.0	0.014103982300884955	0.0	0.01133849557522124	0.049778761061946904	0.05420353982300885	0.008573008849557522	0.03816371681415929	0.021294247787610618	0.0146570796460177	0.003595132743362832	0.010508849557522125	0.022400442477876106	0.015486725663716814	0.0022123893805309734	0.010785398230088495	0.008019911504424779	0.0055309734513274336	0.0011061946902654867	0.0027654867256637168	0.05282079646017699	0.03235619469026549	0.00995575221238938	0.02267699115044248	0.022123893805309734	0.010785398230088495	0.0022123893805309734	0.006913716814159292	0.025719026548672565	0.02101769911504425	0.006360619469026549	0.012997787610619468	0.026825221238938053	0.011891592920353982	0.0019358407079646017	0.012444690265486726	0.023230088495575223	0.013827433628318585	0.002488938053097345	0.009402654867256638	0.0	0.018528761061946904	0.0	0.019081858407079644	0.022123893805309734	0.014380530973451327	0.0038716814159292035	0.00995575221238938	0.024059734513274336	0.003595132743362832	0.00331858407079646	0.0027654867256637168	0.03761061946902655	0.03816371681415929	0.004424778761061947	0.02350663716814159
0.02295353982300885	0.02820796460176991	0.0030420353982300885	0.015763274336283186	0.041482300884955754	0.021847345132743362	0.0030420353982300885	0.015763274336283186	0.0	0.013827433628318585	0.0	0.011615044247787611	0.049778761061946904	0.054756637168141595	0.008573008849557522	0.03761061946902655	0.022123893805309734	0.014933628318584071	0.0027654867256637168	0.010232300884955753	0.02295353982300885	0.016039823008849558	0.00165929203539823	0.010232300884955753	0.008296460176991151	0.0055309734513274336	0.000829646017699115	0.0027654867256637168	0.05558628318584071	0.03263274336283186	0.006913716814159292	0.02267699115044248	0.022400442477876106	0.011061946902654867	0.0019358407079646017	0.00663716814159292	0.02654867256637168	0.02157079646017699	0.0055309734513274336	0.012444690265486726	0.026825221238938053	0.011615044247787611	0.0019358407079646017	0.012721238938053098	0.023230088495575223	0.014380530973451327	0.0022123893805309734	0.009126106194690266	0.0	0.01797566371681416	0.0	0.01963495575221239	0.022400442477876106	0.014933628318584071	0.003595132743362832	0.009402654867256638	0.024889380530973452	0.00331858407079646	0.002488938053097345	0.0030420353982300885	0.03871681415929203	0.03844026548672566	0.00331858407079646	0.023230088495575223
0.02350663716814159	0.0293141592920354	0.002488938053097345	0.0146570796460177	0.042588495575221236	0.022400442477876106	0.0019358407079646017	0.015210176991150442	0.0	0.014103982300884955	0.0	0.01133849557522124	0.05088495575221239	0.05558628318584071	0.007466814159292036	0.036780973451327435	0.023230088495575223	0.015486725663716814	0.00165929203539823	0.009679203539823008	0.02295353982300885	0.016039823008849558	0.00165929203539823	0.010232300884955753	0.008019911504424779	0.006084070796460177	0.0011061946902654867	0.0022123893805309734	0.05669247787610619	0.033185840707964605	0.006360619469026549	0.022123893805309734	0.022400442477876106	0.01133849557522124	0.0019358407079646017	0.006360619469026549	0.027931415929203538	0.021294247787610618	0.004424778761061947	0.012444690265486726	0.027101769911504425	0.011891592920353982	0.00165929203539823	0.012444690265486726	0.024059734513274336	0.014103982300884955	0.00165929203539823	0.009126106194690266	0.0	0.018528761061946904	0.0	0.019081858407079644	0.024059734513274336	0.015486725663716814	0.0022123893805309734	0.008573008849557522	0.025165929203539824	0.003595132743362832	0.0022123893805309734	0.0027654867256637168	0.037887168141592924	0.03954646017699115	0.003595132743362832	0.022123893805309734
0.024336283185840708	0.02959070796460177	0.00165929203539823	0.014380530973451327	0.04231194690265487	0.022400442477876106	0.0022123893805309734	0.015210176991150442	0.0	0.0146570796460177	0.0	0.010785398230088495	0.051991150442477874	0.056969026548672565	0.006360619469026549	0.035398230088495575	0.023230088495575223	0.016039823008849558	0.00165929203539823	0.009126106194690266	0.022400442477876106	0.016039823008849558	0.0022123893805309734	0.010232300884955753	0.008849557522123894	0.006360619469026549	0.0002765486725663717	0.0019358407079646017	0.05779867256637168	0.034015486725663714	0.006084070796460177	0.021294247787610618	0.02295353982300885	0.01133849557522124	0.0013827433628318584	0.006360619469026549	0.029037610619469027	0.02157079646017699	0.00331858407079646	0.012168141592920354	0.027378318584070797	0.012721238938053098	0.0013827433628318584	0.011615044247787611	0.024059734513274336	0.014103982300884955	0.00165929203539823	0.009126106194690266	0.0	0.018805309734513276	0.0	0.018805309734513276	0.024889380530973452	0.015486725663716814	0.0013827433628318584	0.008573008849557522	0.025442477876106196	0.003595132743362832	0.0019358407079646017	0.0027654867256637168	0.03844026548672566	0.040099557522123894	0.0022123893805309734	0.02157079646017699
0.024336283185840708	0.029867256637168143	0.00165929203539823	0.014103982300884955	0.0420353982300885	0.023230088495575223	0.002488938053097345	0.014380530973451327	0.0	0.015486725663716814	0.0	0.00995575221238938	0.053650442477876106	0.0586283185840708	0.004701327433628319	0.03373893805309734	0.02350663716814159	0.017146017699115043	0.0013827433628318584	0.008019911504424779	0.022123893805309734	0.016039823008849558	0.002488938053097345	0.010232300884955753	0.008573008849557522	0.006360619469026549	0.0005530973451327434	0.0019358407079646017	0.06028761061946902	0.035398230088495575	0.005254424778761062	0.01991150442477876	0.023783185840707963	0.011061946902654867	0.0005530973451327434	0.00663716814159292	0.02959070796460177	0.022400442477876106	0.0027654867256637168	0.01133849557522124	0.02765486725663717	0.012997787610619468	0.0013827433628318584	0.011061946902654867	0.024889380530973452	0.014103982300884955	0.000829646017699115	0.009126106194690266	0.0	0.019358407079646017	0.0	0.01825221238938053	0.024889380530973452	0.015763274336283186	0.0013827433628318584	0.008296460176991151	0.02654867256637168	0.0038716814159292035	0.000829646017699115	0.002488938053097345	0.036780973451327435	0.04065265486725664	0.0022123893805309734	0.02101769911504425
0.024889380530973452	0.029867256637168143	0.0011061946902654867	0.014103982300884955	0.04314159292035398	0.02350663716814159	0.0013827433628318584	0.014103982300884955	0.0	0.016039823008849558	0.0	0.009402654867256638	0.053373893805309734	0.059734513274336286	0.00497787610619469	0.03263274336283186	0.023230088495575223	0.01631637168141593	0.00165929203539823	0.008849557522123894	0.022123893805309734	0.016039823008849558	0.002488938053097345	0.010232300884955753	0.008849557522123894	0.006084070796460177	0.0002765486725663717	0.0022123893805309734	0.060564159292035395	0.035398230088495575	0.005254424778761062	0.01991150442477876	0.023783185840707963	0.011891592920353982	0.0005530973451327434	0.005807522123893806	0.029867256637168143	0.02267699115044248	0.002488938053097345	0.011061946902654867	0.027378318584070797	0.01327433628318584	0.00165929203539823	0.010785398230088495	0.02461283185840708	0.0146570796460177	0.0011061946902654867	0.008573008849557522	0.0	0.01963495575221239	0.0	0.01797566371681416	0.024336283185840708	0.01686946902654867	0.0019358407079646017	0.007190265486725664	0.02627212389380531	0.004701327433628319	0.0011061946902654867	0.00165929203539823	0.03595132743362832	0.04120575221238938	0.0027654867256637168	0.020464601769911505
0.024889380530973452	0.03014380530973451	0.0011061946902654867	0.013827433628318585	0.04314159292035398	0.02350663716814159	0.0011061946902654867	0.014380530973451327	0.0	0.016039823008849558	0.0	0.009402654867256638	0.053650442477876106	0.059734513274336286	0.004701327433628319	0.03263274336283186	0.023783185840707963	0.016592920353982302	0.0011061946902654867	0.008573008849557522	0.022400442477876106	0.016039823008849558	0.0022123893805309734	0.010232300884955753	0.008849557522123894	0.006084070796460177	0.0002765486725663717	0.0022123893805309734	0.0625	0.03595132743362832	0.004148230088495576	0.01991150442477876	0.02350663716814159	0.011891592920353982	0.000829646017699115	0.005807522123893806	0.03014380530973451	0.022123893805309734	0.0022123893805309734	0.011615044247787611	0.027931415929203538	0.012997787610619468	0.0013827433628318584	0.010785398230088495	0.02461283185840708	0.015763274336283186	0.000829646017699115	0.007743362831858407	0.0	0.020464601769911505	0.0	0.017146017699115043	0.024889380530973452	0.01686946902654867	0.0013827433628318584	0.007190265486725664	0.02654867256637168	0.004701327433628319	0.000829646017699115	0.00165929203539823	0.03456858407079646	0.041758849557522126	0.0027654867256637168	0.01991150442477876
0.024889380530973452	0.030973451327433628	0.0011061946902654867	0.012997787610619468	0.043694690265486724	0.02350663716814159	0.0005530973451327434	0.014380530973451327	0.0	0.016039823008849558	0.0	0.009402654867256638	0.05309734513274336	0.06111725663716814	0.005254424778761062	0.03125	0.024336283185840708	0.01686946902654867	0.0005530973451327434	0.008296460176991151	0.02295353982300885	0.016592920353982302	0.00165929203539823	0.009679203539823008	0.009126106194690266	0.005807522123893806	0.0002765486725663717	0.0022123893805309734	0.06498893805309734	0.03622787610619469	0.00331858407079646	0.01963495575221239	0.02295353982300885	0.011891592920353982	0.0013827433628318584	0.005807522123893806	0.03014380530973451	0.022400442477876106	0.0019358407079646017	0.011615044247787611	0.028484513274336282	0.01327433628318584	0.000829646017699115	0.010508849557522125	0.024336283185840708	0.015763274336283186	0.0011061946902654867	0.007743362831858407	0.0	0.02157079646017699	0.0	0.016039823008849558	0.025165929203539824	0.016592920353982302	0.0011061946902654867	0.007466814159292036	0.02627212389380531	0.004701327433628319	0.0011061946902654867	0.00165929203539823	0.03346238938053098	0.04120575221238938	0.0022123893805309734	0.020464601769911505
0.025442477876106196	0.03152654867256637	0.0005530973451327434	0.012444690265486726	0.043971238938053096	0.024336283185840708	0.0002765486725663717	0.013550884955752213	0.0	0.015763274336283186	0.0	0.009679203539823008	0.05448008849557522	0.060564159292035395	0.0038716814159292035	0.031803097345132744	0.024889380530973452	0.017699115044247787	0.0	0.007466814159292036	0.023230088495575223	0.017699115044247787	0.0013827433628318584	0.008573008849557522	0.009402654867256638	0.005807522123893806	0.0	0.0022123893805309734	0.06637168141592921	0.036780973451327435	0.00331858407079646	0.019081858407079644	0.02295353982300885	0.011891592920353982	0.0013827433628318584	0.005807522123893806	0.0293141592920354	0.023783185840707963	0.0019358407079646017	0.011061946902654867	0.028484513274336282	0.01327433628318584	0.000829646017699115	0.010508849557522125	0.024336283185840708	0.016592920353982302	0.0011061946902654867	0.006913716814159292	0.0	0.022123893805309734	0.0	0.015486725663716814	0.025165929203539824	0.017146017699115043	0.000829646017699115	0.007190265486725664	0.02654867256637168	0.004424778761061947	0.000829646017699115	0.0019358407079646017	0.03235619469026549	0.041482300884955754	0.0019358407079646017	0.020188053097345133
0.025719026548672565	0.03235619469026549	0.0002765486725663717	0.011615044247787611	0.043694690265486724	0.02350663716814159	0.0011061946902654867	0.013827433628318585	0.0	0.016039823008849558	0.0	0.009402654867256638	0.05530973451327434	0.061670353982300884	0.0030420353982300885	0.030696902654867256	0.02461283185840708	0.01797566371681416	0.0002765486725663717	0.007190265486725664	0.023230088495575223	0.017422566371681415	0.0013827433628318584	0.008849557522123894	0.009126106194690266	0.0055309734513274336	0.0002765486725663717	0.002488938053097345	0.06747787610619468	0.036780973451327435	0.0030420353982300885	0.019081858407079644	0.02267699115044248	0.011891592920353982	0.00165929203539823	0.005807522123893806	0.02959070796460177	0.024059734513274336	0.00165929203539823	0.010785398230088495	0.02820796460176991	0.013550884955752213	0.000829646017699115	0.010508849557522125	0.025442477876106196	0.016592920353982302	0.0005530973451327434	0.006360619469026549	0.0	0.022123893805309734	0.0	0.015486725663716814	0.024889380530973452	0.017422566371681415	0.0011061946902654867	0.006913716814159292	0.02627212389380531	0.004424778761061947	0.0011061946902654867	0.0019358407079646017	0.032079646017699116	0.04286504424778761	0.0013827433628318584	0.018805309734513276
0.025995575221238937	0.03235619469026549	0.0	0.011615044247787611	0.04341814159292035	0.02350663716814159	0.0013827433628318584	0.013827433628318585	0.0	0.016039823008849558	0.0	0.009402654867256638	0.05530973451327434	0.061946902654867256	0.0030420353982300885	0.030420353982300884	0.024336283185840708	0.018805309734513276	0.0005530973451327434	0.006360619469026549	0.023230088495575223	0.017146017699115043	0.0013827433628318584	0.009126106194690266	0.009126106194690266	0.0055309734513274336	0.0002765486725663717	0.002488938053097345	0.06720132743362832	0.03650442477876106	0.004701327433628319	0.019358407079646017	0.023230088495575223	0.011891592920353982	0.0011061946902654867	0.005807522123893806	0.03014380530973451	0.024336283185840708	0.0011061946902654867	0.010508849557522125	0.028484513274336282	0.013827433628318585	0.000829646017699115	0.00995575221238938	0.025442477876106196	0.01686946902654867	0.0002765486725663717	0.006360619469026549	0.0	0.02295353982300885	0.0	0.0146570796460177	0.02461283185840708	0.017422566371681415	0.0013827433628318584	0.006913716814159292	0.02627212389380531	0.004424778761061947	0.0011061946902654867	0.0019358407079646017	0.03014380530973451	0.04424778761061947	0.0019358407079646017	0.017422566371681415
0.025442477876106196	0.033185840707964605	0.0005530973451327434	0.010785398230088495	0.04424778761061947	0.024059734513274336	0.000829646017699115	0.012997787610619468	0.0	0.016039823008849558	0.0	0.009402654867256638	0.05530973451327434	0.06332964601769911	0.0030420353982300885	0.029037610619469027	0.024336283185840708	0.018528761061946904	0.0005530973451327434	0.00663716814159292	0.023783185840707963	0.016039823008849558	0.000829646017699115	0.010232300884955753	0.008849557522123894	0.005807522123893806	0.0002765486725663717	0.002488938053097345	0.0694137168141593	0.03650442477876106	0.004701327433628319	0.019081858407079644	0.02350663716814159	0.011891592920353982	0.000829646017699115	0.005807522123893806	0.030420353982300884	0.02461283185840708	0.000829646017699115	0.010232300884955753	0.02820796460176991	0.013827433628318585	0.0011061946902654867	0.00995575221238938	0.025165929203539824	0.016039823008849558	0.0005530973451327434	0.007190265486725664	0.0	0.024059734513274336	0.0	0.013550884955752213	0.02461283185840708	0.017699115044247787	0.0013827433628318584	0.00663716814159292	0.02654867256637168	0.004424778761061947	0.000829646017699115	0.0019358407079646017	0.027931415929203538	0.04424778761061947	0.0022123893805309734	0.017422566371681415
0.025719026548672565	0.03346238938053098	0.0002765486725663717	0.010508849557522125	0.042588495575221236	0.024889380530973452	0.0022123893805309734	0.012444690265486726	0.0	0.01631637168141593	0.0	0.009126106194690266	0.05558628318584071	0.06277654867256637	0.0027654867256637168	0.02959070796460177	0.02461283185840708	0.018528761061946904	0.0002765486725663717	0.00663716814159292	0.024059734513274336	0.01631637168141593	0.0005530973451327434	0.00995575221238938	0.008849557522123894	0.005807522123893806	0.0005530973451327434	0.0022123893805309734	0.07051991150442478	0.03733407079646018	0.0038716814159292035	0.018528761061946904	0.02295353982300885	0.011891592920353982	0.0013827433628318584	0.005807522123893806	0.03014380530973451	0.024336283185840708	0.0005530973451327434	0.011061946902654867	0.028484513274336282	0.014103982300884955	0.000829646017699115	0.009679203539823008	0.025442477876106196	0.015763274336283186	0.0002765486725663717	0.007466814159292036	0.0	0.02461283185840708	0.0	0.012997787610619468	0.024336283185840708	0.01797566371681416	0.0013827433628318584	0.00663716814159292	0.026825221238938053	0.004424778761061947	0.0005530973451327434	0.0019358407079646017	0.02820796460176991	0.045077433628318585	0.0013827433628318584	0.016592920353982302
0.025995575221238937	0.03346238938053098	0.0	0.010508849557522125	0.04314159292035398	0.026825221238938053	0.00165929203539823	0.010508849557522125	0.0	0.01631637168141593	0.0	0.009126106194690266	0.05669247787610619	0.06360619469026549	0.00165929203539823	0.028761061946902654	0.024336283185840708	0.018805309734513276	0.0005530973451327434	0.006360619469026549	0.024059734513274336	0.017146017699115043	0.0005530973451327434	0.009126106194690266	0.009402654867256638	0.006084070796460177	0.0	0.0019358407079646017	0.07162610619469026	0.036780973451327435	0.00331858407079646	0.018805309734513276	0.023230088495575223	0.012168141592920354	0.0011061946902654867	0.0055309734513274336	0.03014380530973451	0.025165929203539824	0.0005530973451327434	0.010232300884955753	0.02820796460176991	0.014380530973451327	0.0011061946902654867	0.009402654867256638	0.025165929203539824	0.015486725663716814	0.000829646017699115	0.007466814159292036	0.0	0.025442477876106196	0.0	0.012168141592920354	0.02461283185840708	0.01797566371681416	0.0011061946902654867	0.00663716814159292	0.02654867256637168	0.004424778761061947	0.000829646017699115	0.0019358407079646017	0.028484513274336282	0.045077433628318585	0.000829646017699115	0.016592920353982302
0.025719026548672565	0.03373893805309734	0.0002765486725663717	0.010232300884955753	0.04341814159292035	0.027378318584070797	0.0013827433628318584	0.00995575221238938	0.0	0.01631637168141593	0.0	0.009126106194690266	0.05669247787610619	0.06360619469026549	0.00165929203539823	0.028761061946902654	0.023230088495575223	0.018805309734513276	0.00165929203539823	0.006360619469026549	0.024059734513274336	0.01686946902654867	0.000829646017699115	0.009126106194690266	0.009402654867256638	0.006360619469026549	0.0	0.00165929203539823	0.07328539823008849	0.03761061946902655	0.0027654867256637168	0.01797566371681416	0.02350663716814159	0.012721238938053098	0.000829646017699115	0.00497787610619469	0.029867256637168143	0.025442477876106196	0.0011061946902654867	0.009679203539823008	0.02820796460176991	0.013550884955752213	0.0011061946902654867	0.010232300884955753	0.025719026548672565	0.015210176991150442	0.000829646017699115	0.007190265486725664	0.0	0.024889380530973452	0.0	0.012721238938053098	0.024889380530973452	0.017699115044247787	0.000829646017699115	0.006913716814159292	0.026825221238938053	0.004701327433628319	0.0005530973451327434	0.00165929203539823	0.026825221238938053	0.04535398230088496	0.0013827433628318584	0.01631637168141593
0.025442477876106196	0.03373893805309734	0.0005530973451327434	0.010232300884955753	0.043971238938053096	0.028484513274336282	0.000829646017699115	0.008849557522123894	0.0	0.016039823008849558	0.0	0.009402654867256638	0.05613938053097345	0.06415929203539823	0.0022123893805309734	0.02820796460176991	0.024059734513274336	0.019081858407079644	0.000829646017699115	0.006084070796460177	0.02295353982300885	0.017146017699115043	0.0019358407079646017	0.008849557522123894	0.009402654867256638	0.006084070796460177	0.0	0.0019358407079646017	0.07383849557522124	0.03816371681415929	0.002488938053097345	0.017422566371681415	0.02350663716814159	0.013550884955752213	0.000829646017699115	0.004148230088495576	0.02959070796460177	0.025995575221238937	0.0013827433628318584	0.009126106194690266	0.029037610619469027	0.014103982300884955	0.0002765486725663717	0.009679203539823008	0.025995575221238937	0.014380530973451327	0.000829646017699115	0.007743362831858407	0.0	0.024336283185840708	0.0	0.01327433628318584	0.025165929203539824	0.017699115044247787	0.0005530973451327434	0.006913716814159292	0.02654867256637168	0.004424778761061947	0.000829646017699115	0.0019358407079646017	0.027101769911504425	0.045077433628318585	0.000829646017699115	0.016592920353982302
0.025165929203539824	0.03346238938053098	0.000829646017699115	0.010508849557522125	0.04341814159292035	0.029037610619469027	0.0013827433628318584	0.008296460176991151	0.0	0.01631637168141593	0.0	0.009126106194690266	0.05613938053097345	0.06581858407079647	0.0022123893805309734	0.02654867256637168	0.023783185840707963	0.01825221238938053	0.0011061946902654867	0.006913716814159292	0.02350663716814159	0.018528761061946904	0.0011061946902654867	0.007743362831858407	0.009126106194690266	0.005807522123893806	0.0002765486725663717	0.0022123893805309734	0.07273230088495575	0.038993362831858405	0.00331858407079646	0.016592920353982302	0.02267699115044248	0.013827433628318585	0.00165929203539823	0.0038716814159292035	0.03014380530973451	0.025165929203539824	0.0011061946902654867	0.009679203539823008	0.029037610619469027	0.014380530973451327	0.0002765486725663717	0.009402654867256638	0.02627212389380531	0.0146570796460177	0.0005530973451327434	0.007466814159292036	0.0	0.024889380530973452	0.0	0.012721238938053098	0.025165929203539824	0.01825221238938053	0.0005530973451327434	0.006360619469026549	0.027101769911504425	0.005254424778761062	0.0002765486725663717	0.0011061946902654867	0.027378318584070797	0.04452433628318584	0.000829646017699115	0.017146017699115043
0.024889380530973452	0.03346238938053098	0.0011061946902654867	0.010508849557522125	0.042588495575221236	0.0293141592920354	0.00165929203539823	0.008573008849557522	0.0	0.01631637168141593	0.0	0.009126106194690266	0.05669247787610619	0.06581858407079647	0.00165929203539823	0.02654867256637168	0.02350663716814159	0.018805309734513276	0.0013827433628318584	0.006360619469026549	0.02350663716814159	0.019081858407079644	0.0013827433628318584	0.006913716814159292	0.009402654867256638	0.005807522123893806	0.0002765486725663717	0.0019358407079646017	0.07300884955752213	0.03954646017699115	0.0030420353982300885	0.016039823008849558	0.02295353982300885	0.014103982300884955	0.0013827433628318584	0.003595132743362832	0.030696902654867256	0.025165929203539824	0.0011061946902654867	0.009126106194690266	0.028761061946902654	0.013827433628318585	0.0005530973451327434	0.00995575221238938	0.025442477876106196	0.0146570796460177	0.0013827433628318584	0.007466814159292036	0.0	0.025995575221238937	0.0	0.011615044247787611	0.025719026548672565	0.018805309734513276	0.0	0.005807522123893806	0.026825221238938053	0.005254424778761062	0.0005530973451327434	0.0011061946902654867	0.027378318584070797	0.04452433628318584	0.000829646017699115	0.017146017699115043
0.025165929203539824	0.03346238938053098	0.000829646017699115	0.010508849557522125	0.04286504424778761	0.0293141592920354	0.0013827433628318584	0.008573008849557522	0.0	0.01631637168141593	0.0	0.009126106194690266	0.056969026548672565	0.06609513274336283	0.0013827433628318584	0.02627212389380531	0.02295353982300885	0.018805309734513276	0.0019358407079646017	0.006360619469026549	0.024059734513274336	0.018528761061946904	0.000829646017699115	0.007466814159292036	0.009402654867256638	0.0055309734513274336	0.0002765486725663717	0.0022123893805309734	0.07632743362831858	0.03954646017699115	0.0022123893805309734	0.01631637168141593	0.02350663716814159	0.014103982300884955	0.000829646017699115	0.003595132743362832	0.030973451327433628	0.025442477876106196	0.0011061946902654867	0.008573008849557522	0.029037610619469027	0.014380530973451327	0.0005530973451327434	0.009126106194690266	0.025442477876106196	0.014933628318584071	0.0013827433628318584	0.007190265486725664	0.0	0.02627212389380531	0.0	0.01133849557522124	0.025442477876106196	0.018528761061946904	0.0002765486725663717	0.006084070796460177	0.027101769911504425	0.005254424778761062	0.0002765486725663717	0.0011061946902654867	0.024889380530973452	0.04452433628318584	0.0005530973451327434	0.017146017699115043
0.025442477876106196	0.03290929203539823	0.0005530973451327434	0.011061946902654867	0.04314159292035398	0.0293141592920354	0.0013827433628318584	0.008296460176991151	0.0	0.016592920353982302	0.0	0.008849557522123894	0.05752212389380531	0.06692477876106195	0.000829646017699115	0.025442477876106196	0.02350663716814159	0.019358407079646017	0.0013827433628318584	0.005807522123893806	0.02461283185840708	0.018528761061946904	0.0002765486725663717	0.007466814159292036	0.009679203539823008	0.0055309734513274336	0.0	0.0022123893805309734	0.0771570796460177	0.04065265486725664	0.0022123893805309734	0.0146570796460177	0.023783185840707963	0.014380530973451327	0.0005530973451327434	0.00331858407079646	0.03125	0.024889380530973452	0.000829646017699115	0.009126106194690266	0.0293141592920354	0.014933628318584071	0.0002765486725663717	0.008573008849557522	0.025442477876106196	0.015210176991150442	0.0013827433628318584	0.006913716814159292	0.0	0.02627212389380531	0.0	0.01133849557522124	0.025165929203539824	0.01797566371681416	0.0005530973451327434	0.00663716814159292	0.027101769911504425	0.005254424778761062	0.0002765486725663717	0.0011061946902654867	0.024336283185840708	0.04535398230088496	0.000829646017699115	0.01631637168141593
0.024336283185840708	0.034292035398230086	0.00165929203539823	0.009679203539823008	0.04314159292035398	0.02959070796460177	0.00165929203539823	0.007743362831858407	0.0	0.015210176991150442	0.0	0.010232300884955753	0.05641592920353982	0.06747787610619468	0.0019358407079646017	0.024889380530973452	0.024059734513274336	0.018805309734513276	0.000829646017699115	0.006360619469026549	0.024336283185840708	0.019081858407079644	0.0005530973451327434	0.006913716814159292	0.009679203539823008	0.0055309734513274336	0.0	0.0022123893805309734	0.0771570796460177	0.041482300884955754	0.002488938053097345	0.013827433628318585	0.023783185840707963	0.013827433628318585	0.0005530973451327434	0.0038716814159292035	0.030973451327433628	0.02461283185840708	0.0013827433628318584	0.009126106194690266	0.0293141592920354	0.014933628318584071	0.0002765486725663717	0.008573008849557522	0.026825221238938053	0.016039823008849558	0.0002765486725663717	0.005807522123893806	0.0	0.026825221238938053	0.0	0.010785398230088495	0.025442477876106196	0.01797566371681416	0.0005530973451327434	0.006360619469026549	0.027101769911504425	0.005254424778761062	0.0002765486725663717	0.0011061946902654867	0.024059734513274336	0.04673672566371682	0.000829646017699115	0.014933628318584071
0.024889380530973452	0.03484513274336283	0.0011061946902654867	0.009126106194690266	0.04341814159292035	0.029037610619469027	0.0013827433628318584	0.008296460176991151	0.0	0.016039823008849558	0.0	0.009402654867256638	0.05724557522123894	0.06830752212389381	0.0011061946902654867	0.024059734513274336	0.02350663716814159	0.01991150442477876	0.0013827433628318584	0.005254424778761062	0.024336283185840708	0.01991150442477876	0.0005530973451327434	0.006084070796460177	0.009402654867256638	0.0055309734513274336	0.0002765486725663717	0.0022123893805309734	0.07660398230088496	0.0420353982300885	0.0030420353982300885	0.013550884955752213	0.02350663716814159	0.014103982300884955	0.000829646017699115	0.003595132743362832	0.030973451327433628	0.02461283185840708	0.0013827433628318584	0.009126106194690266	0.0293141592920354	0.014933628318584071	0.0005530973451327434	0.008296460176991151	0.026825221238938053	0.016592920353982302	0.0005530973451327434	0.00497787610619469	0.0	0.027101769911504425	0.0	0.010508849557522125	0.025442477876106196	0.01797566371681416	0.0005530973451327434	0.006360619469026549	0.02654867256637168	0.005254424778761062	0.000829646017699115	0.0011061946902654867	0.02350663716814159	0.047289823008849555	0.0011061946902654867	0.014380530973451327
0.025165929203539824	0.03456858407079646	0.000829646017699115	0.009402654867256638	0.04341814159292035	0.0293141592920354	0.0013827433628318584	0.008019911504424779	0.0	0.01686946902654867	0.0	0.008573008849557522	0.05669247787610619	0.06969026548672566	0.00165929203539823	0.02267699115044248	0.023783185840707963	0.020464601769911505	0.0011061946902654867	0.004701327433628319	0.02461283185840708	0.01991150442477876	0.0002765486725663717	0.006084070796460177	0.009402654867256638	0.005807522123893806	0.0002765486725663717	0.0019358407079646017	0.07771017699115045	0.042588495575221236	0.0022123893805309734	0.012997787610619468	0.023783185840707963	0.0146570796460177	0.0005530973451327434	0.0030420353982300885	0.030696902654867256	0.025165929203539824	0.0013827433628318584	0.008849557522123894	0.02959070796460177	0.015486725663716814	0.0005530973451327434	0.007466814159292036	0.02627212389380531	0.016592920353982302	0.0011061946902654867	0.00497787610619469	0.0	0.027378318584070797	0.0	0.010232300884955753	0.025165929203539824	0.01797566371681416	0.000829646017699115	0.006360619469026549	0.026825221238938053	0.005254424778761062	0.0005530973451327434	0.0011061946902654867	0.02350663716814159	0.0478429203539823	0.000829646017699115	0.013827433628318585
0.025442477876106196	0.034015486725663714	0.0005530973451327434	0.00995575221238938	0.043971238938053096	0.02820796460176991	0.000829646017699115	0.009126106194690266	0.0	0.01686946902654867	0.0	0.008573008849557522	0.05641592920353982	0.06996681415929204	0.0019358407079646017	0.022400442477876106	0.024059734513274336	0.020188053097345133	0.000829646017699115	0.00497787610619469	0.02461283185840708	0.019358407079646017	0.0002765486725663717	0.00663716814159292	0.009402654867256638	0.005807522123893806	0.0002765486725663717	0.0019358407079646017	0.07936946902654868	0.04314159292035398	0.00165929203539823	0.012444690265486726	0.024059734513274336	0.0146570796460177	0.0002765486725663717	0.0030420353982300885	0.030696902654867256	0.025165929203539824	0.0011061946902654867	0.009126106194690266	0.028761061946902654	0.015486725663716814	0.0013827433628318584	0.007466814159292036	0.026825221238938053	0.016592920353982302	0.0005530973451327434	0.00497787610619469	0.0	0.027378318584070797	0.0	0.010232300884955753	0.025442477876106196	0.018528761061946904	0.0005530973451327434	0.005807522123893806	0.027378318584070797	0.005254424778761062	0.0	0.0011061946902654867	0.022400442477876106	0.04701327433628318	0.000829646017699115	0.0146570796460177
0.025719026548672565	0.03373893805309734	0.0002765486725663717	0.010232300884955753	0.043694690265486724	0.027101769911504425	0.00165929203539823	0.009679203539823008	0.0	0.017699115044247787	0.0	0.007743362831858407	0.05613938053097345	0.0702433628318584	0.0022123893805309734	0.022123893805309734	0.024059734513274336	0.020464601769911505	0.000829646017699115	0.004701327433628319	0.02461283185840708	0.01963495575221239	0.0002765486725663717	0.006360619469026549	0.009402654867256638	0.005807522123893806	0.0002765486725663717	0.0019358407079646017	0.07936946902654868	0.042588495575221236	0.00165929203539823	0.012997787610619468	0.024336283185840708	0.0146570796460177	0.0	0.0030420353982300885	0.03125	0.025165929203539824	0.0005530973451327434	0.009126106194690266	0.0293141592920354	0.015763274336283186	0.000829646017699115	0.007190265486725664	0.026825221238938053	0.016592920353982302	0.0005530973451327434	0.00497787610619469	0.0	0.02765486725663717	0.0	0.00995575221238938	0.025719026548672565	0.019081858407079644	0.0002765486725663717	0.005254424778761062	0.026825221238938053	0.005254424778761062	0.0005530973451327434	0.0011061946902654867	0.022400442477876106	0.046460176991150445	0.000829646017699115	0.015210176991150442
0.025442477876106196	0.03235619469026549	0.0005530973451327434	0.011615044247787611	0.04286504424778761	0.02820796460176991	0.002488938053097345	0.008573008849557522	0.0	0.01825221238938053	0.0	0.007190265486725664	0.055862831858407076	0.0713495575221239	0.002488938053097345	0.02101769911504425	0.023783185840707963	0.020464601769911505	0.0011061946902654867	0.004701327433628319	0.02461283185840708	0.01991150442477876	0.0002765486725663717	0.006084070796460177	0.009126106194690266	0.005254424778761062	0.0005530973451327434	0.002488938053097345	0.07936946902654868	0.04314159292035398	0.0013827433628318584	0.012721238938053098	0.024059734513274336	0.014933628318584071	0.0002765486725663717	0.0027654867256637168	0.03125	0.02627212389380531	0.0005530973451327434	0.008019911504424779	0.029037610619469027	0.015763274336283186	0.0011061946902654867	0.007190265486725664	0.026825221238938053	0.016592920353982302	0.0005530973451327434	0.00497787610619469	0.0	0.02820796460176991	0.0	0.009402654867256638	0.025442477876106196	0.018805309734513276	0.0005530973451327434	0.0055309734513274336	0.026825221238938053	0.005254424778761062	0.0005530973451327434	0.0011061946902654867	0.022400442477876106	0.046460176991150445	0.000829646017699115	0.015210176991150442
0.025442477876106196	0.03152654867256637	0.0005530973451327434	0.012444690265486726	0.04286504424778761	0.0293141592920354	0.002488938053097345	0.007466814159292036	0.0	0.018805309734513276	0.0	0.00663716814159292	0.05558628318584071	0.07273230088495575	0.0027654867256637168	0.01963495575221239	0.02461283185840708	0.02101769911504425	0.0002765486725663717	0.004148230088495576	0.025165929203539824	0.01991150442477876	0.0	0.005807522123893806	0.009126106194690266	0.005254424778761062	0.0005530973451327434	0.002488938053097345	0.07992256637168142	0.043971238938053096	0.0022123893805309734	0.012168141592920354	0.023783185840707963	0.014933628318584071	0.0005530973451327434	0.0027654867256637168	0.03125	0.027931415929203538	0.0002765486725663717	0.00663716814159292	0.029037610619469027	0.015763274336283186	0.0011061946902654867	0.007190265486725664	0.02627212389380531	0.01686946902654867	0.0011061946902654867	0.004701327433628319	0.0	0.02820796460176991	0.0	0.009402654867256638	0.025442477876106196	0.018528761061946904	0.000829646017699115	0.0055309734513274336	0.026825221238938053	0.005807522123893806	0.0005530973451327434	0.0005530973451327434	0.020741150442477877	0.046460176991150445	0.000829646017699115	0.015210176991150442
0.025442477876106196	0.03125	0.0005530973451327434	0.012721238938053098	0.04286504424778761	0.029867256637168143	0.0022123893805309734	0.007190265486725664	0.0	0.018805309734513276	0.0	0.00663716814159292	0.05613938053097345	0.07300884955752213	0.0022123893805309734	0.019358407079646017	0.02461283185840708	0.02101769911504425	0.0002765486725663717	0.004148230088495576	0.024889380530973452	0.01991150442477876	0.0002765486725663717	0.005807522123893806	0.009402654867256638	0.00497787610619469	0.0005530973451327434	0.002488938053097345	0.07853982300884955	0.043694690265486724	0.0030420353982300885	0.012721238938053098	0.02350663716814159	0.015210176991150442	0.000829646017699115	0.002488938053097345	0.03125	0.027378318584070797	0.0002765486725663717	0.007190265486725664	0.028761061946902654	0.016039823008849558	0.0013827433628318584	0.006913716814159292	0.02627212389380531	0.016592920353982302	0.0011061946902654867	0.00497787610619469	0.0	0.02820796460176991	0.0	0.009402654867256638	0.025442477876106196	0.018528761061946904	0.0011061946902654867	0.005254424778761062	0.027101769911504425	0.0055309734513274336	0.0002765486725663717	0.000829646017699115	0.02101769911504425	0.046460176991150445	0.000829646017699115	0.015210176991150442
0.024889380530973452	0.03152654867256637	0.0011061946902654867	0.012444690265486726	0.04341814159292035	0.029867256637168143	0.0013827433628318584	0.007466814159292036	0.0	0.019081858407079644	0.0	0.006360619469026549	0.05558628318584071	0.07190265486725664	0.0027654867256637168	0.020464601769911505	0.024336283185840708	0.020741150442477877	0.0005530973451327434	0.004424778761061947	0.024336283185840708	0.020464601769911505	0.0005530973451327434	0.0055309734513274336	0.009402654867256638	0.005254424778761062	0.0005530973451327434	0.0022123893805309734	0.07853982300884955	0.04231194690265487	0.002488938053097345	0.014103982300884955	0.023783185840707963	0.014933628318584071	0.0005530973451327434	0.0027654867256637168	0.030973451327433628	0.027931415929203538	0.0005530973451327434	0.00663716814159292	0.029037610619469027	0.016592920353982302	0.0011061946902654867	0.006360619469026549	0.025719026548672565	0.01686946902654867	0.00165929203539823	0.004701327433628319	0.0	0.028484513274336282	0.0	0.009126106194690266	0.02627212389380531	0.01797566371681416	0.0	0.006084070796460177	0.027378318584070797	0.0055309734513274336	0.0	0.000829646017699115	0.022123893805309734	0.046460176991150445	0.0002765486725663717	0.015210176991150442
0.024059734513274336	0.03152654867256637	0.0019358407079646017	0.012444690265486726	0.043694690265486724	0.029037610619469027	0.0011061946902654867	0.008296460176991151	0.0	0.019358407079646017	0.0	0.006084070796460177	0.05448008849557522	0.072179203539823	0.0038716814159292035	0.020188053097345133	0.024336283185840708	0.020464601769911505	0.0005530973451327434	0.004701327433628319	0.024889380530973452	0.01991150442477876	0.0005530973451327434	0.0055309734513274336	0.009679203539823008	0.005807522123893806	0.0002765486725663717	0.00165929203539823	0.07743362831858407	0.0420353982300885	0.003595132743362832	0.014380530973451327	0.02350663716814159	0.014380530973451327	0.000829646017699115	0.00331858407079646	0.030973451327433628	0.02820796460176991	0.0005530973451327434	0.006360619469026549	0.0293141592920354	0.01686946902654867	0.000829646017699115	0.006084070796460177	0.02654867256637168	0.017146017699115043	0.0011061946902654867	0.004148230088495576	0.0	0.02959070796460177	0.0	0.008019911504424779	0.02654867256637168	0.01825221238938053	0.0	0.0055309734513274336	0.027378318584070797	0.0055309734513274336	0.0	0.000829646017699115	0.02157079646017699	0.04701327433628318	0.000829646017699115	0.0146570796460177
0.02461283185840708	0.03235619469026549	0.0013827433628318584	0.011615044247787611	0.043694690265486724	0.028484513274336282	0.0013827433628318584	0.008573008849557522	0.0	0.019081858407079644	0.0	0.006360619469026549	0.05392699115044248	0.072179203539823	0.004424778761061947	0.020188053097345133	0.02461283185840708	0.020464601769911505	0.0002765486725663717	0.004701327433628319	0.025719026548672565	0.01963495575221239	0.0	0.0055309734513274336	0.00995575221238938	0.006084070796460177	0.0	0.0013827433628318584	0.07853982300884955	0.042588495575221236	0.002488938053097345	0.013827433628318585	0.023783185840707963	0.014933628318584071	0.0005530973451327434	0.0027654867256637168	0.03125	0.026825221238938053	0.0005530973451327434	0.007466814159292036	0.028761061946902654	0.01686946902654867	0.0013827433628318584	0.006084070796460177	0.027101769911504425	0.01686946902654867	0.0005530973451327434	0.004424778761061947	0.0	0.03014380530973451	0.0	0.007466814159292036	0.02627212389380531	0.018805309734513276	0.0002765486725663717	0.00497787610619469	0.027378318584070797	0.0055309734513274336	0.0	0.000829646017699115	0.02157079646017699	0.04673672566371682	0.000829646017699115	0.014933628318584071
0.025719026548672565	0.03263274336283186	0.0002765486725663717	0.01133849557522124	0.043971238938053096	0.029037610619469027	0.0013827433628318584	0.007743362831858407	0.0	0.019081858407079644	0.0	0.006360619469026549	0.05448008849557522	0.07273230088495575	0.0038716814159292035	0.01963495575221239	0.024336283185840708	0.02157079646017699	0.0005530973451327434	0.003595132743362832	0.025442477876106196	0.01963495575221239	0.0002765486725663717	0.0055309734513274336	0.009679203539823008	0.005807522123893806	0.0	0.0019358407079646017	0.08019911504424779	0.04314159292035398	0.0019358407079646017	0.01327433628318584	0.02350663716814159	0.0146570796460177	0.000829646017699115	0.0030420353982300885	0.031803097345132744	0.027101769911504425	0.0002765486725663717	0.006913716814159292	0.028484513274336282	0.017146017699115043	0.00165929203539823	0.005807522123893806	0.02654867256637168	0.017146017699115043	0.0011061946902654867	0.004148230088495576	0.0	0.030696902654867256	0.0	0.006913716814159292	0.02627212389380531	0.018805309734513276	0.0002765486725663717	0.00497787610619469	0.027378318584070797	0.0055309734513274336	0.0	0.000829646017699115	0.020464601769911505	0.04756637168141593	0.000829646017699115	0.014103982300884955
0.025719026548672565	0.03290929203539823	0.0002765486725663717	0.011061946902654867	0.043971238938053096	0.02820796460176991	0.0013827433628318584	0.008573008849557522	0.0	0.018805309734513276	0.0	0.00663716814159292	0.05503318584070797	0.0713495575221239	0.00331858407079646	0.02101769911504425	0.02461283185840708	0.021294247787610618	0.0002765486725663717	0.0038716814159292035	0.025719026548672565	0.019081858407079644	0.0002765486725663717	0.005807522123893806	0.009679203539823008	0.006084070796460177	0.0	0.00165929203539823	0.07826327433628319	0.04341814159292035	0.00331858407079646	0.012997787610619468	0.024336283185840708	0.014933628318584071	0.0	0.0027654867256637168	0.03152654867256637	0.027931415929203538	0.0005530973451327434	0.006084070796460177	0.028761061946902654	0.017422566371681415	0.0013827433628318584	0.0055309734513274336	0.026825221238938053	0.017422566371681415	0.000829646017699115	0.0038716814159292035	0.0	0.030696902654867256	0.0	0.006913716814159292	0.02627212389380531	0.018805309734513276	0.0005530973451327434	0.004701327433628319	0.027101769911504425	0.0055309734513274336	0.0002765486725663717	0.000829646017699115	0.021294247787610618	0.04673672566371682	0.0005530973451327434	0.014933628318584071
0.025719026548672565	0.03290929203539823	0.0002765486725663717	0.011061946902654867	0.043971238938053096	0.028761061946902654	0.00165929203539823	0.007743362831858407	0.0	0.018805309734513276	0.0	0.00663716814159292	0.05530973451327434	0.07107300884955753	0.0030420353982300885	0.021294247787610618	0.024059734513274336	0.02157079646017699	0.000829646017699115	0.003595132743362832	0.025442477876106196	0.018805309734513276	0.0005530973451327434	0.006084070796460177	0.009402654867256638	0.006360619469026549	0.0002765486725663717	0.0013827433628318584	0.07881637168141593	0.04341814159292035	0.0027654867256637168	0.012997787610619468	0.024059734513274336	0.015486725663716814	0.0002765486725663717	0.0022123893805309734	0.031803097345132744	0.02765486725663717	0.0005530973451327434	0.006084070796460177	0.028761061946902654	0.017146017699115043	0.0011061946902654867	0.006084070796460177	0.027101769911504425	0.017699115044247787	0.0005530973451327434	0.003595132743362832	0.0	0.03152654867256637	0.0	0.006084070796460177	0.025442477876106196	0.019081858407079644	0.0013827433628318584	0.004424778761061947	0.026825221238938053	0.005807522123893806	0.0005530973451327434	0.0005530973451327434	0.021294247787610618	0.047289823008849555	0.0005530973451327434	0.014380530973451327
0.025442477876106196	0.03346238938053098	0.0005530973451327434	0.010508849557522125	0.043694690265486724	0.029037610619469027	0.0019358407079646017	0.007466814159292036	0.0	0.01963495575221239	0.0	0.005807522123893806	0.05613938053097345	0.07190265486725664	0.0022123893805309734	0.020464601769911505	0.023783185840707963	0.021294247787610618	0.0011061946902654867	0.0038716814159292035	0.025442477876106196	0.019081858407079644	0.0005530973451327434	0.005807522123893806	0.009679203539823008	0.006084070796460177	0.0	0.00165929203539823	0.08075221238938053	0.04314159292035398	0.0013827433628318584	0.012997787610619468	0.024336283185840708	0.015486725663716814	0.0	0.0022123893805309734	0.030696902654867256	0.02765486725663717	0.0013827433628318584	0.006360619469026549	0.029867256637168143	0.017422566371681415	0.0002765486725663717	0.0055309734513274336	0.02654867256637168	0.01797566371681416	0.0011061946902654867	0.00331858407079646	0.0	0.03125	0.0	0.006360619469026549	0.024889380530973452	0.018805309734513276	0.0019358407079646017	0.004701327433628319	0.026825221238938053	0.005807522123893806	0.0005530973451327434	0.0005530973451327434	0.02101769911504425	0.04756637168141593	0.0005530973451327434	0.014103982300884955
0.025442477876106196	0.034292035398230086	0.0005530973451327434	0.009679203539823008	0.04341814159292035	0.02959070796460177	0.0019358407079646017	0.007190265486725664	0.0	0.020188053097345133	0.0	0.005254424778761062	0.055862831858407076	0.07245575221238938	0.002488938053097345	0.01991150442477876	0.024059734513274336	0.022123893805309734	0.000829646017699115	0.0030420353982300885	0.025165929203539824	0.018805309734513276	0.0005530973451327434	0.006360619469026549	0.009679203539823008	0.006084070796460177	0.0	0.00165929203539823	0.0810287610619469	0.043971238938053096	0.00165929203539823	0.012168141592920354	0.024336283185840708	0.014933628318584071	0.0	0.0027654867256637168	0.03125	0.027101769911504425	0.0011061946902654867	0.00663716814159292	0.0293141592920354	0.017699115044247787	0.000829646017699115	0.005254424778761062	0.027101769911504425	0.01797566371681416	0.000829646017699115	0.0030420353982300885	0.0	0.030973451327433628	0.0	0.00663716814159292	0.024889380530973452	0.018805309734513276	0.0022123893805309734	0.004424778761061947	0.027101769911504425	0.005254424778761062	0.0002765486725663717	0.0011061946902654867	0.020464601769911505	0.0478429203539823	0.0005530973451327434	0.013827433628318585
0.025165929203539824	0.03484513274336283	0.000829646017699115	0.009126106194690266	0.04314159292035398	0.030420353982300884	0.0022123893805309734	0.006360619469026549	0.0	0.020741150442477877	0.0	0.004701327433628319	0.055862831858407076	0.07356194690265487	0.002488938053097345	0.018805309734513276	0.024336283185840708	0.021847345132743362	0.0005530973451327434	0.00331858407079646	0.025442477876106196	0.019081858407079644	0.0002765486725663717	0.006084070796460177	0.009679203539823008	0.006360619469026549	0.0	0.0013827433628318584	0.08075221238938053	0.045077433628318585	0.0022123893805309734	0.011061946902654867	0.024336283185840708	0.014933628318584071	0.0	0.0027654867256637168	0.03125	0.027101769911504425	0.0011061946902654867	0.00663716814159292	0.02959070796460177	0.01797566371681416	0.0005530973451327434	0.00497787610619469	0.02765486725663717	0.01797566371681416	0.0002765486725663717	0.0030420353982300885	0.0	0.03152654867256637	0.0	0.006084070796460177	0.025995575221238937	0.018805309734513276	0.0013827433628318584	0.004148230088495576	0.026825221238938053	0.005254424778761062	0.0005530973451327434	0.0011061946902654867	0.01991150442477876	0.048672566371681415	0.000829646017699115	0.012997787610619468
0.025165929203539824	0.03456858407079646	0.000829646017699115	0.009402654867256638	0.04286504424778761	0.029867256637168143	0.002488938053097345	0.006913716814159292	0.0	0.020741150442477877	0.0	0.004701327433628319	0.056969026548672565	0.07300884955752213	0.0013827433628318584	0.019358407079646017	0.024059734513274336	0.020741150442477877	0.000829646017699115	0.004424778761061947	0.025165929203539824	0.018528761061946904	0.0005530973451327434	0.00663716814159292	0.009679203539823008	0.006360619469026549	0.0	0.0013827433628318584	0.08130530973451328	0.04452433628318584	0.00165929203539823	0.011615044247787611	0.024059734513274336	0.014933628318584071	0.0002765486725663717	0.0027654867256637168	0.03152654867256637	0.026825221238938053	0.000829646017699115	0.006913716814159292	0.029037610619469027	0.01825221238938053	0.000829646017699115	0.00497787610619469	0.027378318584070797	0.017699115044247787	0.0002765486725663717	0.003595132743362832	0.0	0.03152654867256637	0.0	0.006084070796460177	0.027101769911504425	0.01825221238938053	0.0005530973451327434	0.004424778761061947	0.025995575221238937	0.005254424778761062	0.0013827433628318584	0.0011061946902654867	0.020464601769911505	0.04839601769911504	0.0002765486725663717	0.01327433628318584
0.025165929203539824	0.034015486725663714	0.000829646017699115	0.00995575221238938	0.04341814159292035	0.0293141592920354	0.00165929203539823	0.007743362831858407	0.0	0.02101769911504425	0.0	0.004424778761061947	0.05613938053097345	0.07300884955752213	0.0022123893805309734	0.019358407079646017	0.024059734513274336	0.020741150442477877	0.000829646017699115	0.004424778761061947	0.024889380530973452	0.018528761061946904	0.0011061946902654867	0.006360619469026549	0.009402654867256638	0.006360619469026549	0.0002765486725663717	0.0013827433628318584	0.08158185840707964	0.04535398230088496	0.002488938053097345	0.010785398230088495	0.024059734513274336	0.015210176991150442	0.0002765486725663717	0.002488938053097345	0.03125	0.02765486725663717	0.0011061946902654867	0.006084070796460177	0.028761061946902654	0.018805309734513276	0.0011061946902654867	0.004424778761061947	0.027101769911504425	0.017699115044247787	0.0005530973451327434	0.003595132743362832	0.0	0.03125	0.0	0.006360619469026549	0.026825221238938053	0.018528761061946904	0.000829646017699115	0.004148230088495576	0.025995575221238937	0.0055309734513274336	0.0013827433628318584	0.000829646017699115	0.01963495575221239	0.048672566371681415	0.0	0.012997787610619468
0.025719026548672565	0.034015486725663714	0.0002765486725663717	0.00995575221238938	0.04314159292035398	0.029037610619469027	0.0019358407079646017	0.008019911504424779	0.0	0.021294247787610618	0.0	0.004148230088495576	0.05669247787610619	0.07466814159292036	0.00165929203539823	0.017699115044247787	0.024059734513274336	0.020741150442477877	0.000829646017699115	0.004424778761061947	0.025165929203539824	0.018528761061946904	0.000829646017699115	0.006360619469026549	0.009402654867256638	0.006360619469026549	0.0002765486725663717	0.0013827433628318584	0.08185840707964602	0.04535398230088496	0.0019358407079646017	0.010232300884955753	0.023783185840707963	0.016039823008849558	0.0005530973451327434	0.00165929203539823	0.03152654867256637	0.026825221238938053	0.0011061946902654867	0.00663716814159292	0.0293141592920354	0.019081858407079644	0.000829646017699115	0.0038716814159292035	0.027378318584070797	0.017699115044247787	0.0002765486725663717	0.003595132743362832	0.0	0.03152654867256637	0.0	0.006084070796460177	0.02654867256637168	0.018528761061946904	0.0011061946902654867	0.004148230088495576	0.026825221238938053	0.005254424778761062	0.0005530973451327434	0.0011061946902654867	0.01991150442477876	0.04756637168141593	0.0005530973451327434	0.014103982300884955
0.025719026548672565	0.03456858407079646	0.0002765486725663717	0.009402654867256638	0.04341814159292035	0.028484513274336282	0.00165929203539823	0.008573008849557522	0.0	0.020741150442477877	0.0	0.004701327433628319	0.05669247787610619	0.07411504424778761	0.00165929203539823	0.01825221238938053	0.02461283185840708	0.021294247787610618	0.0002765486725663717	0.0038716814159292035	0.02461283185840708	0.018805309734513276	0.0011061946902654867	0.006360619469026549	0.009402654867256638	0.006360619469026549	0.0002765486725663717	0.0013827433628318584	0.08158185840707964	0.04480088495575221	0.0019358407079646017	0.010785398230088495	0.024059734513274336	0.015486725663716814	0.0002765486725663717	0.0022123893805309734	0.03125	0.027101769911504425	0.0013827433628318584	0.006360619469026549	0.029037610619469027	0.019081858407079644	0.0011061946902654867	0.0038716814159292035	0.027378318584070797	0.017422566371681415	0.0002765486725663717	0.0038716814159292035	0.0	0.031803097345132744	0.0	0.005807522123893806	0.026825221238938053	0.01797566371681416	0.000829646017699115	0.004701327433628319	0.027101769911504425	0.005254424778761062	0.0002765486725663717	0.0011061946902654867	0.020188053097345133	0.04673672566371682	0.0005530973451327434	0.014933628318584071
0.025995575221238937	0.034015486725663714	0.0	0.00995575221238938	0.043694690265486724	0.028761061946902654	0.0013827433628318584	0.008296460176991151	0.0	0.020188053097345133	0.0	0.005254424778761062	0.05613938053097345	0.07439159292035398	0.0022123893805309734	0.01797566371681416	0.024336283185840708	0.02157079646017699	0.0005530973451327434	0.003595132743362832	0.024889380530973452	0.018528761061946904	0.0005530973451327434	0.006913716814159292	0.009402654867256638	0.006913716814159292	0.0	0.0011061946902654867	0.08075221238938053	0.04480088495575221	0.0022123893805309734	0.010785398230088495	0.023783185840707963	0.015763274336283186	0.0005530973451327434	0.0019358407079646017	0.031803097345132744	0.027378318584070797	0.000829646017699115	0.006084070796460177	0.0293141592920354	0.018805309734513276	0.000829646017699115	0.004148230088495576	0.027378318584070797	0.017146017699115043	0.0002765486725663717	0.004148230088495576	0.0	0.03152654867256637	0.0	0.006084070796460177	0.027378318584070797	0.01797566371681416	0.0002765486725663717	0.004701327433628319	0.026825221238938053	0.005254424778761062	0.0005530973451327434	0.0011061946902654867	0.020741150442477877	0.04673672566371682	0.0005530973451327434	0.014933628318584071
0.025995575221238937	0.034015486725663714	0.0	0.00995575221238938	0.043694690265486724	0.0293141592920354	0.00165929203539823	0.007466814159292036	0.0	0.020188053097345133	0.0	0.005254424778761062	0.055862831858407076	0.07300884955752213	0.002488938053097345	0.019358407079646017	0.024059734513274336	0.02101769911504425	0.000829646017699115	0.004148230088495576	0.024336283185840708	0.018528761061946904	0.0013827433628318584	0.00663716814159292	0.009126106194690266	0.00663716814159292	0.0005530973451327434	0.0011061946902654867	0.08075221238938053	0.043694690265486724	0.0027654867256637168	0.011891592920353982	0.024059734513274336	0.016039823008849558	0.0002765486725663717	0.00165929203539823	0.031803097345132744	0.02765486725663717	0.000829646017699115	0.005807522123893806	0.0293141592920354	0.01825221238938053	0.0005530973451327434	0.00497787610619469	0.027378318584070797	0.017146017699115043	0.0002765486725663717	0.004148230088495576	0.0	0.031803097345132744	0.0	0.005807522123893806	0.027101769911504425	0.017699115044247787	0.0005530973451327434	0.00497787610619469	0.026825221238938053	0.005254424778761062	0.0005530973451327434	0.0011061946902654867	0.020741150442477877	0.04756637168141593	0.0	0.014103982300884955
0.025442477876106196	0.03373893805309734	0.0005530973451327434	0.010232300884955753	0.04341814159292035	0.028761061946902654	0.0019358407079646017	0.008019911504424779	0.0	0.019081858407079644	0.0	0.006360619469026549	0.056969026548672565	0.07051991150442478	0.0013827433628318584	0.021847345132743362	0.024336283185840708	0.021294247787610618	0.0005530973451327434	0.0038716814159292035	0.024336283185840708	0.018528761061946904	0.0013827433628318584	0.00663716814159292	0.009126106194690266	0.006913716814159292	0.0005530973451327434	0.000829646017699115	0.07992256637168142	0.043971238938053096	0.0027654867256637168	0.01133849557522124	0.024336283185840708	0.01631637168141593	0.0	0.0013827433628318584	0.03235619469026549	0.02765486725663717	0.0002765486725663717	0.005807522123893806	0.0293141592920354	0.01825221238938053	0.0005530973451327434	0.00497787610619469	0.02654867256637168	0.01631637168141593	0.0013827433628318584	0.004701327433628319	0.0	0.03125	0.0	0.006360619469026549	0.027101769911504425	0.01797566371681416	0.0005530973451327434	0.004701327433628319	0.027378318584070797	0.00497787610619469	0.0	0.0013827433628318584	0.021847345132743362	0.04701327433628318	0.0	0.0146570796460177
0.025442477876106196	0.03346238938053098	0.0005530973451327434	0.010508849557522125	0.043971238938053096	0.028761061946902654	0.0013827433628318584	0.008019911504424779	0.0	0.01963495575221239	0.0	0.005807522123893806	0.056969026548672565	0.07107300884955753	0.0013827433628318584	0.021294247787610618	0.024059734513274336	0.021294247787610618	0.000829646017699115	0.0038716814159292035	0.02461283185840708	0.01963495575221239	0.0011061946902654867	0.0055309734513274336	0.009126106194690266	0.006913716814159292	0.0005530973451327434	0.000829646017699115	0.07798672566371681	0.04286504424778761	0.004148230088495576	0.012444690265486726	0.024336283185840708	0.01631637168141593	0.0	0.0013827433628318584	0.03152654867256637	0.027931415929203538	0.0011061946902654867	0.0055309734513274336	0.029037610619469027	0.017422566371681415	0.000829646017699115	0.005807522123893806	0.026825221238938053	0.01631637168141593	0.0011061946902654867	0.004701327433628319	0.0	0.03125	0.0	0.006360619469026549	0.026825221238938053	0.01797566371681416	0.000829646017699115	0.004701327433628319	0.027378318584070797	0.00497787610619469	0.0	0.0013827433628318584	0.022400442477876106	0.046460176991150445	0.0	0.015210176991150442
0.025442477876106196	0.03290929203539823	0.0005530973451327434	0.011061946902654867	0.04286504424778761	0.029037610619469027	0.0022123893805309734	0.008019911504424779	0.0	0.01963495575221239	0.0	0.005807522123893806	0.056969026548672565	0.07051991150442478	0.0013827433628318584	0.021847345132743362	0.024059734513274336	0.020464601769911505	0.000829646017699115	0.004701327433628319	0.025165929203539824	0.019358407079646017	0.0011061946902654867	0.005254424778761062	0.009126106194690266	0.006913716814159292	0.0005530973451327434	0.000829646017699115	0.07771017699115045	0.043971238938053096	0.004148230088495576	0.011615044247787611	0.024336283185840708	0.016592920353982302	0.0	0.0011061946902654867	0.03152654867256637	0.027931415929203538	0.0011061946902654867	0.0055309734513274336	0.028484513274336282	0.017422566371681415	0.0011061946902654867	0.006084070796460177	0.027101769911504425	0.01686946902654867	0.000829646017699115	0.004148230088495576	0.0	0.03125	0.0	0.006360619469026549	0.02765486725663717	0.01686946902654867	0.0005530973451327434	0.005254424778761062	0.027378318584070797	0.00497787610619469	0.0	0.0013827433628318584	0.022123893805309734	0.04756637168141593	0.0002765486725663717	0.014103982300884955
0.025165929203539824	0.03290929203539823	0.000829646017699115	0.011061946902654867	0.043694690265486724	0.028761061946902654	0.0013827433628318584	0.008296460176991151	0.0	0.01991150442477876	0.0	0.0055309734513274336	0.05724557522123894	0.0694137168141593	0.0011061946902654867	0.02295353982300885	0.024336283185840708	0.020464601769911505	0.0005530973451327434	0.004701327433628319	0.025719026548672565	0.019358407079646017	0.0005530973451327434	0.005254424778761062	0.009126106194690266	0.006913716814159292	0.0005530973451327434	0.000829646017699115	0.0790929203539823	0.043971238938053096	0.003595132743362832	0.011615044247787611	0.02350663716814159	0.016592920353982302	0.000829646017699115	0.0011061946902654867	0.031803097345132744	0.028484513274336282	0.0005530973451327434	0.005254424778761062	0.028484513274336282	0.017699115044247787	0.0011061946902654867	0.005807522123893806	0.027101769911504425	0.01686946902654867	0.000829646017699115	0.004148230088495576	0.0	0.032079646017699116	0.0	0.0055309734513274336	0.02765486725663717	0.017146017699115043	0.0002765486725663717	0.005254424778761062	0.026825221238938053	0.00497787610619469	0.0005530973451327434	0.0013827433628318584	0.02101769911504425	0.0478429203539823	0.0005530973451327434	0.013827433628318585
0.025165929203539824	0.033185840707964605	0.000829646017699115	0.010785398230088495	0.04341814159292035	0.029867256637168143	0.00165929203539823	0.007190265486725664	0.0	0.01991150442477876	0.0	0.0055309734513274336	0.05669247787610619	0.07051991150442478	0.00165929203539823	0.021847345132743362	0.024336283185840708	0.020188053097345133	0.0005530973451327434	0.00497787610619469	0.025442477876106196	0.019358407079646017	0.000829646017699115	0.005254424778761062	0.009402654867256638	0.006913716814159292	0.0002765486725663717	0.000829646017699115	0.0790929203539823	0.04341814159292035	0.0030420353982300885	0.012168141592920354	0.02350663716814159	0.017146017699115043	0.000829646017699115	0.0005530973451327434	0.031803097345132744	0.029037610619469027	0.0005530973451327434	0.004701327433628319	0.028761061946902654	0.01797566371681416	0.000829646017699115	0.0055309734513274336	0.027378318584070797	0.016592920353982302	0.0011061946902654867	0.0038716814159292035	0.0	0.03152654867256637	0.0	0.006084070796460177	0.027101769911504425	0.017146017699115043	0.000829646017699115	0.005254424778761062	0.026825221238938053	0.005254424778761062	0.0005530973451327434	0.0011061946902654867	0.021294247787610618	0.0478429203539823	0.000829646017699115	0.013827433628318585
0.024889380530973452	0.033185840707964605	0.0011061946902654867	0.010785398230088495	0.04341814159292035	0.030420353982300884	0.0013827433628318584	0.006913716814159292	0.0	0.019358407079646017	0.0	0.006084070796460177	0.05669247787610619	0.072179203539823	0.00165929203539823	0.020188053097345133	0.024059734513274336	0.020464601769911505	0.000829646017699115	0.004701327433628319	0.025995575221238937	0.01963495575221239	0.0005530973451327434	0.004701327433628319	0.009402654867256638	0.006913716814159292	0.0002765486725663717	0.000829646017699115	0.08047566371681415	0.04341814159292035	0.0019358407079646017	0.012444690265486726	0.02350663716814159	0.016592920353982302	0.000829646017699115	0.0011061946902654867	0.031803097345132744	0.029037610619469027	0.0005530973451327434	0.004701327433628319	0.028761061946902654	0.018805309734513276	0.0005530973451327434	0.00497787610619469	0.027101769911504425	0.01686946902654867	0.0011061946902654867	0.0038716814159292035	0.0	0.03125	0.0	0.006360619469026549	0.027931415929203538	0.017422566371681415	0.0002765486725663717	0.004701327433628319	0.026825221238938053	0.00497787610619469	0.0005530973451327434	0.0013827433628318584	0.020741150442477877	0.04673672566371682	0.000829646017699115	0.014933628318584071
0.024889380530973452	0.034015486725663714	0.0011061946902654867	0.00995575221238938	0.04341814159292035	0.030420353982300884	0.0013827433628318584	0.006913716814159292	0.0	0.01963495575221239	0.0	0.005807522123893806	0.05669247787610619	0.07245575221238938	0.00165929203539823	0.01991150442477876	0.024336283185840708	0.020464601769911505	0.0005530973451327434	0.004701327433628319	0.025442477876106196	0.019358407079646017	0.000829646017699115	0.005254424778761062	0.009402654867256638	0.006913716814159292	0.0002765486725663717	0.000829646017699115	0.08158185840707964	0.043971238938053096	0.0022123893805309734	0.011891592920353982	0.023783185840707963	0.016592920353982302	0.0005530973451327434	0.0011061946902654867	0.031803097345132744	0.028761061946902654	0.000829646017699115	0.004701327433628319	0.028761061946902654	0.018805309734513276	0.0005530973451327434	0.00497787610619469	0.026825221238938053	0.016592920353982302	0.0011061946902654867	0.004424778761061947	0.0	0.030973451327433628	0.0	0.00663716814159292	0.027931415929203538	0.017699115044247787	0.000829646017699115	0.0038716814159292035	0.02654867256637168	0.00497787610619469	0.000829646017699115	0.0013827433628318584	0.020188053097345133	0.046460176991150445	0.0	0.015210176991150442
0.024889380530973452	0.034292035398230086	0.0011061946902654867	0.009679203539823008	0.04424778761061947	0.03014380530973451	0.000829646017699115	0.006913716814159292	0.0	0.01991150442477876	0.0	0.0055309734513274336	0.05724557522123894	0.07190265486725664	0.0011061946902654867	0.020464601769911505	0.024336283185840708	0.020188053097345133	0.0005530973451327434	0.00497787610619469	0.025719026548672565	0.019081858407079644	0.000829646017699115	0.005254424778761062	0.009402654867256638	0.006913716814159292	0.0002765486725663717	0.000829646017699115	0.08213495575221239	0.045077433628318585	0.0019358407079646017	0.010508849557522125	0.024059734513274336	0.016592920353982302	0.0002765486725663717	0.0011061946902654867	0.031803097345132744	0.028484513274336282	0.000829646017699115	0.00497787610619469	0.028761061946902654	0.018528761061946904	0.0005530973451327434	0.005254424778761062	0.02765486725663717	0.01631637168141593	0.0002765486725663717	0.004701327433628319	0.0	0.030973451327433628	0.0	0.00663716814159292	0.027931415929203538	0.01797566371681416	0.000829646017699115	0.003595132743362832	0.02654867256637168	0.00497787610619469	0.000829646017699115	0.0013827433628318584	0.01963495575221239	0.04480088495575221	0.0005530973451327434	0.01686946902654867
0.024889380530973452	0.03456858407079646	0.0011061946902654867	0.009402654867256638	0.04424778761061947	0.030696902654867256	0.000829646017699115	0.006360619469026549	0.0	0.01991150442477876	0.0	0.0055309734513274336	0.056969026548672565	0.07245575221238938	0.0013827433628318584	0.01991150442477876	0.02461283185840708	0.020188053097345133	0.0002765486725663717	0.00497787610619469	0.025995575221238937	0.019081858407079644	0.0005530973451327434	0.005254424778761062	0.009402654867256638	0.006913716814159292	0.0002765486725663717	0.000829646017699115	0.08324115044247787	0.04424778761061947	0.0019358407079646017	0.011061946902654867	0.02350663716814159	0.016039823008849558	0.000829646017699115	0.00165929203539823	0.031803097345132744	0.028761061946902654	0.000829646017699115	0.004701327433628319	0.029037610619469027	0.018528761061946904	0.0002765486725663717	0.005254424778761062	0.027378318584070797	0.01631637168141593	0.0005530973451327434	0.004701327433628319	0.0	0.03125	0.0	0.006360619469026549	0.028484513274336282	0.017699115044247787	0.0002765486725663717	0.0038716814159292035	0.02654867256637168	0.004701327433628319	0.000829646017699115	0.00165929203539823	0.018805309734513276	0.04480088495575221	0.0005530973451327434	0.01686946902654867
0.025165929203539824	0.03456858407079646	0.000829646017699115	0.009402654867256638	0.04424778761061947	0.030696902654867256	0.0011061946902654867	0.006084070796460177	0.0	0.019358407079646017	0.0	0.006084070796460177	0.056969026548672565	0.072179203539823	0.0013827433628318584	0.020188053097345133	0.023783185840707963	0.020188053097345133	0.0011061946902654867	0.00497787610619469	0.02654867256637168	0.018805309734513276	0.0005530973451327434	0.00497787610619469	0.009402654867256638	0.00663716814159292	0.0002765486725663717	0.0011061946902654867	0.08241150442477876	0.04452433628318584	0.002488938053097345	0.010785398230088495	0.024336283185840708	0.015763274336283186	0.0	0.0019358407079646017	0.031803097345132744	0.028761061946902654	0.0005530973451327434	0.00497787610619469	0.029037610619469027	0.018805309734513276	0.0002765486725663717	0.00497787610619469	0.026825221238938053	0.017146017699115043	0.0011061946902654867	0.0038716814159292035	0.0	0.03125	0.0	0.006360619469026549	0.027931415929203538	0.017422566371681415	0.000829646017699115	0.004148230088495576	0.027101769911504425	0.00497787610619469	0.0002765486725663717	0.0013827433628318584	0.019358407079646017	0.04452433628318584	0.0002765486725663717	0.017146017699115043
0.025165929203539824	0.03456858407079646	0.000829646017699115	0.009402654867256638	0.04424778761061947	0.030696902654867256	0.0013827433628318584	0.005807522123893806	0.0	0.018805309734513276	0.0	0.00663716814159292	0.056969026548672565	0.072179203539823	0.0013827433628318584	0.020188053097345133	0.02461283185840708	0.020188053097345133	0.0002765486725663717	0.00497787610619469	0.02654867256637168	0.019081858407079644	0.0005530973451327434	0.004701327433628319	0.009402654867256638	0.006360619469026549	0.0002765486725663717	0.0013827433628318584	0.08324115044247787	0.04314159292035398	0.0019358407079646017	0.01133849557522124	0.024059734513274336	0.015486725663716814	0.0002765486725663717	0.0022123893805309734	0.03235619469026549	0.028484513274336282	0.0	0.005254424778761062	0.028761061946902654	0.018528761061946904	0.0005530973451327434	0.005254424778761062	0.027101769911504425	0.017422566371681415	0.000829646017699115	0.003595132743362832	0.0	0.031803097345132744	0.0	0.005807522123893806	0.027931415929203538	0.017422566371681415	0.000829646017699115	0.004148230088495576	0.02654867256637168	0.00497787610619469	0.000829646017699115	0.0013827433628318584	0.01991150442477876	0.04452433628318584	0.0002765486725663717	0.017146017699115043
0.025442477876106196	0.0351216814159292	0.0005530973451327434	0.008849557522123894	0.04341814159292035	0.030973451327433628	0.0022123893805309734	0.0055309734513274336	0.0	0.019081858407079644	0.0	0.006360619469026549	0.05752212389380531	0.07383849557522124	0.000829646017699115	0.018528761061946904	0.02461283185840708	0.020464601769911505	0.0002765486725663717	0.004701327433628319	0.02654867256637168	0.018805309734513276	0.0005530973451327434	0.00497787610619469	0.009126106194690266	0.006360619469026549	0.0005530973451327434	0.0013827433628318584	0.08462389380530974	0.04314159292035398	0.0019358407079646017	0.01133849557522124	0.024059734513274336	0.015210176991150442	0.0002765486725663717	0.002488938053097345	0.032079646017699116	0.028761061946902654	0.0002765486725663717	0.00497787610619469	0.028761061946902654	0.018528761061946904	0.000829646017699115	0.00497787610619469	0.027101769911504425	0.01825221238938053	0.000829646017699115	0.0027654867256637168	0.0	0.031803097345132744	0.0	0.005807522123893806	0.02765486725663717	0.017699115044247787	0.000829646017699115	0.004148230088495576	0.02654867256637168	0.00497787610619469	0.000829646017699115	0.0013827433628318584	0.018528761061946904	0.045077433628318585	0.0002765486725663717	0.016592920353982302
0.025165929203539824	0.0351216814159292	0.000829646017699115	0.008849557522123894	0.043971238938053096	0.03152654867256637	0.00165929203539823	0.00497787610619469	0.0	0.019081858407079644	0.0	0.006360619469026549	0.056969026548672565	0.07356194690265487	0.0013827433628318584	0.018805309734513276	0.02461283185840708	0.020464601769911505	0.0002765486725663717	0.004701327433628319	0.025995575221238937	0.01825221238938053	0.0011061946902654867	0.0055309734513274336	0.009126106194690266	0.00663716814159292	0.0005530973451327434	0.0011061946902654867	0.08379424778761062	0.04231194690265487	0.00331858407079646	0.011891592920353982	0.024336283185840708	0.014933628318584071	0.0	0.0027654867256637168	0.031803097345132744	0.029037610619469027	0.0005530973451327434	0.004701327433628319	0.029037610619469027	0.018528761061946904	0.0005530973451327434	0.00497787610619469	0.027101769911504425	0.017699115044247787	0.0011061946902654867	0.0030420353982300885	0.0	0.031803097345132744	0.0	0.005807522123893806	0.02765486725663717	0.017699115044247787	0.000829646017699115	0.004148230088495576	0.02654867256637168	0.004701327433628319	0.000829646017699115	0.00165929203539823	0.01797566371681416	0.0459070796460177	0.0005530973451327434	0.015763274336283186
0.025165929203539824	0.035398230088495575	0.000829646017699115	0.008573008849557522	0.04452433628318584	0.030973451327433628	0.00165929203539823	0.00497787610619469	0.0	0.018805309734513276	0.0	0.00663716814159292	0.05807522123893805	0.07328539823008849	0.0002765486725663717	0.019081858407079644	0.02461283185840708	0.020741150442477877	0.0002765486725663717	0.004424778761061947	0.02627212389380531	0.018805309734513276	0.000829646017699115	0.00497787610619469	0.009126106194690266	0.00663716814159292	0.0005530973451327434	0.0011061946902654867	0.0849004424778761	0.0420353982300885	0.0027654867256637168	0.012168141592920354	0.023783185840707963	0.014380530973451327	0.0005530973451327434	0.00331858407079646	0.032079646017699116	0.0293141592920354	0.0002765486725663717	0.004424778761061947	0.028761061946902654	0.018528761061946904	0.000829646017699115	0.00497787610619469	0.027101769911504425	0.017699115044247787	0.0011061946902654867	0.0030420353982300885	0.0	0.03152654867256637	0.0	0.006084070796460177	0.02820796460176991	0.01797566371681416	0.0002765486725663717	0.0038716814159292035	0.02654867256637168	0.00497787610619469	0.000829646017699115	0.0013827433628318584	0.017422566371681415	0.045077433628318585	0.0005530973451327434	0.016592920353982302
0.025165929203539824	0.03595132743362832	0.000829646017699115	0.008019911504424779	0.045077433628318585	0.030973451327433628	0.0011061946902654867	0.00497787610619469	0.0	0.018528761061946904	0.0	0.006913716814159292	0.05752212389380531	0.072179203539823	0.000829646017699115	0.020188053097345133	0.024336283185840708	0.021294247787610618	0.0005530973451327434	0.0038716814159292035	0.02627212389380531	0.018805309734513276	0.000829646017699115	0.00497787610619469	0.009679203539823008	0.006360619469026549	0.0	0.0013827433628318584	0.084070796460177	0.04231194690265487	0.0027654867256637168	0.011615044247787611	0.02350663716814159	0.014103982300884955	0.000829646017699115	0.003595132743362832	0.031803097345132744	0.028484513274336282	0.0005530973451327434	0.005254424778761062	0.028484513274336282	0.018805309734513276	0.0011061946902654867	0.004701327433628319	0.027378318584070797	0.017699115044247787	0.0011061946902654867	0.0027654867256637168	0.0	0.03125	0.0	0.006360619469026549	0.02765486725663717	0.01797566371681416	0.000829646017699115	0.0038716814159292035	0.027101769911504425	0.004701327433628319	0.0002765486725663717	0.00165929203539823	0.018805309734513276	0.04563053097345133	0.0002765486725663717	0.016039823008849558
0.025442477876106196	0.03595132743362832	0.0005530973451327434	0.008019911504424779	0.043971238938053096	0.030973451327433628	0.0019358407079646017	0.005254424778761062	0.0	0.01963495575221239	0.0	0.005807522123893806	0.05724557522123894	0.07273230088495575	0.0011061946902654867	0.01963495575221239	0.024336283185840708	0.020741150442477877	0.0005530973451327434	0.004424778761061947	0.02654867256637168	0.01825221238938053	0.0005530973451327434	0.0055309734513274336	0.009679203539823008	0.006084070796460177	0.0	0.00165929203539823	0.08434734513274336	0.042588495575221236	0.0027654867256637168	0.01133849557522124	0.023783185840707963	0.014103982300884955	0.0005530973451327434	0.003595132743362832	0.030696902654867256	0.02820796460176991	0.0013827433628318584	0.005807522123893806	0.028484513274336282	0.019081858407079644	0.0011061946902654867	0.004424778761061947	0.027931415929203538	0.017699115044247787	0.0005530973451327434	0.0027654867256637168	0.0	0.03125	0.0	0.006360619469026549	0.027931415929203538	0.01825221238938053	0.0005530973451327434	0.003595132743362832	0.02654867256637168	0.004701327433628319	0.000829646017699115	0.00165929203539823	0.01825221238938053	0.04563053097345133	0.0005530973451327434	0.016039823008849558
0.02461283185840708	0.0351216814159292	0.0013827433628318584	0.008849557522123894	0.043971238938053096	0.03014380530973451	0.0022123893805309734	0.005807522123893806	0.0	0.019081858407079644	0.0	0.006360619469026549	0.056969026548672565	0.07383849557522124	0.0013827433628318584	0.018528761061946904	0.024336283185840708	0.02101769911504425	0.0005530973451327434	0.004148230088495576	0.02654867256637168	0.01797566371681416	0.0005530973451327434	0.005807522123893806	0.009679203539823008	0.006084070796460177	0.0	0.00165929203539823	0.08545353982300885	0.04120575221238938	0.0027654867256637168	0.012444690265486726	0.02350663716814159	0.014103982300884955	0.000829646017699115	0.003595132743362832	0.03125	0.028761061946902654	0.0011061946902654867	0.00497787610619469	0.029037610619469027	0.018528761061946904	0.000829646017699115	0.004701327433628319	0.027378318584070797	0.017699115044247787	0.0011061946902654867	0.0027654867256637168	0.0	0.030420353982300884	0.0	0.007190265486725664	0.02765486725663717	0.018528761061946904	0.000829646017699115	0.00331858407079646	0.026825221238938053	0.00497787610619469	0.0005530973451327434	0.0013827433628318584	0.017422566371681415	0.04535398230088496	0.0005530973451327434	0.01631637168141593
0.025165929203539824	0.035398230088495575	0.000829646017699115	0.008573008849557522	0.04452433628318584	0.029867256637168143	0.0019358407079646017	0.005807522123893806	0.0	0.019358407079646017	0.0	0.006084070796460177	0.05669247787610619	0.07466814159292036	0.00165929203539823	0.017699115044247787	0.02461283185840708	0.02157079646017699	0.0002765486725663717	0.003595132743362832	0.02654867256637168	0.01825221238938053	0.0005530973451327434	0.0055309734513274336	0.009679203539823008	0.006084070796460177	0.0	0.00165929203539823	0.084070796460177	0.041758849557522126	0.00331858407079646	0.012168141592920354	0.023230088495575223	0.013827433628318585	0.0011061946902654867	0.0038716814159292035	0.031803097345132744	0.027931415929203538	0.000829646017699115	0.0055309734513274336	0.028761061946902654	0.018528761061946904	0.0011061946902654867	0.004701327433628319	0.02765486725663717	0.017422566371681415	0.000829646017699115	0.0030420353982300885	0.0	0.030696902654867256	0.0	0.006913716814159292	0.02765486725663717	0.01797566371681416	0.000829646017699115	0.0038716814159292035	0.026825221238938053	0.00497787610619469	0.0005530973451327434	0.0013827433628318584	0.01797566371681416	0.04452433628318584	0.0005530973451327434	0.017146017699115043
0.025165929203539824	0.03567477876106195	0.000829646017699115	0.008296460176991151	0.04452433628318584	0.0293141592920354	0.0019358407079646017	0.006360619469026549	0.0	0.019358407079646017	0.0	0.006084070796460177	0.05724557522123894	0.0752212389380531	0.0011061946902654867	0.017146017699115043	0.024889380530973452	0.021294247787610618	0.0	0.0038716814159292035	0.026825221238938053	0.018805309734513276	0.0005530973451327434	0.004701327433628319	0.009679203539823008	0.00663716814159292	0.0	0.0011061946902654867	0.084070796460177	0.04065265486725664	0.003595132743362832	0.012997787610619468	0.02350663716814159	0.013827433628318585	0.000829646017699115	0.0038716814159292035	0.03152654867256637	0.02820796460176991	0.0011061946902654867	0.005254424778761062	0.028761061946902654	0.018805309734513276	0.0013827433628318584	0.004148230088495576	0.027931415929203538	0.01686946902654867	0.000829646017699115	0.00331858407079646	0.0	0.03125	0.0	0.006360619469026549	0.027378318584070797	0.01797566371681416	0.000829646017699115	0.004148230088495576	0.026825221238938053	0.005254424778761062	0.0005530973451327434	0.0011061946902654867	0.017699115044247787	0.043694690265486724	0.000829646017699115	0.01797566371681416
0.025165929203539824	0.0351216814159292	0.000829646017699115	0.008849557522123894	0.04480088495575221	0.029037610619469027	0.00165929203539823	0.00663716814159292	0.0	0.019358407079646017	0.0	0.006084070796460177	0.05669247787610619	0.07605088495575221	0.00165929203539823	0.01631637168141593	0.02461283185840708	0.020741150442477877	0.0002765486725663717	0.004424778761061947	0.02654867256637168	0.018528761061946904	0.000829646017699115	0.00497787610619469	0.009402654867256638	0.006360619469026549	0.0002765486725663717	0.0013827433628318584	0.08241150442477876	0.040099557522123894	0.004424778761061947	0.013827433628318585	0.023230088495575223	0.014380530973451327	0.0011061946902654867	0.00331858407079646	0.032079646017699116	0.027931415929203538	0.000829646017699115	0.005254424778761062	0.027931415929203538	0.019081858407079644	0.0019358407079646017	0.004148230088495576	0.027931415929203538	0.017146017699115043	0.0005530973451327434	0.00331858407079646	0.0	0.03125	0.0	0.006360619469026549	0.02765486725663717	0.017422566371681415	0.0005530973451327434	0.004701327433628319	0.027101769911504425	0.004701327433628319	0.0002765486725663717	0.00165929203539823	0.018528761061946904	0.04341814159292035	0.0005530973451327434	0.01825221238938053
0.025719026548672565	0.035398230088495575	0.0002765486725663717	0.008573008849557522	0.04341814159292035	0.029037610619469027	0.0030420353982300885	0.00663716814159292	0.0	0.01963495575221239	0.0	0.005807522123893806	0.056969026548672565	0.07605088495575221	0.0013827433628318584	0.01631637168141593	0.024059734513274336	0.020741150442477877	0.000829646017699115	0.004424778761061947	0.027378318584070797	0.01825221238938053	0.0002765486725663717	0.00497787610619469	0.009402654867256638	0.006360619469026549	0.0002765486725663717	0.0013827433628318584	0.08130530973451328	0.03926991150442478	0.004424778761061947	0.014380530973451327	0.02350663716814159	0.013827433628318585	0.000829646017699115	0.0038716814159292035	0.03235619469026549	0.02765486725663717	0.0005530973451327434	0.0055309734513274336	0.02820796460176991	0.01963495575221239	0.00165929203539823	0.003595132743362832	0.027931415929203538	0.017422566371681415	0.0005530973451327434	0.0030420353982300885	0.0	0.03152654867256637	0.0	0.006084070796460177	0.027931415929203538	0.017699115044247787	0.0002765486725663717	0.004424778761061947	0.027101769911504425	0.004701327433628319	0.0002765486725663717	0.00165929203539823	0.01991150442477876	0.043971238938053096	0.0005530973451327434	0.017699115044247787
0.025442477876106196	0.03567477876106195	0.0005530973451327434	0.008296460176991151	0.04424778761061947	0.028761061946902654	0.0022123893805309734	0.006913716814159292	0.0	0.019081858407079644	0.0	0.006360619469026549	0.05724557522123894	0.07577433628318585	0.0011061946902654867	0.016592920353982302	0.023783185840707963	0.020741150442477877	0.0011061946902654867	0.004424778761061947	0.027101769911504425	0.018805309734513276	0.0002765486725663717	0.004701327433628319	0.009126106194690266	0.006360619469026549	0.0005530973451327434	0.0013827433628318584	0.08019911504424779	0.03982300884955752	0.004424778761061947	0.013827433628318585	0.02350663716814159	0.013827433628318585	0.000829646017699115	0.0038716814159292035	0.031803097345132744	0.027378318584070797	0.000829646017699115	0.006084070796460177	0.028484513274336282	0.019081858407079644	0.00165929203539823	0.0038716814159292035	0.027931415929203538	0.01686946902654867	0.0005530973451327434	0.003595132743362832	0.0	0.03152654867256637	0.0	0.006084070796460177	0.026825221238938053	0.017699115044247787	0.0011061946902654867	0.004701327433628319	0.027378318584070797	0.004424778761061947	0.0	0.0019358407079646017	0.020741150442477877	0.04424778761061947	0.000829646017699115	0.017422566371681415
0.025442477876106196	0.03650442477876106	0.0005530973451327434	0.007466814159292036	0.043971238938053096	0.028484513274336282	0.0022123893805309734	0.007466814159292036	0.0	0.01963495575221239	0.0	0.005807522123893806	0.056969026548672565	0.07466814159292036	0.0013827433628318584	0.017699115044247787	0.02461283185840708	0.020464601769911505	0.0002765486725663717	0.004701327433628319	0.026825221238938053	0.018528761061946904	0.0002765486725663717	0.005254424778761062	0.009126106194690266	0.006360619469026549	0.0005530973451327434	0.0013827433628318584	0.08075221238938053	0.040376106194690266	0.003595132743362832	0.013550884955752213	0.023783185840707963	0.013550884955752213	0.0005530973451327434	0.004148230088495576	0.03152654867256637	0.027101769911504425	0.0011061946902654867	0.006360619469026549	0.02959070796460177	0.018805309734513276	0.0005530973451327434	0.004148230088495576	0.02820796460176991	0.017422566371681415	0.0002765486725663717	0.0030420353982300885	0.0	0.03235619469026549	0.0	0.005254424778761062	0.026825221238938053	0.017146017699115043	0.0011061946902654867	0.005254424778761062	0.027101769911504425	0.004148230088495576	0.0002765486725663717	0.0022123893805309734	0.02101769911504425	0.04452433628318584	0.0005530973451327434	0.017146017699115043
0.025719026548672565	0.03595132743362832	0.0002765486725663717	0.008019911504424779	0.04341814159292035	0.029037610619469027	0.0027654867256637168	0.006913716814159292	0.0	0.019081858407079644	0.0	0.006360619469026549	0.05641592920353982	0.07439159292035398	0.0019358407079646017	0.01797566371681416	0.024336283185840708	0.020188053097345133	0.0005530973451327434	0.00497787610619469	0.027378318584070797	0.01797566371681416	0.0	0.0055309734513274336	0.009402654867256638	0.006360619469026549	0.0002765486725663717	0.0013827433628318584	0.08185840707964602	0.04092920353982301	0.00331858407079646	0.012721238938053098	0.02350663716814159	0.014103982300884955	0.000829646017699115	0.003595132743362832	0.031803097345132744	0.027101769911504425	0.0005530973451327434	0.00663716814159292	0.029867256637168143	0.01825221238938053	0.0005530973451327434	0.004424778761061947	0.027931415929203538	0.017146017699115043	0.000829646017699115	0.0030420353982300885	0.0	0.03263274336283186	0.0	0.00497787610619469	0.02627212389380531	0.017146017699115043	0.0013827433628318584	0.0055309734513274336	0.026825221238938053	0.004148230088495576	0.0005530973451327434	0.0022123893805309734	0.020188053097345133	0.04452433628318584	0.000829646017699115	0.017146017699115043
0.025995575221238937	0.03567477876106195	0.0	0.008296460176991151	0.04341814159292035	0.02959070796460177	0.0027654867256637168	0.006360619469026549	0.0	0.019358407079646017	0.0	0.006084070796460177	0.05613938053097345	0.07328539823008849	0.0022123893805309734	0.019081858407079644	0.02461283185840708	0.020188053097345133	0.0002765486725663717	0.00497787610619469	0.02654867256637168	0.018805309734513276	0.0005530973451327434	0.00497787610619469	0.009126106194690266	0.006360619469026549	0.0005530973451327434	0.0013827433628318584	0.08268805309734513	0.04092920353982301	0.0022123893805309734	0.012444690265486726	0.024059734513274336	0.013827433628318585	0.0002765486725663717	0.0038716814159292035	0.03152654867256637	0.027378318584070797	0.0011061946902654867	0.006084070796460177	0.03014380530973451	0.017699115044247787	0.0	0.005254424778761062	0.026825221238938053	0.017422566371681415	0.00165929203539823	0.0030420353982300885	0.0	0.03263274336283186	0.0	0.00497787610619469	0.02654867256637168	0.017422566371681415	0.0011061946902654867	0.005254424778761062	0.027101769911504425	0.0038716814159292035	0.0002765486725663717	0.002488938053097345	0.02101769911504425	0.04535398230088496	0.0005530973451327434	0.01631637168141593
0.025165929203539824	0.03567477876106195	0.000829646017699115	0.008296460176991151	0.043971238938053096	0.029037610619469027	0.0019358407079646017	0.007190265486725664	0.0	0.020188053097345133	0.0	0.005254424778761062	0.05613938053097345	0.07328539823008849	0.0022123893805309734	0.019081858407079644	0.02461283185840708	0.020464601769911505	0.0002765486725663717	0.004701327433628319	0.026825221238938053	0.018528761061946904	0.0002765486725663717	0.005254424778761062	0.009126106194690266	0.006360619469026549	0.0005530973451327434	0.0013827433628318584	0.08158185840707964	0.040376106194690266	0.003595132743362832	0.012997787610619468	0.02350663716814159	0.014380530973451327	0.000829646017699115	0.00331858407079646	0.03152654867256637	0.02654867256637168	0.000829646017699115	0.007190265486725664	0.03014380530973451	0.017422566371681415	0.0002765486725663717	0.005254424778761062	0.02765486725663717	0.017699115044247787	0.000829646017699115	0.0027654867256637168	0.0	0.03263274336283186	0.0	0.00497787610619469	0.026825221238938053	0.017699115044247787	0.000829646017699115	0.00497787610619469	0.026825221238938053	0.0038716814159292035	0.0005530973451327434	0.002488938053097345	0.020188053097345133	0.04618362831858407	0.0011061946902654867	0.015486725663716814
0.024336283185840708	0.0351216814159292	0.00165929203539823	0.008849557522123894	0.04424778761061947	0.02820796460176991	0.00165929203539823	0.008019911504424779	0.0	0.020188053097345133	0.0	0.005254424778761062	0.05669247787610619	0.07328539823008849	0.00165929203539823	0.019081858407079644	0.024336283185840708	0.020188053097345133	0.0005530973451327434	0.00497787610619469	0.02654867256637168	0.018528761061946904	0.0005530973451327434	0.005254424778761062	0.009126106194690266	0.006084070796460177	0.0005530973451327434	0.00165929203539823	0.08296460176991151	0.04065265486725664	0.003595132743362832	0.012721238938053098	0.023230088495575223	0.014103982300884955	0.0011061946902654867	0.003595132743362832	0.03125	0.026825221238938053	0.0011061946902654867	0.006913716814159292	0.029867256637168143	0.017422566371681415	0.0005530973451327434	0.005254424778761062	0.027101769911504425	0.01686946902654867	0.0013827433628318584	0.003595132743362832	0.0	0.031803097345132744	0.0	0.005807522123893806	0.026825221238938053	0.017699115044247787	0.000829646017699115	0.00497787610619469	0.026825221238938053	0.004148230088495576	0.0005530973451327434	0.0022123893805309734	0.019081858407079644	0.04618362831858407	0.000829646017699115	0.015486725663716814
0.025442477876106196	0.03595132743362832	0.0005530973451327434	0.008019911504424779	0.043694690265486724	0.027378318584070797	0.0022123893805309734	0.008849557522123894	0.0	0.020188053097345133	0.0	0.005254424778761062	0.05613938053097345	0.07245575221238938	0.0022123893805309734	0.01991150442477876	0.024889380530973452	0.020188053097345133	0.0	0.00497787610619469	0.025719026548672565	0.018528761061946904	0.0011061946902654867	0.0055309734513274336	0.00995575221238938	0.005807522123893806	0.0	0.00165929203539823	0.08324115044247787	0.040376106194690266	0.0027654867256637168	0.012997787610619468	0.02295353982300885	0.013550884955752213	0.0013827433628318584	0.004148230088495576	0.03125	0.025995575221238937	0.0011061946902654867	0.007743362831858407	0.02959070796460177	0.017699115044247787	0.000829646017699115	0.00497787610619469	0.026825221238938053	0.016592920353982302	0.00165929203539823	0.0038716814159292035	0.0	0.03152654867256637	0.0	0.006084070796460177	0.02654867256637168	0.017422566371681415	0.0011061946902654867	0.005254424778761062	0.027378318584070797	0.004424778761061947	0.0	0.0019358407079646017	0.01963495575221239	0.04618362831858407	0.000829646017699115	0.015486725663716814
0.025442477876106196	0.03650442477876106	0.0005530973451327434	0.007466814159292036	0.04480088495575221	0.027378318584070797	0.0013827433628318584	0.008573008849557522	0.0	0.021294247787610618	0.0	0.004148230088495576	0.05613938053097345	0.07356194690265487	0.0022123893805309734	0.018805309734513276	0.02461283185840708	0.020188053097345133	0.0002765486725663717	0.00497787610619469	0.024889380530973452	0.018805309734513276	0.00165929203539823	0.0055309734513274336	0.009402654867256638	0.005807522123893806	0.0002765486725663717	0.0019358407079646017	0.08213495575221239	0.04065265486725664	0.00331858407079646	0.012444690265486726	0.02350663716814159	0.013550884955752213	0.000829646017699115	0.004148230088495576	0.03125	0.026825221238938053	0.0011061946902654867	0.006913716814159292	0.02959070796460177	0.017422566371681415	0.000829646017699115	0.005254424778761062	0.027101769911504425	0.016592920353982302	0.0013827433628318584	0.0038716814159292035	0.0	0.031803097345132744	0.0	0.005807522123893806	0.026825221238938053	0.017699115044247787	0.000829646017699115	0.00497787610619469	0.027378318584070797	0.00497787610619469	0.0	0.0013827433628318584	0.020464601769911505	0.04618362831858407	0.000829646017699115	0.015486725663716814
0.025442477876106196	0.03650442477876106	0.0005530973451327434	0.007466814159292036	0.045077433628318585	0.027931415929203538	0.0011061946902654867	0.008019911504424779	0.0	0.02101769911504425	0.0	0.004424778761061947	0.05641592920353982	0.07356194690265487	0.0019358407079646017	0.018805309734513276	0.024336283185840708	0.020188053097345133	0.0005530973451327434	0.00497787610619469	0.025719026548672565	0.019358407079646017	0.000829646017699115	0.00497787610619469	0.009679203539823008	0.0055309734513274336	0.0	0.0022123893805309734	0.0810287610619469	0.040376106194690266	0.0038716814159292035	0.012721238938053098	0.023783185840707963	0.013827433628318585	0.0005530973451327434	0.0038716814159292035	0.030973451327433628	0.026825221238938053	0.0013827433628318584	0.006913716814159292	0.0293141592920354	0.01797566371681416	0.000829646017699115	0.00497787610619469	0.027931415929203538	0.016592920353982302	0.0005530973451327434	0.0038716814159292035	0.0	0.032079646017699116	0.0	0.0055309734513274336	0.02654867256637168	0.01797566371681416	0.000829646017699115	0.00497787610619469	0.027378318584070797	0.00497787610619469	0.0	0.0013827433628318584	0.021294247787610618	0.04701327433628318	0.0005530973451327434	0.0146570796460177
0.025165929203539824	0.03705752212389381	0.000829646017699115	0.006913716814159292	0.04452433628318584	0.02820796460176991	0.00165929203539823	0.007743362831858407	0.0	0.021294247787610618	0.0	0.004148230088495576	0.055862831858407076	0.07356194690265487	0.002488938053097345	0.018805309734513276	0.02461283185840708	0.020464601769911505	0.0002765486725663717	0.004701327433628319	0.025719026548672565	0.019358407079646017	0.000829646017699115	0.00497787610619469	0.009126106194690266	0.0055309734513274336	0.0005530973451327434	0.0022123893805309734	0.08268805309734513	0.03982300884955752	0.00331858407079646	0.012997787610619468	0.02350663716814159	0.013550884955752213	0.000829646017699115	0.004148230088495576	0.03125	0.02627212389380531	0.0011061946902654867	0.007466814159292036	0.02959070796460177	0.018805309734513276	0.000829646017699115	0.0038716814159292035	0.027931415929203538	0.016592920353982302	0.000829646017699115	0.003595132743362832	0.0	0.032079646017699116	0.0	0.0055309734513274336	0.026825221238938053	0.01825221238938053	0.0005530973451327434	0.004701327433628319	0.02654867256637168	0.004701327433628319	0.000829646017699115	0.00165929203539823	0.020188053097345133	0.04839601769911504	0.000829646017699115	0.01327433628318584
0.025165929203539824	0.036780973451327435	0.000829646017699115	0.007190265486725664	0.04480088495575221	0.027931415929203538	0.0011061946902654867	0.008296460176991151	0.0	0.020464601769911505	0.0	0.00497787610619469	0.05669247787610619	0.07383849557522124	0.00165929203539823	0.018528761061946904	0.024336283185840708	0.020741150442477877	0.0005530973451327434	0.004424778761061947	0.025719026548672565	0.01963495575221239	0.000829646017699115	0.004701327433628319	0.009402654867256638	0.0055309734513274336	0.0002765486725663717	0.0022123893805309734	0.084070796460177	0.03982300884955752	0.0027654867256637168	0.012997787610619468	0.02295353982300885	0.01327433628318584	0.0013827433628318584	0.004424778761061947	0.03152654867256637	0.02654867256637168	0.000829646017699115	0.007190265486725664	0.029867256637168143	0.017422566371681415	0.0005530973451327434	0.005254424778761062	0.027378318584070797	0.016592920353982302	0.000829646017699115	0.004148230088495576	0.0	0.03125	0.0	0.006360619469026549	0.02765486725663717	0.01825221238938053	0.0002765486725663717	0.004148230088495576	0.027101769911504425	0.00497787610619469	0.0002765486725663717	0.0013827433628318584	0.01963495575221239	0.04839601769911504	0.0005530973451327434	0.01327433628318584
0.024889380530973452	0.03650442477876106	0.0011061946902654867	0.007466814159292036	0.04480088495575221	0.027931415929203538	0.0011061946902654867	0.008296460176991151	0.0	0.020464601769911505	0.0	0.00497787610619469	0.056969026548672565	0.07494469026548672	0.0013827433628318584	0.017422566371681415	0.024889380530973452	0.019358407079646017	0.0	0.005807522123893806	0.02654867256637168	0.019081858407079644	0.0005530973451327434	0.004701327433628319	0.009402654867256638	0.0055309734513274336	0.0002765486725663717	0.0022123893805309734	0.08434734513274336	0.040099557522123894	0.002488938053097345	0.012721238938053098	0.023783185840707963	0.012997787610619468	0.0005530973451327434	0.004701327433628319	0.03125	0.027101769911504425	0.0011061946902654867	0.00663716814159292	0.03014380530973451	0.01686946902654867	0.0002765486725663717	0.005807522123893806	0.027101769911504425	0.01631637168141593	0.0011061946902654867	0.004424778761061947	0.0	0.03152654867256637	0.0	0.006084070796460177	0.027378318584070797	0.019081858407079644	0.0005530973451327434	0.00331858407079646	0.02654867256637168	0.00497787610619469	0.000829646017699115	0.0013827433628318584	0.01963495575221239	0.04673672566371682	0.0005530973451327434	0.014933628318584071
0.025165929203539824	0.03595132743362832	0.000829646017699115	0.008019911504424779	0.04452433628318584	0.02820796460176991	0.0013827433628318584	0.008019911504424779	0.0	0.020741150442477877	0.0	0.004701327433628319	0.05641592920353982	0.07494469026548672	0.0019358407079646017	0.017422566371681415	0.02461283185840708	0.019081858407079644	0.0002765486725663717	0.006084070796460177	0.02654867256637168	0.019081858407079644	0.0005530973451327434	0.004701327433628319	0.009402654867256638	0.005254424778761062	0.0002765486725663717	0.002488938053097345	0.08462389380530974	0.038993362831858405	0.002488938053097345	0.013827433628318585	0.023783185840707963	0.013827433628318585	0.0005530973451327434	0.0038716814159292035	0.03125	0.02627212389380531	0.0013827433628318584	0.007190265486725664	0.03014380530973451	0.01686946902654867	0.0002765486725663717	0.005807522123893806	0.02765486725663717	0.015763274336283186	0.0005530973451327434	0.00497787610619469	0.0	0.03125	0.0	0.006360619469026549	0.02765486725663717	0.01797566371681416	0.0002765486725663717	0.004424778761061947	0.02627212389380531	0.00497787610619469	0.0011061946902654867	0.0013827433628318584	0.01963495575221239	0.04673672566371682	0.0002765486725663717	0.014933628318584071
0.025719026548672565	0.03650442477876106	0.0002765486725663717	0.007466814159292036	0.04480088495575221	0.02765486725663717	0.0011061946902654867	0.008573008849557522	0.0	0.021294247787610618	0.0	0.004148230088495576	0.05613938053097345	0.07411504424778761	0.0022123893805309734	0.01825221238938053	0.024336283185840708	0.019081858407079644	0.0005530973451327434	0.006084070796460177	0.025995575221238937	0.019081858407079644	0.0011061946902654867	0.004701327433628319	0.009126106194690266	0.0055309734513274336	0.0002765486725663717	0.002488938053097345	0.08296460176991151	0.038993362831858405	0.0019358407079646017	0.014103982300884955	0.02350663716814159	0.014103982300884955	0.000829646017699115	0.003595132743362832	0.03125	0.02627212389380531	0.00165929203539823	0.006913716814159292	0.03014380530973451	0.01686946902654867	0.0002765486725663717	0.005807522123893806	0.02765486725663717	0.015763274336283186	0.0005530973451327434	0.00497787610619469	0.0	0.031803097345132744	0.0	0.005807522123893806	0.02765486725663717	0.01797566371681416	0.0002765486725663717	0.004424778761061947	0.02654867256637168	0.005254424778761062	0.000829646017699115	0.0011061946902654867	0.02157079646017699	0.046460176991150445	0.0002765486725663717	0.015210176991150442
0.025995575221238937	0.036780973451327435	0.0	0.007190265486725664	0.04424778761061947	0.027931415929203538	0.0013827433628318584	0.008573008849557522	0.0	0.021294247787610618	0.0	0.004148230088495576	0.055862831858407076	0.0752212389380531	0.002488938053097345	0.017146017699115043	0.024059734513274336	0.018805309734513276	0.000829646017699115	0.006360619469026549	0.025995575221238937	0.018528761061946904	0.0011061946902654867	0.005254424778761062	0.008849557522123894	0.005807522123893806	0.0005530973451327434	0.0022123893805309734	0.08268805309734513	0.03844026548672566	0.0019358407079646017	0.0146570796460177	0.024059734513274336	0.013827433628318585	0.0002765486725663717	0.0038716814159292035	0.03152654867256637	0.02627212389380531	0.0013827433628318584	0.006913716814159292	0.03014380530973451	0.017146017699115043	0.0	0.005807522123893806	0.027378318584070797	0.015210176991150442	0.000829646017699115	0.0055309734513274336	0.0	0.03152654867256637	0.0	0.006084070796460177	0.02765486725663717	0.01825221238938053	0.0	0.004424778761061947	0.025995575221238937	0.0055309734513274336	0.0013827433628318584	0.000829646017699115	0.022123893805309734	0.046460176991150445	0.0	0.015210176991150442
0.025719026548672565	0.03650442477876106	0.0002765486725663717	0.007466814159292036	0.04452433628318584	0.02765486725663717	0.0011061946902654867	0.008849557522123894	0.0	0.02101769911504425	0.0	0.004424778761061947	0.05558628318584071	0.07577433628318585	0.0027654867256637168	0.016592920353982302	0.023230088495575223	0.018528761061946904	0.00165929203539823	0.00663716814159292	0.02627212389380531	0.018528761061946904	0.000829646017699115	0.005254424778761062	0.009402654867256638	0.006084070796460177	0.0	0.0019358407079646017	0.08296460176991151	0.038993362831858405	0.002488938053097345	0.014103982300884955	0.024336283185840708	0.014103982300884955	0.0	0.003595132743362832	0.031803097345132744	0.02627212389380531	0.0013827433628318584	0.00663716814159292	0.030420353982300884	0.01686946902654867	0.0002765486725663717	0.0055309734513274336	0.027101769911504425	0.015210176991150442	0.0011061946902654867	0.0055309734513274336	0.0	0.03125	0.0	0.006360619469026549	0.027101769911504425	0.018528761061946904	0.000829646017699115	0.0038716814159292035	0.025719026548672565	0.005807522123893806	0.00165929203539823	0.0005530973451327434	0.020741150442477877	0.04618362831858407	0.0005530973451327434	0.015486725663716814
0.025442477876106196	0.03650442477876106	0.0005530973451327434	0.007466814159292036	0.043971238938053096	0.02765486725663717	0.00165929203539823	0.008849557522123894	0.0	0.02157079646017699	0.0	0.0038716814159292035	0.056969026548672565	0.07549778761061947	0.0013827433628318584	0.01686946902654867	0.023783185840707963	0.019358407079646017	0.0011061946902654867	0.005807522123893806	0.02627212389380531	0.018805309734513276	0.000829646017699115	0.00497787610619469	0.009402654867256638	0.00663716814159292	0.0	0.0013827433628318584	0.08434734513274336	0.03982300884955752	0.00165929203539823	0.01327433628318584	0.023783185840707963	0.013827433628318585	0.0005530973451327434	0.0038716814159292035	0.03152654867256637	0.025995575221238937	0.00165929203539823	0.006913716814159292	0.029867256637168143	0.017699115044247787	0.0005530973451327434	0.00497787610619469	0.027101769911504425	0.015210176991150442	0.0013827433628318584	0.005254424778761062	0.0	0.03125	0.0	0.006360619469026549	0.027101769911504425	0.018805309734513276	0.000829646017699115	0.003595132743362832	0.025995575221238937	0.0055309734513274336	0.0013827433628318584	0.000829646017699115	0.020188053097345133	0.046460176991150445	0.0005530973451327434	0.015210176991150442
0.024336283185840708	0.03567477876106195	0.00165929203539823	0.008296460176991151	0.043694690265486724	0.027101769911504425	0.0013827433628318584	0.00995575221238938	0.0	0.020188053097345133	0.0	0.005254424778761062	0.05724557522123894	0.0752212389380531	0.0011061946902654867	0.017146017699115043	0.02461283185840708	0.019081858407079644	0.0002765486725663717	0.006084070796460177	0.02654867256637168	0.018805309734513276	0.0005530973451327434	0.00497787610619469	0.009402654867256638	0.006913716814159292	0.0	0.0011061946902654867	0.0849004424778761	0.04065265486725664	0.00165929203539823	0.012997787610619468	0.023783185840707963	0.013827433628318585	0.0005530973451327434	0.0038716814159292035	0.032079646017699116	0.025995575221238937	0.0011061946902654867	0.006913716814159292	0.02959070796460177	0.017699115044247787	0.000829646017699115	0.00497787610619469	0.026825221238938053	0.015763274336283186	0.00165929203539823	0.004701327433628319	0.0	0.03152654867256637	0.0	0.006084070796460177	0.027101769911504425	0.018805309734513276	0.000829646017699115	0.003595132743362832	0.02627212389380531	0.0055309734513274336	0.0011061946902654867	0.000829646017699115	0.018805309734513276	0.04563053097345133	0.000829646017699115	0.016039823008849558
0.024889380530973452	0.03595132743362832	0.0011061946902654867	0.008019911504424779	0.043971238938053096	0.026825221238938053	0.0011061946902654867	0.010232300884955753	0.0	0.01991150442477876	0.0	0.0055309734513274336	0.05752212389380531	0.07632743362831858	0.000829646017699115	0.016039823008849558	0.024889380530973452	0.01825221238938053	0.0	0.006913716814159292	0.026825221238938053	0.018805309734513276	0.0002765486725663717	0.00497787610619469	0.009126106194690266	0.006913716814159292	0.0002765486725663717	0.0011061946902654867	0.0849004424778761	0.040376106194690266	0.0022123893805309734	0.01327433628318584	0.02350663716814159	0.013827433628318585	0.000829646017699115	0.0038716814159292035	0.03263274336283186	0.025442477876106196	0.000829646017699115	0.007190265486725664	0.02959070796460177	0.017422566371681415	0.0011061946902654867	0.00497787610619469	0.027101769911504425	0.01631637168141593	0.00165929203539823	0.0038716814159292035	0.0	0.031803097345132744	0.0	0.005807522123893806	0.027378318584070797	0.018528761061946904	0.0002765486725663717	0.004148230088495576	0.02654867256637168	0.005807522123893806	0.000829646017699115	0.0005530973451327434	0.018528761061946904	0.04618362831858407	0.0005530973451327434	0.015486725663716814
0.025442477876106196	0.03595132743362832	0.0005530973451327434	0.008019911504424779	0.043971238938053096	0.02820796460176991	0.0011061946902654867	0.008849557522123894	0.0	0.01991150442477876	0.0	0.0055309734513274336	0.05752212389380531	0.07549778761061947	0.000829646017699115	0.01686946902654867	0.02461283185840708	0.01797566371681416	0.0002765486725663717	0.007190265486725664	0.02627212389380531	0.019358407079646017	0.000829646017699115	0.004424778761061947	0.009126106194690266	0.006913716814159292	0.0002765486725663717	0.0011061946902654867	0.0849004424778761	0.04092920353982301	0.0022123893805309734	0.012997787610619468	0.023783185840707963	0.013827433628318585	0.0005530973451327434	0.0038716814159292035	0.03346238938053098	0.025165929203539824	0.0005530973451327434	0.006913716814159292	0.0293141592920354	0.017699115044247787	0.0011061946902654867	0.00497787610619469	0.02765486725663717	0.01631637168141593	0.0011061946902654867	0.0038716814159292035	0.0	0.032079646017699116	0.0	0.0055309734513274336	0.027931415929203538	0.018528761061946904	0.0002765486725663717	0.003595132743362832	0.02654867256637168	0.005807522123893806	0.000829646017699115	0.0005530973451327434	0.017699115044247787	0.04563053097345133	0.0011061946902654867	0.016039823008849558
0.025165929203539824	0.03595132743362832	0.000829646017699115	0.008019911504424779	0.043694690265486724	0.028484513274336282	0.0011061946902654867	0.008849557522123894	0.0	0.020464601769911505	0.0	0.00497787610619469	0.05724557522123894	0.0752212389380531	0.0011061946902654867	0.017146017699115043	0.02461283185840708	0.01825221238938053	0.0002765486725663717	0.006913716814159292	0.02627212389380531	0.018805309734513276	0.000829646017699115	0.00497787610619469	0.009126106194690266	0.006913716814159292	0.0002765486725663717	0.0011061946902654867	0.08655973451327434	0.041482300884955754	0.0019358407079646017	0.011891592920353982	0.02350663716814159	0.014103982300884955	0.000829646017699115	0.003595132743362832	0.03346238938053098	0.025719026548672565	0.0005530973451327434	0.006360619469026549	0.02959070796460177	0.017146017699115043	0.000829646017699115	0.0055309734513274336	0.02820796460176991	0.016039823008849558	0.0005530973451327434	0.004148230088495576	0.0	0.031803097345132744	0.0	0.005807522123893806	0.027931415929203538	0.018528761061946904	0.0002765486725663717	0.003595132743362832	0.026825221238938053	0.005807522123893806	0.0005530973451327434	0.0005530973451327434	0.016592920353982302	0.046460176991150445	0.0013827433628318584	0.015210176991150442
0.025165929203539824	0.03567477876106195	0.000829646017699115	0.008296460176991151	0.04452433628318584	0.029037610619469027	0.0002765486725663717	0.008296460176991151	0.0	0.020464601769911505	0.0	0.00497787610619469	0.056969026548672565	0.07549778761061947	0.0013827433628318584	0.01686946902654867	0.024889380530973452	0.018805309734513276	0.0	0.006360619469026549	0.027101769911504425	0.018805309734513276	0.0002765486725663717	0.004701327433628319	0.008573008849557522	0.006913716814159292	0.000829646017699115	0.0011061946902654867	0.0868362831858407	0.04092920353982301	0.0022123893805309734	0.012168141592920354	0.02295353982300885	0.014103982300884955	0.0013827433628318584	0.003595132743362832	0.033185840707964605	0.025442477876106196	0.0013827433628318584	0.006084070796460177	0.02959070796460177	0.017422566371681415	0.000829646017699115	0.005254424778761062	0.02820796460176991	0.015763274336283186	0.0002765486725663717	0.004701327433628319	0.0	0.032079646017699116	0.0	0.0055309734513274336	0.02765486725663717	0.01797566371681416	0.0005530973451327434	0.004148230088495576	0.02654867256637168	0.005807522123893806	0.000829646017699115	0.0005530973451327434	0.016592920353982302	0.04563053097345133	0.0011061946902654867	0.016039823008849558
0.025442477876106196	0.03567477876106195	0.0005530973451327434	0.008296460176991151	0.04452433628318584	0.03014380530973451	0.0002765486725663717	0.007190265486725664	0.0	0.020188053097345133	0.0	0.005254424778761062	0.05724557522123894	0.07549778761061947	0.0011061946902654867	0.01686946902654867	0.024336283185840708	0.019081858407079644	0.0005530973451327434	0.006084070796460177	0.027101769911504425	0.01825221238938053	0.0002765486725663717	0.005254424778761062	0.008296460176991151	0.00663716814159292	0.0011061946902654867	0.0013827433628318584	0.08573008849557522	0.04065265486725664	0.0022123893805309734	0.011891592920353982	0.023783185840707963	0.014380530973451327	0.0005530973451327434	0.00331858407079646	0.03263274336283186	0.025995575221238937	0.0019358407079646017	0.0055309734513274336	0.029867256637168143	0.017146017699115043	0.0005530973451327434	0.0055309734513274336	0.028484513274336282	0.015763274336283186	0.0	0.004701327433628319	0.0	0.032079646017699116	0.0	0.0055309734513274336	0.02765486725663717	0.017699115044247787	0.0005530973451327434	0.004424778761061947	0.02654867256637168	0.005807522123893806	0.000829646017699115	0.0005530973451327434	0.01797566371681416	0.0459070796460177	0.0013827433628318584	0.015763274336283186
0.024889380530973452	0.03567477876106195	0.0011061946902654867	0.008296460176991151	0.04341814159292035	0.030420353982300884	0.0002765486725663717	0.008019911504424779	0.0	0.01963495575221239	0.0	0.005807522123893806	0.05752212389380531	0.0752212389380531	0.000829646017699115	0.017146017699115043	0.02461283185840708	0.018805309734513276	0.0002765486725663717	0.006360619469026549	0.026825221238938053	0.01825221238938053	0.0005530973451327434	0.005254424778761062	0.008296460176991151	0.006913716814159292	0.000829646017699115	0.0013827433628318584	0.08462389380530974	0.04065265486725664	0.002488938053097345	0.012168141592920354	0.023783185840707963	0.014380530973451327	0.0005530973451327434	0.00331858407079646	0.03263274336283186	0.026825221238938053	0.0019358407079646017	0.004701327433628319	0.0293141592920354	0.017699115044247787	0.0011061946902654867	0.00497787610619469	0.028761061946902654	0.015210176991150442	0.0	0.00497787610619469	0.0	0.03235619469026549	0.0	0.005254424778761062	0.027931415929203538	0.017699115044247787	0.0005530973451327434	0.004148230088495576	0.02654867256637168	0.005807522123893806	0.000829646017699115	0.0005530973451327434	0.018528761061946904	0.04535398230088496	0.0013827433628318584	0.01631637168141593
0.025165929203539824	0.035398230088495575	0.000829646017699115	0.008573008849557522	0.042588495575221236	0.030420353982300884	0.0011061946902654867	0.008019911504424779	0.0	0.018805309734513276	0.0	0.00663716814159292	0.056969026548672565	0.07466814159292036	0.0013827433628318584	0.017699115044247787	0.024336283185840708	0.019081858407079644	0.0005530973451327434	0.006084070796460177	0.026825221238938053	0.017699115044247787	0.0005530973451327434	0.005807522123893806	0.009126106194690266	0.006913716814159292	0.0	0.0013827433628318584	0.08379424778761062	0.040376106194690266	0.0030420353982300885	0.011891592920353982	0.02350663716814159	0.014380530973451327	0.000829646017699115	0.00331858407079646	0.032079646017699116	0.02654867256637168	0.002488938053097345	0.00497787610619469	0.02959070796460177	0.018528761061946904	0.000829646017699115	0.004148230088495576	0.02820796460176991	0.015210176991150442	0.0002765486725663717	0.005254424778761062	0.0	0.032079646017699116	0.0	0.0055309734513274336	0.027931415929203538	0.01825221238938053	0.0002765486725663717	0.0038716814159292035	0.026825221238938053	0.005807522123893806	0.0005530973451327434	0.0005530973451327434	0.019358407079646017	0.04563053097345133	0.0013827433628318584	0.016039823008849558
0.025442477876106196	0.035398230088495575	0.0005530973451327434	0.008573008849557522	0.04231194690265487	0.030973451327433628	0.0013827433628318584	0.007466814159292036	0.0	0.018805309734513276	0.0	0.00663716814159292	0.05613938053097345	0.07439159292035398	0.0022123893805309734	0.01797566371681416	0.024336283185840708	0.019081858407079644	0.0005530973451327434	0.006084070796460177	0.027101769911504425	0.017699115044247787	0.0005530973451327434	0.0055309734513274336	0.008849557522123894	0.006084070796460177	0.0002765486725663717	0.0022123893805309734	0.08434734513274336	0.04120575221238938	0.00165929203539823	0.011061946902654867	0.02350663716814159	0.014103982300884955	0.000829646017699115	0.003595132743362832	0.03290929203539823	0.02627212389380531	0.00165929203539823	0.005254424778761062	0.02959070796460177	0.01825221238938053	0.000829646017699115	0.004424778761061947	0.02765486725663717	0.015486725663716814	0.0005530973451327434	0.005254424778761062	0.0	0.032079646017699116	0.0	0.0055309734513274336	0.028484513274336282	0.01797566371681416	0.0002765486725663717	0.003595132743362832	0.026825221238938053	0.005807522123893806	0.0005530973451327434	0.0005530973451327434	0.020188053097345133	0.046460176991150445	0.0013827433628318584	0.015210176991150442
0.025719026548672565	0.035398230088495575	0.0002765486725663717	0.008573008849557522	0.042588495575221236	0.03125	0.000829646017699115	0.007466814159292036	0.0	0.019081858407079644	0.0	0.006360619469026549	0.05669247787610619	0.07466814159292036	0.00165929203539823	0.017699115044247787	0.02461283185840708	0.01963495575221239	0.0002765486725663717	0.0055309734513274336	0.02654867256637168	0.01825221238938053	0.000829646017699115	0.005254424778761062	0.008849557522123894	0.006360619469026549	0.0002765486725663717	0.0019358407079646017	0.0849004424778761	0.04092920353982301	0.00165929203539823	0.01133849557522124	0.024059734513274336	0.014380530973451327	0.0002765486725663717	0.00331858407079646	0.03346238938053098	0.025442477876106196	0.00165929203539823	0.0055309734513274336	0.0293141592920354	0.017699115044247787	0.0013827433628318584	0.004701327433628319	0.026825221238938053	0.015763274336283186	0.0013827433628318584	0.00497787610619469	0.0	0.032079646017699116	0.0	0.0055309734513274336	0.027931415929203538	0.017146017699115043	0.0005530973451327434	0.004701327433628319	0.026825221238938053	0.0055309734513274336	0.0005530973451327434	0.000829646017699115	0.01991150442477876	0.0478429203539823	0.0011061946902654867	0.013827433628318585
0.025995575221238937	0.03567477876106195	0.0	0.008296460176991151	0.04286504424778761	0.03152654867256637	0.000829646017699115	0.006913716814159292	0.0	0.019358407079646017	0.0	0.006084070796460177	0.056969026548672565	0.07439159292035398	0.0013827433628318584	0.01797566371681416	0.02461283185840708	0.019081858407079644	0.0002765486725663717	0.006084070796460177	0.02654867256637168	0.018805309734513276	0.000829646017699115	0.004701327433628319	0.008849557522123894	0.00663716814159292	0.0002765486725663717	0.00165929203539823	0.08517699115044247	0.040099557522123894	0.0013827433628318584	0.012168141592920354	0.023783185840707963	0.0146570796460177	0.0005530973451327434	0.0030420353982300885	0.03346238938053098	0.025719026548672565	0.00165929203539823	0.005254424778761062	0.02959070796460177	0.01797566371681416	0.0011061946902654867	0.004424778761061947	0.02765486725663717	0.015763274336283186	0.0005530973451327434	0.00497787610619469	0.0	0.03125	0.0	0.006360619469026549	0.028484513274336282	0.017699115044247787	0.0	0.004148230088495576	0.026825221238938053	0.0055309734513274336	0.0005530973451327434	0.000829646017699115	0.01991150442477876	0.04839601769911504	0.0011061946902654867	0.01327433628318584
0.025995575221238937	0.035398230088495575	0.0	0.008573008849557522	0.043694690265486724	0.03125	0.0005530973451327434	0.00663716814159292	0.0	0.019358407079646017	0.0	0.006084070796460177	0.05669247787610619	0.07466814159292036	0.00165929203539823	0.017699115044247787	0.024059734513274336	0.018805309734513276	0.000829646017699115	0.006360619469026549	0.027101769911504425	0.019081858407079644	0.0002765486725663717	0.004424778761061947	0.009126106194690266	0.00663716814159292	0.0	0.00165929203539823	0.08434734513274336	0.040099557522123894	0.00165929203539823	0.011891592920353982	0.024059734513274336	0.0146570796460177	0.0002765486725663717	0.0030420353982300885	0.034015486725663714	0.02654867256637168	0.0011061946902654867	0.004424778761061947	0.03014380530973451	0.01825221238938053	0.000829646017699115	0.0038716814159292035	0.02820796460176991	0.015210176991150442	0.0	0.0055309734513274336	0.0	0.031803097345132744	0.0	0.005807522123893806	0.02820796460176991	0.017146017699115043	0.0002765486725663717	0.004701327433628319	0.02654867256637168	0.0055309734513274336	0.000829646017699115	0.000829646017699115	0.02101769911504425	0.048672566371681415	0.000829646017699115	0.012997787610619468
0.025995575221238937	0.03567477876106195	0.0	0.008296460176991151	0.04341814159292035	0.03125	0.000829646017699115	0.00663716814159292	0.0	0.01963495575221239	0.0	0.005807522123893806	0.05779867256637168	0.07549778761061947	0.0005530973451327434	0.01686946902654867	0.024336283185840708	0.018528761061946904	0.0005530973451327434	0.00663716814159292	0.02654867256637168	0.01825221238938053	0.0005530973451327434	0.0055309734513274336	0.009126106194690266	0.006360619469026549	0.0	0.0019358407079646017	0.08351769911504425	0.041758849557522126	0.0019358407079646017	0.010232300884955753	0.023230088495575223	0.014933628318584071	0.0011061946902654867	0.0027654867256637168	0.034015486725663714	0.02654867256637168	0.0011061946902654867	0.004424778761061947	0.03014380530973451	0.018528761061946904	0.0005530973451327434	0.0038716814159292035	0.02820796460176991	0.015210176991150442	0.0	0.0055309734513274336	0.0	0.03125	0.0	0.006360619469026549	0.02820796460176991	0.01686946902654867	0.0002765486725663717	0.00497787610619469	0.026825221238938053	0.0055309734513274336	0.0005530973451327434	0.000829646017699115	0.021847345132743362	0.04922566371681416	0.0005530973451327434	0.012444690265486726
0.025719026548672565	0.035398230088495575	0.0002765486725663717	0.008573008849557522	0.04341814159292035	0.031803097345132744	0.0011061946902654867	0.005807522123893806	0.0	0.01963495575221239	0.0	0.005807522123893806	0.05779867256637168	0.0752212389380531	0.0005530973451327434	0.017146017699115043	0.024336283185840708	0.01963495575221239	0.0005530973451327434	0.0055309734513274336	0.02627212389380531	0.018528761061946904	0.000829646017699115	0.005254424778761062	0.009126106194690266	0.006360619469026549	0.0	0.0019358407079646017	0.08268805309734513	0.04314159292035398	0.002488938053097345	0.009126106194690266	0.02267699115044248	0.0146570796460177	0.00165929203539823	0.0030420353982300885	0.03484513274336283	0.025995575221238937	0.000829646017699115	0.004424778761061947	0.030420353982300884	0.018805309734513276	0.0002765486725663717	0.003595132743362832	0.027931415929203538	0.016039823008849558	0.0002765486725663717	0.004701327433628319	0.0	0.03125	0.0	0.006360619469026549	0.02820796460176991	0.017146017699115043	0.0002765486725663717	0.004701327433628319	0.025995575221238937	0.0055309734513274336	0.0013827433628318584	0.000829646017699115	0.022123893805309734	0.048672566371681415	0.0002765486725663717	0.012997787610619468
0.025995575221238937	0.035398230088495575	0.0	0.008573008849557522	0.04286504424778761	0.031803097345132744	0.0013827433628318584	0.006084070796460177	0.0	0.019358407079646017	0.0	0.006084070796460177	0.05724557522123894	0.07383849557522124	0.0011061946902654867	0.018528761061946904	0.024059734513274336	0.020188053097345133	0.000829646017699115	0.00497787610619469	0.026825221238938053	0.018528761061946904	0.0005530973451327434	0.00497787610619469	0.009126106194690266	0.006913716814159292	0.0	0.0013827433628318584	0.08434734513274336	0.04314159292035398	0.0019358407079646017	0.008849557522123894	0.02350663716814159	0.014380530973451327	0.000829646017699115	0.00331858407079646	0.0351216814159292	0.025995575221238937	0.0005530973451327434	0.004424778761061947	0.029867256637168143	0.018805309734513276	0.000829646017699115	0.003595132743362832	0.027931415929203538	0.016592920353982302	0.0002765486725663717	0.004148230088495576	0.0	0.03152654867256637	0.0	0.006084070796460177	0.02820796460176991	0.017699115044247787	0.0	0.004424778761061947	0.02654867256637168	0.0055309734513274336	0.000829646017699115	0.000829646017699115	0.021294247787610618	0.048672566371681415	0.0002765486725663717	0.012997787610619468
0.025442477876106196	0.035398230088495575	0.0005530973451327434	0.008573008849557522	0.04231194690265487	0.032079646017699116	0.0019358407079646017	0.005807522123893806	0.0	0.01963495575221239	0.0	0.005807522123893806	0.05724557522123894	0.07439159292035398	0.0011061946902654867	0.01797566371681416	0.024059734513274336	0.01963495575221239	0.000829646017699115	0.0055309734513274336	0.02654867256637168	0.018805309734513276	0.000829646017699115	0.004701327433628319	0.009126106194690266	0.006913716814159292	0.0	0.0013827433628318584	0.08268805309734513	0.04341814159292035	0.0022123893805309734	0.008573008849557522	0.023230088495575223	0.014380530973451327	0.0011061946902654867	0.00331858407079646	0.0351216814159292	0.025442477876106196	0.000829646017699115	0.004701327433628319	0.02959070796460177	0.019081858407079644	0.0011061946902654867	0.00331858407079646	0.027931415929203538	0.01631637168141593	0.0005530973451327434	0.004148230088495576	0.0	0.030420353982300884	0.0	0.007190265486725664	0.027101769911504425	0.01825221238938053	0.0005530973451327434	0.004424778761061947	0.02654867256637168	0.0055309734513274336	0.000829646017699115	0.000829646017699115	0.02267699115044248	0.050055309734513276	0.0002765486725663717	0.011615044247787611
0.025995575221238937	0.03567477876106195	0.0	0.008296460176991151	0.0420353982300885	0.031803097345132744	0.0019358407079646017	0.006360619469026549	0.0	0.01963495575221239	0.0	0.005807522123893806	0.056969026548672565	0.07273230088495575	0.0013827433628318584	0.01963495575221239	0.023230088495575223	0.01963495575221239	0.00165929203539823	0.0055309734513274336	0.02627212389380531	0.018805309734513276	0.0013827433628318584	0.004424778761061947	0.008849557522123894	0.00663716814159292	0.0002765486725663717	0.00165929203539823	0.08351769911504425	0.04314159292035398	0.002488938053097345	0.009126106194690266	0.02295353982300885	0.0146570796460177	0.0013827433628318584	0.0030420353982300885	0.03456858407079646	0.025442477876106196	0.0013827433628318584	0.004701327433628319	0.02959070796460177	0.018528761061946904	0.0011061946902654867	0.0038716814159292035	0.02765486725663717	0.016039823008849558	0.000829646017699115	0.004424778761061947	0.0	0.031803097345132744	0.0	0.005807522123893806	0.02654867256637168	0.01825221238938053	0.0011061946902654867	0.004424778761061947	0.02654867256637168	0.0055309734513274336	0.000829646017699115	0.000829646017699115	0.02101769911504425	0.04950221238938053	0.0005530973451327434	0.012168141592920354
0.025995575221238937	0.036780973451327435	0.0	0.007190265486725664	0.04314159292035398	0.03125	0.0011061946902654867	0.00663716814159292	0.0	0.01963495575221239	0.0	0.005807522123893806	0.05724557522123894	0.07411504424778761	0.0011061946902654867	0.01825221238938053	0.023783185840707963	0.01963495575221239	0.0011061946902654867	0.0055309734513274336	0.025719026548672565	0.018528761061946904	0.0019358407079646017	0.004701327433628319	0.008849557522123894	0.006360619469026549	0.0002765486725663717	0.0019358407079646017	0.08296460176991151	0.043694690265486724	0.003595132743362832	0.008573008849557522	0.02295353982300885	0.0146570796460177	0.0013827433628318584	0.0030420353982300885	0.03484513274336283	0.024889380530973452	0.0011061946902654867	0.005254424778761062	0.03014380530973451	0.01825221238938053	0.000829646017699115	0.0038716814159292035	0.027931415929203538	0.015763274336283186	0.000829646017699115	0.004424778761061947	0.0	0.032079646017699116	0.0	0.0055309734513274336	0.027101769911504425	0.018528761061946904	0.0005530973451327434	0.004148230088495576	0.02654867256637168	0.0055309734513274336	0.000829646017699115	0.000829646017699115	0.020464601769911505	0.04922566371681416	0.0005530973451327434	0.012444690265486726
0.025995575221238937	0.03650442477876106	0.0	0.007466814159292036	0.042588495575221236	0.030973451327433628	0.0013827433628318584	0.007190265486725664	0.0	0.020188053097345133	0.0	0.005254424778761062	0.056969026548672565	0.07383849557522124	0.0013827433628318584	0.018528761061946904	0.02350663716814159	0.019358407079646017	0.0013827433628318584	0.005807522123893806	0.026825221238938053	0.018805309734513276	0.000829646017699115	0.004424778761061947	0.008573008849557522	0.006360619469026549	0.0005530973451327434	0.0019358407079646017	0.08241150442477876	0.04286504424778761	0.00331858407079646	0.009126106194690266	0.02350663716814159	0.0146570796460177	0.000829646017699115	0.0030420353982300885	0.0351216814159292	0.024889380530973452	0.0011061946902654867	0.00497787610619469	0.03014380530973451	0.01797566371681416	0.000829646017699115	0.004148230088495576	0.02820796460176991	0.015210176991150442	0.0005530973451327434	0.00497787610619469	0.0	0.03263274336283186	0.0	0.00497787610619469	0.02654867256637168	0.018528761061946904	0.000829646017699115	0.004424778761061947	0.026825221238938053	0.0055309734513274336	0.0005530973451327434	0.000829646017699115	0.02101769911504425	0.04922566371681416	0.0011061946902654867	0.012444690265486726
0.025995575221238937	0.03650442477876106	0.0	0.007466814159292036	0.041758849557522126	0.03235619469026549	0.0019358407079646017	0.006084070796460177	0.0	0.020464601769911505	0.0	0.00497787610619469	0.05724557522123894	0.07466814159292036	0.0011061946902654867	0.017699115044247787	0.02350663716814159	0.019081858407079644	0.0013827433628318584	0.006084070796460177	0.02627212389380531	0.01963495575221239	0.0011061946902654867	0.0038716814159292035	0.008849557522123894	0.006084070796460177	0.0002765486725663717	0.0022123893805309734	0.08158185840707964	0.04314159292035398	0.004148230088495576	0.008019911504424779	0.023783185840707963	0.0146570796460177	0.0005530973451327434	0.0030420353982300885	0.03567477876106195	0.02461283185840708	0.0005530973451327434	0.005254424778761062	0.030420353982300884	0.017699115044247787	0.0005530973451327434	0.004424778761061947	0.028761061946902654	0.015486725663716814	0.0002765486725663717	0.004424778761061947	0.0	0.031803097345132744	0.0	0.005807522123893806	0.02654867256637168	0.018805309734513276	0.000829646017699115	0.004148230088495576	0.02654867256637168	0.0055309734513274336	0.000829646017699115	0.000829646017699115	0.02267699115044248	0.050055309734513276	0.0002765486725663717	0.011615044247787611
0.025442477876106196	0.03595132743362832	0.0005530973451327434	0.008019911504424779	0.041758849557522126	0.03263274336283186	0.0019358407079646017	0.005807522123893806	0.0	0.020741150442477877	0.0	0.004701327433628319	0.056969026548672565	0.07466814159292036	0.0013827433628318584	0.017699115044247787	0.023783185840707963	0.019081858407079644	0.0011061946902654867	0.006084070796460177	0.02654867256637168	0.019358407079646017	0.000829646017699115	0.004148230088495576	0.008849557522123894	0.006360619469026549	0.0002765486725663717	0.0019358407079646017	0.08324115044247787	0.04231194690265487	0.00331858407079646	0.008849557522123894	0.02350663716814159	0.014103982300884955	0.000829646017699115	0.003595132743362832	0.0351216814159292	0.024889380530973452	0.000829646017699115	0.005254424778761062	0.030420353982300884	0.017422566371681415	0.0002765486725663717	0.00497787610619469	0.028761061946902654	0.01631637168141593	0.0002765486725663717	0.003595132743362832	0.0	0.03152654867256637	0.0	0.006084070796460177	0.02627212389380531	0.019358407079646017	0.0011061946902654867	0.003595132743362832	0.025995575221238937	0.0055309734513274336	0.0013827433628318584	0.000829646017699115	0.021294247787610618	0.05033185840707965	0.000829646017699115	0.01133849557522124
0.025165929203539824	0.036780973451327435	0.000829646017699115	0.007190265486725664	0.0420353982300885	0.03235619469026549	0.00165929203539823	0.006084070796460177	0.0	0.020464601769911505	0.0	0.00497787610619469	0.05613938053097345	0.07328539823008849	0.0022123893805309734	0.019081858407079644	0.023783185840707963	0.019358407079646017	0.0011061946902654867	0.005807522123893806	0.025995575221238937	0.019358407079646017	0.0013827433628318584	0.004148230088495576	0.008849557522123894	0.006360619469026549	0.0002765486725663717	0.0019358407079646017	0.08296460176991151	0.04286504424778761	0.003595132743362832	0.008019911504424779	0.023783185840707963	0.014103982300884955	0.0005530973451327434	0.003595132743362832	0.0351216814159292	0.025165929203539824	0.000829646017699115	0.00497787610619469	0.029867256637168143	0.017699115044247787	0.0011061946902654867	0.004424778761061947	0.028484513274336282	0.016592920353982302	0.0005530973451327434	0.00331858407079646	0.0	0.03235619469026549	0.0	0.005254424778761062	0.025995575221238937	0.019358407079646017	0.0013827433628318584	0.003595132743362832	0.025995575221238937	0.00497787610619469	0.0013827433628318584	0.0013827433628318584	0.021847345132743362	0.05088495575221239	0.0005530973451327434	0.010785398230088495
0.025442477876106196	0.036780973451327435	0.0005530973451327434	0.007190265486725664	0.04231194690265487	0.03263274336283186	0.0013827433628318584	0.005807522123893806	0.0	0.02101769911504425	0.0	0.004424778761061947	0.05641592920353982	0.07466814159292036	0.0019358407079646017	0.017699115044247787	0.023783185840707963	0.019081858407079644	0.0011061946902654867	0.006084070796460177	0.026825221238938053	0.019081858407079644	0.0005530973451327434	0.004424778761061947	0.008296460176991151	0.00663716814159292	0.000829646017699115	0.00165929203539823	0.08241150442477876	0.04286504424778761	0.004148230088495576	0.008296460176991151	0.024059734513274336	0.013827433628318585	0.0002765486725663717	0.0038716814159292035	0.03484513274336283	0.025442477876106196	0.0005530973451327434	0.005254424778761062	0.029867256637168143	0.01686946902654867	0.0011061946902654867	0.005254424778761062	0.02820796460176991	0.01686946902654867	0.000829646017699115	0.0030420353982300885	0.0	0.032079646017699116	0.0	0.0055309734513274336	0.02654867256637168	0.019358407079646017	0.000829646017699115	0.003595132743362832	0.02627212389380531	0.005254424778761062	0.0011061946902654867	0.0011061946902654867	0.021294247787610618	0.05060840707964602	0.000829646017699115	0.011061946902654867
0.025442477876106196	0.03705752212389381	0.0005530973451327434	0.006913716814159292	0.04231194690265487	0.03235619469026549	0.0013827433628318584	0.006084070796460177	0.0	0.02157079646017699	0.0	0.0038716814159292035	0.05641592920353982	0.07494469026548672	0.0019358407079646017	0.017422566371681415	0.023783185840707963	0.019358407079646017	0.0011061946902654867	0.005807522123893806	0.027101769911504425	0.019358407079646017	0.0002765486725663717	0.004148230088495576	0.008849557522123894	0.00663716814159292	0.0002765486725663717	0.00165929203539823	0.08351769911504425	0.042588495575221236	0.003595132743362832	0.008296460176991151	0.024059734513274336	0.014380530973451327	0.0002765486725663717	0.00331858407079646	0.03456858407079646	0.025442477876106196	0.0005530973451327434	0.0055309734513274336	0.029867256637168143	0.01631637168141593	0.0011061946902654867	0.005807522123893806	0.028761061946902654	0.01686946902654867	0.0	0.00331858407079646	0.0	0.03152654867256637	0.0	0.006084070796460177	0.02654867256637168	0.019081858407079644	0.000829646017699115	0.0038716814159292035	0.026825221238938053	0.005254424778761062	0.0005530973451327434	0.0011061946902654867	0.02101769911504425	0.04950221238938053	0.000829646017699115	0.012168141592920354
0.025442477876106196	0.036780973451327435	0.0005530973451327434	0.007190265486725664	0.042588495575221236	0.03152654867256637	0.0011061946902654867	0.006913716814159292	0.0	0.021294247787610618	0.0	0.004148230088495576	0.05752212389380531	0.0752212389380531	0.000829646017699115	0.017146017699115043	0.024059734513274336	0.01991150442477876	0.000829646017699115	0.005254424778761062	0.026825221238938053	0.019358407079646017	0.0005530973451327434	0.004148230088495576	0.008849557522123894	0.007466814159292036	0.0002765486725663717	0.000829646017699115	0.084070796460177	0.042588495575221236	0.00331858407079646	0.008296460176991151	0.023783185840707963	0.014380530973451327	0.0005530973451327434	0.00331858407079646	0.03484513274336283	0.025719026548672565	0.0005530973451327434	0.00497787610619469	0.029867256637168143	0.01631637168141593	0.0011061946902654867	0.005807522123893806	0.027931415929203538	0.017146017699115043	0.000829646017699115	0.0030420353982300885	0.0	0.03125	0.0	0.006360619469026549	0.027101769911504425	0.019358407079646017	0.0002765486725663717	0.003595132743362832	0.026825221238938053	0.005254424778761062	0.0005530973451327434	0.0011061946902654867	0.020741150442477877	0.04922566371681416	0.000829646017699115	0.012444690265486726
0.025719026548672565	0.036780973451327435	0.0002765486725663717	0.007190265486725664	0.04286504424778761	0.030973451327433628	0.000829646017699115	0.007466814159292036	0.0	0.021294247787610618	0.0	0.004148230088495576	0.05724557522123894	0.07439159292035398	0.0011061946902654867	0.01797566371681416	0.023783185840707963	0.01991150442477876	0.0011061946902654867	0.005254424778761062	0.02654867256637168	0.019358407079646017	0.0011061946902654867	0.0038716814159292035	0.008573008849557522	0.007466814159292036	0.0005530973451327434	0.000829646017699115	0.08573008849557522	0.04231194690265487	0.002488938053097345	0.008296460176991151	0.024059734513274336	0.013827433628318585	0.0002765486725663717	0.0038716814159292035	0.034015486725663714	0.025442477876106196	0.0011061946902654867	0.0055309734513274336	0.029867256637168143	0.01686946902654867	0.0011061946902654867	0.005254424778761062	0.027931415929203538	0.017146017699115043	0.000829646017699115	0.0030420353982300885	0.0	0.030973451327433628	0.0	0.00663716814159292	0.027378318584070797	0.019081858407079644	0.0	0.0038716814159292035	0.027378318584070797	0.005254424778761062	0.0	0.0011061946902654867	0.020188053097345133	0.04839601769911504	0.000829646017699115	0.01327433628318584
0.024889380530973452	0.03595132743362832	0.0011061946902654867	0.008019911504424779	0.04231194690265487	0.03125	0.0011061946902654867	0.007466814159292036	0.0	0.021294247787610618	0.0	0.004148230088495576	0.05724557522123894	0.07439159292035398	0.0011061946902654867	0.01797566371681416	0.02350663716814159	0.01991150442477876	0.0013827433628318584	0.005254424778761062	0.02654867256637168	0.01963495575221239	0.0011061946902654867	0.003595132743362832	0.008849557522123894	0.007466814159292036	0.0002765486725663717	0.000829646017699115	0.0860066371681416	0.041758849557522126	0.0027654867256637168	0.008849557522123894	0.024059734513274336	0.014103982300884955	0.0002765486725663717	0.003595132743362832	0.034292035398230086	0.025995575221238937	0.000829646017699115	0.00497787610619469	0.029867256637168143	0.016039823008849558	0.0011061946902654867	0.006084070796460177	0.02765486725663717	0.016592920353982302	0.0011061946902654867	0.003595132743362832	0.0	0.030696902654867256	0.0	0.006913716814159292	0.027101769911504425	0.019358407079646017	0.0002765486725663717	0.003595132743362832	0.026825221238938053	0.00497787610619469	0.0005530973451327434	0.0013827433628318584	0.019081858407079644	0.048672566371681415	0.0013827433628318584	0.012997787610619468
0.025442477876106196	0.03650442477876106	0.0005530973451327434	0.007466814159292036	0.042588495575221236	0.032079646017699116	0.000829646017699115	0.00663716814159292	0.0	0.02157079646017699	0.0	0.0038716814159292035	0.05724557522123894	0.07411504424778761	0.0011061946902654867	0.01825221238938053	0.023230088495575223	0.01991150442477876	0.00165929203539823	0.005254424778761062	0.026825221238938053	0.020188053097345133	0.000829646017699115	0.0030420353982300885	0.008849557522123894	0.007466814159292036	0.0002765486725663717	0.000829646017699115	0.08462389380530974	0.041482300884955754	0.0027654867256637168	0.009126106194690266	0.023783185840707963	0.014103982300884955	0.0005530973451327434	0.003595132743362832	0.03456858407079646	0.025442477876106196	0.0005530973451327434	0.0055309734513274336	0.02959070796460177	0.01631637168141593	0.0013827433628318584	0.005807522123893806	0.02820796460176991	0.016592920353982302	0.0005530973451327434	0.003595132743362832	0.0	0.030696902654867256	0.0	0.006913716814159292	0.027378318584070797	0.019081858407079644	0.0	0.0038716814159292035	0.02654867256637168	0.00497787610619469	0.000829646017699115	0.0013827433628318584	0.020464601769911505	0.04839601769911504	0.0013827433628318584	0.01327433628318584
0.025995575221238937	0.036780973451327435	0.0	0.007190265486725664	0.041758849557522126	0.032079646017699116	0.00165929203539823	0.00663716814159292	0.0	0.021847345132743362	0.0	0.003595132743362832	0.05752212389380531	0.07439159292035398	0.000829646017699115	0.01797566371681416	0.024336283185840708	0.01963495575221239	0.0005530973451327434	0.0055309734513274336	0.02654867256637168	0.01991150442477876	0.0011061946902654867	0.00331858407079646	0.008573008849557522	0.006913716814159292	0.0005530973451327434	0.0013827433628318584	0.08517699115044247	0.04231194690265487	0.0030420353982300885	0.008296460176991151	0.023230088495575223	0.014103982300884955	0.0011061946902654867	0.003595132743362832	0.03484513274336283	0.02461283185840708	0.0005530973451327434	0.006084070796460177	0.02959070796460177	0.015763274336283186	0.0013827433628318584	0.006360619469026549	0.027101769911504425	0.017146017699115043	0.0013827433628318584	0.00331858407079646	0.0	0.03125	0.0	0.006360619469026549	0.027101769911504425	0.019358407079646017	0.0002765486725663717	0.003595132743362832	0.026825221238938053	0.004701327433628319	0.0005530973451327434	0.00165929203539823	0.01991150442477876	0.04756637168141593	0.0011061946902654867	0.014103982300884955
0.025719026548672565	0.03622787610619469	0.0002765486725663717	0.007743362831858407	0.041482300884955754	0.031803097345132744	0.0022123893805309734	0.00663716814159292	0.0	0.022123893805309734	0.0	0.00331858407079646	0.05724557522123894	0.07356194690265487	0.0011061946902654867	0.018805309734513276	0.024059734513274336	0.01963495575221239	0.000829646017699115	0.0055309734513274336	0.027101769911504425	0.01963495575221239	0.000829646017699115	0.00331858407079646	0.008573008849557522	0.00663716814159292	0.0005530973451327434	0.00165929203539823	0.08766592920353983	0.0420353982300885	0.00165929203539823	0.008573008849557522	0.02350663716814159	0.014380530973451327	0.000829646017699115	0.00331858407079646	0.03484513274336283	0.02461283185840708	0.000829646017699115	0.005807522123893806	0.02959070796460177	0.015486725663716814	0.0011061946902654867	0.006913716814159292	0.027378318584070797	0.017146017699115043	0.0011061946902654867	0.00331858407079646	0.0	0.030696902654867256	0.0	0.006913716814159292	0.026825221238938053	0.019358407079646017	0.0005530973451327434	0.003595132743362832	0.027101769911504425	0.004701327433628319	0.0002765486725663717	0.00165929203539823	0.019081858407079644	0.047289823008849555	0.000829646017699115	0.014380530973451327
0.025719026548672565	0.03622787610619469	0.0002765486725663717	0.007743362831858407	0.041758849557522126	0.03152654867256637	0.00165929203539823	0.007190265486725664	0.0	0.022400442477876106	0.0	0.0030420353982300885	0.05752212389380531	0.07190265486725664	0.000829646017699115	0.020464601769911505	0.024336283185840708	0.01963495575221239	0.0005530973451327434	0.0055309734513274336	0.027101769911504425	0.019081858407079644	0.000829646017699115	0.0038716814159292035	0.008573008849557522	0.006084070796460177	0.0005530973451327434	0.0022123893805309734	0.08655973451327434	0.04231194690265487	0.0011061946902654867	0.008573008849557522	0.023783185840707963	0.0146570796460177	0.0005530973451327434	0.0030420353982300885	0.034292035398230086	0.023783185840707963	0.0013827433628318584	0.00663716814159292	0.02959070796460177	0.01631637168141593	0.0013827433628318584	0.005807522123893806	0.027378318584070797	0.017146017699115043	0.0011061946902654867	0.00331858407079646	0.0	0.03014380530973451	0.0	0.007466814159292036	0.02654867256637168	0.01991150442477876	0.000829646017699115	0.0030420353982300885	0.027101769911504425	0.004701327433628319	0.0002765486725663717	0.00165929203539823	0.020464601769911505	0.04811946902654867	0.000829646017699115	0.013550884955752213
0.025995575221238937	0.036780973451327435	0.0	0.007190265486725664	0.041482300884955754	0.031803097345132744	0.0019358407079646017	0.006913716814159292	0.0	0.022123893805309734	0.0	0.00331858407079646	0.05807522123893805	0.07107300884955753	0.0002765486725663717	0.021294247787610618	0.024336283185840708	0.01963495575221239	0.0005530973451327434	0.0055309734513274336	0.026825221238938053	0.019358407079646017	0.000829646017699115	0.0038716814159292035	0.008573008849557522	0.006360619469026549	0.0005530973451327434	0.0019358407079646017	0.08655973451327434	0.0420353982300885	0.00165929203539823	0.008849557522123894	0.023783185840707963	0.014380530973451327	0.0005530973451327434	0.00331858407079646	0.034292035398230086	0.024059734513274336	0.0013827433628318584	0.006360619469026549	0.0293141592920354	0.01686946902654867	0.00165929203539823	0.005254424778761062	0.02765486725663717	0.017146017699115043	0.000829646017699115	0.00331858407079646	0.0	0.030696902654867256	0.0	0.006913716814159292	0.02654867256637168	0.020188053097345133	0.000829646017699115	0.0027654867256637168	0.026825221238938053	0.005254424778761062	0.0005530973451327434	0.0011061946902654867	0.01963495575221239	0.04839601769911504	0.0011061946902654867	0.01327433628318584
0.025995575221238937	0.03733407079646018	0.0	0.00663716814159292	0.04092920353982301	0.030973451327433628	0.0022123893805309734	0.008019911504424779	0.0	0.02157079646017699	0.0	0.0038716814159292035	0.05724557522123894	0.06996681415929204	0.0011061946902654867	0.022400442477876106	0.023783185840707963	0.020464601769911505	0.0011061946902654867	0.004701327433628319	0.027101769911504425	0.019358407079646017	0.0005530973451327434	0.0038716814159292035	0.008849557522123894	0.00663716814159292	0.0002765486725663717	0.00165929203539823	0.08655973451327434	0.041482300884955754	0.002488938053097345	0.009679203539823008	0.024059734513274336	0.014380530973451327	0.0002765486725663717	0.00331858407079646	0.03456858407079646	0.02461283185840708	0.0011061946902654867	0.005807522123893806	0.02959070796460177	0.017699115044247787	0.00165929203539823	0.004148230088495576	0.02765486725663717	0.01686946902654867	0.000829646017699115	0.003595132743362832	0.0	0.030696902654867256	0.0	0.006913716814159292	0.02627212389380531	0.01963495575221239	0.0011061946902654867	0.00331858407079646	0.02627212389380531	0.005254424778761062	0.0011061946902654867	0.0011061946902654867	0.019081858407079644	0.048672566371681415	0.0005530973451327434	0.012997787610619468
0.025719026548672565	0.037887168141592924	0.0002765486725663717	0.006084070796460177	0.04092920353982301	0.030420353982300884	0.0019358407079646017	0.008849557522123894	0.0	0.02157079646017699	0.0	0.0038716814159292035	0.05669247787610619	0.07079646017699115	0.00165929203539823	0.02157079646017699	0.02350663716814159	0.020464601769911505	0.0013827433628318584	0.004701327433628319	0.026825221238938053	0.019358407079646017	0.000829646017699115	0.0038716814159292035	0.008573008849557522	0.006913716814159292	0.0005530973451327434	0.0013827433628318584	0.0868362831858407	0.041758849557522126	0.0022123893805309734	0.009679203539823008	0.02295353982300885	0.0146570796460177	0.0013827433628318584	0.0030420353982300885	0.03484513274336283	0.024336283185840708	0.0011061946902654867	0.005807522123893806	0.03014380530973451	0.01797566371681416	0.0011061946902654867	0.0038716814159292035	0.027101769911504425	0.01686946902654867	0.0013827433628318584	0.003595132743362832	0.0	0.030420353982300884	0.0	0.007190265486725664	0.026825221238938053	0.018805309734513276	0.0011061946902654867	0.003595132743362832	0.02627212389380531	0.00497787610619469	0.0011061946902654867	0.0013827433628318584	0.019081858407079644	0.04811946902654867	0.0002765486725663717	0.013550884955752213
0.025442477876106196	0.037887168141592924	0.0005530973451327434	0.006084070796460177	0.04092920353982301	0.031803097345132744	0.0019358407079646017	0.007466814159292036	0.0	0.021847345132743362	0.0	0.003595132743362832	0.05724557522123894	0.07190265486725664	0.0011061946902654867	0.020464601769911505	0.023230088495575223	0.020464601769911505	0.00165929203539823	0.004701327433628319	0.026825221238938053	0.019358407079646017	0.000829646017699115	0.0038716814159292035	0.008849557522123894	0.007190265486725664	0.0002765486725663717	0.0011061946902654867	0.08766592920353983	0.041482300884955754	0.002488938053097345	0.009679203539823008	0.02350663716814159	0.014933628318584071	0.000829646017699115	0.0027654867256637168	0.03484513274336283	0.024059734513274336	0.000829646017699115	0.006360619469026549	0.03014380530973451	0.01797566371681416	0.0011061946902654867	0.0038716814159292035	0.027378318584070797	0.017422566371681415	0.0011061946902654867	0.0030420353982300885	0.0	0.030696902654867256	0.0	0.006913716814159292	0.027378318584070797	0.018805309734513276	0.0005530973451327434	0.003595132743362832	0.02654867256637168	0.004701327433628319	0.000829646017699115	0.00165929203539823	0.01825221238938053	0.04894911504424779	0.0002765486725663717	0.012721238938053098
0.025442477876106196	0.03705752212389381	0.0005530973451327434	0.006913716814159292	0.04065265486725664	0.03263274336283186	0.0019358407079646017	0.006913716814159292	0.0	0.022123893805309734	0.0	0.00331858407079646	0.056969026548672565	0.07328539823008849	0.0013827433628318584	0.019081858407079644	0.023230088495575223	0.020464601769911505	0.00165929203539823	0.004701327433628319	0.027101769911504425	0.018528761061946904	0.0005530973451327434	0.004701327433628319	0.008849557522123894	0.007466814159292036	0.0002765486725663717	0.000829646017699115	0.08766592920353983	0.04092920353982301	0.0027654867256637168	0.010785398230088495	0.024059734513274336	0.014933628318584071	0.0002765486725663717	0.0027654867256637168	0.034292035398230086	0.024336283185840708	0.0013827433628318584	0.006084070796460177	0.03014380530973451	0.01825221238938053	0.0011061946902654867	0.003595132743362832	0.027378318584070797	0.016592920353982302	0.0011061946902654867	0.0038716814159292035	0.0	0.030696902654867256	0.0	0.006913716814159292	0.02654867256637168	0.01797566371681416	0.0013827433628318584	0.004424778761061947	0.026825221238938053	0.004701327433628319	0.0005530973451327434	0.00165929203539823	0.017699115044247787	0.04950221238938053	0.0	0.012168141592920354
0.025442477876106196	0.03622787610619469	0.0005530973451327434	0.007743362831858407	0.041482300884955754	0.033185840707964605	0.0011061946902654867	0.006360619469026549	0.0	0.022123893805309734	0.0	0.00331858407079646	0.055862831858407076	0.07190265486725664	0.002488938053097345	0.020464601769911505	0.02350663716814159	0.020464601769911505	0.0013827433628318584	0.004701327433628319	0.02654867256637168	0.01797566371681416	0.0013827433628318584	0.00497787610619469	0.008849557522123894	0.007190265486725664	0.0002765486725663717	0.0011061946902654867	0.08877212389380532	0.041758849557522126	0.002488938053097345	0.00995575221238938	0.024059734513274336	0.0146570796460177	0.0002765486725663717	0.0030420353982300885	0.034292035398230086	0.024889380530973452	0.0013827433628318584	0.0055309734513274336	0.029867256637168143	0.01825221238938053	0.0011061946902654867	0.0038716814159292035	0.027101769911504425	0.016039823008849558	0.0013827433628318584	0.004424778761061947	0.0	0.030973451327433628	0.0	0.00663716814159292	0.02627212389380531	0.017699115044247787	0.00165929203539823	0.004701327433628319	0.02654867256637168	0.00497787610619469	0.000829646017699115	0.0013827433628318584	0.01686946902654867	0.05088495575221239	0.0	0.010785398230088495
0.025165929203539824	0.03567477876106195	0.000829646017699115	0.008296460176991151	0.041482300884955754	0.034015486725663714	0.0011061946902654867	0.0055309734513274336	0.0	0.020741150442477877	0.0	0.004701327433628319	0.05558628318584071	0.07273230088495575	0.0027654867256637168	0.01963495575221239	0.02350663716814159	0.020741150442477877	0.0013827433628318584	0.004424778761061947	0.02654867256637168	0.01797566371681416	0.0013827433628318584	0.00497787610619469	0.008849557522123894	0.006913716814159292	0.0002765486725663717	0.0013827433628318584	0.08821902654867257	0.040376106194690266	0.002488938053097345	0.011061946902654867	0.02350663716814159	0.0146570796460177	0.000829646017699115	0.0030420353982300885	0.03373893805309734	0.025442477876106196	0.0019358407079646017	0.00497787610619469	0.02959070796460177	0.01825221238938053	0.0011061946902654867	0.004148230088495576	0.027378318584070797	0.01631637168141593	0.0011061946902654867	0.004148230088495576	0.0	0.030696902654867256	0.0	0.006913716814159292	0.02654867256637168	0.016592920353982302	0.0013827433628318584	0.005807522123893806	0.02627212389380531	0.005254424778761062	0.0011061946902654867	0.0011061946902654867	0.017146017699115043	0.051161504424778764	0.0005530973451327434	0.010508849557522125
0.025165929203539824	0.03595132743362832	0.000829646017699115	0.008019911504424779	0.0420353982300885	0.033185840707964605	0.000829646017699115	0.006084070796460177	0.0	0.020741150442477877	0.0	0.004701327433628319	0.05503318584070797	0.07328539823008849	0.00331858407079646	0.019081858407079644	0.024059734513274336	0.020464601769911505	0.000829646017699115	0.004701327433628319	0.027378318584070797	0.01797566371681416	0.0005530973451327434	0.00497787610619469	0.009126106194690266	0.00663716814159292	0.0	0.00165929203539823	0.08849557522123894	0.04092920353982301	0.0027654867256637168	0.010508849557522125	0.023230088495575223	0.014933628318584071	0.0011061946902654867	0.0027654867256637168	0.03373893805309734	0.025995575221238937	0.00165929203539823	0.004701327433628319	0.02959070796460177	0.01825221238938053	0.0013827433628318584	0.0038716814159292035	0.02820796460176991	0.01631637168141593	0.0005530973451327434	0.0038716814159292035	0.0	0.030696902654867256	0.0	0.006913716814159292	0.026825221238938053	0.01686946902654867	0.000829646017699115	0.005807522123893806	0.02654867256637168	0.005254424778761062	0.000829646017699115	0.0011061946902654867	0.016592920353982302	0.051161504424778764	0.0005530973451327434	0.010508849557522125
0.025165929203539824	0.035398230088495575	0.000829646017699115	0.008573008849557522	0.041482300884955754	0.03346238938053098	0.0013827433628318584	0.005807522123893806	0.0	0.021294247787610618	0.0	0.004148230088495576	0.05558628318584071	0.07383849557522124	0.0027654867256637168	0.018528761061946904	0.023783185840707963	0.01991150442477876	0.0011061946902654867	0.005254424778761062	0.027378318584070797	0.017422566371681415	0.0005530973451327434	0.0055309734513274336	0.009126106194690266	0.006913716814159292	0.0	0.0013827433628318584	0.08794247787610619	0.04065265486725664	0.0027654867256637168	0.010508849557522125	0.02350663716814159	0.014933628318584071	0.000829646017699115	0.0027654867256637168	0.034015486725663714	0.025442477876106196	0.0013827433628318584	0.005254424778761062	0.02959070796460177	0.018528761061946904	0.0011061946902654867	0.0038716814159292035	0.02820796460176991	0.01631637168141593	0.0005530973451327434	0.0038716814159292035	0.0	0.029867256637168143	0.0	0.007743362831858407	0.026825221238938053	0.017146017699115043	0.000829646017699115	0.0055309734513274336	0.02654867256637168	0.005254424778761062	0.000829646017699115	0.0011061946902654867	0.017422566371681415	0.05143805309734513	0.0005530973451327434	0.010232300884955753
0.025442477876106196	0.03484513274336283	0.0005530973451327434	0.009126106194690266	0.041482300884955754	0.03346238938053098	0.0013827433628318584	0.005807522123893806	0.0	0.02157079646017699	0.0	0.0038716814159292035	0.055862831858407076	0.07356194690265487	0.002488938053097345	0.018805309734513276	0.023783185840707963	0.020741150442477877	0.0011061946902654867	0.004424778761061947	0.02765486725663717	0.017699115044247787	0.0002765486725663717	0.005254424778761062	0.009126106194690266	0.006913716814159292	0.0	0.0013827433628318584	0.08821902654867257	0.040099557522123894	0.0027654867256637168	0.011061946902654867	0.02295353982300885	0.014933628318584071	0.0013827433628318584	0.0027654867256637168	0.03346238938053098	0.025165929203539824	0.0019358407079646017	0.0055309734513274336	0.029867256637168143	0.018528761061946904	0.000829646017699115	0.0038716814159292035	0.02765486725663717	0.016039823008849558	0.0013827433628318584	0.0038716814159292035	0.0	0.029867256637168143	0.0	0.007743362831858407	0.02627212389380531	0.017699115044247787	0.0011061946902654867	0.005254424778761062	0.026825221238938053	0.004701327433628319	0.0005530973451327434	0.00165929203539823	0.016592920353982302	0.051991150442477874	0.0011061946902654867	0.009679203539823008
0.024889380530973452	0.0351216814159292	0.0011061946902654867	0.008849557522123894	0.041482300884955754	0.03346238938053098	0.00165929203539823	0.0055309734513274336	0.0	0.021294247787610618	0.0	0.004148230088495576	0.05613938053097345	0.07383849557522124	0.0022123893805309734	0.018528761061946904	0.024059734513274336	0.020741150442477877	0.000829646017699115	0.004424778761061947	0.027101769911504425	0.017422566371681415	0.000829646017699115	0.0055309734513274336	0.008849557522123894	0.006913716814159292	0.0002765486725663717	0.0013827433628318584	0.08849557522123894	0.040376106194690266	0.0019358407079646017	0.011061946902654867	0.02267699115044248	0.0146570796460177	0.00165929203539823	0.0030420353982300885	0.03456858407079646	0.024889380530973452	0.0011061946902654867	0.0055309734513274336	0.029867256637168143	0.019081858407079644	0.000829646017699115	0.00331858407079646	0.02820796460176991	0.01631637168141593	0.000829646017699115	0.003595132743362832	0.0	0.028761061946902654	0.0	0.008849557522123894	0.02627212389380531	0.01797566371681416	0.0011061946902654867	0.00497787610619469	0.026825221238938053	0.004701327433628319	0.0005530973451327434	0.00165929203539823	0.017146017699115043	0.0517146017699115	0.000829646017699115	0.00995575221238938
0.024336283185840708	0.03456858407079646	0.00165929203539823	0.009402654867256638	0.041758849557522126	0.03346238938053098	0.0013827433628318584	0.0055309734513274336	0.0	0.021294247787610618	0.0	0.004148230088495576	0.05779867256637168	0.07466814159292036	0.0005530973451327434	0.017699115044247787	0.024059734513274336	0.021294247787610618	0.000829646017699115	0.0038716814159292035	0.02765486725663717	0.017699115044247787	0.0002765486725663717	0.005254424778761062	0.008849557522123894	0.006913716814159292	0.0002765486725663717	0.0013827433628318584	0.08766592920353983	0.040099557522123894	0.0019358407079646017	0.011061946902654867	0.02295353982300885	0.014933628318584071	0.0013827433628318584	0.0027654867256637168	0.034015486725663714	0.024059734513274336	0.0013827433628318584	0.00663716814159292	0.02959070796460177	0.018528761061946904	0.000829646017699115	0.004148230088495576	0.02820796460176991	0.01631637168141593	0.000829646017699115	0.003595132743362832	0.0	0.02959070796460177	0.0	0.008019911504424779	0.025442477876106196	0.01825221238938053	0.0019358407079646017	0.004701327433628319	0.02627212389380531	0.004701327433628319	0.0011061946902654867	0.00165929203539823	0.01825221238938053	0.0517146017699115	0.000829646017699115	0.00995575221238938
0.024059734513274336	0.034292035398230086	0.0019358407079646017	0.009679203539823008	0.04231194690265487	0.03290929203539823	0.0011061946902654867	0.005807522123893806	0.0	0.02157079646017699	0.0	0.0038716814159292035	0.05779867256637168	0.07328539823008849	0.0005530973451327434	0.019081858407079644	0.023783185840707963	0.02101769911504425	0.0011061946902654867	0.004148230088495576	0.027378318584070797	0.017422566371681415	0.0005530973451327434	0.0055309734513274336	0.008849557522123894	0.00663716814159292	0.0002765486725663717	0.00165929203539823	0.08904867256637168	0.040376106194690266	0.0019358407079646017	0.011061946902654867	0.02295353982300885	0.015486725663716814	0.0013827433628318584	0.0022123893805309734	0.03373893805309734	0.023783185840707963	0.00165929203539823	0.006913716814159292	0.0293141592920354	0.018528761061946904	0.0011061946902654867	0.004148230088495576	0.02765486725663717	0.017146017699115043	0.0011061946902654867	0.0030420353982300885	0.0	0.03014380530973451	0.0	0.007466814159292036	0.025995575221238937	0.018805309734513276	0.0013827433628318584	0.004148230088495576	0.026825221238938053	0.00497787610619469	0.0005530973451327434	0.0013827433628318584	0.016039823008849558	0.052267699115044246	0.0013827433628318584	0.009402654867256638
0.024336283185840708	0.03373893805309734	0.00165929203539823	0.010232300884955753	0.04231194690265487	0.03290929203539823	0.0011061946902654867	0.005807522123893806	0.0	0.02101769911504425	0.0	0.004424778761061947	0.056969026548672565	0.07466814159292036	0.0013827433628318584	0.017699115044247787	0.023783185840707963	0.02101769911504425	0.0011061946902654867	0.004148230088495576	0.02765486725663717	0.017422566371681415	0.0002765486725663717	0.0055309734513274336	0.009402654867256638	0.006913716814159292	0.0	0.0011061946902654867	0.08794247787610619	0.04065265486725664	0.0030420353982300885	0.010785398230088495	0.023230088495575223	0.016039823008849558	0.0011061946902654867	0.00165929203539823	0.034015486725663714	0.023783185840707963	0.0013827433628318584	0.006913716814159292	0.029037610619469027	0.01825221238938053	0.0013827433628318584	0.004424778761061947	0.02820796460176991	0.01686946902654867	0.0005530973451327434	0.00331858407079646	0.0	0.030420353982300884	0.0	0.007190265486725664	0.02654867256637168	0.019081858407079644	0.0011061946902654867	0.003595132743362832	0.02654867256637168	0.00497787610619469	0.000829646017699115	0.0013827433628318584	0.01631637168141593	0.052267699115044246	0.0011061946902654867	0.009402654867256638
0.025165929203539824	0.03373893805309734	0.000829646017699115	0.010232300884955753	0.0420353982300885	0.03235619469026549	0.0013827433628318584	0.006360619469026549	0.0	0.02101769911504425	0.0	0.004424778761061947	0.056969026548672565	0.0752212389380531	0.0013827433628318584	0.017146017699115043	0.02350663716814159	0.02101769911504425	0.0013827433628318584	0.004148230088495576	0.027101769911504425	0.01797566371681416	0.0005530973451327434	0.005254424778761062	0.009402654867256638	0.006360619469026549	0.0	0.00165929203539823	0.0868362831858407	0.040376106194690266	0.0030420353982300885	0.011891592920353982	0.02350663716814159	0.014933628318584071	0.000829646017699115	0.0027654867256637168	0.033185840707964605	0.02350663716814159	0.0022123893805309734	0.007190265486725664	0.02959070796460177	0.01825221238938053	0.000829646017699115	0.004424778761061947	0.027931415929203538	0.01686946902654867	0.000829646017699115	0.00331858407079646	0.0	0.030420353982300884	0.0	0.007190265486725664	0.02627212389380531	0.019358407079646017	0.0013827433628318584	0.00331858407079646	0.026825221238938053	0.004701327433628319	0.0005530973451327434	0.00165929203539823	0.01686946902654867	0.052267699115044246	0.000829646017699115	0.009402654867256638
0.025165929203539824	0.034292035398230086	0.000829646017699115	0.009679203539823008	0.04286504424778761	0.031803097345132744	0.0011061946902654867	0.006360619469026549	0.0	0.02157079646017699	0.0	0.0038716814159292035	0.05641592920353982	0.07577433628318585	0.0019358407079646017	0.016592920353982302	0.02350663716814159	0.020741150442477877	0.0013827433628318584	0.004424778761061947	0.027101769911504425	0.018528761061946904	0.0005530973451327434	0.004701327433628319	0.009402654867256638	0.006084070796460177	0.0	0.0019358407079646017	0.08738938053097345	0.03954646017699115	0.00331858407079646	0.012721238938053098	0.023783185840707963	0.015210176991150442	0.0005530973451327434	0.002488938053097345	0.034015486725663714	0.023783185840707963	0.0013827433628318584	0.006913716814159292	0.029867256637168143	0.01797566371681416	0.0005530973451327434	0.004701327433628319	0.02820796460176991	0.017422566371681415	0.0005530973451327434	0.0027654867256637168	0.0	0.03152654867256637	0.0	0.006084070796460177	0.02654867256637168	0.019081858407079644	0.0011061946902654867	0.003595132743362832	0.026825221238938053	0.004701327433628319	0.0005530973451327434	0.00165929203539823	0.01631637168141593	0.051991150442477874	0.0005530973451327434	0.009679203539823008
0.024889380530973452	0.03373893805309734	0.0011061946902654867	0.010232300884955753	0.04231194690265487	0.03125	0.0013827433628318584	0.007190265486725664	0.0	0.02157079646017699	0.0	0.0038716814159292035	0.056969026548672565	0.07439159292035398	0.0013827433628318584	0.01797566371681416	0.023783185840707963	0.020741150442477877	0.0011061946902654867	0.004424778761061947	0.027101769911504425	0.018528761061946904	0.0005530973451327434	0.004701327433628319	0.009402654867256638	0.006360619469026549	0.0	0.00165929203539823	0.08573008849557522	0.040376106194690266	0.003595132743362832	0.011891592920353982	0.023783185840707963	0.014933628318584071	0.0005530973451327434	0.0027654867256637168	0.03484513274336283	0.024059734513274336	0.000829646017699115	0.006360619469026549	0.029867256637168143	0.01797566371681416	0.0005530973451327434	0.004701327433628319	0.027931415929203538	0.01825221238938053	0.0005530973451327434	0.0022123893805309734	0.0	0.032079646017699116	0.0	0.0055309734513274336	0.026825221238938053	0.019081858407079644	0.000829646017699115	0.003595132743362832	0.026825221238938053	0.004424778761061947	0.0005530973451327434	0.0019358407079646017	0.017422566371681415	0.053373893805309734	0.000829646017699115	0.008296460176991151
0.025165929203539824	0.03290929203539823	0.000829646017699115	0.011061946902654867	0.0420353982300885	0.030973451327433628	0.00165929203539823	0.007466814159292036	0.0	0.021847345132743362	0.0	0.003595132743362832	0.056969026548672565	0.07494469026548672	0.0013827433628318584	0.017422566371681415	0.024336283185840708	0.021294247787610618	0.0005530973451327434	0.0038716814159292035	0.027101769911504425	0.018528761061946904	0.0005530973451327434	0.004701327433628319	0.009402654867256638	0.006360619469026549	0.0	0.00165929203539823	0.084070796460177	0.04092920353982301	0.004148230088495576	0.011615044247787611	0.024059734513274336	0.014933628318584071	0.0002765486725663717	0.0027654867256637168	0.03484513274336283	0.023783185840707963	0.000829646017699115	0.00663716814159292	0.030420353982300884	0.017422566371681415	0.0002765486725663717	0.00497787610619469	0.02820796460176991	0.01825221238938053	0.0002765486725663717	0.0022123893805309734	0.0	0.03263274336283186	0.0	0.00497787610619469	0.027378318584070797	0.018528761061946904	0.0002765486725663717	0.004148230088495576	0.02654867256637168	0.004701327433628319	0.000829646017699115	0.00165929203539823	0.01825221238938053	0.05282079646017699	0.000829646017699115	0.008849557522123894
0.025165929203539824	0.034015486725663714	0.000829646017699115	0.00995575221238938	0.042588495575221236	0.030973451327433628	0.0011061946902654867	0.007466814159292036	0.0	0.021294247787610618	0.0	0.004148230088495576	0.05641592920353982	0.0752212389380531	0.0019358407079646017	0.017146017699115043	0.02461283185840708	0.02101769911504425	0.0002765486725663717	0.004148230088495576	0.02765486725663717	0.019081858407079644	0.0005530973451327434	0.003595132743362832	0.009126106194690266	0.006360619469026549	0.0	0.0019358407079646017	0.08462389380530974	0.04092920353982301	0.0030420353982300885	0.01133849557522124	0.02350663716814159	0.015210176991150442	0.000829646017699115	0.002488938053097345	0.03484513274336283	0.024059734513274336	0.000829646017699115	0.006360619469026549	0.030420353982300884	0.017699115044247787	0.0002765486725663717	0.004701327433628319	0.027931415929203538	0.01797566371681416	0.0005530973451327434	0.002488938053097345	0.0	0.03290929203539823	0.0	0.004701327433628319	0.026825221238938053	0.01797566371681416	0.000829646017699115	0.004701327433628319	0.02627212389380531	0.00497787610619469	0.0011061946902654867	0.0013827433628318584	0.019081858407079644	0.05282079646017699	0.000829646017699115	0.008849557522123894
0.025442477876106196	0.033185840707964605	0.0005530973451327434	0.010785398230088495	0.04314159292035398	0.030696902654867256	0.0011061946902654867	0.007190265486725664	0.0	0.020188053097345133	0.0	0.005254424778761062	0.05752212389380531	0.07494469026548672	0.000829646017699115	0.017422566371681415	0.024336283185840708	0.02101769911504425	0.0005530973451327434	0.004148230088495576	0.027378318584070797	0.019081858407079644	0.000829646017699115	0.003595132743362832	0.008849557522123894	0.006360619469026549	0.0002765486725663717	0.0019358407079646017	0.08517699115044247	0.040099557522123894	0.002488938053097345	0.012168141592920354	0.023783185840707963	0.015210176991150442	0.0005530973451327434	0.002488938053097345	0.034015486725663714	0.024336283185840708	0.00165929203539823	0.006084070796460177	0.030420353982300884	0.017699115044247787	0.0002765486725663717	0.004701327433628319	0.027378318584070797	0.018528761061946904	0.0005530973451327434	0.002488938053097345	0.0	0.033185840707964605	0.0	0.004424778761061947	0.027101769911504425	0.018528761061946904	0.0005530973451327434	0.004148230088495576	0.02627212389380531	0.00497787610619469	0.0011061946902654867	0.0013827433628318584	0.019358407079646017	0.053373893805309734	0.0005530973451327434	0.008296460176991151
0.025442477876106196	0.03235619469026549	0.0005530973451327434	0.011615044247787611	0.04314159292035398	0.030420353982300884	0.000829646017699115	0.007743362831858407	0.0	0.01963495575221239	0.0	0.005807522123893806	0.05752212389380531	0.07383849557522124	0.000829646017699115	0.018528761061946904	0.02461283185840708	0.020741150442477877	0.0002765486725663717	0.004424778761061947	0.02820796460176991	0.019358407079646017	0.0	0.00331858407079646	0.008573008849557522	0.006913716814159292	0.0002765486725663717	0.00165929203539823	0.08379424778761062	0.04120575221238938	0.0027654867256637168	0.01133849557522124	0.023230088495575223	0.015210176991150442	0.0011061946902654867	0.002488938053097345	0.034292035398230086	0.024336283185840708	0.0013827433628318584	0.006084070796460177	0.030696902654867256	0.017422566371681415	0.0002765486725663717	0.004701327433628319	0.027101769911504425	0.01825221238938053	0.000829646017699115	0.0027654867256637168	0.0	0.03290929203539823	0.0	0.004701327433628319	0.026825221238938053	0.018528761061946904	0.000829646017699115	0.004148230088495576	0.025995575221238937	0.005254424778761062	0.0013827433628318584	0.0011061946902654867	0.020464601769911505	0.053373893805309734	0.0002765486725663717	0.008296460176991151
0.025719026548672565	0.03152654867256637	0.0002765486725663717	0.012444690265486726	0.043971238938053096	0.0293141592920354	0.0005530973451327434	0.008296460176991151	0.0	0.01963495575221239	0.0	0.005807522123893806	0.05752212389380531	0.07411504424778761	0.000829646017699115	0.01825221238938053	0.02461283185840708	0.020741150442477877	0.0002765486725663717	0.004424778761061947	0.027931415929203538	0.019358407079646017	0.0	0.003595132743362832	0.008573008849557522	0.006913716814159292	0.0002765486725663717	0.00165929203539823	0.08434734513274336	0.04092920353982301	0.0027654867256637168	0.011061946902654867	0.023230088495575223	0.015763274336283186	0.0011061946902654867	0.0019358407079646017	0.03456858407079646	0.02350663716814159	0.0011061946902654867	0.006913716814159292	0.030420353982300884	0.017422566371681415	0.0005530973451327434	0.004701327433628319	0.027101769911504425	0.01825221238938053	0.000829646017699115	0.0027654867256637168	0.0	0.03263274336283186	0.0	0.00497787610619469	0.02627212389380531	0.018805309734513276	0.0011061946902654867	0.004148230088495576	0.02627212389380531	0.0055309734513274336	0.0011061946902654867	0.000829646017699115	0.01991150442477876	0.05282079646017699	0.000829646017699115	0.008849557522123894
0.025442477876106196	0.03152654867256637	0.0005530973451327434	0.012444690265486726	0.04286504424778761	0.029867256637168143	0.0011061946902654867	0.008296460176991151	0.0	0.01991150442477876	0.0	0.0055309734513274336	0.05558628318584071	0.07439159292035398	0.0027654867256637168	0.01797566371681416	0.024059734513274336	0.020464601769911505	0.000829646017699115	0.004701327433628319	0.027931415929203538	0.019358407079646017	0.0002765486725663717	0.00331858407079646	0.008573008849557522	0.006360619469026549	0.0002765486725663717	0.0022123893805309734	0.08545353982300885	0.03982300884955752	0.0022123893805309734	0.011891592920353982	0.02295353982300885	0.015486725663716814	0.0013827433628318584	0.0022123893805309734	0.035398230088495575	0.02350663716814159	0.0002765486725663717	0.006913716814159292	0.030420353982300884	0.017699115044247787	0.0005530973451327434	0.004424778761061947	0.026825221238938053	0.018528761061946904	0.0011061946902654867	0.002488938053097345	0.0	0.032079646017699116	0.0	0.0055309734513274336	0.026825221238938053	0.01797566371681416	0.0005530973451327434	0.00497787610619469	0.025995575221238937	0.0055309734513274336	0.0013827433628318584	0.000829646017699115	0.01963495575221239	0.05309734513274336	0.000829646017699115	0.008573008849557522
0.025442477876106196	0.03263274336283186	0.0005530973451327434	0.01133849557522124	0.04314159292035398	0.02959070796460177	0.000829646017699115	0.008573008849557522	0.0	0.01991150442477876	0.0	0.0055309734513274336	0.05420353982300885	0.07439159292035398	0.004148230088495576	0.01797566371681416	0.024059734513274336	0.020188053097345133	0.000829646017699115	0.00497787610619469	0.02765486725663717	0.020188053097345133	0.0005530973451327434	0.002488938053097345	0.008019911504424779	0.006913716814159292	0.000829646017699115	0.00165929203539823	0.08711283185840708	0.040099557522123894	0.0027654867256637168	0.011891592920353982	0.02295353982300885	0.015763274336283186	0.0013827433628318584	0.0019358407079646017	0.03567477876106195	0.023230088495575223	0.0	0.007190265486725664	0.02959070796460177	0.01686946902654867	0.0013827433628318584	0.005254424778761062	0.027101769911504425	0.018528761061946904	0.000829646017699115	0.002488938053097345	0.0	0.03263274336283186	0.0	0.00497787610619469	0.02654867256637168	0.01825221238938053	0.000829646017699115	0.004701327433628319	0.025995575221238937	0.0055309734513274336	0.0013827433628318584	0.000829646017699115	0.01686946902654867	0.053373893805309734	0.0011061946902654867	0.008296460176991151
0.025165929203539824	0.03235619469026549	0.000829646017699115	0.011615044247787611	0.043694690265486724	0.02820796460176991	0.000829646017699115	0.009402654867256638	0.0	0.020464601769911505	0.0	0.00497787610619469	0.05420353982300885	0.07411504424778761	0.004148230088495576	0.01825221238938053	0.024336283185840708	0.020188053097345133	0.0005530973451327434	0.00497787610619469	0.02820796460176991	0.020464601769911505	0.0	0.0022123893805309734	0.008573008849557522	0.00663716814159292	0.0005530973451327434	0.00165929203539823	0.08545353982300885	0.03926991150442478	0.00331858407079646	0.012997787610619468	0.02350663716814159	0.015486725663716814	0.000829646017699115	0.0022123893805309734	0.035398230088495575	0.023783185840707963	0.0002765486725663717	0.00663716814159292	0.02959070796460177	0.016592920353982302	0.0013827433628318584	0.0055309734513274336	0.026825221238938053	0.01825221238938053	0.0011061946902654867	0.0027654867256637168	0.0	0.03235619469026549	0.0	0.005254424778761062	0.025995575221238937	0.01825221238938053	0.0013827433628318584	0.004701327433628319	0.025719026548672565	0.0055309734513274336	0.00165929203539823	0.000829646017699115	0.01825221238938053	0.052267699115044246	0.0005530973451327434	0.009402654867256638
0.025442477876106196	0.033185840707964605	0.0005530973451327434	0.010785398230088495	0.04341814159292035	0.027931415929203538	0.0011061946902654867	0.009679203539823008	0.0	0.020741150442477877	0.0	0.004701327433628319	0.054756637168141595	0.07494469026548672	0.003595132743362832	0.017422566371681415	0.02461283185840708	0.020464601769911505	0.0002765486725663717	0.004701327433628319	0.02765486725663717	0.020741150442477877	0.0005530973451327434	0.0019358407079646017	0.008296460176991151	0.006360619469026549	0.000829646017699115	0.0019358407079646017	0.0868362831858407	0.03954646017699115	0.00165929203539823	0.012444690265486726	0.024059734513274336	0.014380530973451327	0.0002765486725663717	0.00331858407079646	0.03456858407079646	0.024336283185840708	0.0011061946902654867	0.006084070796460177	0.02959070796460177	0.017146017699115043	0.0013827433628318584	0.00497787610619469	0.026825221238938053	0.01797566371681416	0.0011061946902654867	0.0030420353982300885	0.0	0.03290929203539823	0.0	0.004701327433628319	0.02627212389380531	0.01797566371681416	0.0011061946902654867	0.00497787610619469	0.02654867256637168	0.0055309734513274336	0.000829646017699115	0.000829646017699115	0.018528761061946904	0.0517146017699115	0.000829646017699115	0.00995575221238938
0.025995575221238937	0.03346238938053098	0.0	0.010508849557522125	0.04341814159292035	0.028484513274336282	0.0013827433628318584	0.008849557522123894	0.0	0.021294247787610618	0.0	0.004148230088495576	0.05558628318584071	0.0752212389380531	0.0027654867256637168	0.017146017699115043	0.024059734513274336	0.020464601769911505	0.000829646017699115	0.004701327433628319	0.027931415929203538	0.02101769911504425	0.0002765486725663717	0.00165929203539823	0.008849557522123894	0.006360619469026549	0.0002765486725663717	0.0019358407079646017	0.08545353982300885	0.040099557522123894	0.0027654867256637168	0.012168141592920354	0.024059734513274336	0.0146570796460177	0.0002765486725663717	0.0030420353982300885	0.034292035398230086	0.024889380530973452	0.0013827433628318584	0.0055309734513274336	0.02959070796460177	0.017146017699115043	0.0013827433628318584	0.00497787610619469	0.027378318584070797	0.017699115044247787	0.0005530973451327434	0.00331858407079646	0.0	0.032079646017699116	0.0	0.0055309734513274336	0.025719026548672565	0.017422566371681415	0.00165929203539823	0.0055309734513274336	0.025995575221238937	0.005254424778761062	0.0013827433628318584	0.0011061946902654867	0.01825221238938053	0.05088495575221239	0.0011061946902654867	0.010785398230088495
0.025995575221238937	0.03373893805309734	0.0	0.010232300884955753	0.04341814159292035	0.02820796460176991	0.0013827433628318584	0.009126106194690266	0.0	0.02101769911504425	0.0	0.004424778761061947	0.05669247787610619	0.07439159292035398	0.00165929203539823	0.01797566371681416	0.024059734513274336	0.020464601769911505	0.000829646017699115	0.004701327433628319	0.02765486725663717	0.020188053097345133	0.0005530973451327434	0.002488938053097345	0.008573008849557522	0.00663716814159292	0.0005530973451327434	0.00165929203539823	0.08545353982300885	0.03954646017699115	0.002488938053097345	0.012721238938053098	0.024059734513274336	0.015210176991150442	0.0002765486725663717	0.002488938053097345	0.035398230088495575	0.024889380530973452	0.0005530973451327434	0.005254424778761062	0.030420353982300884	0.017699115044247787	0.0005530973451327434	0.004424778761061947	0.027101769911504425	0.017422566371681415	0.000829646017699115	0.003595132743362832	0.0	0.03125	0.0	0.006360619469026549	0.025719026548672565	0.01825221238938053	0.00165929203539823	0.004701327433628319	0.02627212389380531	0.00497787610619469	0.0011061946902654867	0.0013827433628318584	0.019081858407079644	0.05060840707964602	0.0005530973451327434	0.011061946902654867
0.025719026548672565	0.034292035398230086	0.0002765486725663717	0.009679203539823008	0.04424778761061947	0.028761061946902654	0.0011061946902654867	0.008019911504424779	0.0	0.02101769911504425	0.0	0.004424778761061947	0.05613938053097345	0.07356194690265487	0.0022123893805309734	0.018805309734513276	0.024059734513274336	0.01991150442477876	0.000829646017699115	0.005254424778761062	0.02765486725663717	0.020188053097345133	0.0005530973451327434	0.002488938053097345	0.008849557522123894	0.006913716814159292	0.0002765486725663717	0.0013827433628318584	0.08517699115044247	0.03954646017699115	0.002488938053097345	0.012721238938053098	0.023783185840707963	0.014933628318584071	0.0005530973451327434	0.0027654867256637168	0.035398230088495575	0.024889380530973452	0.0005530973451327434	0.005254424778761062	0.030420353982300884	0.017699115044247787	0.0005530973451327434	0.004424778761061947	0.02654867256637168	0.017699115044247787	0.0013827433628318584	0.00331858407079646	0.0	0.031803097345132744	0.0	0.005807522123893806	0.025995575221238937	0.01825221238938053	0.0013827433628318584	0.004701327433628319	0.02627212389380531	0.00497787610619469	0.0011061946902654867	0.0013827433628318584	0.019358407079646017	0.05033185840707965	0.0005530973451327434	0.01133849557522124
0.025442477876106196	0.03456858407079646	0.0005530973451327434	0.009402654867256638	0.043694690265486724	0.0293141592920354	0.00165929203539823	0.007466814159292036	0.0	0.02101769911504425	0.0	0.004424778761061947	0.05669247787610619	0.07411504424778761	0.00165929203539823	0.01825221238938053	0.024336283185840708	0.020464601769911505	0.0005530973451327434	0.004701327433628319	0.02765486725663717	0.020188053097345133	0.0002765486725663717	0.0027654867256637168	0.008849557522123894	0.006913716814159292	0.0002765486725663717	0.0013827433628318584	0.08434734513274336	0.04120575221238938	0.002488938053097345	0.011891592920353982	0.02350663716814159	0.014933628318584071	0.000829646017699115	0.0027654867256637168	0.03456858407079646	0.025719026548672565	0.00165929203539823	0.004148230088495576	0.03125	0.017699115044247787	0.0002765486725663717	0.0038716814159292035	0.027101769911504425	0.017422566371681415	0.0011061946902654867	0.00331858407079646	0.0	0.030696902654867256	0.0	0.006913716814159292	0.025995575221238937	0.01797566371681416	0.0013827433628318584	0.00497787610619469	0.02654867256637168	0.00497787610619469	0.000829646017699115	0.0013827433628318584	0.019358407079646017	0.05033185840707965	0.0005530973451327434	0.01133849557522124
0.025442477876106196	0.034015486725663714	0.0005530973451327434	0.00995575221238938	0.04341814159292035	0.02959070796460177	0.00165929203539823	0.007466814159292036	0.0	0.020741150442477877	0.0	0.004701327433628319	0.05669247787610619	0.07466814159292036	0.00165929203539823	0.017699115044247787	0.024059734513274336	0.020464601769911505	0.000829646017699115	0.004701327433628319	0.02765486725663717	0.020464601769911505	0.0002765486725663717	0.002488938053097345	0.009126106194690266	0.006913716814159292	0.0	0.0013827433628318584	0.08462389380530974	0.04092920353982301	0.0019358407079646017	0.012444690265486726	0.023230088495575223	0.0146570796460177	0.0011061946902654867	0.0030420353982300885	0.03484513274336283	0.025442477876106196	0.0013827433628318584	0.004424778761061947	0.030973451327433628	0.01797566371681416	0.0005530973451327434	0.003595132743362832	0.027378318584070797	0.017699115044247787	0.000829646017699115	0.0030420353982300885	0.0	0.02959070796460177	0.0	0.008019911504424779	0.025719026548672565	0.01825221238938053	0.0013827433628318584	0.00497787610619469	0.026825221238938053	0.00497787610619469	0.0005530973451327434	0.0013827433628318584	0.019358407079646017	0.05088495575221239	0.0005530973451327434	0.010785398230088495
0.025719026548672565	0.03346238938053098	0.0002765486725663717	0.010508849557522125	0.042588495575221236	0.029867256637168143	0.00165929203539823	0.008019911504424779	0.0	0.020741150442477877	0.0	0.004701327433628319	0.05669247787610619	0.07466814159292036	0.00165929203539823	0.017699115044247787	0.024336283185840708	0.020741150442477877	0.0005530973451327434	0.004424778761061947	0.027378318584070797	0.020188053097345133	0.0005530973451327434	0.0027654867256637168	0.008849557522123894	0.006913716814159292	0.0002765486725663717	0.0013827433628318584	0.084070796460177	0.040376106194690266	0.002488938053097345	0.012997787610619468	0.02350663716814159	0.0146570796460177	0.000829646017699115	0.0030420353982300885	0.0351216814159292	0.02627212389380531	0.0011061946902654867	0.003595132743362832	0.030420353982300884	0.018528761061946904	0.0011061946902654867	0.0030420353982300885	0.027931415929203538	0.01825221238938053	0.0	0.0027654867256637168	0.0	0.03014380530973451	0.0	0.007466814159292036	0.025995575221238937	0.01825221238938053	0.0013827433628318584	0.004701327433628319	0.026825221238938053	0.00497787610619469	0.0005530973451327434	0.0013827433628318584	0.01963495575221239	0.05088495575221239	0.0002765486725663717	0.010785398230088495
0.025442477876106196	0.03484513274336283	0.0005530973451327434	0.009126106194690266	0.04341814159292035	0.03014380530973451	0.000829646017699115	0.007743362831858407	0.0	0.020464601769911505	0.0	0.00497787610619469	0.056969026548672565	0.07494469026548672	0.0013827433628318584	0.017422566371681415	0.024059734513274336	0.02101769911504425	0.000829646017699115	0.004148230088495576	0.027931415929203538	0.01963495575221239	0.0002765486725663717	0.0030420353982300885	0.008849557522123894	0.006913716814159292	0.0002765486725663717	0.0013827433628318584	0.08324115044247787	0.040376106194690266	0.0022123893805309734	0.012997787610619468	0.023230088495575223	0.014933628318584071	0.0011061946902654867	0.0027654867256637168	0.035398230088495575	0.025995575221238937	0.000829646017699115	0.0038716814159292035	0.030420353982300884	0.018528761061946904	0.0011061946902654867	0.0030420353982300885	0.027378318584070797	0.017699115044247787	0.0005530973451327434	0.00331858407079646	0.0	0.030696902654867256	0.0	0.006913716814159292	0.02627212389380531	0.018805309734513276	0.0013827433628318584	0.0038716814159292035	0.026825221238938053	0.004424778761061947	0.0005530973451327434	0.0019358407079646017	0.020188053097345133	0.05060840707964602	0.000829646017699115	0.011061946902654867
0.025719026548672565	0.03595132743362832	0.0002765486725663717	0.008019911504424779	0.043694690265486724	0.03014380530973451	0.0011061946902654867	0.007190265486725664	0.0	0.01991150442477876	0.0	0.0055309734513274336	0.05669247787610619	0.07494469026548672	0.00165929203539823	0.017422566371681415	0.024059734513274336	0.020741150442477877	0.000829646017699115	0.004424778761061947	0.027931415929203538	0.01963495575221239	0.0002765486725663717	0.0030420353982300885	0.008573008849557522	0.006913716814159292	0.0005530973451327434	0.0013827433628318584	0.084070796460177	0.040099557522123894	0.0022123893805309734	0.012997787610619468	0.02267699115044248	0.014933628318584071	0.00165929203539823	0.0027654867256637168	0.035398230088495575	0.025442477876106196	0.0011061946902654867	0.004148230088495576	0.0293141592920354	0.019081858407079644	0.0022123893805309734	0.002488938053097345	0.027378318584070797	0.01797566371681416	0.0005530973451327434	0.0030420353982300885	0.0	0.030973451327433628	0.0	0.00663716814159292	0.02627212389380531	0.018805309734513276	0.0011061946902654867	0.004148230088495576	0.026825221238938053	0.004148230088495576	0.0005530973451327434	0.0022123893805309734	0.020464601769911505	0.05033185840707965	0.0	0.01133849557522124
0.025719026548672565	0.03567477876106195	0.0002765486725663717	0.008296460176991151	0.04341814159292035	0.030696902654867256	0.000829646017699115	0.007190265486725664	0.0	0.01963495575221239	0.0	0.005807522123893806	0.05724557522123894	0.07632743362831858	0.0011061946902654867	0.016039823008849558	0.024059734513274336	0.02101769911504425	0.000829646017699115	0.004148230088495576	0.027931415929203538	0.01963495575221239	0.0002765486725663717	0.0030420353982300885	0.008019911504424779	0.006913716814159292	0.000829646017699115	0.00165929203539823	0.084070796460177	0.040099557522123894	0.0019358407079646017	0.012997787610619468	0.023230088495575223	0.015763274336283186	0.0011061946902654867	0.0019358407079646017	0.03567477876106195	0.024336283185840708	0.000829646017699115	0.005254424778761062	0.03014380530973451	0.018528761061946904	0.0013827433628318584	0.0030420353982300885	0.026825221238938053	0.01797566371681416	0.0011061946902654867	0.0030420353982300885	0.0	0.030696902654867256	0.0	0.006913716814159292	0.026825221238938053	0.01825221238938053	0.0005530973451327434	0.004701327433628319	0.027101769911504425	0.004148230088495576	0.0002765486725663717	0.0022123893805309734	0.020188053097345133	0.05088495575221239	0.0005530973451327434	0.010785398230088495
0.025719026548672565	0.035398230088495575	0.0002765486725663717	0.008573008849557522	0.043694690265486724	0.03014380530973451	0.0005530973451327434	0.007743362831858407	0.0	0.01991150442477876	0.0	0.0055309734513274336	0.05752212389380531	0.07549778761061947	0.000829646017699115	0.01686946902654867	0.023783185840707963	0.02101769911504425	0.0011061946902654867	0.004148230088495576	0.02765486725663717	0.01963495575221239	0.0005530973451327434	0.0030420353982300885	0.008296460176991151	0.006913716814159292	0.0005530973451327434	0.00165929203539823	0.08351769911504425	0.03926991150442478	0.002488938053097345	0.013827433628318585	0.023783185840707963	0.015763274336283186	0.0005530973451327434	0.0019358407079646017	0.03567477876106195	0.02295353982300885	0.000829646017699115	0.00663716814159292	0.03014380530973451	0.01797566371681416	0.0013827433628318584	0.003595132743362832	0.026825221238938053	0.017146017699115043	0.0011061946902654867	0.0038716814159292035	0.0	0.030696902654867256	0.0	0.006913716814159292	0.026825221238938053	0.018528761061946904	0.0005530973451327434	0.004424778761061947	0.026825221238938053	0.0038716814159292035	0.0005530973451327434	0.002488938053097345	0.01991150442477876	0.051161504424778764	0.000829646017699115	0.010508849557522125
0.024889380530973452	0.03484513274336283	0.0011061946902654867	0.009126106194690266	0.043971238938053096	0.029867256637168143	0.0002765486725663717	0.008019911504424779	0.0	0.018528761061946904	0.0	0.006913716814159292	0.056969026548672565	0.07411504424778761	0.0013827433628318584	0.01825221238938053	0.024336283185840708	0.020741150442477877	0.0005530973451327434	0.004424778761061947	0.027378318584070797	0.01963495575221239	0.000829646017699115	0.0030420353982300885	0.008573008849557522	0.00663716814159292	0.0002765486725663717	0.0019358407079646017	0.08213495575221239	0.03733407079646018	0.002488938053097345	0.015763274336283186	0.023230088495575223	0.015486725663716814	0.0011061946902654867	0.0022123893805309734	0.035398230088495575	0.023230088495575223	0.0011061946902654867	0.006360619469026549	0.030696902654867256	0.017699115044247787	0.000829646017699115	0.0038716814159292035	0.026825221238938053	0.017699115044247787	0.0011061946902654867	0.00331858407079646	0.0	0.030420353982300884	0.0	0.007190265486725664	0.02654867256637168	0.018805309734513276	0.000829646017699115	0.004148230088495576	0.02654867256637168	0.004148230088495576	0.000829646017699115	0.0022123893805309734	0.021294247787610618	0.0517146017699115	0.000829646017699115	0.00995575221238938
0.025165929203539824	0.03456858407079646	0.000829646017699115	0.009402654867256638	0.04314159292035398	0.029867256637168143	0.0011061946902654867	0.008019911504424779	0.0	0.01825221238938053	0.0	0.007190265486725664	0.05724557522123894	0.07439159292035398	0.0011061946902654867	0.01797566371681416	0.024336283185840708	0.020741150442477877	0.0005530973451327434	0.004424778761061947	0.027378318584070797	0.01963495575221239	0.000829646017699115	0.0030420353982300885	0.008573008849557522	0.00663716814159292	0.0002765486725663717	0.0019358407079646017	0.08268805309734513	0.03871681415929203	0.00331858407079646	0.014380530973451327	0.023230088495575223	0.015210176991150442	0.0011061946902654867	0.002488938053097345	0.0351216814159292	0.023783185840707963	0.0013827433628318584	0.005807522123893806	0.03125	0.01686946902654867	0.000829646017699115	0.004148230088495576	0.027101769911504425	0.017422566371681415	0.000829646017699115	0.003595132743362832	0.0	0.030696902654867256	0.0	0.006913716814159292	0.02654867256637168	0.019358407079646017	0.000829646017699115	0.003595132743362832	0.02627212389380531	0.004148230088495576	0.0011061946902654867	0.0022123893805309734	0.01991150442477876	0.05088495575221239	0.000829646017699115	0.010785398230088495
0.025442477876106196	0.03484513274336283	0.0005530973451327434	0.009126106194690266	0.043694690265486724	0.029037610619469027	0.000829646017699115	0.008573008849557522	0.0	0.018805309734513276	0.0	0.00663716814159292	0.056969026548672565	0.07439159292035398	0.0013827433628318584	0.01797566371681416	0.024059734513274336	0.020464601769911505	0.000829646017699115	0.004701327433628319	0.027101769911504425	0.01991150442477876	0.0011061946902654867	0.0027654867256637168	0.008296460176991151	0.007190265486725664	0.0002765486725663717	0.00165929203539823	0.08213495575221239	0.03844026548672566	0.002488938053097345	0.0146570796460177	0.02267699115044248	0.015210176991150442	0.00165929203539823	0.002488938053097345	0.03456858407079646	0.023783185840707963	0.0019358407079646017	0.005807522123893806	0.03125	0.017422566371681415	0.000829646017699115	0.003595132743362832	0.027378318584070797	0.017699115044247787	0.0005530973451327434	0.00331858407079646	0.0	0.029867256637168143	0.0	0.007743362831858407	0.027101769911504425	0.019358407079646017	0.0005530973451327434	0.00331858407079646	0.02627212389380531	0.004148230088495576	0.0011061946902654867	0.0022123893805309734	0.020741150442477877	0.05143805309734513	0.0013827433628318584	0.010232300884955753
0.025442477876106196	0.0351216814159292	0.0005530973451327434	0.008849557522123894	0.043971238938053096	0.03014380530973451	0.000829646017699115	0.007190265486725664	0.0	0.019081858407079644	0.0	0.006360619469026549	0.05641592920353982	0.07411504424778761	0.0019358407079646017	0.01825221238938053	0.024059734513274336	0.020741150442477877	0.000829646017699115	0.004424778761061947	0.026825221238938053	0.019358407079646017	0.0011061946902654867	0.003595132743362832	0.008296460176991151	0.006913716814159292	0.0002765486725663717	0.0019358407079646017	0.08268805309734513	0.037887168141592924	0.002488938053097345	0.015210176991150442	0.022400442477876106	0.015210176991150442	0.0019358407079646017	0.002488938053097345	0.03456858407079646	0.024059734513274336	0.0019358407079646017	0.0055309734513274336	0.031803097345132744	0.017146017699115043	0.0005530973451327434	0.003595132743362832	0.027101769911504425	0.017699115044247787	0.000829646017699115	0.00331858407079646	0.0	0.030973451327433628	0.0	0.00663716814159292	0.027101769911504425	0.019358407079646017	0.0005530973451327434	0.00331858407079646	0.02654867256637168	0.0038716814159292035	0.000829646017699115	0.002488938053097345	0.020464601769911505	0.051991150442477874	0.0011061946902654867	0.009679203539823008
0.025165929203539824	0.03346238938053098	0.000829646017699115	0.010508849557522125	0.04452433628318584	0.03014380530973451	0.0005530973451327434	0.006913716814159292	0.0	0.018528761061946904	0.0	0.006913716814159292	0.055862831858407076	0.07439159292035398	0.002488938053097345	0.01797566371681416	0.024059734513274336	0.020464601769911505	0.000829646017699115	0.004701327433628319	0.026825221238938053	0.019358407079646017	0.0011061946902654867	0.003595132743362832	0.008296460176991151	0.006913716814159292	0.0002765486725663717	0.0019358407079646017	0.08462389380530974	0.03844026548672566	0.0019358407079646017	0.014380530973451327	0.023230088495575223	0.015486725663716814	0.0011061946902654867	0.0022123893805309734	0.03567477876106195	0.025165929203539824	0.000829646017699115	0.004424778761061947	0.031803097345132744	0.01686946902654867	0.000829646017699115	0.003595132743362832	0.027101769911504425	0.01797566371681416	0.000829646017699115	0.0030420353982300885	0.0	0.03152654867256637	0.0	0.006084070796460177	0.027101769911504425	0.019081858407079644	0.0005530973451327434	0.003595132743362832	0.02627212389380531	0.0038716814159292035	0.0011061946902654867	0.002488938053097345	0.019358407079646017	0.05143805309734513	0.0011061946902654867	0.010232300884955753
0.024889380530973452	0.034015486725663714	0.0011061946902654867	0.00995575221238938	0.04452433628318584	0.03014380530973451	0.0005530973451327434	0.006913716814159292	0.0	0.019081858407079644	0.0	0.006360619469026549	0.055862831858407076	0.07466814159292036	0.002488938053097345	0.017699115044247787	0.024059734513274336	0.020188053097345133	0.000829646017699115	0.00497787610619469	0.026825221238938053	0.019358407079646017	0.0011061946902654867	0.003595132743362832	0.008296460176991151	0.006913716814159292	0.0002765486725663717	0.0019358407079646017	0.08379424778761062	0.03733407079646018	0.0019358407079646017	0.015486725663716814	0.02350663716814159	0.0146570796460177	0.000829646017699115	0.0030420353982300885	0.0351216814159292	0.025165929203539824	0.0013827433628318584	0.004424778761061947	0.032079646017699116	0.016592920353982302	0.0005530973451327434	0.0038716814159292035	0.02765486725663717	0.01825221238938053	0.0002765486725663717	0.0027654867256637168	0.0	0.030973451327433628	0.0	0.00663716814159292	0.026825221238938053	0.019358407079646017	0.0005530973451327434	0.003595132743362832	0.025995575221238937	0.004148230088495576	0.0013827433628318584	0.0022123893805309734	0.020188053097345133	0.052267699115044246	0.0011061946902654867	0.009402654867256638
0.025442477876106196	0.03484513274336283	0.0005530973451327434	0.009126106194690266	0.04452433628318584	0.030973451327433628	0.0005530973451327434	0.006084070796460177	0.0	0.019358407079646017	0.0	0.006084070796460177	0.05613938053097345	0.07494469026548672	0.0022123893805309734	0.017422566371681415	0.024336283185840708	0.020464601769911505	0.0005530973451327434	0.004701327433628319	0.027378318584070797	0.019081858407079644	0.000829646017699115	0.003595132743362832	0.008019911504424779	0.007190265486725664	0.0005530973451327434	0.00165929203539823	0.0860066371681416	0.03871681415929203	0.0013827433628318584	0.013827433628318585	0.02350663716814159	0.014380530973451327	0.000829646017699115	0.00331858407079646	0.03595132743362832	0.024059734513274336	0.0011061946902654867	0.00497787610619469	0.03152654867256637	0.01686946902654867	0.000829646017699115	0.0038716814159292035	0.027101769911504425	0.018805309734513276	0.000829646017699115	0.0022123893805309734	0.0	0.03125	0.0	0.006360619469026549	0.02654867256637168	0.020464601769911505	0.000829646017699115	0.002488938053097345	0.02627212389380531	0.004424778761061947	0.0011061946902654867	0.0019358407079646017	0.018805309734513276	0.052267699115044246	0.0011061946902654867	0.009402654867256638
0.025719026548672565	0.035398230088495575	0.0002765486725663717	0.008573008849557522	0.04480088495575221	0.030973451327433628	0.0005530973451327434	0.005807522123893806	0.0	0.019081858407079644	0.0	0.006360619469026549	0.056969026548672565	0.07411504424778761	0.0013827433628318584	0.01825221238938053	0.024059734513274336	0.020188053097345133	0.000829646017699115	0.00497787610619469	0.027378318584070797	0.019081858407079644	0.0011061946902654867	0.00331858407079646	0.008296460176991151	0.007190265486725664	0.0002765486725663717	0.00165929203539823	0.0860066371681416	0.03871681415929203	0.00165929203539823	0.013827433628318585	0.02350663716814159	0.014380530973451327	0.000829646017699115	0.00331858407079646	0.03650442477876106	0.024889380530973452	0.0005530973451327434	0.004148230088495576	0.03125	0.01686946902654867	0.000829646017699115	0.004148230088495576	0.027378318584070797	0.018805309734513276	0.000829646017699115	0.0019358407079646017	0.0	0.03014380530973451	0.0	0.007466814159292036	0.027378318584070797	0.01991150442477876	0.0	0.0030420353982300885	0.02654867256637168	0.004424778761061947	0.000829646017699115	0.0019358407079646017	0.01797566371681416	0.05309734513274336	0.00165929203539823	0.008573008849557522
0.025442477876106196	0.034292035398230086	0.0005530973451327434	0.009679203539823008	0.04480088495575221	0.030973451327433628	0.0005530973451327434	0.005807522123893806	0.0	0.019081858407079644	0.0	0.006360619469026549	0.055862831858407076	0.07466814159292036	0.002488938053097345	0.017699115044247787	0.02461283185840708	0.020188053097345133	0.0002765486725663717	0.00497787610619469	0.026825221238938053	0.018528761061946904	0.00165929203539823	0.0038716814159292035	0.008573008849557522	0.006913716814159292	0.0	0.0019358407079646017	0.08711283185840708	0.03871681415929203	0.0011061946902654867	0.013827433628318585	0.02350663716814159	0.015210176991150442	0.000829646017699115	0.002488938053097345	0.03595132743362832	0.025165929203539824	0.000829646017699115	0.004148230088495576	0.030973451327433628	0.01686946902654867	0.0011061946902654867	0.004148230088495576	0.02765486725663717	0.018528761061946904	0.0005530973451327434	0.0022123893805309734	0.0	0.030420353982300884	0.0	0.007190265486725664	0.02765486725663717	0.019358407079646017	0.0	0.00331858407079646	0.02627212389380531	0.004701327433628319	0.0011061946902654867	0.00165929203539823	0.017699115044247787	0.053373893805309734	0.0013827433628318584	0.008296460176991151
0.025165929203539824	0.03484513274336283	0.000829646017699115	0.009126106194690266	0.04480088495575221	0.030696902654867256	0.000829646017699115	0.005807522123893806	0.0	0.018805309734513276	0.0	0.00663716814159292	0.05613938053097345	0.07605088495575221	0.0022123893805309734	0.01631637168141593	0.02461283185840708	0.01991150442477876	0.0002765486725663717	0.005254424778761062	0.026825221238938053	0.017699115044247787	0.00165929203539823	0.004701327433628319	0.008573008849557522	0.006913716814159292	0.0	0.0019358407079646017	0.08434734513274336	0.03871681415929203	0.00165929203539823	0.013550884955752213	0.023230088495575223	0.0146570796460177	0.0011061946902654867	0.0030420353982300885	0.03622787610619469	0.025165929203539824	0.0005530973451327434	0.004148230088495576	0.030420353982300884	0.01631637168141593	0.0011061946902654867	0.005254424778761062	0.02765486725663717	0.017699115044247787	0.000829646017699115	0.0027654867256637168	0.0	0.03014380530973451	0.0	0.007466814159292036	0.02765486725663717	0.019081858407079644	0.0	0.003595132743362832	0.027101769911504425	0.004701327433628319	0.0002765486725663717	0.00165929203539823	0.01991150442477876	0.05309734513274336	0.00165929203539823	0.008573008849557522
0.025165929203539824	0.0351216814159292	0.000829646017699115	0.008849557522123894	0.04480088495575221	0.030973451327433628	0.000829646017699115	0.0055309734513274336	0.0	0.019081858407079644	0.0	0.006360619469026549	0.056969026548672565	0.07549778761061947	0.0013827433628318584	0.01686946902654867	0.02461283185840708	0.019358407079646017	0.0002765486725663717	0.005807522123893806	0.027378318584070797	0.017699115044247787	0.0013827433628318584	0.004424778761061947	0.008296460176991151	0.00663716814159292	0.0005530973451327434	0.0019358407079646017	0.08434734513274336	0.040376106194690266	0.002488938053097345	0.011891592920353982	0.023230088495575223	0.0146570796460177	0.0011061946902654867	0.0030420353982300885	0.03622787610619469	0.025165929203539824	0.0005530973451327434	0.004148230088495576	0.030696902654867256	0.016592920353982302	0.000829646017699115	0.00497787610619469	0.02765486725663717	0.017146017699115043	0.0005530973451327434	0.003595132743362832	0.0	0.03014380530973451	0.0	0.007466814159292036	0.02765486725663717	0.019358407079646017	0.0	0.00331858407079646	0.026825221238938053	0.00497787610619469	0.0005530973451327434	0.0013827433628318584	0.01963495575221239	0.05282079646017699	0.0011061946902654867	0.008849557522123894
0.025165929203539824	0.034292035398230086	0.000829646017699115	0.009679203539823008	0.045077433628318585	0.030420353982300884	0.0005530973451327434	0.006084070796460177	0.0	0.019358407079646017	0.0	0.006084070796460177	0.05669247787610619	0.07466814159292036	0.00165929203539823	0.017699115044247787	0.024336283185840708	0.018805309734513276	0.0005530973451327434	0.006360619469026549	0.027378318584070797	0.01797566371681416	0.0013827433628318584	0.004148230088495576	0.008849557522123894	0.006360619469026549	0.0002765486725663717	0.0019358407079646017	0.08296460176991151	0.04092920353982301	0.003595132743362832	0.011061946902654867	0.02350663716814159	0.0146570796460177	0.000829646017699115	0.0030420353982300885	0.03650442477876106	0.024889380530973452	0.0002765486725663717	0.004424778761061947	0.030973451327433628	0.016592920353982302	0.0005530973451327434	0.00497787610619469	0.027378318584070797	0.016592920353982302	0.000829646017699115	0.004148230088495576	0.0	0.029867256637168143	0.0	0.007743362831858407	0.02765486725663717	0.01963495575221239	0.0	0.0030420353982300885	0.026825221238938053	0.0055309734513274336	0.0005530973451327434	0.000829646017699115	0.020188053097345133	0.052267699115044246	0.0011061946902654867	0.009402654867256638
0.025165929203539824	0.03346238938053098	0.000829646017699115	0.010508849557522125	0.04424778761061947	0.03014380530973451	0.0011061946902654867	0.00663716814159292	0.0	0.019358407079646017	0.0	0.006084070796460177	0.05669247787610619	0.07660398230088496	0.00165929203539823	0.015763274336283186	0.024336283185840708	0.019081858407079644	0.0005530973451327434	0.006084070796460177	0.02765486725663717	0.01825221238938053	0.0011061946902654867	0.0038716814159292035	0.008573008849557522	0.006360619469026549	0.0005530973451327434	0.0019358407079646017	0.08296460176991151	0.04120575221238938	0.00331858407079646	0.010785398230088495	0.02267699115044248	0.0146570796460177	0.00165929203539823	0.0030420353982300885	0.03622787610619469	0.024889380530973452	0.0005530973451327434	0.004424778761061947	0.030696902654867256	0.01686946902654867	0.000829646017699115	0.004701327433628319	0.02765486725663717	0.01686946902654867	0.0005530973451327434	0.0038716814159292035	0.0	0.030973451327433628	0.0	0.00663716814159292	0.027378318584070797	0.020188053097345133	0.0002765486725663717	0.002488938053097345	0.026825221238938053	0.0055309734513274336	0.0005530973451327434	0.000829646017699115	0.02101769911504425	0.05309734513274336	0.0005530973451327434	0.008573008849557522
0.025165929203539824	0.03290929203539823	0.000829646017699115	0.011061946902654867	0.04480088495575221	0.03014380530973451	0.0002765486725663717	0.006913716814159292	0.0	0.019081858407079644	0.0	0.006360619469026549	0.05724557522123894	0.07826327433628319	0.0011061946902654867	0.014103982300884955	0.024336283185840708	0.019081858407079644	0.0005530973451327434	0.006084070796460177	0.027931415929203538	0.018528761061946904	0.000829646017699115	0.003595132743362832	0.009126106194690266	0.00663716814159292	0.0	0.00165929203539823	0.08462389380530974	0.04120575221238938	0.0027654867256637168	0.010508849557522125	0.02350663716814159	0.014380530973451327	0.000829646017699115	0.00331858407079646	0.036780973451327435	0.023783185840707963	0.0002765486725663717	0.005254424778761062	0.030420353982300884	0.016592920353982302	0.0011061946902654867	0.00497787610619469	0.02820796460176991	0.01631637168141593	0.0002765486725663717	0.004148230088495576	0.0	0.030696902654867256	0.0	0.006913716814159292	0.027101769911504425	0.020188053097345133	0.0005530973451327434	0.002488938053097345	0.02654867256637168	0.0055309734513274336	0.000829646017699115	0.000829646017699115	0.020464601769911505	0.05282079646017699	0.0002765486725663717	0.008849557522123894
0.02461283185840708	0.03373893805309734	0.0013827433628318584	0.010232300884955753	0.045077433628318585	0.029867256637168143	0.0002765486725663717	0.006913716814159292	0.0	0.019358407079646017	0.0	0.006084070796460177	0.05752212389380531	0.07771017699115045	0.000829646017699115	0.0146570796460177	0.024336283185840708	0.019081858407079644	0.0005530973451327434	0.006084070796460177	0.02765486725663717	0.017422566371681415	0.0011061946902654867	0.004701327433628319	0.009126106194690266	0.006360619469026549	0.0	0.0019358407079646017	0.08434734513274336	0.04120575221238938	0.00165929203539823	0.010232300884955753	0.023783185840707963	0.014933628318584071	0.0005530973451327434	0.0027654867256637168	0.03650442477876106	0.024059734513274336	0.0002765486725663717	0.005254424778761062	0.030420353982300884	0.017422566371681415	0.000829646017699115	0.004424778761061947	0.02820796460176991	0.016039823008849558	0.0002765486725663717	0.004424778761061947	0.0	0.03014380530973451	0.0	0.007466814159292036	0.027101769911504425	0.020188053097345133	0.0005530973451327434	0.002488938053097345	0.025995575221238937	0.005807522123893806	0.0013827433628318584	0.0005530973451327434	0.022123893805309734	0.052267699115044246	0.0002765486725663717	0.009402654867256638
0.024336283185840708	0.034015486725663714	0.00165929203539823	0.00995575221238938	0.04424778761061947	0.03014380530973451	0.000829646017699115	0.006913716814159292	0.0	0.019358407079646017	0.0	0.006084070796460177	0.05779867256637168	0.07798672566371681	0.0005530973451327434	0.014380530973451327	0.024059734513274336	0.018528761061946904	0.000829646017699115	0.00663716814159292	0.02765486725663717	0.017699115044247787	0.000829646017699115	0.004701327433628319	0.008849557522123894	0.006360619469026549	0.0002765486725663717	0.0019358407079646017	0.08462389380530974	0.04120575221238938	0.0022123893805309734	0.010232300884955753	0.023230088495575223	0.014933628318584071	0.0011061946902654867	0.0027654867256637168	0.03650442477876106	0.02350663716814159	0.0002765486725663717	0.005807522123893806	0.030973451327433628	0.01686946902654867	0.0005530973451327434	0.004701327433628319	0.02820796460176991	0.016039823008849558	0.0005530973451327434	0.004148230088495576	0.0	0.0293141592920354	0.0	0.008296460176991151	0.026825221238938053	0.01991150442477876	0.0005530973451327434	0.0030420353982300885	0.025995575221238937	0.005807522123893806	0.0013827433628318584	0.0005530973451327434	0.02101769911504425	0.0517146017699115	0.0005530973451327434	0.00995575221238938
0.024336283185840708	0.034015486725663714	0.00165929203539823	0.00995575221238938	0.04452433628318584	0.03014380530973451	0.0005530973451327434	0.006913716814159292	0.0	0.018805309734513276	0.0	0.00663716814159292	0.05752212389380531	0.07771017699115045	0.000829646017699115	0.0146570796460177	0.02461283185840708	0.018528761061946904	0.0002765486725663717	0.00663716814159292	0.028484513274336282	0.017699115044247787	0.0002765486725663717	0.004424778761061947	0.009126106194690266	0.006084070796460177	0.0	0.0022123893805309734	0.08573008849557522	0.04092920353982301	0.0022123893805309734	0.010232300884955753	0.02350663716814159	0.0146570796460177	0.000829646017699115	0.0030420353982300885	0.03595132743362832	0.023230088495575223	0.000829646017699115	0.006084070796460177	0.030973451327433628	0.017146017699115043	0.0005530973451327434	0.004424778761061947	0.02765486725663717	0.016039823008849558	0.000829646017699115	0.004424778761061947	0.0	0.02959070796460177	0.0	0.008019911504424779	0.026825221238938053	0.019358407079646017	0.0005530973451327434	0.003595132743362832	0.025719026548672565	0.005807522123893806	0.00165929203539823	0.0005530973451327434	0.01991150442477876	0.051161504424778764	0.000829646017699115	0.010508849557522125
0.024336283185840708	0.03373893805309734	0.00165929203539823	0.010232300884955753	0.04480088495575221	0.03014380530973451	0.0005530973451327434	0.00663716814159292	0.0	0.019081858407079644	0.0	0.006360619469026549	0.05752212389380531	0.07771017699115045	0.000829646017699115	0.0146570796460177	0.02461283185840708	0.01825221238938053	0.0002765486725663717	0.006913716814159292	0.02820796460176991	0.01825221238938053	0.0005530973451327434	0.0038716814159292035	0.009126106194690266	0.006084070796460177	0.0	0.0022123893805309734	0.08517699115044247	0.040376106194690266	0.00165929203539823	0.011061946902654867	0.023230088495575223	0.0146570796460177	0.0011061946902654867	0.0030420353982300885	0.03595132743362832	0.023230088495575223	0.0011061946902654867	0.005807522123893806	0.030973451327433628	0.017146017699115043	0.0005530973451327434	0.004424778761061947	0.027378318584070797	0.015763274336283186	0.0011061946902654867	0.004701327433628319	0.0	0.030420353982300884	0.0	0.007190265486725664	0.02654867256637168	0.019081858407079644	0.000829646017699115	0.0038716814159292035	0.025995575221238937	0.005807522123893806	0.0013827433628318584	0.0005530973451327434	0.020464601769911505	0.051161504424778764	0.0011061946902654867	0.010508849557522125
0.025165929203539824	0.03346238938053098	0.000829646017699115	0.010508849557522125	0.04424778761061947	0.030696902654867256	0.0011061946902654867	0.006084070796460177	0.0	0.01825221238938053	0.0	0.007190265486725664	0.05641592920353982	0.07771017699115045	0.0019358407079646017	0.0146570796460177	0.02461283185840708	0.01825221238938053	0.0002765486725663717	0.006913716814159292	0.028761061946902654	0.017699115044247787	0.0005530973451327434	0.0038716814159292035	0.009126106194690266	0.005807522123893806	0.0	0.002488938053097345	0.0849004424778761	0.04065265486725664	0.0022123893805309734	0.010508849557522125	0.023783185840707963	0.014380530973451327	0.0005530973451327434	0.00331858407079646	0.03567477876106195	0.02350663716814159	0.0013827433628318584	0.0055309734513274336	0.030696902654867256	0.016592920353982302	0.000829646017699115	0.00497787610619469	0.02765486725663717	0.015486725663716814	0.0011061946902654867	0.004701327433628319	0.0	0.030973451327433628	0.0	0.00663716814159292	0.02654867256637168	0.018805309734513276	0.000829646017699115	0.004148230088495576	0.025719026548672565	0.005807522123893806	0.00165929203539823	0.0005530973451327434	0.020188053097345133	0.05088495575221239	0.0013827433628318584	0.010785398230088495
0.024889380530973452	0.03373893805309734	0.0011061946902654867	0.010232300884955753	0.043694690265486724	0.030973451327433628	0.00165929203539823	0.005807522123893806	0.0	0.01825221238938053	0.0	0.007190265486725664	0.05641592920353982	0.07632743362831858	0.0019358407079646017	0.016039823008849558	0.024889380530973452	0.01825221238938053	0.0	0.006913716814159292	0.029037610619469027	0.017699115044247787	0.0005530973451327434	0.003595132743362832	0.009126106194690266	0.005807522123893806	0.0	0.002488938053097345	0.08628318584070796	0.04065265486725664	0.00165929203539823	0.010232300884955753	0.023230088495575223	0.0146570796460177	0.0011061946902654867	0.0030420353982300885	0.0351216814159292	0.023230088495575223	0.0019358407079646017	0.005807522123893806	0.030696902654867256	0.015486725663716814	0.000829646017699115	0.006084070796460177	0.027101769911504425	0.015486725663716814	0.00165929203539823	0.004701327433628319	0.0	0.031803097345132744	0.0	0.005807522123893806	0.02654867256637168	0.019081858407079644	0.0011061946902654867	0.003595132743362832	0.025995575221238937	0.0055309734513274336	0.0013827433628318584	0.000829646017699115	0.01963495575221239	0.050055309734513276	0.0013827433628318584	0.011615044247787611
0.025165929203539824	0.03484513274336283	0.000829646017699115	0.009126106194690266	0.04424778761061947	0.030696902654867256	0.0011061946902654867	0.006084070796460177	0.0	0.018528761061946904	0.0	0.006913716814159292	0.05669247787610619	0.07632743362831858	0.00165929203539823	0.016039823008849558	0.02461283185840708	0.018528761061946904	0.0002765486725663717	0.00663716814159292	0.027931415929203538	0.01797566371681416	0.00165929203539823	0.00331858407079646	0.008573008849557522	0.006084070796460177	0.0005530973451327434	0.0022123893805309734	0.08517699115044247	0.04065265486725664	0.0022123893805309734	0.010232300884955753	0.024059734513274336	0.013827433628318585	0.0002765486725663717	0.0038716814159292035	0.0351216814159292	0.02295353982300885	0.0019358407079646017	0.006084070796460177	0.030973451327433628	0.015763274336283186	0.0002765486725663717	0.006084070796460177	0.027931415929203538	0.014933628318584071	0.0013827433628318584	0.004701327433628319	0.0	0.03125	0.0	0.006360619469026549	0.02654867256637168	0.018528761061946904	0.0011061946902654867	0.004148230088495576	0.02627212389380531	0.0055309734513274336	0.0011061946902654867	0.000829646017699115	0.020741150442477877	0.05033185840707965	0.000829646017699115	0.01133849557522124
0.024889380530973452	0.03456858407079646	0.0011061946902654867	0.009402654867256638	0.043971238938053096	0.030696902654867256	0.0013827433628318584	0.006084070796460177	0.0	0.019081858407079644	0.0	0.006360619469026549	0.05669247787610619	0.07549778761061947	0.00165929203539823	0.01686946902654867	0.02461283185840708	0.018805309734513276	0.0002765486725663717	0.006360619469026549	0.028484513274336282	0.016592920353982302	0.0011061946902654867	0.004701327433628319	0.008849557522123894	0.006084070796460177	0.0002765486725663717	0.0022123893805309734	0.08434734513274336	0.04065265486725664	0.0019358407079646017	0.010232300884955753	0.024059734513274336	0.01327433628318584	0.0002765486725663717	0.004424778761061947	0.035398230088495575	0.02350663716814159	0.00165929203539823	0.0055309734513274336	0.030973451327433628	0.015763274336283186	0.0002765486725663717	0.006084070796460177	0.027931415929203538	0.0146570796460177	0.00165929203539823	0.004701327433628319	0.0	0.030696902654867256	0.0	0.006913716814159292	0.02765486725663717	0.01797566371681416	0.0005530973451327434	0.004148230088495576	0.02654867256637168	0.005254424778761062	0.000829646017699115	0.0011061946902654867	0.022123893805309734	0.050055309734513276	0.0005530973451327434	0.011615044247787611
0.025719026548672565	0.034292035398230086	0.0002765486725663717	0.009679203539823008	0.043971238938053096	0.030696902654867256	0.0013827433628318584	0.006084070796460177	0.0	0.018805309734513276	0.0	0.00663716814159292	0.05779867256637168	0.07549778761061947	0.0005530973451327434	0.01686946902654867	0.024889380530973452	0.018528761061946904	0.0	0.00663716814159292	0.02820796460176991	0.016592920353982302	0.0013827433628318584	0.004701327433628319	0.008573008849557522	0.006084070796460177	0.0005530973451327434	0.0022123893805309734	0.08351769911504425	0.04092920353982301	0.002488938053097345	0.00995575221238938	0.023783185840707963	0.013550884955752213	0.0005530973451327434	0.004148230088495576	0.035398230088495575	0.023230088495575223	0.00165929203539823	0.005807522123893806	0.03125	0.015763274336283186	0.0	0.006084070796460177	0.029037610619469027	0.014380530973451327	0.0005530973451327434	0.00497787610619469	0.0	0.030420353982300884	0.0	0.007190265486725664	0.027101769911504425	0.01825221238938053	0.0011061946902654867	0.0038716814159292035	0.02627212389380531	0.005254424778761062	0.0011061946902654867	0.0011061946902654867	0.02267699115044248	0.05033185840707965	0.0002765486725663717	0.01133849557522124
0.025995575221238937	0.03456858407079646	0.0	0.009402654867256638	0.04424778761061947	0.030696902654867256	0.000829646017699115	0.006360619469026549	0.0	0.019081858407079644	0.0	0.006360619469026549	0.05752212389380531	0.07439159292035398	0.000829646017699115	0.01797566371681416	0.02461283185840708	0.018805309734513276	0.0002765486725663717	0.006360619469026549	0.029037610619469027	0.016592920353982302	0.0005530973451327434	0.004701327433628319	0.009126106194690266	0.005807522123893806	0.0	0.002488938053097345	0.08351769911504425	0.03982300884955752	0.0030420353982300885	0.010508849557522125	0.02350663716814159	0.012997787610619468	0.000829646017699115	0.004701327433628319	0.03595132743362832	0.02295353982300885	0.0011061946902654867	0.006084070796460177	0.030696902654867256	0.01631637168141593	0.0005530973451327434	0.0055309734513274336	0.028484513274336282	0.0146570796460177	0.000829646017699115	0.00497787610619469	0.0	0.029867256637168143	0.0	0.007743362831858407	0.02654867256637168	0.01825221238938053	0.00165929203539823	0.0038716814159292035	0.02627212389380531	0.005254424778761062	0.0011061946902654867	0.0011061946902654867	0.02267699115044248	0.05060840707964602	0.0002765486725663717	0.011061946902654867
0.025165929203539824	0.0351216814159292	0.000829646017699115	0.008849557522123894	0.04341814159292035	0.03125	0.00165929203539823	0.005807522123893806	0.0	0.01825221238938053	0.0	0.007190265486725664	0.05669247787610619	0.0752212389380531	0.00165929203539823	0.017146017699115043	0.024336283185840708	0.018805309734513276	0.0005530973451327434	0.006360619469026549	0.02959070796460177	0.016039823008849558	0.0002765486725663717	0.00497787610619469	0.008849557522123894	0.006084070796460177	0.0	0.002488938053097345	0.08517699115044247	0.038993362831858405	0.002488938053097345	0.01133849557522124	0.023783185840707963	0.013550884955752213	0.0005530973451327434	0.004148230088495576	0.03622787610619469	0.02267699115044248	0.0011061946902654867	0.006084070796460177	0.03125	0.016039823008849558	0.0002765486725663717	0.0055309734513274336	0.02820796460176991	0.014933628318584071	0.000829646017699115	0.00497787610619469	0.0	0.03014380530973451	0.0	0.007466814159292036	0.02654867256637168	0.01797566371681416	0.00165929203539823	0.004148230088495576	0.02654867256637168	0.005254424778761062	0.000829646017699115	0.0011061946902654867	0.02157079646017699	0.05088495575221239	0.0002765486725663717	0.010785398230088495
0.025442477876106196	0.034292035398230086	0.0005530973451327434	0.009679203539823008	0.04341814159292035	0.030696902654867256	0.00165929203539823	0.006360619469026549	0.0	0.019081858407079644	0.0	0.006360619469026549	0.05752212389380531	0.07466814159292036	0.000829646017699115	0.017699115044247787	0.024059734513274336	0.018805309734513276	0.000829646017699115	0.006360619469026549	0.02959070796460177	0.015763274336283186	0.0002765486725663717	0.005254424778761062	0.008296460176991151	0.006360619469026549	0.0002765486725663717	0.002488938053097345	0.08517699115044247	0.03816371681415929	0.00331858407079646	0.012168141592920354	0.023783185840707963	0.01327433628318584	0.0005530973451327434	0.004424778761061947	0.036780973451327435	0.02267699115044248	0.0005530973451327434	0.006084070796460177	0.02959070796460177	0.015486725663716814	0.0019358407079646017	0.006084070796460177	0.02820796460176991	0.0146570796460177	0.000829646017699115	0.005254424778761062	0.0	0.030696902654867256	0.0	0.006913716814159292	0.02820796460176991	0.017422566371681415	0.0005530973451327434	0.004148230088495576	0.026825221238938053	0.0055309734513274336	0.0005530973451327434	0.000829646017699115	0.020741150442477877	0.05060840707964602	0.0002765486725663717	0.011061946902654867
0.025719026548672565	0.0351216814159292	0.0002765486725663717	0.008849557522123894	0.043694690265486724	0.030696902654867256	0.0011061946902654867	0.00663716814159292	0.0	0.01963495575221239	0.0	0.005807522123893806	0.05613938053097345	0.07411504424778761	0.0022123893805309734	0.01825221238938053	0.024336283185840708	0.018805309734513276	0.0005530973451327434	0.006360619469026549	0.029037610619469027	0.015763274336283186	0.000829646017699115	0.005254424778761062	0.008573008849557522	0.006360619469026549	0.0	0.002488938053097345	0.084070796460177	0.03816371681415929	0.00331858407079646	0.012168141592920354	0.023230088495575223	0.012721238938053098	0.0011061946902654867	0.00497787610619469	0.03567477876106195	0.02157079646017699	0.00165929203539823	0.007190265486725664	0.030696902654867256	0.016039823008849558	0.000829646017699115	0.0055309734513274336	0.028484513274336282	0.014103982300884955	0.0011061946902654867	0.005254424778761062	0.0	0.03014380530973451	0.0	0.007466814159292036	0.02820796460176991	0.017146017699115043	0.0005530973451327434	0.004424778761061947	0.02627212389380531	0.0055309734513274336	0.0011061946902654867	0.000829646017699115	0.021847345132743362	0.05088495575221239	0.0002765486725663717	0.010785398230088495
0.025442477876106196	0.035398230088495575	0.0005530973451327434	0.008573008849557522	0.04452433628318584	0.030696902654867256	0.0002765486725663717	0.00663716814159292	0.0	0.01963495575221239	0.0	0.005807522123893806	0.055862831858407076	0.0752212389380531	0.002488938053097345	0.017146017699115043	0.024336283185840708	0.018528761061946904	0.0005530973451327434	0.00663716814159292	0.028761061946902654	0.016039823008849558	0.0011061946902654867	0.00497787610619469	0.008019911504424779	0.006360619469026549	0.0005530973451327434	0.002488938053097345	0.08517699115044247	0.03844026548672566	0.0027654867256637168	0.011891592920353982	0.023783185840707963	0.012721238938053098	0.0005530973451327434	0.00497787610619469	0.03622787610619469	0.021294247787610618	0.0011061946902654867	0.007466814159292036	0.030420353982300884	0.016592920353982302	0.0011061946902654867	0.00497787610619469	0.028484513274336282	0.014103982300884955	0.0011061946902654867	0.005254424778761062	0.0	0.03014380530973451	0.0	0.007466814159292036	0.028484513274336282	0.017146017699115043	0.0002765486725663717	0.004424778761061947	0.026825221238938053	0.005254424778761062	0.0005530973451327434	0.0011061946902654867	0.02157079646017699	0.051161504424778764	0.0	0.010508849557522125
0.025442477876106196	0.03456858407079646	0.0005530973451327434	0.009402654867256638	0.043971238938053096	0.03014380530973451	0.000829646017699115	0.007190265486725664	0.0	0.020188053097345133	0.0	0.005254424778761062	0.05669247787610619	0.07383849557522124	0.00165929203539823	0.018528761061946904	0.02461283185840708	0.018805309734513276	0.0002765486725663717	0.006360619469026549	0.028761061946902654	0.015486725663716814	0.0011061946902654867	0.0055309734513274336	0.008019911504424779	0.006084070796460177	0.0005530973451327434	0.0027654867256637168	0.08517699115044247	0.03926991150442478	0.0030420353982300885	0.01133849557522124	0.023783185840707963	0.012997787610619468	0.0005530973451327434	0.004701327433628319	0.0351216814159292	0.021294247787610618	0.0019358407079646017	0.007743362831858407	0.030696902654867256	0.01686946902654867	0.000829646017699115	0.004701327433628319	0.028484513274336282	0.014380530973451327	0.0011061946902654867	0.00497787610619469	0.0	0.030420353982300884	0.0	0.007190265486725664	0.02820796460176991	0.016592920353982302	0.0005530973451327434	0.00497787610619469	0.026825221238938053	0.005254424778761062	0.0005530973451327434	0.0011061946902654867	0.020741150442477877	0.05060840707964602	0.0002765486725663717	0.011061946902654867
0.025719026548672565	0.03373893805309734	0.0002765486725663717	0.010232300884955753	0.043694690265486724	0.030696902654867256	0.0011061946902654867	0.00663716814159292	0.0	0.021294247787610618	0.0	0.004148230088495576	0.05752212389380531	0.07439159292035398	0.000829646017699115	0.01797566371681416	0.02461283185840708	0.018805309734513276	0.0002765486725663717	0.006360619469026549	0.0293141592920354	0.014933628318584071	0.0005530973451327434	0.006084070796460177	0.008019911504424779	0.006360619469026549	0.0005530973451327434	0.002488938053097345	0.08766592920353983	0.038993362831858405	0.0013827433628318584	0.011615044247787611	0.02350663716814159	0.012721238938053098	0.000829646017699115	0.00497787610619469	0.03484513274336283	0.02101769911504425	0.0022123893805309734	0.008019911504424779	0.030973451327433628	0.01686946902654867	0.0005530973451327434	0.004701327433628319	0.028761061946902654	0.014933628318584071	0.000829646017699115	0.004424778761061947	0.0	0.029867256637168143	0.0	0.007743362831858407	0.02820796460176991	0.016592920353982302	0.0011061946902654867	0.004424778761061947	0.02627212389380531	0.005254424778761062	0.0011061946902654867	0.0011061946902654867	0.01991150442477876	0.04950221238938053	0.0002765486725663717	0.012168141592920354
0.025165929203539824	0.034015486725663714	0.000829646017699115	0.00995575221238938	0.04314159292035398	0.030420353982300884	0.00165929203539823	0.006913716814159292	0.0	0.02157079646017699	0.0	0.0038716814159292035	0.05724557522123894	0.07549778761061947	0.0011061946902654867	0.01686946902654867	0.024889380530973452	0.018805309734513276	0.0	0.006360619469026549	0.0293141592920354	0.0146570796460177	0.0005530973451327434	0.006360619469026549	0.008019911504424779	0.006360619469026549	0.0005530973451327434	0.002488938053097345	0.08794247787610619	0.040099557522123894	0.0005530973451327434	0.010785398230088495	0.024336283185840708	0.01327433628318584	0.0	0.004424778761061947	0.035398230088495575	0.020464601769911505	0.00165929203539823	0.008573008849557522	0.03125	0.01686946902654867	0.0005530973451327434	0.004424778761061947	0.02820796460176991	0.015486725663716814	0.0011061946902654867	0.004148230088495576	0.0	0.029867256637168143	0.0	0.007743362831858407	0.02765486725663717	0.01631637168141593	0.0011061946902654867	0.005254424778761062	0.026825221238938053	0.005254424778761062	0.0005530973451327434	0.0011061946902654867	0.01991150442477876	0.05033185840707965	0.0005530973451327434	0.01133849557522124
0.025165929203539824	0.033185840707964605	0.000829646017699115	0.010785398230088495	0.043694690265486724	0.03014380530973451	0.0013827433628318584	0.006913716814159292	0.0	0.02101769911504425	0.0	0.004424778761061947	0.056969026548672565	0.07605088495575221	0.0013827433628318584	0.01631637168141593	0.024889380530973452	0.018805309734513276	0.0	0.006360619469026549	0.0293141592920354	0.014933628318584071	0.0005530973451327434	0.006084070796460177	0.007466814159292036	0.006360619469026549	0.0005530973451327434	0.0030420353982300885	0.0868362831858407	0.04065265486725664	0.0013827433628318584	0.010232300884955753	0.024059734513274336	0.012721238938053098	0.0002765486725663717	0.00497787610619469	0.03567477876106195	0.020741150442477877	0.0013827433628318584	0.008296460176991151	0.031803097345132744	0.017146017699115043	0.0	0.004148230088495576	0.02820796460176991	0.015763274336283186	0.0011061946902654867	0.0038716814159292035	0.0	0.03014380530973451	0.0	0.007466814159292036	0.02765486725663717	0.01631637168141593	0.0011061946902654867	0.005254424778761062	0.026825221238938053	0.0055309734513274336	0.0005530973451327434	0.000829646017699115	0.020188053097345133	0.05060840707964602	0.0005530973451327434	0.011061946902654867
0.025442477876106196	0.03263274336283186	0.0005530973451327434	0.01133849557522124	0.043694690265486724	0.03014380530973451	0.0013827433628318584	0.006913716814159292	0.0	0.020464601769911505	0.0	0.00497787610619469	0.05752212389380531	0.07632743362831858	0.000829646017699115	0.016039823008849558	0.024336283185840708	0.019081858407079644	0.0005530973451327434	0.006084070796460177	0.0293141592920354	0.014380530973451327	0.0002765486725663717	0.006913716814159292	0.007190265486725664	0.00663716814159292	0.000829646017699115	0.0027654867256637168	0.0860066371681416	0.04065265486725664	0.0011061946902654867	0.010232300884955753	0.023783185840707963	0.012997787610619468	0.0005530973451327434	0.004701327433628319	0.035398230088495575	0.020464601769911505	0.00165929203539823	0.008573008849557522	0.03125	0.016592920353982302	0.0005530973451327434	0.004701327433628319	0.028484513274336282	0.015210176991150442	0.0005530973451327434	0.004701327433628319	0.0	0.030420353982300884	0.0	0.007190265486725664	0.026825221238938053	0.016592920353982302	0.00165929203539823	0.005254424778761062	0.026825221238938053	0.005807522123893806	0.0005530973451327434	0.0005530973451327434	0.02157079646017699	0.05060840707964602	0.0002765486725663717	0.011061946902654867
0.025719026548672565	0.03290929203539823	0.0002765486725663717	0.011061946902654867	0.043971238938053096	0.02959070796460177	0.0011061946902654867	0.007466814159292036	0.0	0.020464601769911505	0.0	0.00497787610619469	0.05752212389380531	0.07660398230088496	0.000829646017699115	0.015763274336283186	0.024336283185840708	0.019358407079646017	0.0005530973451327434	0.005807522123893806	0.029037610619469027	0.014380530973451327	0.0005530973451327434	0.006913716814159292	0.006913716814159292	0.006913716814159292	0.0011061946902654867	0.002488938053097345	0.08628318584070796	0.040099557522123894	0.0011061946902654867	0.010785398230088495	0.02350663716814159	0.013550884955752213	0.000829646017699115	0.004148230088495576	0.03567477876106195	0.021294247787610618	0.0011061946902654867	0.008019911504424779	0.030696902654867256	0.015763274336283186	0.0011061946902654867	0.0055309734513274336	0.029037610619469027	0.014933628318584071	0.0002765486725663717	0.004701327433628319	0.0	0.030420353982300884	0.0	0.007190265486725664	0.02654867256637168	0.01686946902654867	0.0019358407079646017	0.00497787610619469	0.027378318584070797	0.0055309734513274336	0.0	0.000829646017699115	0.021294247787610618	0.05088495575221239	0.0002765486725663717	0.010785398230088495
0.025165929203539824	0.034015486725663714	0.000829646017699115	0.00995575221238938	0.043971238938053096	0.0293141592920354	0.0011061946902654867	0.007743362831858407	0.0	0.020741150442477877	0.0	0.004701327433628319	0.05724557522123894	0.07577433628318585	0.0011061946902654867	0.016592920353982302	0.024336283185840708	0.019358407079646017	0.0005530973451327434	0.005807522123893806	0.029037610619469027	0.014933628318584071	0.0005530973451327434	0.006360619469026549	0.006913716814159292	0.006913716814159292	0.0011061946902654867	0.002488938053097345	0.08711283185840708	0.04092920353982301	0.0019358407079646017	0.009679203539823008	0.02295353982300885	0.013827433628318585	0.0013827433628318584	0.0038716814159292035	0.0351216814159292	0.021847345132743362	0.0013827433628318584	0.007743362831858407	0.03014380530973451	0.01631637168141593	0.00165929203539823	0.00497787610619469	0.028761061946902654	0.014380530973451327	0.0005530973451327434	0.005254424778761062	0.0	0.03125	0.0	0.006360619469026549	0.027378318584070797	0.017146017699115043	0.0011061946902654867	0.004701327433628319	0.026825221238938053	0.0055309734513274336	0.0005530973451327434	0.000829646017699115	0.01991150442477876	0.05060840707964602	0.0002765486725663717	0.011061946902654867
0.025442477876106196	0.03346238938053098	0.0005530973451327434	0.010508849557522125	0.04424778761061947	0.02959070796460177	0.000829646017699115	0.007466814159292036	0.0	0.020741150442477877	0.0	0.004701327433628319	0.056969026548672565	0.07605088495575221	0.0013827433628318584	0.01631637168141593	0.024336283185840708	0.01991150442477876	0.0005530973451327434	0.005254424778761062	0.029037610619469027	0.014933628318584071	0.000829646017699115	0.006084070796460177	0.007466814159292036	0.006913716814159292	0.0005530973451327434	0.002488938053097345	0.08573008849557522	0.04120575221238938	0.002488938053097345	0.00995575221238938	0.02267699115044248	0.01327433628318584	0.00165929203539823	0.004424778761061947	0.0351216814159292	0.022123893805309734	0.0013827433628318584	0.007466814159292036	0.03014380530973451	0.016592920353982302	0.0013827433628318584	0.00497787610619469	0.02820796460176991	0.0146570796460177	0.0011061946902654867	0.00497787610619469	0.0	0.03152654867256637	0.0	0.006084070796460177	0.027378318584070797	0.017146017699115043	0.0013827433628318584	0.004424778761061947	0.026825221238938053	0.005254424778761062	0.0005530973451327434	0.0011061946902654867	0.020464601769911505	0.04950221238938053	0.0	0.012168141592920354
0.025719026548672565	0.03373893805309734	0.0002765486725663717	0.010232300884955753	0.04452433628318584	0.0293141592920354	0.0005530973451327434	0.007743362831858407	0.0	0.02101769911504425	0.0	0.004424778761061947	0.056969026548672565	0.07439159292035398	0.0013827433628318584	0.01797566371681416	0.024059734513274336	0.01991150442477876	0.000829646017699115	0.005254424778761062	0.029037610619469027	0.015486725663716814	0.000829646017699115	0.0055309734513274336	0.006913716814159292	0.006913716814159292	0.0011061946902654867	0.002488938053097345	0.08545353982300885	0.04092920353982301	0.002488938053097345	0.010232300884955753	0.022400442477876106	0.01327433628318584	0.0019358407079646017	0.004424778761061947	0.03622787610619469	0.02267699115044248	0.0002765486725663717	0.006913716814159292	0.03014380530973451	0.016592920353982302	0.0013827433628318584	0.00497787610619469	0.028484513274336282	0.014380530973451327	0.0011061946902654867	0.00497787610619469	0.0	0.030973451327433628	0.0	0.00663716814159292	0.02820796460176991	0.01686946902654867	0.0005530973451327434	0.004701327433628319	0.026825221238938053	0.0055309734513274336	0.0005530973451327434	0.000829646017699115	0.020464601769911505	0.048672566371681415	0.0002765486725663717	0.012997787610619468
0.025442477876106196	0.034015486725663714	0.0005530973451327434	0.00995575221238938	0.04424778761061947	0.03014380530973451	0.000829646017699115	0.006913716814159292	0.0	0.021847345132743362	0.0	0.003595132743362832	0.05752212389380531	0.07466814159292036	0.000829646017699115	0.017699115044247787	0.024059734513274336	0.01991150442477876	0.000829646017699115	0.005254424778761062	0.02959070796460177	0.015486725663716814	0.0005530973451327434	0.005254424778761062	0.007743362831858407	0.00663716814159292	0.0002765486725663717	0.0027654867256637168	0.08434734513274336	0.0420353982300885	0.004148230088495576	0.009126106194690266	0.023230088495575223	0.012997787610619468	0.0011061946902654867	0.004701327433628319	0.03622787610619469	0.02267699115044248	0.0002765486725663717	0.006913716814159292	0.029867256637168143	0.016039823008849558	0.00165929203539823	0.0055309734513274336	0.028484513274336282	0.014380530973451327	0.0011061946902654867	0.00497787610619469	0.0	0.032079646017699116	0.0	0.0055309734513274336	0.028761061946902654	0.017422566371681415	0.0	0.004148230088495576	0.026825221238938053	0.005254424778761062	0.0005530973451327434	0.0011061946902654867	0.01991150442477876	0.048672566371681415	0.0002765486725663717	0.012997787610619468
0.025719026548672565	0.034015486725663714	0.0002765486725663717	0.00995575221238938	0.04424778761061947	0.030420353982300884	0.0011061946902654867	0.006360619469026549	0.0	0.02157079646017699	0.0	0.0038716814159292035	0.05752212389380531	0.07577433628318585	0.000829646017699115	0.016592920353982302	0.02461283185840708	0.019358407079646017	0.0002765486725663717	0.005807522123893806	0.02959070796460177	0.015486725663716814	0.0005530973451327434	0.005254424778761062	0.008019911504424779	0.00663716814159292	0.0	0.0027654867256637168	0.0860066371681416	0.0420353982300885	0.0027654867256637168	0.009126106194690266	0.02350663716814159	0.01327433628318584	0.000829646017699115	0.004424778761061947	0.03595132743362832	0.02267699115044248	0.0005530973451327434	0.006913716814159292	0.030696902654867256	0.016039823008849558	0.0011061946902654867	0.005254424778761062	0.02820796460176991	0.0146570796460177	0.0013827433628318584	0.004701327433628319	0.0	0.032079646017699116	0.0	0.0055309734513274336	0.028484513274336282	0.017699115044247787	0.0002765486725663717	0.0038716814159292035	0.026825221238938053	0.00497787610619469	0.0005530973451327434	0.0013827433628318584	0.01963495575221239	0.04894911504424779	0.0002765486725663717	0.012721238938053098
0.025719026548672565	0.03373893805309734	0.0002765486725663717	0.010232300884955753	0.04452433628318584	0.030696902654867256	0.0011061946902654867	0.005807522123893806	0.0	0.021847345132743362	0.0	0.003595132743362832	0.05724557522123894	0.07494469026548672	0.0011061946902654867	0.017422566371681415	0.02461283185840708	0.019358407079646017	0.0002765486725663717	0.005807522123893806	0.02959070796460177	0.015210176991150442	0.0002765486725663717	0.005807522123893806	0.008019911504424779	0.006913716814159292	0.0	0.002488938053097345	0.08711283185840708	0.041758849557522126	0.002488938053097345	0.009126106194690266	0.023783185840707963	0.013550884955752213	0.0005530973451327434	0.004148230088495576	0.035398230088495575	0.02295353982300885	0.0011061946902654867	0.00663716814159292	0.03152654867256637	0.01686946902654867	0.0002765486725663717	0.004424778761061947	0.029037610619469027	0.014933628318584071	0.0005530973451327434	0.004424778761061947	0.0	0.03290929203539823	0.0	0.004701327433628319	0.028761061946902654	0.01825221238938053	0.0	0.00331858407079646	0.02654867256637168	0.00497787610619469	0.000829646017699115	0.0013827433628318584	0.019081858407079644	0.05033185840707965	0.0002765486725663717	0.01133849557522124
0.025165929203539824	0.03346238938053098	0.000829646017699115	0.010508849557522125	0.04424778761061947	0.030696902654867256	0.000829646017699115	0.006360619469026549	0.0	0.02157079646017699	0.0	0.0038716814159292035	0.05752212389380531	0.07494469026548672	0.000829646017699115	0.017422566371681415	0.024336283185840708	0.01963495575221239	0.0005530973451327434	0.0055309734513274336	0.0293141592920354	0.015486725663716814	0.0005530973451327434	0.0055309734513274336	0.008019911504424779	0.007190265486725664	0.0	0.0022123893805309734	0.08628318584070796	0.04065265486725664	0.002488938053097345	0.009679203539823008	0.023230088495575223	0.013550884955752213	0.0011061946902654867	0.004148230088495576	0.0351216814159292	0.02350663716814159	0.0013827433628318584	0.006084070796460177	0.030696902654867256	0.01631637168141593	0.0013827433628318584	0.004701327433628319	0.028761061946902654	0.0146570796460177	0.000829646017699115	0.004701327433628319	0.0	0.03263274336283186	0.0	0.00497787610619469	0.02820796460176991	0.01797566371681416	0.0005530973451327434	0.003595132743362832	0.02654867256637168	0.004701327433628319	0.000829646017699115	0.00165929203539823	0.020464601769911505	0.05143805309734513	0.0002765486725663717	0.010232300884955753
0.024889380530973452	0.03346238938053098	0.0011061946902654867	0.010508849557522125	0.04424778761061947	0.030696902654867256	0.000829646017699115	0.006360619469026549	0.0	0.021294247787610618	0.0	0.004148230088495576	0.056969026548672565	0.07356194690265487	0.0013827433628318584	0.018805309734513276	0.02461283185840708	0.019081858407079644	0.0002765486725663717	0.006084070796460177	0.0293141592920354	0.015210176991150442	0.0005530973451327434	0.005807522123893806	0.008019911504424779	0.00663716814159292	0.0	0.0027654867256637168	0.08628318584070796	0.04065265486725664	0.0022123893805309734	0.009679203539823008	0.02350663716814159	0.012721238938053098	0.000829646017699115	0.00497787610619469	0.03567477876106195	0.024059734513274336	0.000829646017699115	0.0055309734513274336	0.030973451327433628	0.016592920353982302	0.0011061946902654867	0.004424778761061947	0.028484513274336282	0.0146570796460177	0.000829646017699115	0.00497787610619469	0.0	0.033185840707964605	0.0	0.004424778761061947	0.02820796460176991	0.018528761061946904	0.0005530973451327434	0.0030420353982300885	0.026825221238938053	0.004701327433628319	0.0005530973451327434	0.00165929203539823	0.020741150442477877	0.051991150442477874	0.0002765486725663717	0.009679203539823008
0.024889380530973452	0.03373893805309734	0.0011061946902654867	0.010232300884955753	0.04424778761061947	0.030420353982300884	0.000829646017699115	0.00663716814159292	0.0	0.02157079646017699	0.0	0.0038716814159292035	0.05641592920353982	0.07356194690265487	0.0019358407079646017	0.018805309734513276	0.024336283185840708	0.019081858407079644	0.0005530973451327434	0.006084070796460177	0.0293141592920354	0.015486725663716814	0.0005530973451327434	0.0055309734513274336	0.008019911504424779	0.00663716814159292	0.0	0.0027654867256637168	0.08877212389380532	0.041482300884955754	0.0013827433628318584	0.008573008849557522	0.02350663716814159	0.012721238938053098	0.000829646017699115	0.00497787610619469	0.03595132743362832	0.024059734513274336	0.0005530973451327434	0.0055309734513274336	0.03125	0.01631637168141593	0.000829646017699115	0.004701327433628319	0.027931415929203538	0.014380530973451327	0.0011061946902654867	0.0055309734513274336	0.0	0.033185840707964605	0.0	0.004424778761061947	0.02820796460176991	0.018528761061946904	0.0005530973451327434	0.0030420353982300885	0.02627212389380531	0.00497787610619469	0.0011061946902654867	0.0013827433628318584	0.01963495575221239	0.05088495575221239	0.0	0.010785398230088495
0.02461283185840708	0.033185840707964605	0.0013827433628318584	0.010785398230088495	0.04424778761061947	0.030973451327433628	0.0005530973451327434	0.006360619469026549	0.0	0.02101769911504425	0.0	0.004424778761061947	0.05613938053097345	0.07439159292035398	0.0022123893805309734	0.01797566371681416	0.02350663716814159	0.018805309734513276	0.0013827433628318584	0.006360619469026549	0.028761061946902654	0.015486725663716814	0.0011061946902654867	0.0055309734513274336	0.007743362831858407	0.006913716814159292	0.0002765486725663717	0.002488938053097345	0.09015486725663717	0.04065265486725664	0.0013827433628318584	0.009402654867256638	0.02350663716814159	0.01327433628318584	0.000829646017699115	0.004424778761061947	0.03567477876106195	0.02461283185840708	0.000829646017699115	0.00497787610619469	0.030973451327433628	0.01686946902654867	0.000829646017699115	0.004424778761061947	0.02765486725663717	0.014933628318584071	0.0013827433628318584	0.00497787610619469	0.0	0.03290929203539823	0.0	0.004701327433628319	0.027931415929203538	0.018528761061946904	0.0005530973451327434	0.00331858407079646	0.025719026548672565	0.0055309734513274336	0.00165929203539823	0.000829646017699115	0.017699115044247787	0.050055309734513276	0.0005530973451327434	0.011615044247787611
0.024889380530973452	0.034292035398230086	0.0011061946902654867	0.009679203539823008	0.04286504424778761	0.030420353982300884	0.00165929203539823	0.007190265486725664	0.0	0.021294247787610618	0.0	0.004148230088495576	0.055862831858407076	0.07356194690265487	0.002488938053097345	0.018805309734513276	0.023783185840707963	0.018805309734513276	0.0011061946902654867	0.006360619469026549	0.02820796460176991	0.015486725663716814	0.0013827433628318584	0.005807522123893806	0.007743362831858407	0.006913716814159292	0.0002765486725663717	0.002488938053097345	0.08821902654867257	0.04120575221238938	0.0019358407079646017	0.009402654867256638	0.02350663716814159	0.01327433628318584	0.000829646017699115	0.004424778761061947	0.03622787610619469	0.024059734513274336	0.0002765486725663717	0.0055309734513274336	0.030696902654867256	0.017699115044247787	0.000829646017699115	0.0038716814159292035	0.027931415929203538	0.014380530973451327	0.00165929203539823	0.00497787610619469	0.0	0.033185840707964605	0.0	0.004424778761061947	0.02820796460176991	0.01825221238938053	0.0005530973451327434	0.00331858407079646	0.02654867256637168	0.0055309734513274336	0.000829646017699115	0.000829646017699115	0.018528761061946904	0.04922566371681416	0.0005530973451327434	0.012444690265486726
0.02461283185840708	0.034015486725663714	0.0013827433628318584	0.00995575221238938	0.04231194690265487	0.030420353982300884	0.0022123893805309734	0.007190265486725664	0.0	0.021294247787610618	0.0	0.004148230088495576	0.055862831858407076	0.07300884955752213	0.002488938053097345	0.019358407079646017	0.024059734513274336	0.01963495575221239	0.000829646017699115	0.0055309734513274336	0.028761061946902654	0.014933628318584071	0.000829646017699115	0.006360619469026549	0.007743362831858407	0.006360619469026549	0.0002765486725663717	0.0030420353982300885	0.08904867256637168	0.04065265486725664	0.0011061946902654867	0.009679203539823008	0.023783185840707963	0.01327433628318584	0.0005530973451327434	0.004424778761061947	0.03622787610619469	0.02267699115044248	0.0005530973451327434	0.00663716814159292	0.030420353982300884	0.017422566371681415	0.0013827433628318584	0.0038716814159292035	0.02820796460176991	0.014103982300884955	0.0013827433628318584	0.005254424778761062	0.0	0.03346238938053098	0.0	0.004148230088495576	0.028761061946902654	0.018528761061946904	0.0	0.0030420353982300885	0.027101769911504425	0.0055309734513274336	0.0002765486725663717	0.000829646017699115	0.019358407079646017	0.049778761061946904	0.0	0.011891592920353982
0.024336283185840708	0.03346238938053098	0.00165929203539823	0.010508849557522125	0.041482300884955754	0.030973451327433628	0.0027654867256637168	0.006913716814159292	0.0	0.020464601769911505	0.0	0.00497787610619469	0.05613938053097345	0.07190265486725664	0.0022123893805309734	0.020464601769911505	0.024059734513274336	0.01991150442477876	0.000829646017699115	0.005254424778761062	0.028484513274336282	0.015486725663716814	0.0011061946902654867	0.005807522123893806	0.007466814159292036	0.00663716814159292	0.0002765486725663717	0.0030420353982300885	0.08877212389380532	0.03982300884955752	0.002488938053097345	0.010508849557522125	0.024059734513274336	0.013550884955752213	0.0002765486725663717	0.004148230088495576	0.03622787610619469	0.023230088495575223	0.0005530973451327434	0.006084070796460177	0.030696902654867256	0.017699115044247787	0.000829646017699115	0.0038716814159292035	0.02820796460176991	0.013827433628318585	0.0019358407079646017	0.00497787610619469	0.0	0.033185840707964605	0.0	0.004424778761061947	0.028484513274336282	0.018528761061946904	0.0002765486725663717	0.0030420353982300885	0.027101769911504425	0.0055309734513274336	0.0002765486725663717	0.000829646017699115	0.01825221238938053	0.04950221238938053	0.0	0.012168141592920354
0.024889380530973452	0.03346238938053098	0.0011061946902654867	0.010508849557522125	0.04231194690265487	0.030420353982300884	0.0022123893805309734	0.007190265486725664	0.0	0.020464601769911505	0.0	0.00497787610619469	0.05669247787610619	0.072179203539823	0.00165929203539823	0.020188053097345133	0.023783185840707963	0.01991150442477876	0.0011061946902654867	0.005254424778761062	0.028761061946902654	0.015486725663716814	0.000829646017699115	0.005807522123893806	0.007190265486725664	0.006913716814159292	0.0005530973451327434	0.0027654867256637168	0.09043141592920353	0.03844026548672566	0.0027654867256637168	0.011615044247787611	0.024059734513274336	0.014380530973451327	0.0002765486725663717	0.00331858407079646	0.03567477876106195	0.023230088495575223	0.0011061946902654867	0.006084070796460177	0.03014380530973451	0.01797566371681416	0.0013827433628318584	0.003595132743362832	0.028761061946902654	0.014103982300884955	0.0013827433628318584	0.004701327433628319	0.0	0.03346238938053098	0.0	0.004148230088495576	0.028484513274336282	0.01825221238938053	0.0002765486725663717	0.00331858407079646	0.026825221238938053	0.005254424778761062	0.0005530973451327434	0.0011061946902654867	0.016592920353982302	0.049778761061946904	0.0	0.011891592920353982
0.025442477876106196	0.03346238938053098	0.0005530973451327434	0.010508849557522125	0.04314159292035398	0.03014380530973451	0.0013827433628318584	0.007466814159292036	0.0	0.020464601769911505	0.0	0.00497787610619469	0.05669247787610619	0.0713495575221239	0.00165929203539823	0.02101769911504425	0.023783185840707963	0.02101769911504425	0.0011061946902654867	0.004148230088495576	0.029867256637168143	0.015486725663716814	0.0	0.0055309734513274336	0.007466814159292036	0.006913716814159292	0.0002765486725663717	0.0027654867256637168	0.08849557522123894	0.038993362831858405	0.00331858407079646	0.01133849557522124	0.02350663716814159	0.013550884955752213	0.000829646017699115	0.004148230088495576	0.0351216814159292	0.023230088495575223	0.0013827433628318584	0.006360619469026549	0.030420353982300884	0.01797566371681416	0.000829646017699115	0.0038716814159292035	0.028484513274336282	0.014103982300884955	0.00165929203539823	0.004701327433628319	0.0	0.03346238938053098	0.0	0.004148230088495576	0.027931415929203538	0.018528761061946904	0.000829646017699115	0.0030420353982300885	0.02654867256637168	0.005254424778761062	0.000829646017699115	0.0011061946902654867	0.017699115044247787	0.049778761061946904	0.0	0.011891592920353982
0.025165929203539824	0.03373893805309734	0.000829646017699115	0.010232300884955753	0.043694690265486724	0.029867256637168143	0.0011061946902654867	0.007466814159292036	0.0	0.02101769911504425	0.0	0.004424778761061947	0.05669247787610619	0.0702433628318584	0.00165929203539823	0.022123893805309734	0.02461283185840708	0.02101769911504425	0.0002765486725663717	0.004148230088495576	0.02959070796460177	0.015486725663716814	0.0002765486725663717	0.0055309734513274336	0.007466814159292036	0.006913716814159292	0.0002765486725663717	0.0027654867256637168	0.08877212389380532	0.038993362831858405	0.0030420353982300885	0.01133849557522124	0.023783185840707963	0.013827433628318585	0.0005530973451327434	0.0038716814159292035	0.03484513274336283	0.024336283185840708	0.0013827433628318584	0.0055309734513274336	0.029867256637168143	0.01825221238938053	0.0013827433628318584	0.003595132743362832	0.029037610619469027	0.01327433628318584	0.0011061946902654867	0.0055309734513274336	0.0	0.033185840707964605	0.0	0.004424778761061947	0.027101769911504425	0.018528761061946904	0.0013827433628318584	0.00331858407079646	0.026825221238938053	0.005254424778761062	0.0005530973451327434	0.0011061946902654867	0.017422566371681415	0.04950221238938053	0.0002765486725663717	0.012168141592920354
0.025165929203539824	0.033185840707964605	0.000829646017699115	0.010785398230088495	0.043971238938053096	0.03014380530973451	0.0005530973451327434	0.007466814159292036	0.0	0.020741150442477877	0.0	0.004701327433628319	0.05641592920353982	0.0713495575221239	0.0019358407079646017	0.02101769911504425	0.024059734513274336	0.021294247787610618	0.000829646017699115	0.0038716814159292035	0.02959070796460177	0.015763274336283186	0.0002765486725663717	0.005254424778761062	0.007190265486725664	0.007466814159292036	0.0005530973451327434	0.0022123893805309734	0.08987831858407079	0.03926991150442478	0.0030420353982300885	0.01133849557522124	0.023783185840707963	0.012997787610619468	0.0005530973451327434	0.004701327433628319	0.0351216814159292	0.023783185840707963	0.00165929203539823	0.0055309734513274336	0.02959070796460177	0.01797566371681416	0.00165929203539823	0.0038716814159292035	0.0293141592920354	0.01327433628318584	0.000829646017699115	0.0055309734513274336	0.0	0.03290929203539823	0.0	0.004701327433628319	0.027931415929203538	0.017699115044247787	0.000829646017699115	0.0038716814159292035	0.026825221238938053	0.004701327433628319	0.0005530973451327434	0.00165929203539823	0.01631637168141593	0.04922566371681416	0.0	0.012444690265486726
0.02461283185840708	0.03290929203539823	0.0013827433628318584	0.011061946902654867	0.043971238938053096	0.02959070796460177	0.0011061946902654867	0.007466814159292036	0.0	0.020188053097345133	0.0	0.005254424778761062	0.05724557522123894	0.07273230088495575	0.0011061946902654867	0.01963495575221239	0.023783185840707963	0.020741150442477877	0.0011061946902654867	0.004424778761061947	0.029867256637168143	0.015210176991150442	0.0	0.005807522123893806	0.007466814159292036	0.007743362831858407	0.0002765486725663717	0.0019358407079646017	0.09015486725663717	0.03844026548672566	0.0022123893805309734	0.012168141592920354	0.02295353982300885	0.012997787610619468	0.0013827433628318584	0.004701327433628319	0.0351216814159292	0.024059734513274336	0.0013827433628318584	0.0055309734513274336	0.02959070796460177	0.01797566371681416	0.00165929203539823	0.0038716814159292035	0.028761061946902654	0.01327433628318584	0.0013827433628318584	0.0055309734513274336	0.0	0.03152654867256637	0.0	0.006084070796460177	0.02765486725663717	0.017699115044247787	0.0011061946902654867	0.0038716814159292035	0.027101769911504425	0.004424778761061947	0.0002765486725663717	0.0019358407079646017	0.01631637168141593	0.04950221238938053	0.0005530973451327434	0.012168141592920354
0.024889380530973452	0.03235619469026549	0.0011061946902654867	0.011615044247787611	0.04480088495575221	0.029037610619469027	0.0005530973451327434	0.007743362831858407	0.0	0.020188053097345133	0.0	0.005254424778761062	0.05752212389380531	0.07273230088495575	0.000829646017699115	0.01963495575221239	0.024059734513274336	0.020464601769911505	0.000829646017699115	0.004701327433628319	0.0293141592920354	0.016039823008849558	0.0005530973451327434	0.00497787610619469	0.007466814159292036	0.008296460176991151	0.0002765486725663717	0.0013827433628318584	0.08821902654867257	0.03871681415929203	0.003595132743362832	0.011615044247787611	0.02350663716814159	0.012721238938053098	0.000829646017699115	0.00497787610619469	0.03595132743362832	0.023783185840707963	0.000829646017699115	0.0055309734513274336	0.03014380530973451	0.017422566371681415	0.0013827433628318584	0.004148230088495576	0.028484513274336282	0.013827433628318585	0.00165929203539823	0.00497787610619469	0.0	0.032079646017699116	0.0	0.0055309734513274336	0.027931415929203538	0.017146017699115043	0.000829646017699115	0.004424778761061947	0.027101769911504425	0.004701327433628319	0.0002765486725663717	0.00165929203539823	0.017699115044247787	0.04922566371681416	0.0	0.012444690265486726
0.024889380530973452	0.032079646017699116	0.0011061946902654867	0.011891592920353982	0.043971238938053096	0.028761061946902654	0.0011061946902654867	0.008296460176991151	0.0	0.020188053097345133	0.0	0.005254424778761062	0.05724557522123894	0.07328539823008849	0.0011061946902654867	0.019081858407079644	0.023783185840707963	0.020188053097345133	0.0011061946902654867	0.00497787610619469	0.028761061946902654	0.01631637168141593	0.0005530973451327434	0.005254424778761062	0.007743362831858407	0.007743362831858407	0.0002765486725663717	0.00165929203539823	0.08628318584070796	0.03871681415929203	0.003595132743362832	0.011891592920353982	0.024059734513274336	0.012721238938053098	0.0002765486725663717	0.00497787610619469	0.03595132743362832	0.024059734513274336	0.000829646017699115	0.005254424778761062	0.03014380530973451	0.017146017699115043	0.00165929203539823	0.004148230088495576	0.027931415929203538	0.014380530973451327	0.0022123893805309734	0.004424778761061947	0.0	0.031803097345132744	0.0	0.005807522123893806	0.02765486725663717	0.017146017699115043	0.000829646017699115	0.004701327433628319	0.026825221238938053	0.00497787610619469	0.0005530973451327434	0.0013827433628318584	0.019358407079646017	0.04839601769911504	0.0	0.01327433628318584
0.025165929203539824	0.03263274336283186	0.000829646017699115	0.01133849557522124	0.043971238938053096	0.029037610619469027	0.0011061946902654867	0.008019911504424779	0.0	0.020188053097345133	0.0	0.005254424778761062	0.05807522123893805	0.07356194690265487	0.0002765486725663717	0.018805309734513276	0.023783185840707963	0.020464601769911505	0.0011061946902654867	0.004701327433628319	0.028761061946902654	0.016592920353982302	0.0005530973451327434	0.00497787610619469	0.008019911504424779	0.008019911504424779	0.0	0.0013827433628318584	0.08821902654867257	0.03871681415929203	0.0027654867256637168	0.011891592920353982	0.023783185840707963	0.012721238938053098	0.0005530973451327434	0.00497787610619469	0.03567477876106195	0.024336283185840708	0.000829646017699115	0.005254424778761062	0.030973451327433628	0.01797566371681416	0.000829646017699115	0.00331858407079646	0.02820796460176991	0.014380530973451327	0.0022123893805309734	0.004148230088495576	0.0	0.031803097345132744	0.0	0.005807522123893806	0.027101769911504425	0.01631637168141593	0.0011061946902654867	0.005807522123893806	0.026825221238938053	0.004701327433628319	0.0005530973451327434	0.00165929203539823	0.01825221238938053	0.0478429203539823	0.0	0.013827433628318585
0.025995575221238937	0.033185840707964605	0.0	0.010785398230088495	0.04480088495575221	0.02959070796460177	0.0005530973451327434	0.007190265486725664	0.0	0.020188053097345133	0.0	0.005254424778761062	0.05752212389380531	0.07356194690265487	0.000829646017699115	0.018805309734513276	0.023230088495575223	0.020741150442477877	0.00165929203539823	0.004424778761061947	0.0293141592920354	0.016592920353982302	0.0002765486725663717	0.004701327433628319	0.008019911504424779	0.008019911504424779	0.0	0.0013827433628318584	0.08794247787610619	0.03844026548672566	0.002488938053097345	0.012168141592920354	0.024336283185840708	0.012444690265486726	0.0	0.005254424778761062	0.03567477876106195	0.024059734513274336	0.0005530973451327434	0.005807522123893806	0.030696902654867256	0.01825221238938053	0.0011061946902654867	0.0030420353982300885	0.02959070796460177	0.013827433628318585	0.000829646017699115	0.004701327433628319	0.0	0.03152654867256637	0.0	0.006084070796460177	0.02627212389380531	0.01686946902654867	0.00165929203539823	0.0055309734513274336	0.027101769911504425	0.004701327433628319	0.0002765486725663717	0.00165929203539823	0.018805309734513276	0.0478429203539823	0.0	0.013827433628318585
0.025442477876106196	0.03346238938053098	0.0005530973451327434	0.010508849557522125	0.045077433628318585	0.029037610619469027	0.0	0.008019911504424779	0.0	0.01991150442477876	0.0	0.0055309734513274336	0.05752212389380531	0.07383849557522124	0.000829646017699115	0.018528761061946904	0.024059734513274336	0.02101769911504425	0.000829646017699115	0.004148230088495576	0.028761061946902654	0.016592920353982302	0.000829646017699115	0.004701327433628319	0.008019911504424779	0.008019911504424779	0.0	0.0013827433628318584	0.08794247787610619	0.03871681415929203	0.0027654867256637168	0.012444690265486726	0.02350663716814159	0.011615044247787611	0.000829646017699115	0.006084070796460177	0.03595132743362832	0.024059734513274336	0.0005530973451327434	0.0055309734513274336	0.030696902654867256	0.018528761061946904	0.0011061946902654867	0.0027654867256637168	0.0293141592920354	0.014103982300884955	0.000829646017699115	0.004701327433628319	0.0	0.03152654867256637	0.0	0.006084070796460177	0.02765486725663717	0.017422566371681415	0.0005530973451327434	0.004701327433628319	0.027101769911504425	0.004701327433628319	0.0002765486725663717	0.00165929203539823	0.017422566371681415	0.0478429203539823	0.0005530973451327434	0.013827433628318585
0.025442477876106196	0.03456858407079646	0.0005530973451327434	0.009402654867256638	0.045077433628318585	0.0293141592920354	0.0	0.007743362831858407	0.0	0.01991150442477876	0.0	0.0055309734513274336	0.05807522123893805	0.07466814159292036	0.0002765486725663717	0.017699115044247787	0.024336283185840708	0.02101769911504425	0.0005530973451327434	0.004148230088495576	0.028484513274336282	0.01631637168141593	0.000829646017699115	0.005254424778761062	0.008019911504424779	0.008019911504424779	0.0	0.0013827433628318584	0.08849557522123894	0.03761061946902655	0.002488938053097345	0.012997787610619468	0.02350663716814159	0.011891592920353982	0.000829646017699115	0.005807522123893806	0.03567477876106195	0.024336283185840708	0.000829646017699115	0.005254424778761062	0.030696902654867256	0.018528761061946904	0.0011061946902654867	0.0027654867256637168	0.02959070796460177	0.0146570796460177	0.0002765486725663717	0.004424778761061947	0.0	0.03125	0.0	0.006360619469026549	0.027931415929203538	0.017699115044247787	0.0002765486725663717	0.004424778761061947	0.026825221238938053	0.004701327433628319	0.0005530973451327434	0.00165929203539823	0.01797566371681416	0.04839601769911504	0.0002765486725663717	0.01327433628318584
0.025165929203539824	0.034292035398230086	0.000829646017699115	0.009679203539823008	0.045077433628318585	0.0293141592920354	0.0	0.007743362831858407	0.0	0.020464601769911505	0.0	0.00497787610619469	0.05779867256637168	0.07439159292035398	0.0005530973451327434	0.01797566371681416	0.024336283185840708	0.020741150442477877	0.0005530973451327434	0.004424778761061947	0.02820796460176991	0.01631637168141593	0.0011061946902654867	0.005254424778761062	0.008019911504424779	0.008019911504424779	0.0	0.0013827433628318584	0.08821902654867257	0.037887168141592924	0.0027654867256637168	0.012444690265486726	0.02350663716814159	0.012721238938053098	0.000829646017699115	0.00497787610619469	0.035398230088495575	0.024336283185840708	0.0011061946902654867	0.005254424778761062	0.030973451327433628	0.01825221238938053	0.000829646017699115	0.0030420353982300885	0.0293141592920354	0.0146570796460177	0.0002765486725663717	0.004701327433628319	0.0	0.03152654867256637	0.0	0.006084070796460177	0.02765486725663717	0.017146017699115043	0.0005530973451327434	0.00497787610619469	0.027101769911504425	0.00497787610619469	0.0002765486725663717	0.0013827433628318584	0.01825221238938053	0.048672566371681415	0.0002765486725663717	0.012997787610619468
0.025165929203539824	0.03373893805309734	0.000829646017699115	0.010232300884955753	0.04535398230088496	0.03014380530973451	0.0	0.00663716814159292	0.0	0.020741150442477877	0.0	0.004701327433628319	0.05752212389380531	0.07494469026548672	0.000829646017699115	0.017422566371681415	0.024336283185840708	0.020464601769911505	0.0005530973451327434	0.004701327433628319	0.02820796460176991	0.01631637168141593	0.0011061946902654867	0.005254424778761062	0.008019911504424779	0.007466814159292036	0.0	0.0019358407079646017	0.08877212389380532	0.03954646017699115	0.0019358407079646017	0.010785398230088495	0.023783185840707963	0.012444690265486726	0.0005530973451327434	0.005254424778761062	0.0351216814159292	0.02461283185840708	0.0013827433628318584	0.00497787610619469	0.030696902654867256	0.01825221238938053	0.0011061946902654867	0.0030420353982300885	0.029037610619469027	0.014933628318584071	0.0002765486725663717	0.004701327433628319	0.0	0.032079646017699116	0.0	0.0055309734513274336	0.027101769911504425	0.017146017699115043	0.0011061946902654867	0.00497787610619469	0.027378318584070797	0.00497787610619469	0.0	0.0013827433628318584	0.01825221238938053	0.04950221238938053	0.0005530973451327434	0.012168141592920354
0.024889380530973452	0.03373893805309734	0.0011061946902654867	0.010232300884955753	0.045077433628318585	0.02959070796460177	0.0002765486725663717	0.007190265486725664	0.0	0.020741150442477877	0.0	0.004701327433628319	0.056969026548672565	0.0752212389380531	0.0013827433628318584	0.017146017699115043	0.024336283185840708	0.020464601769911505	0.0005530973451327434	0.004701327433628319	0.027931415929203538	0.017146017699115043	0.0013827433628318584	0.004424778761061947	0.008019911504424779	0.006913716814159292	0.0	0.002488938053097345	0.0868362831858407	0.037887168141592924	0.0022123893805309734	0.012444690265486726	0.02350663716814159	0.012444690265486726	0.000829646017699115	0.005254424778761062	0.03456858407079646	0.024059734513274336	0.00165929203539823	0.005807522123893806	0.030973451327433628	0.017699115044247787	0.000829646017699115	0.003595132743362832	0.029037610619469027	0.015210176991150442	0.0002765486725663717	0.004424778761061947	0.0	0.031803097345132744	0.0	0.005807522123893806	0.027101769911504425	0.017422566371681415	0.000829646017699115	0.00497787610619469	0.027378318584070797	0.00497787610619469	0.0	0.0013827433628318584	0.01991150442477876	0.04839601769911504	0.0005530973451327434	0.01327433628318584
0.024889380530973452	0.03346238938053098	0.0011061946902654867	0.010508849557522125	0.045077433628318585	0.03014380530973451	0.0002765486725663717	0.00663716814159292	0.0	0.020741150442477877	0.0	0.004701327433628319	0.05779867256637168	0.07383849557522124	0.0005530973451327434	0.018528761061946904	0.02461283185840708	0.020188053097345133	0.0002765486725663717	0.00497787610619469	0.02820796460176991	0.017146017699115043	0.0011061946902654867	0.004424778761061947	0.008019911504424779	0.006913716814159292	0.0	0.002488938053097345	0.08655973451327434	0.036780973451327435	0.0019358407079646017	0.01327433628318584	0.023783185840707963	0.012444690265486726	0.0005530973451327434	0.005254424778761062	0.03484513274336283	0.024336283185840708	0.0011061946902654867	0.005807522123893806	0.030696902654867256	0.017422566371681415	0.0011061946902654867	0.0038716814159292035	0.028484513274336282	0.015210176991150442	0.000829646017699115	0.004424778761061947	0.0	0.031803097345132744	0.0	0.005807522123893806	0.027931415929203538	0.017146017699115043	0.0002765486725663717	0.00497787610619469	0.027101769911504425	0.00497787610619469	0.0002765486725663717	0.0013827433628318584	0.02101769911504425	0.04894911504424779	0.0002765486725663717	0.012721238938053098
0.025165929203539824	0.03484513274336283	0.000829646017699115	0.009126106194690266	0.04480088495575221	0.029037610619469027	0.0005530973451327434	0.007743362831858407	0.0	0.020464601769911505	0.0	0.00497787610619469	0.05752212389380531	0.07273230088495575	0.000829646017699115	0.01963495575221239	0.02461283185840708	0.020188053097345133	0.0002765486725663717	0.00497787610619469	0.028484513274336282	0.017699115044247787	0.0011061946902654867	0.003595132743362832	0.007466814159292036	0.007466814159292036	0.0005530973451327434	0.0019358407079646017	0.08545353982300885	0.03622787610619469	0.0022123893805309734	0.013827433628318585	0.024059734513274336	0.012997787610619468	0.0002765486725663717	0.004701327433628319	0.03567477876106195	0.024059734513274336	0.000829646017699115	0.0055309734513274336	0.030420353982300884	0.017422566371681415	0.0013827433628318584	0.0038716814159292035	0.02820796460176991	0.015486725663716814	0.0011061946902654867	0.004148230088495576	0.0	0.030696902654867256	0.0	0.006913716814159292	0.028484513274336282	0.016592920353982302	0.0	0.005254424778761062	0.027101769911504425	0.00497787610619469	0.0002765486725663717	0.0013827433628318584	0.021847345132743362	0.04950221238938053	0.0002765486725663717	0.012168141592920354
0.024889380530973452	0.0351216814159292	0.0011061946902654867	0.008849557522123894	0.04535398230088496	0.028761061946902654	0.0005530973451327434	0.007466814159292036	0.0	0.020741150442477877	0.0	0.004701327433628319	0.05752212389380531	0.07356194690265487	0.000829646017699115	0.018805309734513276	0.024889380530973452	0.020464601769911505	0.0	0.004701327433628319	0.029037610619469027	0.01797566371681416	0.0005530973451327434	0.00331858407079646	0.007743362831858407	0.007466814159292036	0.0002765486725663717	0.0019358407079646017	0.08545353982300885	0.03650442477876106	0.0022123893805309734	0.013827433628318585	0.024059734513274336	0.01327433628318584	0.0002765486725663717	0.004424778761061947	0.0351216814159292	0.02350663716814159	0.0013827433628318584	0.006084070796460177	0.030420353982300884	0.017146017699115043	0.0011061946902654867	0.004424778761061947	0.028761061946902654	0.0146570796460177	0.0005530973451327434	0.00497787610619469	0.0	0.030973451327433628	0.0	0.00663716814159292	0.028761061946902654	0.01686946902654867	0.0	0.004701327433628319	0.027101769911504425	0.00497787610619469	0.0002765486725663717	0.0013827433628318584	0.021847345132743362	0.050055309734513276	0.0	0.011615044247787611
0.025442477876106196	0.03484513274336283	0.0005530973451327434	0.009126106194690266	0.045077433628318585	0.028761061946902654	0.0005530973451327434	0.007743362831858407	0.0	0.02101769911504425	0.0	0.004424778761061947	0.05779867256637168	0.07300884955752213	0.0005530973451327434	0.019358407079646017	0.02461283185840708	0.020741150442477877	0.0002765486725663717	0.004424778761061947	0.028761061946902654	0.01797566371681416	0.0011061946902654867	0.0030420353982300885	0.007743362831858407	0.007466814159292036	0.0002765486725663717	0.0019358407079646017	0.08628318584070796	0.03595132743362832	0.002488938053097345	0.014103982300884955	0.023230088495575223	0.01327433628318584	0.0011061946902654867	0.004424778761061947	0.03484513274336283	0.023783185840707963	0.00165929203539823	0.005807522123893806	0.03125	0.016592920353982302	0.0002765486725663717	0.00497787610619469	0.028484513274336282	0.014933628318584071	0.000829646017699115	0.004701327433628319	0.0	0.030420353982300884	0.0	0.007190265486725664	0.028484513274336282	0.017422566371681415	0.000829646017699115	0.003595132743362832	0.027101769911504425	0.00497787610619469	0.0002765486725663717	0.0013827433628318584	0.020741150442477877	0.04894911504424779	0.0002765486725663717	0.012721238938053098
0.025719026548672565	0.03484513274336283	0.0002765486725663717	0.009126106194690266	0.045077433628318585	0.028484513274336282	0.000829646017699115	0.007743362831858407	0.0	0.020741150442477877	0.0	0.004701327433628319	0.05752212389380531	0.07328539823008849	0.000829646017699115	0.019081858407079644	0.024336283185840708	0.02101769911504425	0.0005530973451327434	0.004148230088495576	0.0293141592920354	0.01797566371681416	0.0005530973451327434	0.0030420353982300885	0.008019911504424779	0.007190265486725664	0.0	0.0022123893805309734	0.08766592920353983	0.03567477876106195	0.0019358407079646017	0.014380530973451327	0.023230088495575223	0.01327433628318584	0.0011061946902654867	0.004424778761061947	0.03456858407079646	0.024059734513274336	0.0019358407079646017	0.0055309734513274336	0.030420353982300884	0.01631637168141593	0.0011061946902654867	0.005254424778761062	0.02820796460176991	0.015763274336283186	0.000829646017699115	0.004148230088495576	0.0	0.030696902654867256	0.0	0.006913716814159292	0.028761061946902654	0.017422566371681415	0.0005530973451327434	0.003595132743362832	0.027101769911504425	0.00497787610619469	0.0002765486725663717	0.0013827433628318584	0.01963495575221239	0.04950221238938053	0.0005530973451327434	0.012168141592920354
